Date_reported;Country_code;Country;New_cases;Cumulative_cases;New_deaths;Cumulative_deaths;lethality_rate
2020-01-05;AF;Afghanistan;0;0;0;0;0.0
2020-01-12;AF;Afghanistan;0;0;0;0;0.0
2020-01-19;AF;Afghanistan;0;0;0;0;0.0
2020-01-26;AF;Afghanistan;0;0;0;0;0.0
2020-02-02;AF;Afghanistan;0;0;0;0;0.0
2020-02-09;AF;Afghanistan;0;0;0;0;0.0
2020-02-16;AF;Afghanistan;0;0;0;0;0.0
2020-02-23;AF;Afghanistan;0;0;0;0;0.0
2020-03-01;AF;Afghanistan;1;1;0;0;0.0
2020-03-08;AF;Afghanistan;0;1;0;0;0.0
2020-03-15;AF;Afghanistan;6;7;0;0;0.0
2020-03-22;AF;Afghanistan;17;24;0;0;0.0
2020-03-29;AF;Afghanistan;67;91;2;2;2.197802197802198
2020-04-05;AF;Afghanistan;183;274;3;5;1.824817518248175
2020-04-12;AF;Afghanistan;247;521;10;15;2.8790786948176583
2020-04-19;AF;Afghanistan;387;908;15;30;3.303964757709251
2020-04-26;AF;Afghanistan;422;1330;13;43;3.2330827067669174
2020-05-03;AF;Afghanistan;841;2171;21;64;2.947950253339475
2020-05-10;AF;Afghanistan;1392;3563;41;105;2.9469548133595285
2020-05-17;AF;Afghanistan;2490;6053;48;153;2.527672228646952
2020-05-24;AF;Afghanistan;3813;9866;58;211;2.1386580174336105
2020-05-31;AF;Afghanistan;4577;14443;37;248;1.717094786401717
2020-06-07;AF;Afghanistan;5108;19551;79;327;1.6725487187356145
2020-06-14;AF;Afghanistan;4551;24102;124;451;1.8712140071363372
2020-06-21;AF;Afghanistan;4195;28297;97;548;1.9366010531151712
2020-06-28;AF;Afghanistan;2319;30616;155;703;2.2961850013065064
2020-07-05;AF;Afghanistan;2056;32672;123;826;2.528158667972576
2020-07-12;AF;Afghanistan;1679;34351;149;975;2.8383453174580073
2020-07-19;AF;Afghanistan;938;35289;172;1147;3.2503046275043213
2020-07-26;AF;Afghanistan;747;36036;99;1246;3.4576534576534574
2020-08-02;AF;Afghanistan;674;36710;37;1283;3.494960501225824
2020-08-09;AF;Afghanistan;305;37015;24;1307;3.5310009455626097
2020-08-16;AF;Afghanistan;536;37551;63;1370;3.648371548028015
2020-08-23;AF;Afghanistan;343;37894;15;1385;3.654932179236819
2020-08-30;AF;Afghanistan;249;38143;17;1402;3.67564166426343
2020-09-06;AF;Afghanistan;161;38304;7;1409;3.678467000835422
2020-09-13;AF;Afghanistan;337;38641;11;1420;3.6748531352708267
2020-09-20;AF;Afghanistan;278;38919;17;1437;3.692283974408387
2020-09-27;AF;Afghanistan;273;39192;16;1453;3.7073892631149215
2020-10-04;AF;Afghanistan;105;39297;9;1462;3.7203857800849933
2020-10-11;AF;Afghanistan;406;39703;11;1473;3.710047099715387
2020-10-18;AF;Afghanistan;438;40141;15;1488;3.706933060960116
2020-10-25;AF;Afghanistan;627;40768;23;1511;3.70633830455259
2020-11-01;AF;Afghanistan;657;41425;25;1536;3.707905853952927
2020-11-08;AF;Afghanistan;608;42033;20;1556;3.7018533057359693
2020-11-15;AF;Afghanistan;1002;43035;49;1605;3.729522481700941
2020-11-22;AF;Afghanistan;1468;44503;70;1675;3.7637912050872977
2020-11-29;AF;Afghanistan;1463;45966;77;1752;3.8115128573293307
2020-12-06;AF;Afghanistan;1675;47641;113;1865;3.9146953254549652
2020-12-13;AF;Afghanistan;1311;48952;95;1960;4.003922209511359
2020-12-20;AF;Afghanistan;1584;50536;94;2054;4.064429317714105
2020-12-27;AF;Afghanistan;1312;51848;104;2158;4.162166332356118
2021-01-03;AF;Afghanistan;861;52709;63;2221;4.2137016448803815
2021-01-10;AF;Afghanistan;780;53489;56;2277;4.2569500271083776
2021-01-17;AF;Afghanistan;495;53984;62;2339;4.332765263781861
2021-01-24;AF;Afghanistan;611;54595;39;2378;4.35571022987453
2021-01-31;AF;Afghanistan;428;55023;22;2400;4.361812333024371
2021-02-07;AF;Afghanistan;312;55335;10;2410;4.355290503298093
2021-02-14;AF;Afghanistan;157;55492;17;2427;4.373603402292222
2021-02-21;AF;Afghanistan;112;55604;5;2432;4.373786058556938
2021-02-28;AF;Afghanistan;110;55714;11;2443;4.384894281509136
2021-03-07;AF;Afghanistan;133;55847;6;2449;4.385195265636471
2021-03-14;AF;Afghanistan;138;55985;8;2457;4.38867553809056
2021-03-21;AF;Afghanistan;118;56103;6;2463;4.390139564729159
2021-03-28;AF;Afghanistan;191;56294;7;2470;4.3876789711159265
2021-04-04;AF;Afghanistan;382;56676;27;2497;4.405744936128167
2021-04-11;AF;Afghanistan;484;57160;24;2521;4.4104268719384185
2021-04-18;AF;Afghanistan;633;57793;18;2539;4.393265620403855
2021-04-25;AF;Afghanistan;1050;58843;43;2582;4.387947589347926
2021-05-02;AF;Afghanistan;1279;60122;55;2637;4.386081634010845
2021-05-09;AF;Afghanistan;1720;61842;49;2686;4.343326541832412
2021-05-16;AF;Afghanistan;1642;63484;56;2742;4.319198538214353
2021-05-23;AF;Afghanistan;2244;65728;60;2802;4.263023369036027
2021-05-30;AF;Afghanistan;5033;70761;117;2919;4.125153686352652
2021-06-06;AF;Afghanistan;8463;79224;226;3145;3.9697566394022012
2021-06-13;AF;Afghanistan;10637;89861;382;3527;3.9249507572806888
2021-06-20;AF;Afghanistan;12045;101906;595;4122;4.044904127333032
2021-06-27;AF;Afghanistan;12314;114220;528;4650;4.071090877254421
2021-07-04;AF;Afghanistan;10528;124748;549;5199;4.167601885400969
2021-07-11;AF;Afghanistan;8830;133578;525;5724;4.285136774019674
2021-07-18;AF;Afghanistan;7024;140602;423;6147;4.371915050995008
2021-07-25;AF;Afghanistan;3269;143871;278;6425;4.46580617358606
2021-08-01;AF;Afghanistan;3630;147501;312;6737;4.567426661514159
2021-08-08;AF;Afghanistan;2957;150458;171;6908;4.591314519666618
2021-08-15;AF;Afghanistan;1575;152033;113;7021;4.618076338689627
2021-08-22;AF;Afghanistan;478;152511;49;7070;4.635731193159837
2021-08-29;AF;Afghanistan;522;153033;39;7109;4.645403279031321
2021-09-05;AF;Afghanistan;390;153423;23;7132;4.648585935615912
2021-09-12;AF;Afghanistan;567;153990;35;7167;4.65419832456653
2021-09-19;AF;Afghanistan;549;154539;32;7199;4.658371026084031
2021-09-26;AF;Afghanistan;360;154899;0;7199;4.647544529015681
2021-10-03;AF;Afghanistan;242;155141;13;7212;4.648674431646051
2021-10-10;AF;Afghanistan;203;155344;9;7221;4.648393243382428
2021-10-17;AF;Afghanistan;273;155617;17;7238;4.651162790697675
2021-10-24;AF;Afghanistan;201;155818;15;7253;4.654789562181519
2021-10-31;AF;Afghanistan;270;156088;19;7272;4.658910358259443
2021-11-07;AF;Afghanistan;187;156275;12;7284;4.6610142377219645
2021-11-14;AF;Afghanistan;237;156512;8;7292;4.65906767532202
2021-11-21;AF;Afghanistan;352;156864;9;7301;4.654350265197879
2021-11-28;AF;Afghanistan;326;157190;7;7308;4.6491507093326545
2021-12-05;AF;Afghanistan;241;157431;4;7312;4.6445744484885445
2021-12-12;AF;Afghanistan;180;157611;13;7325;4.6475182569744495
2021-12-19;AF;Afghanistan;134;157745;8;7333;4.648641795302545
2021-12-26;AF;Afghanistan;157;157902;19;7352;4.6560524882522065
2022-01-02;AF;Afghanistan;210;158112;4;7356;4.652398299939284
2022-01-09;AF;Afghanistan;233;158345;13;7369;4.653762354352837
2022-01-16;AF;Afghanistan;333;158678;9;7378;4.649667880865652
2022-01-23;AF;Afghanistan;870;159548;12;7390;4.631834933687667
2022-01-30;AF;Afghanistan;2118;161666;17;7407;4.58166837801393
2022-02-06;AF;Afghanistan;4046;165712;18;7425;4.48066525055518
2022-02-13;AF;Afghanistan;4440;170152;63;7488;4.400771075273873
2022-02-20;AF;Afghanistan;1778;171930;46;7534;4.382015936718433
2022-02-27;AF;Afghanistan;1250;173180;54;7588;4.381568310428456
2022-03-06;AF;Afghanistan;1167;174347;34;7622;4.371741412241105
2022-03-13;AF;Afghanistan;1715;176062;20;7642;4.340516408992287
2022-03-20;AF;Afghanistan;977;177039;10;7652;4.322211490123645
2022-03-27;AF;Afghanistan;435;177474;8;7660;4.316125178899444
2022-04-03;AF;Afghanistan;331;177805;11;7671;4.314276876353309
2022-04-10;AF;Afghanistan;285;178090;4;7675;4.309618732101747
2022-04-17;AF;Afghanistan;297;178387;1;7676;4.303004142678558
2022-04-24;AF;Afghanistan;261;178648;5;7681;4.299516367381666
2022-05-01;AF;Afghanistan;231;178879;2;7683;4.295082150503972
2022-05-08;AF;Afghanistan;44;178923;1;7684;4.294584821403621
2022-05-15;AF;Afghanistan;320;179243;6;7690;4.290265170745859
2022-05-22;AF;Afghanistan;431;179674;7;7697;4.283869675078197
2022-05-29;AF;Afghanistan;449;180123;4;7701;4.275411801935344
2022-06-05;AF;Afghanistan;495;180618;8;7709;4.268123885769968
2022-06-12;AF;Afghanistan;415;181033;0;7709;4.258339639734192
2022-06-19;AF;Afghanistan;541;181574;4;7713;4.247854869089187
2022-06-26;AF;Afghanistan;498;182072;4;7717;4.238433147326332
2022-07-03;AF;Afghanistan;571;182643;7;7724;4.229015073120788
2022-07-10;AF;Afghanistan;576;183219;3;7727;4.217357370141743
2022-07-17;AF;Afghanistan;231;183450;3;7730;4.213682202234941
2022-07-24;AF;Afghanistan;1024;184474;8;7738;4.194629053416741
2022-07-31;AF;Afghanistan;1106;185580;9;7747;4.174480008621619
2022-08-07;AF;Afghanistan;1466;187046;5;7752;4.1444350587556
2022-08-14;AF;Afghanistan;1785;188831;6;7758;4.108435585258776
2022-08-21;AF;Afghanistan;1604;190435;1;7759;4.074356079502192
2022-08-28;AF;Afghanistan;1773;192208;15;7774;4.04457670856572
2022-09-04;AF;Afghanistan;1679;193887;6;7780;4.012646541542239
2022-09-11;AF;Afghanistan;1760;195647;7;7787;3.980127474482103
2022-09-18;AF;Afghanistan;1435;197082;7;7794;3.9546990592748195
2022-09-25;AF;Afghanistan;1201;198283;2;7796;3.931754109025988
2022-10-02;AF;Afghanistan;989;199272;3;7799;3.913746035569473
2022-10-09;AF;Afghanistan;927;200199;5;7804;3.8981213692376087
2022-10-16;AF;Afghanistan;897;201096;7;7811;3.8842145045152563
2022-10-23;AF;Afghanistan;933;202029;7;7818;3.8697414727588613
2022-10-30;AF;Afghanistan;805;202834;3;7821;3.8558624293757457
2022-11-06;AF;Afghanistan;784;203618;5;7826;3.843471598778104
2022-11-13;AF;Afghanistan;813;204431;3;7829;3.829654015291223
2022-11-20;AF;Afghanistan;581;205012;2;7831;3.819776403332488
2022-11-27;AF;Afghanistan;584;205596;2;7833;3.809899025272865
2022-12-04;AF;Afghanistan;568;206164;1;7834;3.799887468229177
2022-12-11;AF;Afghanistan;381;206545;5;7839;3.795298845287952
2022-12-18;AF;Afghanistan;441;206986;5;7844;3.789628284038534
2022-12-25;AF;Afghanistan;336;207322;1;7845;3.783968898621468
2023-01-01;AF;Afghanistan;257;207579;4;7849;3.7812110088207382
2023-01-08;AF;Afghanistan;201;207780;2;7851;3.778515737799596
2023-01-15;AF;Afghanistan;173;207953;4;7855;3.7772958312695657
2023-01-22;AF;Afghanistan;144;208097;5;7860;3.77708472491194
2023-01-29;AF;Afghanistan;323;208420;6;7866;3.7741099702523746
2023-02-05;AF;Afghanistan;272;208692;8;7874;3.7730243612596555
2023-02-12;AF;Afghanistan;164;208856;3;7877;3.7714980656528905
2023-02-19;AF;Afghanistan;230;209086;0;7877;3.7673493203753483
2023-02-26;AF;Afghanistan;165;209251;1;7878;3.7648565598252817
2023-03-05;AF;Afghanistan;118;209369;1;7879;3.763212318920184
2023-03-12;AF;Afghanistan;141;209510;1;7880;3.7611569853467612
2023-03-19;AF;Afghanistan;239;209749;1;7881;3.757348068405571
2023-03-26;AF;Afghanistan;331;210080;1;7882;3.7519040365575016
2023-04-02;AF;Afghanistan;548;210628;1;7883;3.742617315836451
2023-04-09;AF;Afghanistan;884;211512;1;7884;3.7274480880517413
2023-04-16;AF;Afghanistan;1100;212612;1;7885;3.7086335672492616
2023-04-23;AF;Afghanistan;1458;214070;2;7887;3.68430887093007
2023-04-30;AF;Afghanistan;810;214880;5;7892;3.672747580044676
2023-05-07;AF;Afghanistan;1876;216756;5;7897;3.6432670837254792
2023-05-14;AF;Afghanistan;1983;218739;11;7908;3.615267510594818
2023-05-21;AF;Afghanistan;1428;220167;5;7913;3.5940899408176517
2023-05-28;AF;Afghanistan;1050;221217;2;7915;3.5779347880135792
2023-06-04;AF;Afghanistan;778;221995;4;7919;3.567197459402239
2023-06-11;AF;Afghanistan;531;222526;1;7920;3.5591346629157945
2023-06-18;AF;Afghanistan;433;222959;2;7922;3.5531196318605662
2023-06-25;AF;Afghanistan;197;223156;6;7928;3.5526716736274175
2023-07-02;AF;Afghanistan;124;223280;0;7928;3.5506986743102833
2023-07-09;AF;Afghanistan;326;223606;3;7931;3.546863679865478
2023-07-16;AF;Afghanistan;179;223785;1;7932;3.544473490180307
2023-07-23;AF;Afghanistan;245;224030;2;7934;3.541489979020667
2023-07-30;AF;Afghanistan;194;224224;1;7935;3.538871842443271
2023-08-06;AF;Afghanistan;195;224419;3;7938;3.537133665153129
2023-08-13;AF;Afghanistan;242;224661;2;7940;3.5342137709704846
2023-08-20;AF;Afghanistan;209;224870;2;7942;3.5318183839551742
2023-08-27;AF;Afghanistan;229;225099;0;7942;3.528225358619985
2023-09-03;AF;Afghanistan;277;225376;2;7944;3.524776373704387
2023-09-10;AF;Afghanistan;216;225592;2;7946;3.5222880243980286
2023-09-17;AF;Afghanistan;200;225792;0;7946;3.519168083900227
2023-09-24;AF;Afghanistan;207;225999;1;7947;3.516387240651507
2023-10-01;AF;Afghanistan;248;226247;3;7950;3.5138587472983067
2023-10-08;AF;Afghanistan;309;226556;1;7951;3.509507583114109
2023-10-15;AF;Afghanistan;307;226863;1;7952;3.5051991730692094
2023-10-22;AF;Afghanistan;293;227156;0;7952;3.5006779481941925
2023-10-29;AF;Afghanistan;383;227539;1;7953;3.4952249943965645
2023-11-05;AF;Afghanistan;353;227892;3;7956;3.491127376125533
2023-11-12;AF;Afghanistan;371;228263;4;7960;3.487205547986314
2023-11-19;AF;Afghanistan;432;228695;1;7961;3.4810555543409345
2023-11-26;AF;Afghanistan;280;228975;2;7963;3.4776722349601483
2023-12-03;AF;Afghanistan;288;229263;2;7965;3.474175946402167
2023-12-10;AF;Afghanistan;104;229367;0;7965;3.4726006792607484
2023-12-17;AF;Afghanistan;336;229703;0;7965;3.467521103337788
2023-12-24;AF;Afghanistan;372;230075;5;7970;3.4640877974573505
2023-12-31;AF;Afghanistan;300;230375;3;7973;3.4608790016277804
2024-01-07;AF;Afghanistan;267;230642;0;7973;3.4568725557357287
2024-01-14;AF;Afghanistan;230;230872;2;7975;3.454295020617485
2024-01-21;AF;Afghanistan;191;231063;0;7975;3.4514396506580454
2020-01-05;AL;Albania;0;0;0;0;0.0
2020-01-12;AL;Albania;0;0;0;0;0.0
2020-01-19;AL;Albania;0;0;0;0;0.0
2020-01-26;AL;Albania;0;0;0;0;0.0
2020-02-02;AL;Albania;0;0;0;0;0.0
2020-02-09;AL;Albania;0;0;0;0;0.0
2020-02-16;AL;Albania;0;0;0;0;0.0
2020-02-23;AL;Albania;0;0;0;0;0.0
2020-03-01;AL;Albania;0;0;0;0;0.0
2020-03-08;AL;Albania;0;0;0;0;0.0
2020-03-15;AL;Albania;33;33;1;1;3.0303030303030303
2020-03-22;AL;Albania;37;70;1;2;2.857142857142857
2020-03-29;AL;Albania;116;186;6;8;4.301075268817205
2020-04-05;AL;Albania;118;304;9;17;5.592105263157895
2020-04-12;AL;Albania;112;416;6;23;5.528846153846153
2020-04-19;AL;Albania;123;539;3;26;4.823747680890538
2020-04-26;AL;Albania;139;678;1;27;3.982300884955752
2020-05-03;AL;Albania;104;782;4;31;3.9641943734015346
2020-05-10;AL;Albania;68;850;0;31;3.6470588235294117
2020-05-17;AL;Albania;66;916;0;31;3.384279475982533
2020-05-24;AL;Albania;65;981;0;31;3.1600407747196737
2020-05-31;AL;Albania;118;1099;2;33;3.002729754322111
2020-06-07;AL;Albania;113;1212;0;33;2.722772277227723
2020-06-14;AL;Albania;204;1416;3;36;2.5423728813559325
2020-06-21;AL;Albania;422;1838;6;42;2.2850924918389555
2020-06-28;AL;Albania;431;2269;9;51;2.247686205376818
2020-07-05;AL;Albania;483;2752;21;72;2.616279069767442
2020-07-12;AL;Albania;526;3278;13;85;2.593044539353264
2020-07-19;AL;Albania;628;3906;22;107;2.7393753200204816
2020-07-26;AL;Albania;664;4570;21;128;2.800875273522976
2020-08-02;AL;Albania;706;5276;29;157;2.9757391963608795
2020-08-09;AL;Albania;875;6151;32;189;3.0726711103885544
2020-08-16;AL;Albania;966;7117;30;219;3.07713924406351
2020-08-23;AL;Albania;1002;8119;21;240;2.956029067619165
2020-08-30;AL;Albania;1076;9195;31;271;2.9472539423599784
2020-09-06;AL;Albania;772;9967;35;306;3.0701314337313135
2020-09-13;AL;Albania;1054;11021;21;327;2.9670628799564467
2020-09-20;AL;Albania;1052;12073;26;353;2.9238797316325686
2020-09-27;AL;Albania;972;13045;20;373;2.859333077807589
2020-10-04;AL;Albania;920;13965;16;389;2.7855352667382745
2020-10-11;AL;Albania;1101;15066;24;413;2.741271737687508
2020-10-18;AL;Albania;1435;16501;30;443;2.684685776619599
2020-10-25;AL;Albania;2055;18556;26;469;2.527484371631817
2020-11-01;AL;Albania;2078;20634;33;502;2.4328777745468644
2020-11-08;AL;Albania;2576;23210;47;549;2.3653597587246877
2020-11-15;AL;Albania;3491;26701;56;605;2.2658327403468035
2020-11-22;AL;Albania;4758;31459;67;672;2.136113671763247
2020-11-29;AL;Albania;4786;36245;99;771;2.1271899572354807
2020-12-06;AL;Albania;5057;41302;99;870;2.106435523703453
2020-12-13;AL;Albania;5561;46863;107;977;2.084800375562811
2020-12-20;AL;Albania;5141;52004;89;1066;2.0498423198215523
2020-12-27;AL;Albania;3376;55380;68;1134;2.047670639219935
2021-01-03;AL;Albania;3343;58723;52;1186;2.0196515845580096
2021-01-10;AL;Albania;3655;62378;44;1230;1.9718490493443201
2021-01-17;AL;Albania;4257;66635;35;1265;1.8984017408268927
2021-01-24;AL;Albania;4020;70655;38;1303;1.8441723869506759
2021-01-31;AL;Albania;5695;76350;55;1358;1.778650949574329
2021-02-07;AL;Albania;6732;83082;75;1433;1.7248020028405673
2021-02-14;AL;Albania;7753;90835;98;1531;1.6854736610337424
2021-02-21;AL;Albania;7074;97909;105;1636;1.6709393416335576
2021-02-28;AL;Albania;7320;105229;120;1756;1.6687415066188978
2021-03-07;AL;Albania;6072;111301;141;1897;1.7043872022713185
2021-03-14;AL;Albania;4822;116123;121;2018;1.737812491926664
2021-03-21;AL;Albania;3899;120022;104;2122;1.7680091983136426
2021-03-28;AL;Albania;3194;123216;70;2192;1.7789897415920009
2021-04-04;AL;Albania;2626;125842;55;2247;1.7855723844185565
2021-04-11;AL;Albania;1953;127795;57;2304;1.8028874369106773
2021-04-18;AL;Albania;1512;129307;33;2337;1.8073267495185876
2021-04-25;AL;Albania;963;130270;30;2367;1.8169954709449605
2021-05-02;AL;Albania;815;131085;27;2394;1.826295914864401
2021-05-09;AL;Albania;492;131577;14;2408;1.8301070855848665
2021-05-16;AL;Albania;362;131939;19;2427;1.8394864293347684
2021-05-23;AL;Albania;214;132153;14;2441;1.8471014657253335
2021-05-30;AL;Albania;132;132285;7;2448;1.8505499489738064
2021-06-06;AL;Albania;87;132372;3;2451;1.851600036261445
2021-06-13;AL;Albania;65;132437;2;2453;1.8522014240733329
2021-06-20;AL;Albania;47;132484;1;2454;1.8522991455571993
2021-06-27;AL;Albania;22;132506;1;2455;1.8527462907340044
2021-07-04;AL;Albania;20;132526;1;2456;1.8532212546971916
2021-07-11;AL;Albania;54;132580;0;2456;1.8524664353597828
2021-07-18;AL;Albania;67;132647;0;2456;1.8515307545590929
2021-07-25;AL;Albania;181;132828;0;2456;1.8490077393320685
2021-08-01;AL;Albania;208;133036;1;2457;1.8468685167924472
2021-08-08;AL;Albania;555;133591;1;2458;1.8399443076255135
2021-08-15;AL;Albania;1549;135140;3;2461;1.8210744413201123
2021-08-22;AL;Albania;2992;138132;14;2475;1.7917643992702632
2021-08-29;AL;Albania;5042;143174;12;2487;1.7370472292455337
2021-09-05;AL;Albania;5943;149117;21;2508;1.6819007893130895
2021-09-12;AL;Albania;6176;155293;27;2535;1.6323981119561088
2021-09-19;AL;Albania;6031;161324;34;2569;1.592447496962634
2021-09-26;AL;Albania;5366;166690;50;2619;1.5711800347951288
2021-10-03;AL;Albania;4088;170778;86;2705;1.5839276721825997
2021-10-10;AL;Albania;3390;174168;48;2753;1.5806577557300996
2021-10-17;AL;Albania;2940;177108;54;2807;1.5849086433136845
2021-10-24;AL;Albania;3515;180623;56;2863;1.585069454056239
2021-10-31;AL;Albania;3717;184340;46;2909;1.5780622762287078
2021-11-07;AL;Albania;3654;187994;39;2948;1.5681351532495718
2021-11-14;AL;Albania;4019;192013;35;2983;1.5535406456854484
2021-11-21;AL;Albania;3510;195523;46;3029;1.5491783575333848
2021-11-28;AL;Albania;3209;198732;48;3077;1.5483163255036934
2021-12-05;AL;Albania;2313;201045;31;3108;1.5459225546519435
2021-12-12;AL;Albania;2170;203215;22;3130;1.5402406318431217
2021-12-19;AL;Albania;2009;205224;28;3158;1.538806377421744
2021-12-26;AL;Albania;1997;207221;29;3187;1.537971537633734
2022-01-02;AL;Albania;3003;210224;30;3217;1.5302724712687419
2022-01-09;AL;Albania;6462;216686;16;3233;1.4920207119980065
2022-01-16;AL;Albania;12091;228777;29;3262;1.4258426327821416
2022-01-23;AL;Albania;15405;244182;30;3292;1.3481747221334905
2022-01-30;AL;Albania;11559;255741;42;3334;1.3036626899871353
2022-02-06;AL;Albania;7431;263172;37;3371;1.280911343152007
2022-02-13;AL;Albania;4379;267551;36;3407;1.273402080351036
2022-02-20;AL;Albania;2353;269904;26;3433;1.2719337245835556
2022-02-27;AL;Albania;1410;271314;27;3460;1.2752751424548676
2022-03-06;AL;Albania;716;272030;18;3478;1.278535455648274
2022-03-13;AL;Albania;522;272552;7;3485;1.2786550823329126
2022-03-20;AL;Albania;409;272961;2;3487;1.277471873271273
2022-03-27;AL;Albania;357;273318;3;3490;1.2769008993187423
2022-04-03;AL;Albania;441;273759;2;3492;1.2755745016602194
2022-04-10;AL;Albania;349;274108;0;3492;1.2739504137055466
2022-04-17;AL;Albania;268;274376;3;3495;1.273799457678514
2022-04-24;AL;Albania;309;274685;1;3496;1.2727305823033657
2022-05-01;AL;Albania;317;275002;0;3496;1.271263481720133
2022-05-08;AL;Albania;264;275266;0;3496;1.2700442481091017
2022-05-15;AL;Albania;219;275485;1;3497;1.2693976078552371
2022-05-22;AL;Albania;289;275774;0;3497;1.2680673304952605
2022-05-29;AL;Albania;238;276012;0;3497;1.2669738996855209
2022-06-05;AL;Albania;262;276274;0;3497;1.265772385385523
2022-06-12;AL;Albania;309;276583;0;3497;1.2643582577381836
2022-06-19;AL;Albania;443;277026;0;3497;1.2623363871983135
2022-06-26;AL;Albania;1185;278211;0;3497;1.2569596457365093
2022-07-03;AL;Albania;2640;280851;3;3500;1.2462124044422132
2022-07-10;AL;Albania;4880;285731;10;3510;1.2284281369539882
2022-07-17;AL;Albania;6725;292456;7;3517;1.2025740624230654
2022-07-24;AL;Albania;8938;301394;4;3521;1.1682382529181072
2022-07-31;AL;Albania;7884;309278;17;3538;1.1439546298152472
2022-08-07;AL;Albania;6059;315337;16;3554;1.1270482055705484
2022-08-14;AL;Albania;4749;320086;14;3568;1.11470042426098
2022-08-21;AL;Albania;3511;323597;6;3574;1.10446017731932
2022-08-28;AL;Albania;3218;326815;6;3580;1.0954209568104278
2022-09-04;AL;Albania;1901;328716;3;3583;1.0899986614585235
2022-09-11;AL;Albania;980;329696;1;3584;1.0870620207706494
2022-09-18;AL;Albania;617;330313;2;3586;1.0856369564625068
2022-09-25;AL;Albania;449;330762;3;3589;1.0850702317678573
2022-10-02;AL;Albania;313;331075;0;3589;1.0840444008155252
2022-10-09;AL;Albania;222;331297;0;3589;1.083317989598457
2022-10-16;AL;Albania;155;331452;2;3591;1.0834147930922124
2022-10-23;AL;Albania;141;331593;1;3592;1.083255677894286
2022-10-30;AL;Albania;152;331745;1;3593;1.0830607846388038
2022-11-06;AL;Albania;155;331900;0;3593;1.0825549864416992
2022-11-13;AL;Albania;98;331998;1;3594;1.0825366417869986
2022-11-20;AL;Albania;121;332119;0;3594;1.0821422441956046
2022-11-27;AL;Albania;83;332202;0;3594;1.0818718731374284
2022-12-04;AL;Albania;75;332277;0;3594;1.0816276781119367
2022-12-11;AL;Albania;130;332407;0;3594;1.0812046677717375
2022-12-18;AL;Albania;131;332538;0;3594;1.0807787380690328
2022-12-25;AL;Albania;132;332670;2;3596;1.0809510926744221
2023-01-01;AL;Albania;124;332794;0;3596;1.0805483271933989
2023-01-08;AL;Albania;113;332907;0;3596;1.0801815522052707
2023-01-15;AL;Albania;157;333064;0;3596;1.0796723752792257
2023-01-22;AL;Albania;105;333169;0;3596;1.0793321107305902
2023-01-29;AL;Albania;50;333219;0;3596;1.0791701553632895
2023-02-05;AL;Albania;51;333270;0;3596;1.079005010952081
2023-02-12;AL;Albania;51;333321;0;3596;1.0788399170769318
2023-02-19;AL;Albania;69;333390;1;3597;1.0789165841806894
2023-02-26;AL;Albania;93;333483;1;3598;1.078915566910457
2023-03-05;AL;Albania;88;333571;1;3599;1.0789307223949325
2023-03-12;AL;Albania;80;333651;1;3600;1.0789717399318448
2023-03-19;AL;Albania;65;333716;1;3601;1.0790612376991213
2023-03-26;AL;Albania;83;333799;0;3601;1.078792926281984
2023-04-02;AL;Albania;84;333883;2;3603;1.0791205302456248
2023-04-09;AL;Albania;109;333992;1;3604;1.0790677621020863
2023-04-16;AL;Albania;78;334070;0;3604;1.078815817044332
2023-04-23;AL;Albania;20;334090;0;3604;1.0787512346972374
2023-04-30;AL;Albania;0;334090;0;3604;1.0787512346972374
2023-05-07;AL;Albania;0;334090;0;3604;1.0787512346972374
2023-05-14;AL;Albania;0;334090;0;3604;1.0787512346972374
2023-05-21;AL;Albania;0;334090;0;3604;1.0787512346972374
2023-05-28;AL;Albania;0;334090;0;3604;1.0787512346972374
2023-06-04;AL;Albania;0;334090;0;3604;1.0787512346972374
2023-06-11;AL;Albania;0;334090;0;3604;1.0787512346972374
2023-06-18;AL;Albania;0;334090;0;3604;1.0787512346972374
2023-06-25;AL;Albania;0;334090;0;3604;1.0787512346972374
2023-07-02;AL;Albania;0;334090;0;3604;1.0787512346972374
2023-07-09;AL;Albania;0;334090;0;3604;1.0787512346972374
2023-07-16;AL;Albania;0;334090;0;3604;1.0787512346972374
2023-07-23;AL;Albania;0;334090;0;3604;1.0787512346972374
2023-07-30;AL;Albania;0;334090;0;3604;1.0787512346972374
2023-08-06;AL;Albania;0;334090;0;3604;1.0787512346972374
2023-08-13;AL;Albania;0;334090;0;3604;1.0787512346972374
2023-08-20;AL;Albania;0;334090;0;3604;1.0787512346972374
2023-08-27;AL;Albania;0;334090;0;3604;1.0787512346972374
2023-09-03;AL;Albania;0;334090;0;3604;1.0787512346972374
2023-09-10;AL;Albania;0;334090;0;3604;1.0787512346972374
2023-09-17;AL;Albania;0;334090;0;3604;1.0787512346972374
2023-09-24;AL;Albania;0;334090;0;3604;1.0787512346972374
2023-10-01;AL;Albania;0;334090;0;3604;1.0787512346972374
2023-10-08;AL;Albania;0;334090;0;3604;1.0787512346972374
2023-10-15;AL;Albania;0;334090;0;3604;1.0787512346972374
2023-10-22;AL;Albania;0;334090;0;3604;1.0787512346972374
2023-10-29;AL;Albania;0;334090;0;3604;1.0787512346972374
2023-11-05;AL;Albania;106;334196;0;3604;1.0784090773079271
2023-11-12;AL;Albania;74;334270;0;3604;1.0781703413408323
2023-11-19;AL;Albania;61;334331;0;3604;1.077973624940553
2023-11-26;AL;Albania;77;334408;0;3604;1.0777254132676253
2023-12-03;AL;Albania;42;334450;0;3604;1.077590073254597
2023-12-10;AL;Albania;56;334506;0;3604;1.077409672771191
2023-12-17;AL;Albania;49;334555;0;3604;1.077251871889525
2023-12-24;AL;Albania;41;334596;0;3604;1.077119869932695
2023-12-31;AL;Albania;0;334596;0;3604;1.077119869932695
2024-01-07;AL;Albania;57;334653;0;3604;1.0769364087577282
2024-01-14;AL;Albania;99;334752;0;3604;1.0766179141573464
2024-01-21;AL;Albania;66;334818;1;3605;1.0767043587859673
2020-01-05;DZ;Algeria;0;0;0;0;0.0
2020-01-12;DZ;Algeria;0;0;0;0;0.0
2020-01-19;DZ;Algeria;0;0;0;0;0.0
2020-01-26;DZ;Algeria;0;0;0;0;0.0
2020-02-02;DZ;Algeria;0;0;0;0;0.0
2020-02-09;DZ;Algeria;0;0;0;0;0.0
2020-02-16;DZ;Algeria;0;0;0;0;0.0
2020-02-23;DZ;Algeria;0;0;0;0;0.0
2020-03-01;DZ;Algeria;1;1;0;0;0.0
2020-03-08;DZ;Algeria;18;19;0;0;0.0
2020-03-15;DZ;Algeria;18;37;0;0;0.0
2020-03-22;DZ;Algeria;102;139;0;0;0.0
2020-03-29;DZ;Algeria;315;454;30;30;6.607929515418502
2020-04-05;DZ;Algeria;797;1251;100;130;10.391686650679457
2020-05-03;DZ;Algeria;1039;4295;40;456;10.616996507566938
2020-05-10;DZ;Algeria;1263;5558;35;491;8.834112990284275
2020-05-17;DZ;Algeria;1263;6821;48;539;7.902067145579828
2020-05-24;DZ;Algeria;1292;8113;50;589;7.259953161592506
2020-05-31;DZ;Algeria;1154;9267;54;643;6.938599330959318
2020-06-07;DZ;Algeria;783;10050;52;695;6.91542288557214
2020-06-14;DZ;Algeria;760;10810;53;748;6.919518963922294
2020-06-21;DZ;Algeria;821;11631;77;825;7.09311323188032
2020-06-28;DZ;Algeria;1337;12968;55;880;6.785934608266501
2020-07-05;DZ;Algeria;2532;15500;54;934;6.025806451612904
2020-07-12;DZ;Algeria;3212;18712;58;992;5.3014108593415985
2020-07-19;DZ;Algeria;3837;22549;64;1056;4.683134507073484
2020-07-26;DZ;Algeria;4215;26764;78;1134;4.237034822896428
2020-08-02;DZ;Algeria;4186;30950;77;1211;3.912762520193861
2020-08-09;DZ;Algeria;3743;34693;70;1281;3.69238751333122
2020-08-16;DZ;Algeria;3440;38133;67;1348;3.5349959352791545
2020-08-23;DZ;Algeria;2935;41068;64;1412;3.4382000584396613
2020-08-30;DZ;Algeria;2714;43782;77;1489;3.400941025992417
2020-09-06;DZ;Algeria;2289;46071;58;1547;3.3578606932777673
2020-09-13;DZ;Algeria;1936;48007;56;1603;3.339096381777657
2020-09-20;DZ;Algeria;1616;49623;60;1663;3.3512685649799487
2020-09-27;DZ;Algeria;1291;50914;46;1709;3.3566406096554973
2020-10-04;DZ;Algeria;1081;51995;47;1756;3.377247812289643
2020-10-11;DZ;Algeria;945;52940;39;1795;3.390630902908953
2020-10-18;DZ;Algeria;1263;54203;51;1846;3.4057155507997714
2020-10-25;DZ;Algeria;1427;55630;51;1897;3.4100305590508717
2020-11-01;DZ;Algeria;2312;57942;67;1964;3.389596493044769
2020-11-08;DZ;Algeria;3439;61381;72;2036;3.316987341359704
2020-11-15;DZ;Algeria;5438;66819;103;2139;3.2011852916086743
2020-11-22;DZ;Algeria;6955;73774;119;2258;3.060698891208285
2020-11-29;DZ;Algeria;7438;81212;135;2393;2.946608875535635
2020-12-06;DZ;Algeria;6290;87502;108;2501;2.858220383534091
2020-12-13;DZ;Algeria;4136;91638;83;2584;2.819790916432048
2020-12-20;DZ;Algeria;3143;94781;75;2659;2.805414587311803
2020-12-27;DZ;Algeria;3076;97857;63;2722;2.781609900160438
2021-01-03;DZ;Algeria;2302;100159;47;2769;2.764604279196078
2021-01-10;DZ;Algeria;1754;101913;34;2803;2.750385132416865
2021-01-17;DZ;Algeria;1698;103611;28;2831;2.7323353697966435
2021-01-24;DZ;Algeria;1758;105369;30;2861;2.7152198464444
2021-01-31;DZ;Algeria;1753;107122;27;2888;2.695991486342675
2021-02-07;DZ;Algeria;1730;108852;23;2911;2.674273325248962
2021-02-14;DZ;Algeria;1661;110513;24;2935;2.6557961506791057
2021-02-21;DZ;Algeria;1251;111764;23;2958;2.646648294620808
2021-02-28;DZ;Algeria;1196;112960;21;2979;2.6372167138810196
2021-03-07;DZ;Algeria;1144;114104;31;3010;2.6379443314870645
2021-03-14;DZ;Algeria;1039;115143;24;3034;2.634984323840789
2021-03-21;DZ;Algeria;923;116066;21;3055;2.6321231023727876
2021-03-28;DZ;Algeria;684;116750;22;3077;2.635546038543897
2021-04-04;DZ;Algeria;774;117524;25;3102;2.6394608760763756
2021-04-11;DZ;Algeria;854;118378;24;3126;2.6406933720792716
2021-04-18;DZ;Algeria;1108;119486;26;3152;2.637965954170363
2021-04-25;DZ;Algeria;1250;120736;46;3198;2.6487543069175725
2021-05-02;DZ;Algeria;1575;122311;63;3261;2.666154311550065
2021-05-09;DZ;Algeria;1589;123900;60;3321;2.6803874092009687
2021-05-16;DZ;Algeria;1294;125194;45;3366;2.688627250507213
2021-05-23;DZ;Algeria;1457;126651;45;3411;2.69322784660208
2021-05-30;DZ;Algeria;1805;128456;49;3460;2.6935293018621165
2021-06-06;DZ;Algeria;2225;130681;50;3510;2.6859298597347743
2021-06-13;DZ;Algeria;2389;133070;55;3565;2.679041106184715
2021-06-20;DZ;Algeria;2516;135586;59;3624;2.6728423288540113
2021-06-27;DZ;Algeria;2527;138113;61;3685;2.6681051023437328
2021-07-04;DZ;Algeria;2894;141007;60;3745;2.6558965157758125
2021-07-11;DZ;Algeria;4289;145296;79;3824;2.6318687369232463
2021-07-18;DZ;Algeria;6914;152210;98;3922;2.576703238946193
2021-07-25;DZ;Algeria;8658;160868;120;4042;2.512619041698784
2021-08-01;DZ;Algeria;10524;171392;212;4254;2.482029499626587
2021-08-08;DZ;Algeria;8964;180356;266;4520;2.5061544944443215
2021-08-15;DZ;Algeria;6299;186655;246;4766;2.5533738715812597
2021-08-22;DZ;Algeria;4516;191171;218;4984;2.6070899874981035
2021-08-29;DZ;Algeria;3500;194671;195;5179;2.660385984558563
2021-09-05;DZ;Algeria;2988;197659;220;5399;2.7314718783359218
2021-09-12;DZ;Algeria;2163;199822;159;5558;2.781475513206754
2021-09-19;DZ;Algeria;1402;201224;112;5670;2.8177553373355066
2021-09-26;DZ;Algeria;1350;202574;97;5767;2.8468609002142427
2021-10-03;DZ;Algeria;1083;203657;52;5819;2.857255090667151
2021-10-10;DZ;Algeria;833;204490;31;5850;2.860775588048315
2021-10-17;DZ;Algeria;709;205199;20;5870;2.8606377224060546
2021-10-24;DZ;Algeria;551;205750;16;5886;2.860753341433779
2021-10-31;DZ;Algeria;608;206358;32;5918;2.867831632405819
2021-11-07;DZ;Algeria;721;207079;23;5941;2.868953394598197
2021-11-14;DZ;Algeria;794;207873;36;5977;2.875313292250557
2021-11-21;DZ;Algeria;966;208839;40;6017;2.8811668318656958
2021-11-28;DZ;Algeria;1141;209980;35;6052;2.882179255167159
2021-12-05;DZ;Algeria;1317;211297;44;6096;2.885038594963487
2021-12-12;DZ;Algeria;1355;212652;41;6137;2.8859357071647573
2021-12-19;DZ;Algeria;1678;214330;43;6180;2.8834040964867262
2021-12-26;DZ;Algeria;2046;216376;49;6229;2.8787850778274855
2022-01-02;DZ;Algeria;2442;218818;55;6284;2.8717929969198144
2022-01-09;DZ;Algeria;2924;221742;46;6330;2.854668939578429
2022-01-16;DZ;Algeria;3742;225484;74;6404;2.840112823969772
2022-01-23;DZ;Algeria;9052;234536;77;6481;2.7633284442473647
2022-01-30;DZ;Algeria;14774;249310;74;6555;2.6292567486262084
2022-02-06;DZ;Algeria;8288;257598;85;6640;2.577659764439165
2022-02-13;DZ;Algeria;3628;261226;75;6715;2.5705710763859644
2022-02-20;DZ;Algeria;2710;263936;72;6787;2.5714567167798257
2022-02-27;DZ;Algeria;842;264778;41;6828;2.578764096714984
2022-03-06;DZ;Algeria;449;265227;25;6853;2.583824422098806
2022-03-13;DZ;Algeria;183;265410;9;6862;2.5854338570513544
2022-03-20;DZ;Algeria;129;265539;9;6871;2.58756717468997
2022-03-27;DZ;Algeria;82;265621;2;6873;2.5875213179680823
2022-04-03;DZ;Algeria;63;265684;1;6874;2.587284142063504
2022-04-10;DZ;Algeria;36;265720;0;6874;2.5869336143308748
2022-04-17;DZ;Algeria;19;265739;0;6874;2.586748651872702
2022-04-24;DZ;Algeria;22;265761;0;6874;2.5865345178562693
2022-05-01;DZ;Algeria;19;265780;1;6875;2.5867258634961248
2022-05-08;DZ;Algeria;14;265794;0;6875;2.5865896145134957
2022-05-15;DZ;Algeria;22;265816;0;6875;2.586375537966112
2022-05-22;DZ;Algeria;35;265851;0;6875;2.586035034662273
2022-05-29;DZ;Algeria;22;265873;0;6875;2.585821049899764
2022-06-05;DZ;Algeria;23;265896;0;6875;2.5855973764178475
2022-06-12;DZ;Algeria;29;265925;0;6875;2.5853154084798344
2022-06-19;DZ;Algeria;46;265971;0;6875;2.5848682751127003
2022-06-26;DZ;Algeria;59;266030;0;6875;2.5842950043228208
2022-07-03;DZ;Algeria;85;266115;0;6875;2.583469552637018
2022-07-10;DZ;Algeria;131;266246;0;6875;2.582198418004402
2022-07-17;DZ;Algeria;178;266424;0;6875;2.5804732306398823
2022-07-24;DZ;Algeria;348;266772;1;6876;2.577481894651613
2022-07-31;DZ;Algeria;602;267374;0;6876;2.571678622453941
2022-08-07;DZ;Algeria;767;268141;2;6878;2.5650683782040047
2022-08-14;DZ;Algeria;867;269008;0;6878;2.556801284720157
2022-08-21;DZ;Algeria;723;269731;0;6878;2.5499479110669516
2022-08-28;DZ;Algeria;444;270175;0;6878;2.545757379476265
2022-09-04;DZ;Algeria;251;270426;0;6878;2.543394496091352
2022-09-11;DZ;Algeria;106;270532;1;6879;2.5427675838717785
2022-09-18;DZ;Algeria;74;270606;0;6879;2.542072237866123
2022-09-25;DZ;Algeria;37;270643;0;6879;2.5417247074559475
2022-10-02;DZ;Algeria;39;270682;0;6879;2.541358494469525
2022-10-09;DZ;Algeria;25;270707;2;6881;2.5418626042178443
2022-10-16;DZ;Algeria;29;270736;0;6881;2.5415903315406894
2022-10-23;DZ;Algeria;41;270777;0;6881;2.5412054938196373
2022-10-30;DZ;Algeria;59;270836;0;6881;2.5406519074273732
2022-11-06;DZ;Algeria;11;270847;0;6881;2.5405487230798203
2022-11-13;DZ;Algeria;34;270881;0;6881;2.5402298426246213
2022-11-20;DZ;Algeria;71;270952;0;6881;2.539564203253713
2022-11-27;DZ;Algeria;109;271061;0;6881;2.5385429847894017
2022-12-04;DZ;Algeria;41;271102;0;6881;2.538159069280197
2022-12-11;DZ;Algeria;44;271146;0;6881;2.53774719154994
2022-12-18;DZ;Algeria;22;271168;0;6881;2.537541302808591
2022-12-25;DZ;Algeria;26;271194;0;6881;2.5372980228176143
2023-01-01;DZ;Algeria;23;271217;0;6881;2.5370828524760616
2023-01-08;DZ;Algeria;37;271254;0;6881;2.5367367854483254
2023-01-15;DZ;Algeria;33;271287;0;6881;2.5364282107141145
2023-01-22;DZ;Algeria;41;271328;0;6881;2.536044934544168
2023-01-29;DZ;Algeria;41;271369;0;6881;2.535661774189388
2023-02-05;DZ;Algeria;25;271394;0;6881;2.5354281966439935
2023-02-12;DZ;Algeria;15;271409;0;6881;2.5352880707714185
2023-02-19;DZ;Algeria;16;271425;0;6881;2.5351386202450032
2023-02-26;DZ;Algeria;14;271439;0;6881;2.535007865487273
2023-03-05;DZ;Algeria;30;271469;0;6881;2.534727722134019
2023-03-12;DZ;Algeria;34;271503;0;6881;2.534410301175309
2023-03-19;DZ;Algeria;45;271548;0;6881;2.533990307422629
2023-03-26;DZ;Algeria;20;271568;0;6881;2.5338036882106874
2023-04-02;DZ;Algeria;24;271592;0;6881;2.533579781436861
2023-04-09;DZ;Algeria;21;271613;0;6881;2.5333838954689205
2023-04-16;DZ;Algeria;29;271642;0;6881;2.533113436066588
2023-04-23;DZ;Algeria;29;271671;0;6881;2.532843034405586
2023-04-30;DZ;Algeria;41;271712;0;6881;2.5324608408903546
2023-05-07;DZ;Algeria;53;271765;0;6881;2.531966956745718
2023-05-14;DZ;Algeria;48;271813;0;6881;2.531519831648964
2023-05-21;DZ;Algeria;9;271822;0;6881;2.5314360132733924
2023-05-28;DZ;Algeria;13;271835;0;6881;2.5313149520849043
2023-06-04;DZ;Algeria;6;271841;0;6881;2.5312590815954916
2023-06-11;DZ;Algeria;0;271841;0;6881;2.5312590815954916
2023-06-18;DZ;Algeria;6;271847;0;6881;2.5312032135723403
2023-06-25;DZ;Algeria;0;271847;0;6881;2.5312032135723403
2023-07-02;DZ;Algeria;5;271852;0;6881;2.5311566587702132
2023-07-09;DZ;Algeria;0;271852;0;6881;2.5311566587702132
2023-07-16;DZ;Algeria;0;271852;0;6881;2.5311566587702132
2023-07-23;DZ;Algeria;0;271852;0;6881;2.5311566587702132
2023-07-30;DZ;Algeria;0;271852;0;6881;2.5311566587702132
2023-08-06;DZ;Algeria;0;271852;0;6881;2.5311566587702132
2023-08-13;DZ;Algeria;17;271869;0;6881;2.5309983852517206
2023-08-20;DZ;Algeria;0;271869;0;6881;2.5309983852517206
2023-08-27;DZ;Algeria;2;271871;0;6881;2.530979766139088
2023-09-03;DZ;Algeria;2;271873;0;6881;2.530961147300394
2023-09-10;DZ;Algeria;4;271877;0;6881;2.530923910444797
2023-09-17;DZ;Algeria;10;271887;0;6881;2.530830823099302
2023-09-24;DZ;Algeria;8;271895;0;6881;2.5307563581529635
2023-10-01;DZ;Algeria;15;271910;0;6881;2.5306167481887387
2023-10-08;DZ;Algeria;9;271919;0;6881;2.530532989603522
2023-10-15;DZ;Algeria;7;271926;0;6881;2.5304678478703764
2023-10-22;DZ;Algeria;8;271934;0;6881;2.5303934042819214
2023-10-29;DZ;Algeria;6;271940;0;6881;2.530337574464956
2023-11-05;DZ;Algeria;20;271960;0;6881;2.5301514928665982
2023-11-12;DZ;Algeria;6;271966;0;6881;2.5300956737239213
2023-11-19;DZ;Algeria;12;271978;0;6881;2.5299840428269933
2023-11-26;DZ;Algeria;13;271991;0;6881;2.529863120470898
2023-12-03;DZ;Algeria;19;272010;0;6881;2.5296864085879194
2023-12-10;DZ;Algeria;0;272010;0;6881;2.5296864085879194
2023-12-17;DZ;Algeria;0;272010;0;6881;2.5296864085879194
2023-12-24;DZ;Algeria;0;272010;0;6881;2.5296864085879194
2023-12-31;DZ;Algeria;0;272010;0;6881;2.5296864085879194
2024-01-07;DZ;Algeria;0;272010;0;6881;2.5296864085879194
2024-01-14;DZ;Algeria;0;272010;0;6881;2.5296864085879194
2024-01-21;DZ;Algeria;0;272010;0;6881;2.5296864085879194
2020-01-05;AS;American Samoa;0;0;0;0;0.0
2020-01-12;AS;American Samoa;0;0;0;0;0.0
2020-01-19;AS;American Samoa;0;0;0;0;0.0
2020-01-26;AS;American Samoa;0;0;0;0;0.0
2020-02-02;AS;American Samoa;0;0;0;0;0.0
2020-02-09;AS;American Samoa;0;0;0;0;0.0
2020-02-16;AS;American Samoa;0;0;0;0;0.0
2020-02-23;AS;American Samoa;0;0;0;0;0.0
2020-03-01;AS;American Samoa;0;0;0;0;0.0
2020-03-08;AS;American Samoa;0;0;0;0;0.0
2020-03-15;AS;American Samoa;0;0;0;0;0.0
2020-03-22;AS;American Samoa;0;0;0;0;0.0
2020-03-29;AS;American Samoa;0;0;0;0;0.0
2020-04-05;AS;American Samoa;0;0;0;0;0.0
2020-04-12;AS;American Samoa;0;0;0;0;0.0
2020-04-19;AS;American Samoa;0;0;0;0;0.0
2020-04-26;AS;American Samoa;0;0;0;0;0.0
2020-05-03;AS;American Samoa;0;0;0;0;0.0
2020-05-10;AS;American Samoa;0;0;0;0;0.0
2020-05-17;AS;American Samoa;0;0;0;0;0.0
2020-05-24;AS;American Samoa;0;0;0;0;0.0
2020-05-31;AS;American Samoa;0;0;0;0;0.0
2020-06-07;AS;American Samoa;0;0;0;0;0.0
2020-06-14;AS;American Samoa;0;0;0;0;0.0
2020-06-21;AS;American Samoa;0;0;0;0;0.0
2020-06-28;AS;American Samoa;0;0;0;0;0.0
2020-07-05;AS;American Samoa;0;0;0;0;0.0
2020-07-12;AS;American Samoa;0;0;0;0;0.0
2020-07-19;AS;American Samoa;0;0;0;0;0.0
2020-07-26;AS;American Samoa;0;0;0;0;0.0
2020-08-02;AS;American Samoa;0;0;0;0;0.0
2020-08-09;AS;American Samoa;0;0;0;0;0.0
2020-08-16;AS;American Samoa;0;0;0;0;0.0
2020-08-23;AS;American Samoa;0;0;0;0;0.0
2020-08-30;AS;American Samoa;0;0;0;0;0.0
2020-09-06;AS;American Samoa;0;0;0;0;0.0
2020-09-13;AS;American Samoa;0;0;0;0;0.0
2020-09-20;AS;American Samoa;0;0;0;0;0.0
2020-09-27;AS;American Samoa;0;0;0;0;0.0
2020-10-04;AS;American Samoa;0;0;0;0;0.0
2020-10-11;AS;American Samoa;0;0;0;0;0.0
2020-10-18;AS;American Samoa;0;0;0;0;0.0
2020-10-25;AS;American Samoa;0;0;0;0;0.0
2020-11-01;AS;American Samoa;0;0;0;0;0.0
2020-11-08;AS;American Samoa;0;0;0;0;0.0
2020-11-15;AS;American Samoa;0;0;0;0;0.0
2020-11-22;AS;American Samoa;0;0;0;0;0.0
2020-11-29;AS;American Samoa;0;0;0;0;0.0
2020-12-06;AS;American Samoa;0;0;0;0;0.0
2020-12-13;AS;American Samoa;0;0;0;0;0.0
2020-12-20;AS;American Samoa;0;0;0;0;0.0
2020-12-27;AS;American Samoa;0;0;0;0;0.0
2021-01-03;AS;American Samoa;0;0;0;0;0.0
2021-01-10;AS;American Samoa;0;0;0;0;0.0
2021-01-17;AS;American Samoa;0;0;0;0;0.0
2021-01-24;AS;American Samoa;0;0;0;0;0.0
2021-01-31;AS;American Samoa;0;0;0;0;0.0
2021-02-07;AS;American Samoa;0;0;0;0;0.0
2021-02-14;AS;American Samoa;0;0;0;0;0.0
2021-02-21;AS;American Samoa;0;0;0;0;0.0
2021-02-28;AS;American Samoa;0;0;0;0;0.0
2021-03-07;AS;American Samoa;0;0;0;0;0.0
2021-03-14;AS;American Samoa;0;0;0;0;0.0
2021-03-21;AS;American Samoa;0;0;0;0;0.0
2021-03-28;AS;American Samoa;0;0;0;0;0.0
2021-04-04;AS;American Samoa;0;0;0;0;0.0
2021-04-11;AS;American Samoa;0;0;0;0;0.0
2021-04-18;AS;American Samoa;0;0;0;0;0.0
2021-04-25;AS;American Samoa;0;0;0;0;0.0
2021-05-02;AS;American Samoa;0;0;0;0;0.0
2021-05-09;AS;American Samoa;0;0;0;0;0.0
2021-05-16;AS;American Samoa;0;0;0;0;0.0
2021-05-23;AS;American Samoa;0;0;0;0;0.0
2021-05-30;AS;American Samoa;0;0;0;0;0.0
2021-06-06;AS;American Samoa;0;0;0;0;0.0
2021-06-13;AS;American Samoa;0;0;0;0;0.0
2021-06-20;AS;American Samoa;0;0;0;0;0.0
2021-06-27;AS;American Samoa;0;0;0;0;0.0
2021-07-04;AS;American Samoa;0;0;0;0;0.0
2021-07-11;AS;American Samoa;0;0;0;0;0.0
2021-07-18;AS;American Samoa;0;0;0;0;0.0
2021-07-25;AS;American Samoa;0;0;0;0;0.0
2021-08-01;AS;American Samoa;0;0;0;0;0.0
2021-08-08;AS;American Samoa;0;0;0;0;0.0
2021-08-15;AS;American Samoa;0;0;0;0;0.0
2021-08-22;AS;American Samoa;0;0;0;0;0.0
2021-08-29;AS;American Samoa;0;0;0;0;0.0
2021-09-05;AS;American Samoa;0;0;0;0;0.0
2021-09-12;AS;American Samoa;0;0;0;0;0.0
2021-09-19;AS;American Samoa;1;1;0;0;0.0
2021-09-26;AS;American Samoa;0;1;0;0;0.0
2021-10-03;AS;American Samoa;0;1;0;0;0.0
2021-10-10;AS;American Samoa;2;3;0;0;0.0
2021-10-17;AS;American Samoa;0;3;0;0;0.0
2021-10-24;AS;American Samoa;1;4;0;0;0.0
2021-10-31;AS;American Samoa;0;4;0;0;0.0
2021-11-07;AS;American Samoa;0;4;0;0;0.0
2021-11-14;AS;American Samoa;1;5;0;0;0.0
2021-11-21;AS;American Samoa;0;5;0;0;0.0
2021-11-28;AS;American Samoa;0;5;0;0;0.0
2021-12-05;AS;American Samoa;5;10;0;0;0.0
2021-12-12;AS;American Samoa;1;11;0;0;0.0
2021-12-19;AS;American Samoa;0;11;0;0;0.0
2021-12-26;AS;American Samoa;0;11;0;0;0.0
2022-01-02;AS;American Samoa;0;11;0;0;0.0
2022-01-09;AS;American Samoa;7;18;0;0;0.0
2022-01-16;AS;American Samoa;0;18;0;0;0.0
2022-01-23;AS;American Samoa;0;18;0;0;0.0
2022-01-30;AS;American Samoa;0;18;0;0;0.0
2022-02-06;AS;American Samoa;31;49;0;0;0.0
2022-02-13;AS;American Samoa;8;57;0;0;0.0
2022-02-20;AS;American Samoa;0;57;0;0;0.0
2022-02-27;AS;American Samoa;27;84;0;0;0.0
2022-03-06;AS;American Samoa;208;292;0;0;0.0
2022-03-13;AS;American Samoa;263;555;0;0;0.0
2022-03-20;AS;American Samoa;842;1397;0;0;0.0
2022-03-27;AS;American Samoa;1881;3278;2;2;0.06101281269066504
2022-04-03;AS;American Samoa;1378;4656;5;7;0.15034364261168387
2022-04-10;AS;American Samoa;746;5402;4;11;0.20362828582006662
2022-04-17;AS;American Samoa;133;5535;7;18;0.3252032520325203
2022-04-24;AS;American Samoa;230;5765;5;23;0.398959236773634
2022-05-01;AS;American Samoa;92;5857;3;26;0.4439132661772239
2022-05-08;AS;American Samoa;98;5955;3;29;0.48698572628043657
2022-05-15;AS;American Samoa;63;6018;1;30;0.4985044865403789
2022-05-22;AS;American Samoa;65;6083;0;30;0.4931777083675818
2022-05-29;AS;American Samoa;62;6145;1;31;0.5044751830756713
2022-06-05;AS;American Samoa;124;6269;0;31;0.49449672994097943
2022-06-12;AS;American Samoa;73;6342;0;31;0.48880479344055505
2022-06-19;AS;American Samoa;72;6414;0;31;0.48331774243841596
2022-06-26;AS;American Samoa;91;6505;0;31;0.47655649500384323
2022-07-03;AS;American Samoa;0;6505;0;31;0.47655649500384323
2022-07-10;AS;American Samoa;0;6505;0;31;0.47655649500384323
2022-07-17;AS;American Samoa;963;7468;2;33;0.4418853776111409
2022-07-24;AS;American Samoa;0;7468;0;33;0.4418853776111409
2022-07-31;AS;American Samoa;298;7766;0;33;0.424929178470255
2022-08-07;AS;American Samoa;186;7952;0;33;0.414989939637827
2022-08-14;AS;American Samoa;90;8042;0;33;0.410345685152947
2022-08-21;AS;American Samoa;0;8042;0;33;0.410345685152947
2022-08-28;AS;American Samoa;126;8168;1;34;0.416258570029383
2022-09-04;AS;American Samoa;0;8168;0;34;0.416258570029383
2022-09-11;AS;American Samoa;49;8217;0;34;0.4137763173907752
2022-09-18;AS;American Samoa;18;8235;0;34;0.4128718882817244
2022-09-25;AS;American Samoa;12;8247;0;34;0.41227112889535594
2022-10-02;AS;American Samoa;3;8250;0;34;0.4121212121212121
2022-10-09;AS;American Samoa;0;8250;0;34;0.4121212121212121
2022-10-16;AS;American Samoa;1;8251;0;34;0.41207126408920136
2022-10-23;AS;American Samoa;2;8253;0;34;0.41197140433781654
2022-10-30;AS;American Samoa;4;8257;0;34;0.4117718299624561
2022-11-06;AS;American Samoa;0;8257;0;34;0.4117718299624561
2022-11-13;AS;American Samoa;5;8262;0;34;0.411522633744856
2022-11-20;AS;American Samoa;1;8263;0;34;0.41147283069103235
2022-11-27;AS;American Samoa;1;8264;0;34;0.41142303969022265
2022-12-04;AS;American Samoa;0;8264;0;34;0.41142303969022265
2022-12-11;AS;American Samoa;1;8265;0;34;0.411373260738052
2022-12-18;AS;American Samoa;1;8266;0;34;0.4113234938301476
2022-12-25;AS;American Samoa;0;8266;0;34;0.4113234938301476
2023-01-01;AS;American Samoa;19;8285;0;34;0.4103802051901026
2023-01-08;AS;American Samoa;17;8302;0;34;0.4095398699108649
2023-01-15;AS;American Samoa;7;8309;0;34;0.40919484895896013
2023-01-22;AS;American Samoa;8;8317;0;34;0.4088012504508838
2023-01-29;AS;American Samoa;3;8320;0;34;0.4086538461538462
2023-02-05;AS;American Samoa;0;8320;0;34;0.4086538461538462
2023-02-12;AS;American Samoa;0;8320;0;34;0.4086538461538462
2023-02-19;AS;American Samoa;0;8320;0;34;0.4086538461538462
2023-02-26;AS;American Samoa;0;8320;0;34;0.4086538461538462
2023-03-05;AS;American Samoa;0;8320;0;34;0.4086538461538462
2023-03-12;AS;American Samoa;0;8320;0;34;0.4086538461538462
2023-03-19;AS;American Samoa;1;8321;0;34;0.4086047350078116
2023-03-26;AS;American Samoa;3;8324;0;34;0.40845747236905333
2023-04-02;AS;American Samoa;2;8326;0;34;0.40835935623348546
2023-04-09;AS;American Samoa;1;8327;0;34;0.4083103158400384
2023-04-16;AS;American Samoa;2;8329;0;34;0.40821227038059793
2023-04-23;AS;American Samoa;0;8329;0;34;0.40821227038059793
2023-04-30;AS;American Samoa;0;8329;0;34;0.40821227038059793
2023-05-07;AS;American Samoa;2;8331;0;34;0.4081142719961589
2023-05-14;AS;American Samoa;0;8331;0;34;0.4081142719961589
2023-05-21;AS;American Samoa;0;8331;0;34;0.4081142719961589
2023-05-28;AS;American Samoa;0;8331;0;34;0.4081142719961589
2023-06-04;AS;American Samoa;1;8332;0;34;0.40806529044647144
2023-06-11;AS;American Samoa;0;8332;0;34;0.40806529044647144
2023-06-18;AS;American Samoa;0;8332;0;34;0.40806529044647144
2023-06-25;AS;American Samoa;0;8332;0;34;0.40806529044647144
2023-07-02;AS;American Samoa;0;8332;0;34;0.40806529044647144
2023-07-09;AS;American Samoa;9;8341;0;34;0.4076249850137873
2023-07-16;AS;American Samoa;0;8341;0;34;0.4076249850137873
2023-07-23;AS;American Samoa;0;8341;0;34;0.4076249850137873
2023-07-30;AS;American Samoa;0;8341;0;34;0.4076249850137873
2023-08-06;AS;American Samoa;0;8341;0;34;0.4076249850137873
2023-08-13;AS;American Samoa;0;8341;0;34;0.4076249850137873
2023-08-20;AS;American Samoa;0;8341;0;34;0.4076249850137873
2023-08-27;AS;American Samoa;0;8341;0;34;0.4076249850137873
2023-09-03;AS;American Samoa;0;8341;0;34;0.4076249850137873
2023-09-10;AS;American Samoa;0;8341;0;34;0.4076249850137873
2023-09-17;AS;American Samoa;18;8359;0;34;0.40674721856681423
2023-09-24;AS;American Samoa;0;8359;0;34;0.40674721856681423
2023-10-01;AS;American Samoa;0;8359;0;34;0.40674721856681423
2023-10-08;AS;American Samoa;0;8359;0;34;0.40674721856681423
2023-10-15;AS;American Samoa;0;8359;0;34;0.40674721856681423
2023-10-22;AS;American Samoa;0;8359;0;34;0.40674721856681423
2023-10-29;AS;American Samoa;0;8359;0;34;0.40674721856681423
2023-11-05;AS;American Samoa;0;8359;0;34;0.40674721856681423
2023-11-12;AS;American Samoa;0;8359;0;34;0.40674721856681423
2023-11-19;AS;American Samoa;0;8359;0;34;0.40674721856681423
2023-11-26;AS;American Samoa;0;8359;0;34;0.40674721856681423
2023-12-03;AS;American Samoa;0;8359;0;34;0.40674721856681423
2023-12-10;AS;American Samoa;0;8359;0;34;0.40674721856681423
2023-12-17;AS;American Samoa;0;8359;0;34;0.40674721856681423
2023-12-24;AS;American Samoa;0;8359;0;34;0.40674721856681423
2023-12-31;AS;American Samoa;0;8359;0;34;0.40674721856681423
2024-01-07;AS;American Samoa;0;8359;0;34;0.40674721856681423
2024-01-14;AS;American Samoa;0;8359;0;34;0.40674721856681423
2024-01-21;AS;American Samoa;0;8359;0;34;0.40674721856681423
2020-01-05;AD;Andorra;0;0;0;0;0.0
2020-01-12;AD;Andorra;0;0;0;0;0.0
2020-01-19;AD;Andorra;0;0;0;0;0.0
2020-01-26;AD;Andorra;0;0;0;0;0.0
2020-02-02;AD;Andorra;0;0;0;0;0.0
2020-02-09;AD;Andorra;0;0;0;0;0.0
2020-02-16;AD;Andorra;0;0;0;0;0.0
2020-02-23;AD;Andorra;0;0;0;0;0.0
2020-03-01;AD;Andorra;0;0;0;0;0.0
2020-03-08;AD;Andorra;1;1;0;0;0.0
2020-03-15;AD;Andorra;1;2;0;0;0.0
2020-03-22;AD;Andorra;131;133;1;1;0.7518796992481203
2020-03-29;AD;Andorra;208;341;5;6;1.7595307917888565
2020-04-05;AD;Andorra;125;466;11;17;3.648068669527897
2020-04-12;AD;Andorra;156;622;11;28;4.501607717041801
2020-04-19;AD;Andorra;82;704;7;35;4.971590909090909
2020-04-26;AD;Andorra;34;738;5;40;5.420054200542006
2020-05-03;AD;Andorra;9;747;4;44;5.8902275769745644
2020-05-10;AD;Andorra;7;754;4;48;6.36604774535809
2020-05-17;AD;Andorra;7;761;3;51;6.701708278580814
2020-05-24;AD;Andorra;2;763;0;51;6.684141546526867
2020-05-31;AD;Andorra;1;764;0;51;6.675392670157068
2020-06-07;AD;Andorra;88;852;0;51;5.985915492957746
2020-06-14;AD;Andorra;1;853;0;51;5.978898007033997
2020-06-21;AD;Andorra;2;855;1;52;6.081871345029239
2020-06-28;AD;Andorra;0;855;0;52;6.081871345029239
2020-07-05;AD;Andorra;0;855;0;52;6.081871345029239
2020-07-12;AD;Andorra;0;855;0;52;6.081871345029239
2020-07-19;AD;Andorra;25;880;0;52;5.909090909090909
2020-07-26;AD;Andorra;17;897;0;52;5.797101449275362
2020-08-02;AD;Andorra;33;930;0;52;5.591397849462366
2020-08-09;AD;Andorra;26;956;0;52;5.439330543933055
2020-08-16;AD;Andorra;41;997;1;53;5.315947843530592
2020-08-23;AD;Andorra;50;1047;0;53;5.062082139446036
2020-08-30;AD;Andorra;77;1124;0;53;4.715302491103203
2020-09-06;AD;Andorra;91;1215;0;53;4.362139917695473
2020-09-13;AD;Andorra;129;1344;0;53;3.943452380952381
2020-09-20;AD;Andorra;220;1564;0;53;3.3887468030690537
2020-09-27;AD;Andorra;272;1836;0;53;2.886710239651416
2020-10-04;AD;Andorra;274;2110;0;53;2.5118483412322274
2020-10-11;AD;Andorra;586;2696;2;55;2.040059347181009
2020-10-18;AD;Andorra;681;3377;4;59;1.7471128220313887
2020-10-25;AD;Andorra;661;4038;10;69;1.7087667161961366
2020-11-01;AD;Andorra;718;4756;6;75;1.576955424726661
2020-11-08;AD;Andorra;563;5319;0;75;1.410039481105471
2020-11-15;AD;Andorra;406;5725;0;75;1.3100436681222707
2020-11-22;AD;Andorra;482;6207;1;76;1.2244240373771549
2020-11-29;AD;Andorra;403;6610;0;76;1.1497730711043872
2020-12-06;AD;Andorra;395;7005;2;78;1.113490364025696
2020-12-13;AD;Andorra;283;7288;0;78;1.070252469813392
2020-12-20;AD;Andorra;272;7560;2;80;1.0582010582010581
2020-12-27;AD;Andorra;246;7806;3;83;1.0632846528311555
2021-01-03;AD;Andorra;360;8166;1;84;1.0286554004408524
2021-01-10;AD;Andorra;420;8586;1;85;0.9899836943862101
2021-01-17;AD;Andorra;452;9038;6;91;1.0068599247621155
2021-01-24;AD;Andorra;461;9499;5;96;1.0106326981787557
2021-01-31;AD;Andorra;386;9885;5;101;1.0217501264542235
2021-02-07;AD;Andorra;321;10206;4;105;1.02880658436214
2021-02-14;AD;Andorra;257;10463;2;107;1.022651247252222
2021-02-21;AD;Andorra;209;10672;0;107;1.002623688155922
2021-02-28;AD;Andorra;177;10849;3;110;1.0139183334869573
2021-03-07;AD;Andorra;170;11019;2;112;1.016426172973954
2021-03-14;AD;Andorra;209;11228;0;112;0.997506234413965
2021-03-21;AD;Andorra;253;11481;1;113;0.9842348227506315
2021-03-28;AD;Andorra;328;11809;2;115;0.9738335168092133
2021-04-04;AD;Andorra;365;12174;2;117;0.9610645638245442
2021-04-11;AD;Andorra;323;12497;3;120;0.9602304553092742
2021-04-18;AD;Andorra;274;12771;3;123;0.9631195677707306
2021-04-25;AD;Andorra;253;13024;1;124;0.9520884520884522
2021-05-02;AD;Andorra;208;13232;1;125;0.9446795646916566
2021-05-09;AD;Andorra;174;13406;2;127;0.9473370132776369
2021-05-16;AD;Andorra;104;13510;0;127;0.9400444115470021
2021-05-23;AD;Andorra;99;13609;0;127;0.9332059666397238
2021-05-30;AD;Andorra;84;13693;0;127;0.9274811947710508
2021-06-06;AD;Andorra;65;13758;0;127;0.9230992876871638
2021-06-13;AD;Andorra;55;13813;0;127;0.9194237312676464
2021-06-20;AD;Andorra;29;13842;0;127;0.9174974714636612
2021-06-27;AD;Andorra;40;13882;0;127;0.9148537674686645
2021-07-04;AD;Andorra;36;13918;0;127;0.9124874263543612
2021-07-11;AD;Andorra;157;14075;0;127;0.9023090586145649
2021-07-18;AD;Andorra;198;14273;0;127;0.8897919148041756
2021-07-25;AD;Andorra;225;14498;0;127;0.8759828941923025
2021-08-01;AD;Andorra;180;14678;1;128;0.8720534132715628
2021-08-08;AD;Andorra;158;14836;0;128;0.8627662442706929
2021-08-15;AD;Andorra;88;14924;1;129;0.8643795229161083
2021-08-22;AD;Andorra;64;14988;0;129;0.8606885508406724
2021-08-29;AD;Andorra;37;15025;1;130;0.8652246256239602
2021-09-05;AD;Andorra;30;15055;0;130;0.8635004981733644
2021-09-12;AD;Andorra;28;15083;0;130;0.8618975004972486
2021-09-19;AD;Andorra;41;15124;0;130;0.8595609627082782
2021-09-26;AD;Andorra;43;15167;0;130;0.8571240192523242
2021-10-03;AD;Andorra;55;15222;0;130;0.854027066088556
2021-10-10;AD;Andorra;69;15291;0;130;0.8501733045582369
2021-10-17;AD;Andorra;47;15338;0;130;0.8475681314382579
2021-10-24;AD;Andorra;66;15404;0;130;0.8439366398338094
2021-10-31;AD;Andorra;112;15516;0;130;0.8378448053622067
2021-11-07;AD;Andorra;102;15618;0;130;0.8323729030605711
2021-11-14;AD;Andorra;201;15819;0;130;0.8217965737404387
2021-11-21;AD;Andorra;267;16086;0;130;0.8081561606365784
2021-11-28;AD;Andorra;626;16712;1;131;0.7838678793681186
2021-12-05;AD;Andorra;1298;18010;1;132;0.7329261521377013
2021-12-12;AD;Andorra;1430;19440;1;133;0.6841563786008231
2021-12-19;AD;Andorra;1109;20549;1;134;0.6520998588739111
2021-12-26;AD;Andorra;1181;21730;5;139;0.6396686608375518
2022-01-02;AD;Andorra;2010;23740;1;140;0.5897219882055602
2022-01-09;AD;Andorra;2668;26408;1;141;0.5339291123901848
2022-01-16;AD;Andorra;3480;29888;1;142;0.47510706638115635
2022-01-23;AD;Andorra;3137;33025;2;144;0.4360333080999243
2022-01-30;AD;Andorra;2531;35556;1;145;0.4078074024074699
2022-02-06;AD;Andorra;1043;36599;2;147;0.40165031831470804
2022-02-13;AD;Andorra;541;37140;1;148;0.3984921917070544
2022-02-20;AD;Andorra;449;37589;2;150;0.3990529144164516
2022-02-27;AD;Andorra;410;37999;1;151;0.3973788783915366
2022-03-06;AD;Andorra;435;38434;0;151;0.3928813030129573
2022-03-13;AD;Andorra;360;38794;1;152;0.39181316698458524
2022-03-20;AD;Andorra;440;39234;1;153;0.38996788499770607
2022-03-27;AD;Andorra;479;39713;0;153;0.38526427114546874
2022-04-03;AD;Andorra;311;40024;0;153;0.3822706376174295
2022-04-10;AD;Andorra;304;40328;0;153;0.37938901011704024
2022-04-17;AD;Andorra;381;40709;0;153;0.37583826672234644
2022-04-24;AD;Andorra;304;41013;0;153;0.3730524467851657
2022-05-01;AD;Andorra;336;41349;0;153;0.3700210404121019
2022-05-08;AD;Andorra;368;41717;0;153;0.366756957595225
2022-05-15;AD;Andorra;439;42156;0;153;0.3629376601195559
2022-05-22;AD;Andorra;416;42572;0;153;0.35939114911209247
2022-05-29;AD;Andorra;322;42894;0;153;0.35669324381032314
2022-06-05;AD;Andorra;173;43067;0;153;0.3552604082011749
2022-06-12;AD;Andorra;157;43224;0;153;0.3539700166574125
2022-06-19;AD;Andorra;225;43449;0;153;0.35213698819305395
2022-06-26;AD;Andorra;325;43774;0;153;0.3495225476310138
2022-07-03;AD;Andorra;403;44177;0;153;0.34633406523756705
2022-07-10;AD;Andorra;494;44671;0;153;0.34250408542454835
2022-07-17;AD;Andorra;390;45061;0;153;0.33953973502585383
2022-07-24;AD;Andorra;265;45326;0;153;0.3375546044213034
2022-07-31;AD;Andorra;182;45508;0;153;0.33620462336292517
2022-08-07;AD;Andorra;285;45793;1;154;0.33629594042757627
2022-08-14;AD;Andorra;106;45899;0;154;0.33551929235931066
2022-08-21;AD;Andorra;76;45975;0;154;0.3349646547036433
2022-08-28;AD;Andorra;52;46027;0;154;0.3345862211310753
2022-09-04;AD;Andorra;0;46027;0;154;0.3345862211310753
2022-09-11;AD;Andorra;86;46113;1;155;0.3361308090993863
2022-09-18;AD;Andorra;34;46147;0;155;0.33588315600147356
2022-09-25;AD;Andorra;0;46147;0;155;0.33588315600147356
2022-10-02;AD;Andorra;80;46227;0;155;0.3353018798537651
2022-10-09;AD;Andorra;48;46275;0;155;0.3349540788762831
2022-10-16;AD;Andorra;91;46366;0;155;0.3342966829142044
2022-10-23;AD;Andorra;83;46449;0;155;0.3336993261426511
2022-10-30;AD;Andorra;86;46535;0;155;0.3330826259804448
2022-11-06;AD;Andorra;53;46588;0;155;0.33270370052374
2022-11-13;AD;Andorra;76;46664;0;155;0.332161837819304
2022-11-20;AD;Andorra;160;46824;1;156;0.3331624807790876
2022-11-27;AD;Andorra;0;46824;0;156;0.3331624807790876
2022-12-04;AD;Andorra;395;47219;1;157;0.3324932760117749
2022-12-11;AD;Andorra;227;47446;1;158;0.33301015891750624
2022-12-18;AD;Andorra;160;47606;0;158;0.33189093811704407
2022-12-25;AD;Andorra;80;47686;0;158;0.3313341441932643
2023-01-01;AD;Andorra;65;47751;0;158;0.3308831228665368
2023-01-08;AD;Andorra;30;47781;1;159;0.3327682551641866
2023-01-15;AD;Andorra;0;47781;0;159;0.3327682551641866
2023-01-22;AD;Andorra;39;47820;0;159;0.3324968632371393
2023-01-29;AD;Andorra;19;47839;0;159;0.33236480695666715
2023-02-05;AD;Andorra;11;47850;0;159;0.3322884012539185
2023-02-12;AD;Andorra;10;47860;0;159;0.3322189720016715
2023-02-19;AD;Andorra;6;47866;0;159;0.33217732837504704
2023-02-26;AD;Andorra;9;47875;0;159;0.33211488250652743
2023-03-05;AD;Andorra;15;47890;0;159;0.3320108582167467
2023-03-12;AD;Andorra;8;47898;0;159;0.33195540523612677
2023-03-19;AD;Andorra;10;47908;0;159;0.33188611505385324
2023-03-26;AD;Andorra;9;47917;0;159;0.3318237786171922
2023-04-02;AD;Andorra;13;47930;0;159;0.3317337784268725
2023-04-09;AD;Andorra;9;47939;0;159;0.3316714991968961
2023-04-16;AD;Andorra;6;47945;0;159;0.33162999269996873
2023-04-23;AD;Andorra;0;47945;0;159;0.33162999269996873
2023-04-30;AD;Andorra;29;47974;0;159;0.3314295243256764
2023-05-07;AD;Andorra;41;48015;0;159;0.331146516713527
2023-05-14;AD;Andorra;0;48015;0;159;0.331146516713527
2023-05-21;AD;Andorra;0;48015;0;159;0.331146516713527
2023-05-28;AD;Andorra;0;48015;0;159;0.331146516713527
2023-06-04;AD;Andorra;0;48015;0;159;0.331146516713527
2023-06-11;AD;Andorra;0;48015;0;159;0.331146516713527
2023-06-18;AD;Andorra;0;48015;0;159;0.331146516713527
2023-06-25;AD;Andorra;0;48015;0;159;0.331146516713527
2023-07-02;AD;Andorra;0;48015;0;159;0.331146516713527
2023-07-09;AD;Andorra;0;48015;0;159;0.331146516713527
2023-07-16;AD;Andorra;0;48015;0;159;0.331146516713527
2023-07-23;AD;Andorra;0;48015;0;159;0.331146516713527
2023-07-30;AD;Andorra;0;48015;0;159;0.331146516713527
2023-08-06;AD;Andorra;0;48015;0;159;0.331146516713527
2023-08-13;AD;Andorra;0;48015;0;159;0.331146516713527
2023-08-20;AD;Andorra;0;48015;0;159;0.331146516713527
2023-08-27;AD;Andorra;0;48015;0;159;0.331146516713527
2023-09-03;AD;Andorra;0;48015;0;159;0.331146516713527
2023-09-10;AD;Andorra;0;48015;0;159;0.331146516713527
2023-09-17;AD;Andorra;0;48015;0;159;0.331146516713527
2023-09-24;AD;Andorra;0;48015;0;159;0.331146516713527
2023-10-01;AD;Andorra;0;48015;0;159;0.331146516713527
2023-10-08;AD;Andorra;0;48015;0;159;0.331146516713527
2023-10-15;AD;Andorra;0;48015;0;159;0.331146516713527
2023-10-22;AD;Andorra;0;48015;0;159;0.331146516713527
2023-10-29;AD;Andorra;0;48015;0;159;0.331146516713527
2023-11-05;AD;Andorra;0;48015;0;159;0.331146516713527
2023-11-12;AD;Andorra;0;48015;0;159;0.331146516713527
2023-11-19;AD;Andorra;0;48015;0;159;0.331146516713527
2023-11-26;AD;Andorra;0;48015;0;159;0.331146516713527
2023-12-03;AD;Andorra;0;48015;0;159;0.331146516713527
2023-12-10;AD;Andorra;0;48015;0;159;0.331146516713527
2023-12-17;AD;Andorra;0;48015;0;159;0.331146516713527
2023-12-24;AD;Andorra;0;48015;0;159;0.331146516713527
2023-12-31;AD;Andorra;0;48015;0;159;0.331146516713527
2024-01-07;AD;Andorra;0;48015;0;159;0.331146516713527
2024-01-14;AD;Andorra;0;48015;0;159;0.331146516713527
2024-01-21;AD;Andorra;0;48015;0;159;0.331146516713527
2020-01-05;AO;Angola;0;0;0;0;0.0
2020-01-12;AO;Angola;0;0;0;0;0.0
2020-01-19;AO;Angola;0;0;0;0;0.0
2020-01-26;AO;Angola;0;0;0;0;0.0
2020-02-02;AO;Angola;0;0;0;0;0.0
2020-02-09;AO;Angola;0;0;0;0;0.0
2020-02-16;AO;Angola;0;0;0;0;0.0
2020-02-23;AO;Angola;0;0;0;0;0.0
2020-03-01;AO;Angola;0;0;0;0;0.0
2020-03-08;AO;Angola;0;0;0;0;0.0
2020-03-15;AO;Angola;0;0;0;0;0.0
2020-03-22;AO;Angola;0;0;0;0;0.0
2020-03-29;AO;Angola;0;0;0;0;0.0
2020-04-05;AO;Angola;10;10;0;0;0.0
2020-04-12;AO;Angola;9;19;0;0;0.0
2020-04-19;AO;Angola;5;24;0;0;0.0
2020-04-26;AO;Angola;1;25;0;0;0.0
2020-05-03;AO;Angola;10;35;0;0;0.0
2020-05-10;AO;Angola;8;43;0;0;0.0
2020-05-17;AO;Angola;5;48;0;0;0.0
2020-05-24;AO;Angola;13;61;3;3;4.918032786885246
2020-05-31;AO;Angola;23;84;1;4;4.761904761904762
2020-06-07;AO;Angola;4;88;0;4;4.545454545454546
2020-06-14;AO;Angola;50;138;2;6;4.3478260869565215
2020-06-21;AO;Angola;34;172;2;8;4.651162790697675
2020-06-28;AO;Angola;87;259;2;10;3.861003861003861
2020-07-05;AO;Angola;87;346;9;19;5.491329479768786
2020-07-12;AO;Angola;137;483;6;25;5.175983436853002
2020-07-19;AO;Angola;204;687;4;29;4.2212518195050945
2020-07-26;AO;Angola;229;916;10;39;4.25764192139738
2020-08-02;AO;Angola;248;1164;15;54;4.639175257731959
2020-08-09;AO;Angola;408;1572;16;70;4.4529262086514
2020-08-16;AO;Angola;307;1879;16;86;4.576902607770091
2020-08-23;AO;Angola;255;2134;8;94;4.404873477038426
2020-08-30;AO;Angola;417;2551;13;107;4.194433555468444
2020-09-06;AO;Angola;384;2935;10;117;3.9863713798977853
2020-09-13;AO;Angola;400;3335;15;132;3.9580209895052474
2020-09-20;AO;Angola;566;3901;15;147;3.76826454755191
2020-09-27;AO;Angola;771;4672;22;169;3.617294520547945
2020-10-04;AO;Angola;698;5370;19;188;3.5009310986964617
2020-10-11;AO;Angola;876;6246;33;221;3.5382644892731343
2020-10-18;AO;Angola;1216;7462;23;244;3.2699008308764403
2020-10-25;AO;Angola;1564;9026;26;270;2.9913582982495015
2020-11-01;AO;Angola;1779;10805;17;287;2.6561776955113374
2020-11-08;AO;Angola;1530;12335;16;303;2.4564248074584514
2020-11-15;AO;Angola;1039;13374;19;322;2.4076566472259606
2020-11-22;AO;Angola;1039;14413;14;336;2.331228751821272
2020-11-29;AO;Angola;674;15087;9;345;2.2867369258301853
2020-12-06;AO;Angola;449;15536;9;354;2.2785787847579813
2020-12-13;AO;Angola;625;16161;12;366;2.2647113421199183
2020-12-20;AO;Angola;465;16626;20;386;2.321664862263924
2020-12-27;AO;Angola;523;17149;14;400;2.332497521721383
2021-01-03;AO;Angola;459;17608;7;407;2.3114493412085415
2021-01-10;AO;Angola;548;18156;9;416;2.291253580083719
2021-01-17;AO;Angola;609;18765;15;431;2.2968292033040236
2021-01-24;AO;Angola;602;19367;26;457;2.3596839985542415
2021-01-31;AO;Angola;415;19782;7;464;2.3455666767768677
2021-02-07;AO;Angola;280;20062;11;475;2.3676602532150337
2021-02-14;AO;Angola;267;20329;16;491;2.4152688277829704
2021-02-21;AO;Angola;170;20499;7;498;2.4293867993560663
2021-02-28;AO;Angola;283;20782;8;506;2.434799345587528
2021-03-07;AO;Angola;273;21055;6;512;2.431726430776538
2021-03-14;AO;Angola;268;21323;8;520;2.438681236223796
2021-03-21;AO;Angola;373;21696;6;526;2.424410029498525
2021-03-28;AO;Angola;335;22031;7;533;2.419318233398393
2021-04-04;AO;Angola;548;22579;7;540;2.391602816776651
2021-04-11;AO;Angola;752;23331;10;550;2.3573785950023574
2021-04-18;AO;Angola;969;24300;11;561;2.308641975308642
2021-04-25;AO;Angola;1192;25492;16;577;2.2634552016318845
2021-05-02;AO;Angola;1323;26815;23;600;2.237553608055193
2021-05-09;AO;Angola;1662;28477;30;630;2.2123116901358992
2021-05-16;AO;Angola;1877;30354;25;655;2.1578704618831126
2021-05-23;AO;Angola;1795;32149;60;715;2.2240194096239385
2021-05-30;AO;Angola;2031;34180;42;757;2.2147454651843184
2021-06-06;AO;Angola;1414;35594;37;794;2.230713041523852
2021-06-13;AO;Angola;1006;36600;31;825;2.2540983606557377
2021-06-20;AO;Angola;1004;37604;31;856;2.2763535794064462
2021-06-27;AO;Angola;924;38528;31;887;2.3022217607973423
2021-07-04;AO;Angola;644;39172;23;910;2.3230879199428163
2021-07-11;AO;Angola;709;39881;19;929;2.3294300544118753
2021-07-18;AO;Angola;826;40707;25;954;2.3435772717223085
2021-07-25;AO;Angola;1029;41736;28;982;2.35288479969331
2021-08-01;AO;Angola;1041;42777;29;1011;2.3634195946419805
2021-08-08;AO;Angola;815;43592;33;1044;2.3949348504312717
2021-08-15;AO;Angola;941;44533;42;1086;2.4386410077919742
2021-08-22;AO;Angola;1284;45817;54;1140;2.4881594168103542
2021-08-29;AO;Angola;1262;47079;52;1192;2.5319144416831283
2021-09-05;AO;Angola;1396;48475;66;1258;2.595152140278494
2021-09-12;AO;Angola;1873;50348;69;1327;2.6356558353857156
2021-09-19;AO;Angola;1959;52307;61;1388;2.6535645324717536
2021-09-26;AO;Angola;2488;54795;99;1487;2.7137512546765215
2021-10-03;AO;Angola;3808;58603;87;1574;2.685869324096036
2021-10-10;AO;Angola;2642;61245;44;1618;2.6418483141480937
2021-10-17;AO;Angola;1544;62789;44;1662;2.6469604548567425
2021-10-24;AO;Angola;986;63775;33;1695;2.657781262250098
2021-10-31;AO;Angola;599;64374;13;1708;2.6532450989529934
2021-11-07;AO;Angola;280;64654;11;1719;2.65876821233025
2021-11-14;AO;Angola;245;64899;8;1727;2.661057951586311
2021-11-21;AO;Angola;112;65011;3;1730;2.6610881235483226
2021-11-28;AO;Angola;128;65139;3;1733;2.6604645450498166
2021-12-05;AO;Angola;105;65244;2;1735;2.659248360002452
2021-12-12;AO;Angola;153;65397;2;1737;2.6560851415202533
2021-12-19;AO;Angola;471;65868;1;1738;2.638610554442218
2021-12-26;AO;Angola;5274;71142;8;1746;2.454246436704057
2022-01-02;AO;Angola;11256;82398;26;1772;2.1505376344086025
2022-01-09;AO;Angola;6377;88775;37;1809;2.0377358490566038
2022-01-16;AO;Angola;4749;93524;48;1857;1.9855865874000258
2022-01-23;AO;Angola;2378;95902;29;1886;1.9665908948718485
2022-01-30;AO;Angola;2155;98057;8;1894;1.9315296205268364
2022-02-06;AO;Angola;294;98351;2;1896;1.9277892446441827
2022-02-13;AO;Angola;163;98514;2;1898;1.9266297176035891
2022-02-20;AO;Angola;103;98617;1;1899;1.9256314834156383
2022-02-27;AO;Angola;84;98701;0;1899;1.923992664714643
2022-03-06;AO;Angola;101;98802;1;1900;1.9230379951822838
2022-03-13;AO;Angola;107;98909;0;1900;1.920957647939015
2022-03-20;AO;Angola;101;99010;0;1900;1.918998081001919
2022-03-27;AO;Angola;96;99106;0;1900;1.9171392246685366
2022-04-03;AO;Angola;88;99194;0;1900;1.9154384337762362
2022-04-10;AO;Angola;0;99194;0;1900;1.9154384337762362
2022-04-17;AO;Angola;93;99287;0;1900;1.9136442837430883
2022-04-24;AO;Angola;31;99318;0;1900;1.9130469804063717
2022-05-01;AO;Angola;5;99323;0;1900;1.9129506760770416
2022-05-08;AO;Angola;90;99413;0;1900;1.9112188546769537
2022-05-15;AO;Angola;68;99481;0;1900;1.9099124455926257
2022-05-22;AO;Angola;46;99527;0;1900;1.909029710530811
2022-05-29;AO;Angola;234;99761;0;1900;1.904551878990788
2022-06-05;AO;Angola;78;99839;0;1900;1.9030639329320205
2022-06-12;AO;Angola;0;99839;0;1900;1.9030639329320205
2022-06-19;AO;Angola;987;100826;0;1900;1.8844345704480987
2022-06-26;AO;Angola;431;101257;0;1900;1.876413482524665
2022-07-03;AO;Angola;343;101600;0;1900;1.8700787401574805
2022-07-10;AO;Angola;383;101983;9;1909;1.8718806075522392
2022-07-17;AO;Angola;226;102209;3;1912;1.8706767505796944
2022-07-24;AO;Angola;92;102301;0;1912;1.8689944379820336
2022-07-31;AO;Angola;174;102475;4;1916;1.869724323005611
2022-08-07;AO;Angola;161;102636;1;1917;1.867765696246931
2022-08-14;AO;Angola;107;102743;0;1917;1.865820542518712
2022-08-21;AO;Angola;182;102925;0;1917;1.8625212533398106
2022-08-28;AO;Angola;97;103022;0;1917;1.8607676030362446
2022-09-04;AO;Angola;107;103129;0;1917;1.8588369905652145
2022-09-11;AO;Angola;2;103131;0;1917;1.8588009424906187
2022-09-18;AO;Angola;0;103131;0;1917;1.8588009424906187
2022-09-25;AO;Angola;0;103131;0;1917;1.8588009424906187
2022-10-02;AO;Angola;99;103230;0;1917;1.8570183086312118
2022-10-09;AO;Angola;27;103257;0;1917;1.8565327290159503
2022-10-16;AO;Angola;42;103299;0;1917;1.8557778874916504
2022-10-23;AO;Angola;115;103414;0;1917;1.85371419730404
2022-10-30;AO;Angola;184;103598;0;1917;1.8504218228151121
2022-11-06;AO;Angola;350;103948;1;1918;1.845153345903721
2022-11-13;AO;Angola;279;104227;3;1921;1.8430924808351001
2022-11-20;AO;Angola;259;104486;2;1923;1.8404379534100261
2022-11-27;AO;Angola;173;104659;1;1924;1.8383512168088745
2022-12-04;AO;Angola;149;104808;1;1925;1.8366918555835432
2022-12-11;AO;Angola;138;104946;3;1928;1.8371352886246262
2022-12-18;AO;Angola;88;105034;0;1928;1.8355960926937944
2022-12-25;AO;Angola;36;105070;1;1929;1.8359189112020557
2023-01-01;AO;Angola;25;105095;1;1930;1.8364337028402875
2023-01-08;AO;Angola;45;105140;1;1931;1.8365988206201254
2023-01-15;AO;Angola;21;105161;0;1931;1.8362320632173523
2023-01-22;AO;Angola;22;105183;0;1931;1.8358479982506677
2023-01-29;AO;Angola;1;105184;0;1931;1.8358305445695162
2023-02-05;AO;Angola;21;105205;0;1931;1.8354640939118865
2023-02-12;AO;Angola;19;105224;1;1932;1.8360830228845133
2023-02-19;AO;Angola;19;105243;0;1932;1.8357515464211396
2023-02-26;AO;Angola;12;105255;1;1933;1.836492328155432
2023-03-05;AO;Angola;22;105277;0;1933;1.836108551725448
2023-03-12;AO;Angola;11;105288;0;1933;1.835916723653218
2023-03-19;AO;Angola;10;105298;0;1933;1.8357423692757697
2023-03-26;AO;Angola;18;105316;0;1933;1.8354286148353525
2023-04-02;AO;Angola;15;105331;1;1934;1.8361166228365817
2023-04-09;AO;Angola;13;105344;0;1934;1.8358900364520048
2023-04-16;AO;Angola;9;105353;0;1934;1.8357332017123387
2023-04-23;AO;Angola;31;105384;0;1934;1.8351931982084568
2023-04-30;AO;Angola;0;105384;0;1934;1.8351931982084568
2023-05-07;AO;Angola;177;105561;2;1936;1.8340106668182379
2023-05-14;AO;Angola;120;105681;0;1936;1.8319281611642584
2023-05-21;AO;Angola;89;105770;0;1936;1.8303866880968138
2023-05-28;AO;Angola;49;105819;0;1936;1.8295391186837904
2023-06-04;AO;Angola;32;105851;0;1936;1.8289860275292626
2023-06-11;AO;Angola;33;105884;0;1936;1.82841600241774
2023-06-18;AO;Angola;13;105897;0;1936;1.8281915446141062
2023-06-25;AO;Angola;7;105904;0;1936;1.8280707055446443
2023-07-02;AO;Angola;2;105906;0;1936;1.8280361830302343
2023-07-09;AO;Angola;15;105921;0;1936;1.8277773057278537
2023-07-16;AO;Angola;4;105925;0;1936;1.8277082841633232
2023-07-23;AO;Angola;1;105926;0;1936;1.8276910295866926
2023-07-30;AO;Angola;5;105931;0;1936;1.8276047615900917
2023-08-06;AO;Angola;2;105933;0;1936;1.8275702566716698
2023-08-13;AO;Angola;1;105934;0;1936;1.8275530047010404
2023-08-20;AO;Angola;0;105934;0;1936;1.8275530047010404
2023-08-27;AO;Angola;3;105937;0;1936;1.8275012507433666
2023-09-03;AO;Angola;7;105944;0;1936;1.8273805029071963
2023-09-10;AO;Angola;8;105952;0;1936;1.8272425249169437
2023-09-17;AO;Angola;8;105960;0;1936;1.8271045677614193
2023-09-24;AO;Angola;2;105962;0;1936;1.8270700817274117
2023-10-01;AO;Angola;6;105968;0;1936;1.8269666314359052
2023-10-08;AO;Angola;4;105972;0;1936;1.8268976710829277
2023-10-15;AO;Angola;3;105975;0;1936;1.8268459542344893
2023-10-22;AO;Angola;1;105976;0;1936;1.8268287159356835
2023-10-29;AO;Angola;0;105976;0;1936;1.8268287159356835
2023-11-05;AO;Angola;2;105978;0;1936;1.8267942403140274
2023-11-12;AO;Angola;9;105987;0;1936;1.8266391161180144
2023-11-19;AO;Angola;15;106002;0;1936;1.8263806343276543
2023-11-26;AO;Angola;122;106124;0;1936;1.824281029738796
2023-12-03;AO;Angola;92;106216;1;1937;1.823642389093922
2023-12-10;AO;Angola;87;106303;0;1937;1.822149892289023
2023-12-17;AO;Angola;45;106348;0;1937;1.8213788693722495
2023-12-24;AO;Angola;372;106720;0;1937;1.8150299850074965
2023-12-31;AO;Angola;208;106928;0;1937;1.8114993266497081
2024-01-07;AO;Angola;205;107133;0;1937;1.8080330057031913
2024-01-14;AO;Angola;100;107233;0;1937;1.8063469267855976
2024-01-21;AO;Angola;38;107271;0;1937;1.8057070410455762
2020-01-05;AI;Anguilla;0;0;0;0;0.0
2020-01-12;AI;Anguilla;0;0;0;0;0.0
2020-01-19;AI;Anguilla;0;0;0;0;0.0
2020-01-26;AI;Anguilla;0;0;0;0;0.0
2020-02-02;AI;Anguilla;0;0;0;0;0.0
2020-02-09;AI;Anguilla;0;0;0;0;0.0
2020-02-16;AI;Anguilla;0;0;0;0;0.0
2020-02-23;AI;Anguilla;0;0;0;0;0.0
2020-03-01;AI;Anguilla;0;0;0;0;0.0
2020-03-08;AI;Anguilla;0;0;0;0;0.0
2020-03-15;AI;Anguilla;0;0;0;0;0.0
2020-03-22;AI;Anguilla;0;0;0;0;0.0
2020-03-29;AI;Anguilla;2;2;0;0;0.0
2020-04-05;AI;Anguilla;1;3;0;0;0.0
2020-04-12;AI;Anguilla;0;3;0;0;0.0
2020-04-19;AI;Anguilla;0;3;0;0;0.0
2020-04-26;AI;Anguilla;0;3;0;0;0.0
2020-05-03;AI;Anguilla;0;3;0;0;0.0
2020-05-10;AI;Anguilla;0;3;0;0;0.0
2020-05-17;AI;Anguilla;0;3;0;0;0.0
2020-05-24;AI;Anguilla;0;3;0;0;0.0
2020-05-31;AI;Anguilla;0;3;0;0;0.0
2020-06-07;AI;Anguilla;0;3;0;0;0.0
2020-06-14;AI;Anguilla;0;3;0;0;0.0
2020-06-21;AI;Anguilla;0;3;0;0;0.0
2020-06-28;AI;Anguilla;0;3;0;0;0.0
2020-07-05;AI;Anguilla;0;3;0;0;0.0
2020-07-12;AI;Anguilla;0;3;0;0;0.0
2020-07-19;AI;Anguilla;0;3;0;0;0.0
2020-07-26;AI;Anguilla;0;3;0;0;0.0
2020-08-02;AI;Anguilla;0;3;0;0;0.0
2020-08-09;AI;Anguilla;0;3;0;0;0.0
2020-08-16;AI;Anguilla;0;3;0;0;0.0
2020-08-23;AI;Anguilla;0;3;0;0;0.0
2020-08-30;AI;Anguilla;0;3;0;0;0.0
2020-09-06;AI;Anguilla;0;3;0;0;0.0
2020-09-13;AI;Anguilla;0;3;0;0;0.0
2020-09-20;AI;Anguilla;0;3;0;0;0.0
2020-09-27;AI;Anguilla;0;3;0;0;0.0
2020-10-04;AI;Anguilla;0;3;0;0;0.0
2020-10-11;AI;Anguilla;0;3;0;0;0.0
2020-10-18;AI;Anguilla;0;3;0;0;0.0
2020-10-25;AI;Anguilla;0;3;0;0;0.0
2020-11-01;AI;Anguilla;0;3;0;0;0.0
2020-11-08;AI;Anguilla;0;3;0;0;0.0
2020-11-15;AI;Anguilla;0;3;0;0;0.0
2020-11-22;AI;Anguilla;0;3;0;0;0.0
2020-11-29;AI;Anguilla;1;4;0;0;0.0
2020-12-06;AI;Anguilla;3;7;0;0;0.0
2020-12-13;AI;Anguilla;3;10;0;0;0.0
2020-12-20;AI;Anguilla;0;10;0;0;0.0
2020-12-27;AI;Anguilla;2;12;0;0;0.0
2021-01-03;AI;Anguilla;3;15;0;0;0.0
2021-01-10;AI;Anguilla;0;15;0;0;0.0
2021-01-17;AI;Anguilla;0;15;0;0;0.0
2021-01-24;AI;Anguilla;0;15;0;0;0.0
2021-01-31;AI;Anguilla;2;17;0;0;0.0
2021-02-07;AI;Anguilla;0;17;0;0;0.0
2021-02-14;AI;Anguilla;1;18;0;0;0.0
2021-02-21;AI;Anguilla;0;18;0;0;0.0
2021-02-28;AI;Anguilla;0;18;0;0;0.0
2021-03-07;AI;Anguilla;0;18;0;0;0.0
2021-03-14;AI;Anguilla;3;21;0;0;0.0
2021-03-21;AI;Anguilla;1;22;0;0;0.0
2021-03-28;AI;Anguilla;1;23;0;0;0.0
2021-04-04;AI;Anguilla;2;25;0;0;0.0
2021-04-11;AI;Anguilla;4;29;0;0;0.0
2021-04-18;AI;Anguilla;0;29;0;0;0.0
2021-04-25;AI;Anguilla;29;58;0;0;0.0
2021-05-02;AI;Anguilla;35;93;0;0;0.0
2021-05-09;AI;Anguilla;6;99;0;0;0.0
2021-05-16;AI;Anguilla;10;109;0;0;0.0
2021-05-23;AI;Anguilla;0;109;0;0;0.0
2021-05-30;AI;Anguilla;0;109;0;0;0.0
2021-06-06;AI;Anguilla;0;109;0;0;0.0
2021-06-13;AI;Anguilla;0;109;0;0;0.0
2021-06-20;AI;Anguilla;0;109;0;0;0.0
2021-06-27;AI;Anguilla;0;109;0;0;0.0
2021-07-04;AI;Anguilla;2;111;0;0;0.0
2021-07-11;AI;Anguilla;0;111;0;0;0.0
2021-07-18;AI;Anguilla;1;112;0;0;0.0
2021-07-25;AI;Anguilla;1;113;0;0;0.0
2021-08-01;AI;Anguilla;1;114;0;0;0.0
2021-08-08;AI;Anguilla;0;114;0;0;0.0
2021-08-15;AI;Anguilla;13;127;0;0;0.0
2021-08-22;AI;Anguilla;27;154;0;0;0.0
2021-08-29;AI;Anguilla;40;194;0;0;0.0
2021-09-05;AI;Anguilla;85;279;0;0;0.0
2021-09-12;AI;Anguilla;33;312;0;0;0.0
2021-09-19;AI;Anguilla;19;331;0;0;0.0
2021-09-26;AI;Anguilla;33;364;1;1;0.27472527472527475
2021-10-03;AI;Anguilla;61;425;0;1;0.2352941176470588
2021-10-10;AI;Anguilla;119;544;0;1;0.1838235294117647
2021-10-17;AI;Anguilla;124;668;0;1;0.14970059880239522
2021-10-24;AI;Anguilla;125;793;0;1;0.12610340479192939
2021-10-31;AI;Anguilla;99;892;0;1;0.11210762331838565
2021-11-07;AI;Anguilla;147;1039;0;1;0.0962463907603465
2021-11-14;AI;Anguilla;70;1109;2;3;0.2705139765554554
2021-11-21;AI;Anguilla;159;1268;0;3;0.23659305993690852
2021-11-28;AI;Anguilla;66;1334;0;3;0.22488755622188905
2021-12-05;AI;Anguilla;80;1414;0;3;0.21216407355021216
2021-12-12;AI;Anguilla;109;1523;1;4;0.2626395272488509
2021-12-19;AI;Anguilla;69;1592;0;4;0.25125628140703515
2021-12-26;AI;Anguilla;54;1646;1;5;0.3037667071688943
2022-01-02;AI;Anguilla;28;1674;0;5;0.2986857825567503
2022-01-09;AI;Anguilla;103;1777;1;6;0.3376477208778841
2022-01-16;AI;Anguilla;263;2040;0;6;0.29411764705882354
2022-01-23;AI;Anguilla;147;2187;1;7;0.3200731595793324
2022-01-30;AI;Anguilla;137;2324;1;8;0.34423407917383825
2022-02-06;AI;Anguilla;60;2384;0;8;0.33557046979865773
2022-02-13;AI;Anguilla;74;2458;1;9;0.3661513425549227
2022-02-20;AI;Anguilla;48;2506;0;9;0.3591380686352753
2022-02-27;AI;Anguilla;22;2528;0;9;0.3560126582278481
2022-03-06;AI;Anguilla;27;2555;0;9;0.35225048923679064
2022-03-13;AI;Anguilla;19;2574;0;9;0.34965034965034963
2022-03-20;AI;Anguilla;20;2594;0;9;0.3469545104086353
2022-03-27;AI;Anguilla;39;2633;0;9;0.34181541967337636
2022-04-03;AI;Anguilla;67;2700;0;9;0.33333333333333337
2022-04-10;AI;Anguilla;17;2717;0;9;0.3312476996687523
2022-04-17;AI;Anguilla;14;2731;0;9;0.3295496155254486
2022-04-24;AI;Anguilla;0;2731;0;9;0.3295496155254486
2022-05-01;AI;Anguilla;57;2788;0;9;0.32281205164992827
2022-05-08;AI;Anguilla;0;2788;0;9;0.32281205164992827
2022-05-15;AI;Anguilla;196;2984;0;9;0.30160857908847183
2022-05-22;AI;Anguilla;132;3116;0;9;0.28883183568677795
2022-05-29;AI;Anguilla;87;3203;0;9;0.280986575085857
2022-06-05;AI;Anguilla;91;3294;0;9;0.273224043715847
2022-06-12;AI;Anguilla;48;3342;0;9;0.26929982046678635
2022-06-19;AI;Anguilla;32;3374;0;9;0.26674570243034973
2022-06-26;AI;Anguilla;37;3411;0;9;0.2638522427440633
2022-07-03;AI;Anguilla;45;3456;0;9;0.26041666666666663
2022-07-10;AI;Anguilla;20;3476;0;9;0.2589182968929804
2022-07-17;AI;Anguilla;20;3496;0;9;0.2574370709382151
2022-07-24;AI;Anguilla;39;3535;0;9;0.2545968882602546
2022-07-31;AI;Anguilla;45;3580;1;10;0.27932960893854747
2022-08-07;AI;Anguilla;40;3620;0;10;0.2762430939226519
2022-08-14;AI;Anguilla;0;3620;0;10;0.2762430939226519
2022-08-21;AI;Anguilla;126;3746;0;10;0.2669514148424987
2022-08-28;AI;Anguilla;59;3805;0;10;0.2628120893561104
2022-09-04;AI;Anguilla;32;3837;1;11;0.2866823038832421
2022-09-11;AI;Anguilla;14;3851;1;12;0.3116073747078681
2022-09-18;AI;Anguilla;5;3856;0;12;0.3112033195020747
2022-09-25;AI;Anguilla;2;3858;0;12;0.3110419906687403
2022-10-02;AI;Anguilla;7;3865;0;12;0.31047865459249674
2022-10-09;AI;Anguilla;1;3866;0;12;0.3103983445421624
2022-10-16;AI;Anguilla;0;3866;0;12;0.3103983445421624
2022-10-23;AI;Anguilla;0;3866;0;12;0.3103983445421624
2022-10-30;AI;Anguilla;0;3866;0;12;0.3103983445421624
2022-11-06;AI;Anguilla;0;3866;0;12;0.3103983445421624
2022-11-13;AI;Anguilla;0;3866;0;12;0.3103983445421624
2022-11-20;AI;Anguilla;0;3866;0;12;0.3103983445421624
2022-11-27;AI;Anguilla;0;3866;0;12;0.3103983445421624
2022-12-04;AI;Anguilla;38;3904;0;12;0.3073770491803279
2022-12-11;AI;Anguilla;0;3904;0;12;0.3073770491803279
2022-12-18;AI;Anguilla;0;3904;0;12;0.3073770491803279
2022-12-25;AI;Anguilla;0;3904;0;12;0.3073770491803279
2023-01-01;AI;Anguilla;0;3904;0;12;0.3073770491803279
2023-01-08;AI;Anguilla;0;3904;0;12;0.3073770491803279
2023-01-15;AI;Anguilla;0;3904;0;12;0.3073770491803279
2023-01-22;AI;Anguilla;0;3904;0;12;0.3073770491803279
2023-01-29;AI;Anguilla;0;3904;0;12;0.3073770491803279
2023-02-05;AI;Anguilla;0;3904;0;12;0.3073770491803279
2023-02-12;AI;Anguilla;0;3904;0;12;0.3073770491803279
2023-02-19;AI;Anguilla;0;3904;0;12;0.3073770491803279
2023-02-26;AI;Anguilla;0;3904;0;12;0.3073770491803279
2023-03-05;AI;Anguilla;0;3904;0;12;0.3073770491803279
2023-03-12;AI;Anguilla;0;3904;0;12;0.3073770491803279
2023-03-19;AI;Anguilla;0;3904;0;12;0.3073770491803279
2023-03-26;AI;Anguilla;0;3904;0;12;0.3073770491803279
2023-04-02;AI;Anguilla;0;3904;0;12;0.3073770491803279
2023-04-09;AI;Anguilla;0;3904;0;12;0.3073770491803279
2023-04-16;AI;Anguilla;0;3904;0;12;0.3073770491803279
2023-04-23;AI;Anguilla;0;3904;0;12;0.3073770491803279
2023-04-30;AI;Anguilla;0;3904;0;12;0.3073770491803279
2023-05-07;AI;Anguilla;0;3904;0;12;0.3073770491803279
2023-05-14;AI;Anguilla;0;3904;0;12;0.3073770491803279
2023-05-21;AI;Anguilla;0;3904;0;12;0.3073770491803279
2023-05-28;AI;Anguilla;0;3904;0;12;0.3073770491803279
2023-06-04;AI;Anguilla;0;3904;0;12;0.3073770491803279
2023-06-11;AI;Anguilla;0;3904;0;12;0.3073770491803279
2023-06-18;AI;Anguilla;0;3904;0;12;0.3073770491803279
2023-06-25;AI;Anguilla;0;3904;0;12;0.3073770491803279
2023-07-02;AI;Anguilla;0;3904;0;12;0.3073770491803279
2023-07-09;AI;Anguilla;0;3904;0;12;0.3073770491803279
2023-07-16;AI;Anguilla;0;3904;0;12;0.3073770491803279
2023-07-23;AI;Anguilla;0;3904;0;12;0.3073770491803279
2023-07-30;AI;Anguilla;0;3904;0;12;0.3073770491803279
2023-08-06;AI;Anguilla;0;3904;0;12;0.3073770491803279
2023-08-13;AI;Anguilla;0;3904;0;12;0.3073770491803279
2023-08-20;AI;Anguilla;0;3904;0;12;0.3073770491803279
2023-08-27;AI;Anguilla;0;3904;0;12;0.3073770491803279
2023-09-03;AI;Anguilla;0;3904;0;12;0.3073770491803279
2023-09-10;AI;Anguilla;0;3904;0;12;0.3073770491803279
2023-09-17;AI;Anguilla;0;3904;0;12;0.3073770491803279
2023-09-24;AI;Anguilla;0;3904;0;12;0.3073770491803279
2023-10-01;AI;Anguilla;0;3904;0;12;0.3073770491803279
2023-10-08;AI;Anguilla;0;3904;0;12;0.3073770491803279
2023-10-15;AI;Anguilla;0;3904;0;12;0.3073770491803279
2023-10-22;AI;Anguilla;0;3904;0;12;0.3073770491803279
2023-10-29;AI;Anguilla;0;3904;0;12;0.3073770491803279
2023-11-05;AI;Anguilla;0;3904;0;12;0.3073770491803279
2023-11-12;AI;Anguilla;0;3904;0;12;0.3073770491803279
2023-11-19;AI;Anguilla;0;3904;0;12;0.3073770491803279
2023-11-26;AI;Anguilla;0;3904;0;12;0.3073770491803279
2023-12-03;AI;Anguilla;0;3904;0;12;0.3073770491803279
2023-12-10;AI;Anguilla;0;3904;0;12;0.3073770491803279
2023-12-17;AI;Anguilla;0;3904;0;12;0.3073770491803279
2023-12-24;AI;Anguilla;0;3904;0;12;0.3073770491803279
2023-12-31;AI;Anguilla;0;3904;0;12;0.3073770491803279
2024-01-07;AI;Anguilla;0;3904;0;12;0.3073770491803279
2024-01-14;AI;Anguilla;0;3904;0;12;0.3073770491803279
2024-01-21;AI;Anguilla;0;3904;0;12;0.3073770491803279
2020-01-05;AG;Antigua and Barbuda;0;0;0;0;0.0
2020-01-12;AG;Antigua and Barbuda;0;0;0;0;0.0
2020-01-19;AG;Antigua and Barbuda;0;0;0;0;0.0
2020-01-26;AG;Antigua and Barbuda;0;0;0;0;0.0
2020-02-02;AG;Antigua and Barbuda;0;0;0;0;0.0
2020-02-09;AG;Antigua and Barbuda;0;0;0;0;0.0
2020-02-16;AG;Antigua and Barbuda;0;0;0;0;0.0
2020-02-23;AG;Antigua and Barbuda;0;0;0;0;0.0
2020-03-01;AG;Antigua and Barbuda;0;0;0;0;0.0
2020-03-08;AG;Antigua and Barbuda;0;0;0;0;0.0
2020-03-15;AG;Antigua and Barbuda;1;1;0;0;0.0
2020-03-22;AG;Antigua and Barbuda;0;1;0;0;0.0
2020-03-29;AG;Antigua and Barbuda;6;7;0;0;0.0
2020-04-05;AG;Antigua and Barbuda;0;7;0;0;0.0
2020-04-12;AG;Antigua and Barbuda;14;21;2;2;9.523809523809524
2020-04-19;AG;Antigua and Barbuda;2;23;0;2;8.695652173913043
2020-05-10;AG;Antigua and Barbuda;1;25;0;3;12.0
2020-05-17;AG;Antigua and Barbuda;0;25;0;3;12.0
2020-05-24;AG;Antigua and Barbuda;0;25;0;3;12.0
2020-05-31;AG;Antigua and Barbuda;0;25;0;3;12.0
2020-06-07;AG;Antigua and Barbuda;0;25;0;3;12.0
2020-06-14;AG;Antigua and Barbuda;1;26;0;3;11.538461538461538
2020-06-21;AG;Antigua and Barbuda;0;26;0;3;11.538461538461538
2020-06-28;AG;Antigua and Barbuda;39;65;0;3;4.615384615384616
2020-07-05;AG;Antigua and Barbuda;3;68;0;3;4.411764705882353
2020-07-12;AG;Antigua and Barbuda;6;74;0;3;4.054054054054054
2020-07-19;AG;Antigua and Barbuda;2;76;0;3;3.9473684210526314
2020-07-26;AG;Antigua and Barbuda;6;82;0;3;3.6585365853658534
2020-08-02;AG;Antigua and Barbuda;9;91;0;3;3.296703296703297
2020-08-09;AG;Antigua and Barbuda;1;92;0;3;3.260869565217391
2020-08-16;AG;Antigua and Barbuda;1;93;0;3;3.225806451612903
2020-08-23;AG;Antigua and Barbuda;1;94;0;3;3.1914893617021276
2020-08-30;AG;Antigua and Barbuda;0;94;0;3;3.1914893617021276
2020-09-06;AG;Antigua and Barbuda;1;95;0;3;3.1578947368421053
2020-09-13;AG;Antigua and Barbuda;0;95;0;3;3.1578947368421053
2020-09-20;AG;Antigua and Barbuda;0;95;0;3;3.1578947368421053
2020-09-27;AG;Antigua and Barbuda;3;98;0;3;3.061224489795918
2020-10-04;AG;Antigua and Barbuda;8;106;0;3;2.8301886792452833
2020-10-11;AG;Antigua and Barbuda;5;111;0;3;2.7027027027027026
2020-10-18;AG;Antigua and Barbuda;2;113;0;3;2.6548672566371683
2020-10-25;AG;Antigua and Barbuda;9;122;0;3;2.459016393442623
2020-11-01;AG;Antigua and Barbuda;5;127;0;3;2.3622047244094486
2020-11-08;AG;Antigua and Barbuda;3;130;0;3;2.307692307692308
2020-11-15;AG;Antigua and Barbuda;3;133;1;4;3.007518796992481
2020-11-22;AG;Antigua and Barbuda;6;139;0;4;2.877697841726619
2020-11-29;AG;Antigua and Barbuda;2;141;0;4;2.8368794326241136
2020-12-06;AG;Antigua and Barbuda;3;144;0;4;2.7777777777777777
2020-12-13;AG;Antigua and Barbuda;3;147;0;4;2.7210884353741496
2020-12-20;AG;Antigua and Barbuda;5;152;1;5;3.289473684210526
2020-12-27;AG;Antigua and Barbuda;3;155;0;5;3.225806451612903
2021-01-03;AG;Antigua and Barbuda;4;159;0;5;3.1446540880503147
2021-01-10;AG;Antigua and Barbuda;10;169;0;5;2.9585798816568047
2021-01-17;AG;Antigua and Barbuda;18;187;1;6;3.2085561497326207
2021-01-24;AG;Antigua and Barbuda;8;195;0;6;3.076923076923077
2021-01-31;AG;Antigua and Barbuda;23;218;1;7;3.211009174311927
2021-02-07;AG;Antigua and Barbuda;59;277;0;7;2.527075812274368
2021-02-14;AG;Antigua and Barbuda;150;427;2;9;2.107728337236534
2021-02-21;AG;Antigua and Barbuda;171;598;2;11;1.839464882943144
2021-02-28;AG;Antigua and Barbuda;128;726;3;14;1.9283746556473829
2021-03-07;AG;Antigua and Barbuda;87;813;7;21;2.5830258302583027
2021-03-14;AG;Antigua and Barbuda;149;962;6;27;2.806652806652807
2021-03-21;AG;Antigua and Barbuda;71;1033;1;28;2.7105517909002903
2021-03-28;AG;Antigua and Barbuda;89;1122;0;28;2.4955436720142603
2021-04-04;AG;Antigua and Barbuda;48;1170;0;28;2.3931623931623935
2021-04-11;AG;Antigua and Barbuda;12;1182;2;30;2.5380710659898478
2021-04-18;AG;Antigua and Barbuda;31;1213;1;31;2.555647155812036
2021-04-25;AG;Antigua and Barbuda;14;1227;0;31;2.526487367563162
2021-05-02;AG;Antigua and Barbuda;2;1229;1;32;2.6037428803905613
2021-05-09;AG;Antigua and Barbuda;8;1237;0;32;2.5869037995149555
2021-05-16;AG;Antigua and Barbuda;14;1251;10;42;3.357314148681055
2021-05-23;AG;Antigua and Barbuda;4;1255;0;42;3.346613545816733
2021-05-30;AG;Antigua and Barbuda;4;1259;0;42;3.3359809372517866
2021-06-06;AG;Antigua and Barbuda;4;1263;0;42;3.32541567695962
2021-06-13;AG;Antigua and Barbuda;0;1263;0;42;3.32541567695962
2021-06-20;AG;Antigua and Barbuda;0;1263;0;42;3.32541567695962
2021-06-27;AG;Antigua and Barbuda;0;1263;0;42;3.32541567695962
2021-07-04;AG;Antigua and Barbuda;1;1264;0;42;3.322784810126582
2021-07-11;AG;Antigua and Barbuda;2;1266;0;42;3.3175355450236967
2021-07-18;AG;Antigua and Barbuda;2;1268;0;42;3.3123028391167195
2021-07-25;AG;Antigua and Barbuda;12;1280;1;43;3.359375
2021-08-01;AG;Antigua and Barbuda;23;1303;0;43;3.300076745970836
2021-08-08;AG;Antigua and Barbuda;25;1328;0;43;3.2379518072289155
2021-08-15;AG;Antigua and Barbuda;44;1372;0;43;3.1341107871720117
2021-08-22;AG;Antigua and Barbuda;118;1490;0;43;2.8859060402684564
2021-08-29;AG;Antigua and Barbuda;148;1638;0;43;2.625152625152625
2021-09-05;AG;Antigua and Barbuda;121;1759;3;46;2.6151222285389424
2021-09-12;AG;Antigua and Barbuda;394;2153;2;48;2.2294472828611243
2021-09-19;AG;Antigua and Barbuda;450;2603;7;55;2.1129466000768344
2021-09-26;AG;Antigua and Barbuda;299;2902;9;64;2.205375603032391
2021-10-03;AG;Antigua and Barbuda;501;3403;20;84;2.4684102262709375
2021-10-10;AG;Antigua and Barbuda;335;3738;7;91;2.4344569288389515
2021-10-17;AG;Antigua and Barbuda;150;3888;4;95;2.4434156378600824
2021-10-24;AG;Antigua and Barbuda;122;4010;4;99;2.4688279301745637
2021-10-31;AG;Antigua and Barbuda;30;4040;3;102;2.5247524752475248
2021-11-07;AG;Antigua and Barbuda;38;4078;2;104;2.550269740068661
2021-11-14;AG;Antigua and Barbuda;40;4118;3;107;2.59834871296746
2021-11-21;AG;Antigua and Barbuda;15;4133;1;108;2.6131139608032905
2021-11-28;AG;Antigua and Barbuda;8;4141;9;117;2.8254044916686794
2021-12-05;AG;Antigua and Barbuda;6;4147;0;117;2.8213166144200628
2021-12-12;AG;Antigua and Barbuda;12;4159;0;117;2.8131762442894925
2021-12-19;AG;Antigua and Barbuda;39;4198;0;117;2.7870414483087185
2021-12-26;AG;Antigua and Barbuda;31;4229;1;118;2.790257744147553
2022-01-02;AG;Antigua and Barbuda;182;4411;1;119;2.697800952165042
2022-01-09;AG;Antigua and Barbuda;433;4844;0;119;2.4566473988439306
2022-01-16;AG;Antigua and Barbuda;477;5321;1;120;2.25521518511558
2022-01-23;AG;Antigua and Barbuda;610;5931;2;122;2.0569887034226944
2022-01-30;AG;Antigua and Barbuda;627;6558;5;127;1.9365660262275084
2022-02-06;AG;Antigua and Barbuda;174;6732;0;127;1.8865121806298277
2022-02-13;AG;Antigua and Barbuda;599;7331;7;134;1.827854317282772
2022-02-20;AG;Antigua and Barbuda;77;7408;1;135;1.8223542116630669
2022-02-27;AG;Antigua and Barbuda;29;7437;0;135;1.8152480839048004
2022-03-06;AG;Antigua and Barbuda;18;7455;0;135;1.8108651911468814
2022-03-13;AG;Antigua and Barbuda;11;7466;0;135;1.8081971604607554
2022-03-20;AG;Antigua and Barbuda;4;7470;0;135;1.8072289156626504
2022-03-27;AG;Antigua and Barbuda;12;7482;0;135;1.8043303929430634
2022-04-03;AG;Antigua and Barbuda;11;7493;0;135;1.8016815694648338
2022-04-10;AG;Antigua and Barbuda;18;7511;0;135;1.7973638663293836
2022-04-17;AG;Antigua and Barbuda;24;7535;0;135;1.7916390179163904
2022-04-24;AG;Antigua and Barbuda;36;7571;0;135;1.783119799233919
2022-05-01;AG;Antigua and Barbuda;55;7626;1;136;1.7833726724364019
2022-05-08;AG;Antigua and Barbuda;37;7663;1;137;1.7878115620514157
2022-05-15;AG;Antigua and Barbuda;58;7721;0;137;1.7743815567931613
2022-05-22;AG;Antigua and Barbuda;221;7942;1;138;1.7375975824729286
2022-05-29;AG;Antigua and Barbuda;177;8119;0;138;1.69971671388102
2022-06-05;AG;Antigua and Barbuda;213;8332;0;138;1.6562650024003842
2022-06-12;AG;Antigua and Barbuda;160;8492;2;140;1.6486104569006126
2022-06-19;AG;Antigua and Barbuda;89;8581;0;140;1.6315114788486191
2022-06-26;AG;Antigua and Barbuda;44;8625;1;141;1.634782608695652
2022-07-03;AG;Antigua and Barbuda;31;8656;0;141;1.628927911275416
2022-07-10;AG;Antigua and Barbuda;30;8686;2;143;1.6463274234400183
2022-07-17;AG;Antigua and Barbuda;18;8704;0;143;1.6429227941176472
2022-07-24;AG;Antigua and Barbuda;32;8736;1;144;1.6483516483516485
2022-07-31;AG;Antigua and Barbuda;37;8773;0;144;1.6413997492305938
2022-08-07;AG;Antigua and Barbuda;14;8787;0;144;1.6387845681119835
2022-08-14;AG;Antigua and Barbuda;33;8820;0;144;1.6326530612244898
2022-08-21;AG;Antigua and Barbuda;75;8895;0;144;1.6188870151770656
2022-08-28;AG;Antigua and Barbuda;54;8949;1;145;1.6202927701419154
2022-09-04;AG;Antigua and Barbuda;25;8974;0;145;1.6157789168709604
2022-09-11;AG;Antigua and Barbuda;0;8974;0;145;1.6157789168709604
2022-09-18;AG;Antigua and Barbuda;34;9008;0;145;1.6096802841918296
2022-09-25;AG;Antigua and Barbuda;81;9089;1;146;1.6063373308394764
2022-10-02;AG;Antigua and Barbuda;9;9098;0;146;1.6047482963288635
2022-10-09;AG;Antigua and Barbuda;8;9106;0;146;1.6033384581594552
2022-10-16;AG;Antigua and Barbuda;0;9106;0;146;1.6033384581594552
2022-10-23;AG;Antigua and Barbuda;0;9106;0;146;1.6033384581594552
2022-10-30;AG;Antigua and Barbuda;0;9106;0;146;1.6033384581594552
2022-11-06;AG;Antigua and Barbuda;0;9106;0;146;1.6033384581594552
2022-11-13;AG;Antigua and Barbuda;0;9106;0;146;1.6033384581594552
2022-11-20;AG;Antigua and Barbuda;0;9106;0;146;1.6033384581594552
2022-11-27;AG;Antigua and Barbuda;0;9106;0;146;1.6033384581594552
2022-12-04;AG;Antigua and Barbuda;0;9106;0;146;1.6033384581594552
2022-12-11;AG;Antigua and Barbuda;0;9106;0;146;1.6033384581594552
2022-12-18;AG;Antigua and Barbuda;0;9106;0;146;1.6033384581594552
2022-12-25;AG;Antigua and Barbuda;0;9106;0;146;1.6033384581594552
2023-01-01;AG;Antigua and Barbuda;0;9106;0;146;1.6033384581594552
2023-01-08;AG;Antigua and Barbuda;0;9106;0;146;1.6033384581594552
2023-01-15;AG;Antigua and Barbuda;0;9106;0;146;1.6033384581594552
2023-01-22;AG;Antigua and Barbuda;0;9106;0;146;1.6033384581594552
2023-01-29;AG;Antigua and Barbuda;0;9106;0;146;1.6033384581594552
2023-02-05;AG;Antigua and Barbuda;0;9106;0;146;1.6033384581594552
2023-02-12;AG;Antigua and Barbuda;0;9106;0;146;1.6033384581594552
2023-02-19;AG;Antigua and Barbuda;0;9106;0;146;1.6033384581594552
2023-02-26;AG;Antigua and Barbuda;0;9106;0;146;1.6033384581594552
2023-03-05;AG;Antigua and Barbuda;0;9106;0;146;1.6033384581594552
2023-03-12;AG;Antigua and Barbuda;0;9106;0;146;1.6033384581594552
2023-03-19;AG;Antigua and Barbuda;0;9106;0;146;1.6033384581594552
2023-03-26;AG;Antigua and Barbuda;0;9106;0;146;1.6033384581594552
2023-04-02;AG;Antigua and Barbuda;0;9106;0;146;1.6033384581594552
2023-04-09;AG;Antigua and Barbuda;0;9106;0;146;1.6033384581594552
2023-04-16;AG;Antigua and Barbuda;0;9106;0;146;1.6033384581594552
2023-04-23;AG;Antigua and Barbuda;0;9106;0;146;1.6033384581594552
2023-04-30;AG;Antigua and Barbuda;0;9106;0;146;1.6033384581594552
2023-05-07;AG;Antigua and Barbuda;0;9106;0;146;1.6033384581594552
2023-05-14;AG;Antigua and Barbuda;0;9106;0;146;1.6033384581594552
2023-05-21;AG;Antigua and Barbuda;0;9106;0;146;1.6033384581594552
2023-05-28;AG;Antigua and Barbuda;0;9106;0;146;1.6033384581594552
2023-06-04;AG;Antigua and Barbuda;0;9106;0;146;1.6033384581594552
2023-06-11;AG;Antigua and Barbuda;0;9106;0;146;1.6033384581594552
2023-06-18;AG;Antigua and Barbuda;0;9106;0;146;1.6033384581594552
2023-06-25;AG;Antigua and Barbuda;0;9106;0;146;1.6033384581594552
2023-07-02;AG;Antigua and Barbuda;0;9106;0;146;1.6033384581594552
2023-07-09;AG;Antigua and Barbuda;0;9106;0;146;1.6033384581594552
2023-07-16;AG;Antigua and Barbuda;0;9106;0;146;1.6033384581594552
2023-07-23;AG;Antigua and Barbuda;0;9106;0;146;1.6033384581594552
2023-07-30;AG;Antigua and Barbuda;0;9106;0;146;1.6033384581594552
2023-08-06;AG;Antigua and Barbuda;0;9106;0;146;1.6033384581594552
2023-08-13;AG;Antigua and Barbuda;0;9106;0;146;1.6033384581594552
2023-08-20;AG;Antigua and Barbuda;0;9106;0;146;1.6033384581594552
2023-08-27;AG;Antigua and Barbuda;0;9106;0;146;1.6033384581594552
2023-09-03;AG;Antigua and Barbuda;0;9106;0;146;1.6033384581594552
2023-09-10;AG;Antigua and Barbuda;0;9106;0;146;1.6033384581594552
2023-09-17;AG;Antigua and Barbuda;0;9106;0;146;1.6033384581594552
2023-09-24;AG;Antigua and Barbuda;0;9106;0;146;1.6033384581594552
2023-10-01;AG;Antigua and Barbuda;0;9106;0;146;1.6033384581594552
2023-10-08;AG;Antigua and Barbuda;0;9106;0;146;1.6033384581594552
2023-10-15;AG;Antigua and Barbuda;0;9106;0;146;1.6033384581594552
2023-10-22;AG;Antigua and Barbuda;0;9106;0;146;1.6033384581594552
2023-10-29;AG;Antigua and Barbuda;0;9106;0;146;1.6033384581594552
2023-11-05;AG;Antigua and Barbuda;0;9106;0;146;1.6033384581594552
2023-11-12;AG;Antigua and Barbuda;0;9106;0;146;1.6033384581594552
2023-11-19;AG;Antigua and Barbuda;0;9106;0;146;1.6033384581594552
2023-11-26;AG;Antigua and Barbuda;0;9106;0;146;1.6033384581594552
2023-12-03;AG;Antigua and Barbuda;0;9106;0;146;1.6033384581594552
2023-12-10;AG;Antigua and Barbuda;0;9106;0;146;1.6033384581594552
2023-12-17;AG;Antigua and Barbuda;0;9106;0;146;1.6033384581594552
2023-12-24;AG;Antigua and Barbuda;0;9106;0;146;1.6033384581594552
2023-12-31;AG;Antigua and Barbuda;0;9106;0;146;1.6033384581594552
2024-01-07;AG;Antigua and Barbuda;0;9106;0;146;1.6033384581594552
2024-01-14;AG;Antigua and Barbuda;0;9106;0;146;1.6033384581594552
2024-01-21;AG;Antigua and Barbuda;0;9106;0;146;1.6033384581594552
2020-01-05;AR;Argentina;0;0;0;0;0.0
2020-01-12;AR;Argentina;0;0;0;0;0.0
2020-01-19;AR;Argentina;0;0;0;0;0.0
2020-01-26;AR;Argentina;0;0;0;0;0.0
2020-02-02;AR;Argentina;0;0;0;0;0.0
2020-02-09;AR;Argentina;0;0;0;0;0.0
2020-02-16;AR;Argentina;0;0;0;0;0.0
2020-02-23;AR;Argentina;0;0;0;0;0.0
2020-03-01;AR;Argentina;0;0;0;0;0.0
2020-03-08;AR;Argentina;22;22;1;1;4.545454545454546
2020-03-15;AR;Argentina;109;131;8;9;6.870229007633588
2020-03-22;AR;Argentina;405;536;11;20;3.731343283582089
2020-03-29;AR;Argentina;746;1282;50;70;5.46021840873635
2020-04-05;AR;Argentina;791;2073;61;131;6.319343945972021
2020-04-12;AR;Argentina;917;2990;74;205;6.856187290969899
2020-04-19;AR;Argentina;1076;4066;74;279;6.861780619773733
2020-04-26;AR;Argentina;1398;5464;132;411;7.521961932650073
2020-05-03;AR;Argentina;1289;6753;115;526;7.789130756700725
2020-05-10;AR;Argentina;1897;8650;120;646;7.46820809248555
2020-05-17;AR;Argentina;2910;11560;144;790;6.833910034602077
2020-05-24;AR;Argentina;5061;16621;219;1009;6.070633535888334
2020-05-31;AR;Argentina;5785;22406;297;1306;5.828795858252254
2020-06-07;AR;Argentina;7297;29703;358;1664;5.602127731205602
2020-06-14;AR;Argentina;10685;40388;458;2122;5.254035852233336
2020-06-21;AR;Argentina;14050;54438;602;2724;5.003857599470958
2020-06-28;AR;Argentina;19007;73445;776;3500;4.765470760432978
2020-07-05;AR;Argentina;20195;93640;903;4403;4.702050405809484
2020-07-12;AR;Argentina;24971;118611;1153;5556;4.684219844702431
2020-07-19;AR;Argentina;31572;150183;1374;6930;4.614370468029005
2020-07-26;AR;Argentina;39247;189430;1544;8474;4.473420260782348
2020-08-02;AR;Argentina;41965;231395;1456;9930;4.291363253311437
2020-08-09;AR;Argentina;51641;283036;1762;11692;4.130923274777767
2020-08-16;AR;Argentina;48677;331713;1662;13354;4.025769264394221
2020-08-23;AR;Argentina;51183;382896;1877;15231;3.9778425473235552
2020-08-30;AR;Argentina;68979;451875;2260;17491;3.8707607192254496
2020-09-06;AR;Argentina;72320;524195;2324;19815;3.7800818397733664
2020-09-13;AR;Argentina;78158;602353;2446;22261;3.6956734672193883
2020-09-20;AR;Argentina;75330;677683;2340;24601;3.630163365467335
2020-09-27;AR;Argentina;81712;759395;2456;27057;3.5629678889115675
2020-10-04;AR;Argentina;87054;846449;2523;29580;3.494599202078329
2020-10-11;AR;Argentina;96217;942666;2602;32182;3.413934521877314
2020-10-18;AR;Argentina;95982;1038648;2449;34631;3.334238356016668
2020-10-25;AR;Argentina;97588;1136236;2348;36979;3.2545175474109254
2020-11-01;AR;Argentina;81504;1217740;1854;38833;3.1889401678519222
2020-11-08;AR;Argentina;70725;1288465;1683;40516;3.14451692517841
2020-11-15;AR;Argentina;67129;1355594;1452;41968;3.0959121978999615
2020-11-22;AR;Argentina;57887;1413481;1170;43138;3.0518981153620035
2020-11-29;AR;Argentina;48034;1461515;943;44081;3.016116837665026
2020-12-06;AR;Argentina;42762;1504277;862;44943;2.987681125218294
2020-12-13;AR;Argentina;35314;1539591;795;45738;2.9707889952591304
2020-12-20;AR;Argentina;45454;1585045;910;46648;2.943007927219732
2020-12-27;AR;Argentina;44863;1629908;859;47507;2.914704388223139
2021-01-03;AR;Argentina;60464;1690372;1103;48610;2.875698366986675
2021-01-10;AR;Argentina;84733;1775105;1415;50025;2.818143152095228
2021-01-17;AR;Argentina;77946;1853051;1300;51325;2.7697564718941896
2021-01-24;AR;Argentina;79316;1932367;1260;52585;2.7212739608987317
2021-01-31;AR;Argentina;61185;1993552;1131;53716;2.69448702617238
2021-02-07;AR;Argentina;51269;2044821;948;54664;2.6732902293159158
2021-02-14;AR;Argentina;50744;2095565;935;55599;2.653174680814005
2021-02-21;AR;Argentina;42687;2138252;797;56396;2.6374814568161282
2021-02-28;AR;Argentina;44701;2182953;831;57227;2.6215406378424086
2021-03-07;AR;Argentina;43723;2226676;884;58111;2.60976450996912
2021-03-14;AR;Argentina;50279;2276955;977;59088;2.5950446978530537
2021-03-21;AR;Argentina;51631;2328586;994;60082;2.580192442967535
2021-03-28;AR;Argentina;71481;2400067;1259;61341;2.5558036504814243
2021-04-04;AR;Argentina;93977;2494044;1654;62995;2.5258175076301783
2021-04-11;AR;Argentina;153369;2647413;2619;65614;2.478419498582201
2021-04-18;AR;Argentina;164523;2811936;3293;68907;2.450518077225086
2021-04-25;AR;Argentina;165754;2977690;3470;72377;2.430642545060097
2021-05-02;AR;Argentina;141493;3119183;3115;75492;2.420249148575124
2021-05-09;AR;Argentina;144708;3263891;3189;78681;2.410650355664451
2021-05-16;AR;Argentina;165989;3429880;3641;82322;2.40014227903017
2021-05-23;AR;Argentina;234660;3664540;4516;86838;2.36968350734335
2021-05-30;AR;Argentina;208332;3872872;4339;91177;2.354247700414576
2021-06-06;AR;Argentina;195205;4068077;3978;95155;2.339065853473275
2021-06-13;AR;Argentina;162769;4230846;3317;98472;2.327477766857976
2021-06-20;AR;Argentina;137636;4368482;2694;101166;2.3158158829543076
2021-06-27;AR;Argentina;133147;4501629;2532;103698;2.3035661090685173
2021-07-04;AR;Argentina;125444;4627073;2169;105867;2.287990701681171
2021-07-11;AR;Argentina;108881;4735954;1889;107756;2.2752754777601303
2021-07-18;AR;Argentina;105110;4841064;1782;109538;2.2626844016108856
2021-07-25;AR;Argentina;88348;4929412;1367;110905;2.249862661104408
2021-08-01;AR;Argentina;87225;5016637;1205;112110;2.2347640461129634
2021-08-08;AR;Argentina;80437;5097074;1157;113267;2.222196499403383
2021-08-15;AR;Argentina;62306;5159380;893;114160;2.2126689641003376
2021-08-22;AR;Argentina;47254;5206634;684;114844;2.205724466133014
2021-08-29;AR;Argentina;38265;5244899;537;115381;2.1998707696754503
2021-09-05;AR;Argentina;28531;5273430;418;115799;2.1958952711992006
2021-09-12;AR;Argentina;19860;5293290;290;116089;2.1931350823400946
2021-09-19;AR;Argentina;14221;5307511;218;116307;2.1913661601454995
2021-09-26;AR;Argentina;10997;5318508;127;116434;2.189222992613718
2021-10-03;AR;Argentina;9250;5327758;87;116521;2.187055042665226
2021-10-10;AR;Argentina;6633;5334391;84;116605;2.1859102566722237
2021-10-17;AR;Argentina;7214;5341605;86;116691;2.184568121379248
2021-10-24;AR;Argentina;8597;5350202;70;116761;2.182366198509888
2021-10-31;AR;Argentina;9024;5359226;62;116823;2.1798483586995583
2021-11-07;AR;Argentina;8642;5367868;64;116887;2.177531191154477
2021-11-14;AR;Argentina;9415;5377283;82;116969;2.1752435198221853
2021-11-21;AR;Argentina;10247;5387530;99;117068;2.1729438165541537
2021-11-28;AR;Argentina;11855;5399385;114;117182;2.1702842082940927
2021-12-05;AR;Argentina;15763;5415148;117;117299;2.1661273154491805
2021-12-12;AR;Argentina;20177;5435325;135;117434;2.1605699751164833
2021-12-19;AR;Argentina;37801;5473126;163;117597;2.1486258492861303
2021-12-26;AR;Argentina;86790;5559916;233;117830;2.1192766221647954
2022-01-02;AR;Argentina;262012;5821928;421;118251;2.03113126785491
2022-01-09;AR;Argentina;647721;6469649;1003;119254;1.8432839246765937
2022-01-16;AR;Argentina;770687;7240336;1808;121062;1.6720494739470655
2022-01-23;AR;Argentina;727782;7968118;2464;123526;1.5502531463514972
2022-01-30;AR;Argentina;432304;8400422;1988;125514;1.4941392230057016
2022-02-06;AR;Argentina;226829;8627251;1212;126726;1.4689035939721702
2022-02-13;AR;Argentina;124665;8751916;628;127354;1.4551556482032049
2022-02-20;AR;Argentina;83236;8835152;454;127808;1.446585186083952
2022-02-27;AR;Argentina;64211;8899363;223;128031;1.438653530595392
2022-03-06;AR;Argentina;36613;8935976;113;128144;1.4340235470641371
2022-03-13;AR;Argentina;31940;8967916;71;128215;1.4297078607783569
2022-03-20;AR;Argentina;34029;9001945;51;128266;1.4248698475718304
2022-03-27;AR;Argentina;15927;9017872;33;128299;1.4227192401932518
2022-04-03;AR;Argentina;12994;9030866;31;128330;1.4210154375006783
2022-04-10;AR;Argentina;9837;9040703;11;128341;1.4195909322538303
2022-04-17;AR;Argentina;6695;9047398;3;128344;1.418573605361453
2022-04-24;AR;Argentina;24832;9072230;198;128542;1.4168732494656773
2022-05-01;AR;Argentina;11443;9083673;111;128653;1.416310340541761
2022-05-08;AR;Argentina;17646;9101319;76;128729;1.4143993854077634
2022-05-15;AR;Argentina;33989;9135308;47;128776;1.4096514315664015
2022-05-22;AR;Argentina;43487;9178795;49;128825;1.4035066694484406
2022-05-29;AR;Argentina;51778;9230573;64;128889;1.396327183588711
2022-06-05;AR;Argentina;46045;9276618;84;128973;1.3903019397802088
2022-06-12;AR;Argentina;36835;9313453;21;128994;1.385028732093242
2022-06-19;AR;Argentina;28039;9341492;22;129016;1.3811070008945037
2022-06-26;AR;Argentina;25680;9367172;54;129070;1.3778971924504002
2022-07-03;AR;Argentina;27154;9394326;39;129109;1.3743295687205235
2022-07-10;AR;Argentina;31845;9426171;36;129145;1.370068503955636
2022-07-17;AR;Argentina;39656;9465827;57;129202;1.3649309246830732
2022-07-24;AR;Argentina;41735;9507562;76;129278;1.3597387006258808
2022-07-31;AR;Argentina;52745;9560307;91;129369;1.3531887626621195
2022-08-07;AR;Argentina;42227;9602534;71;129440;1.3479775234328772
2022-08-14;AR;Argentina;31198;9633732;126;129566;1.344920120260767
2022-08-21;AR;Argentina;24659;9658391;80;129646;1.3423146774654287
2022-08-28;AR;Argentina;19834;9678225;65;129711;1.3402354254008355
2022-09-04;AR;Argentina;11636;9689861;58;129769;1.3392245771120967
2022-09-11;AR;Argentina;7902;9697763;61;129830;1.3387623516887348
2022-09-18;AR;Argentina;6175;9703938;25;129855;1.3381680715602262
2022-09-25;AR;Argentina;4482;9708420;42;129897;1.337982905560328
2022-10-02;AR;Argentina;2935;9711355;40;129937;1.3379904246111896
2022-10-09;AR;Argentina;2239;9713594;21;129958;1.3378982073988268
2022-10-16;AR;Argentina;1870;9715464;12;129970;1.3377642076590475
2022-10-23;AR;Argentina;2082;9717546;9;129979;1.337570205481919
2022-10-30;AR;Argentina;1329;9718875;12;129991;1.3375107715656391
2022-11-06;AR;Argentina;1357;9720232;12;130003;1.3374475012530564
2022-11-13;AR;Argentina;1486;9721718;8;130011;1.3373253575139703
2022-11-20;AR;Argentina;2206;9723924;6;130017;1.3370836711599146
2022-11-27;AR;Argentina;3323;9727247;8;130025;1.3367091428849294
2022-12-04;AR;Argentina;12609;9739856;9;130034;1.3350710729193531
2022-12-11;AR;Argentina;27119;9766975;7;130041;1.3314357823174523
2022-12-18;AR;Argentina;62261;9829236;39;130080;1.3233988887844386
2022-12-25;AR;Argentina;61903;9891139;44;130124;1.3155613322186657
2023-01-01;AR;Argentina;72558;9963697;47;130171;1.3064528156566784
2023-01-08;AR;Argentina;40982;10004679;78;130249;1.3018808499503083
2023-01-15;AR;Argentina;19416;10024095;89;130338;1.3002470547216483
2023-01-22;AR;Argentina;8614;10032709;56;130394;1.2996888477479014
2023-01-29;AR;Argentina;4426;10037135;27;130421;1.2993847347873673
2023-02-05;AR;Argentina;3194;10040329;16;130437;1.299130735656172
2023-02-12;AR;Argentina;1807;10042136;11;130448;1.2990065061855367
2023-02-19;AR;Argentina;1172;10043308;10;130458;1.2989544879037862
2023-02-26;AR;Argentina;817;10044125;5;130463;1.2988986098838873
2023-03-05;AR;Argentina;832;10044957;9;130472;1.2988806223859395
2023-03-12;AR;Argentina;0;10044957;0;130472;1.2988806223859395
2023-03-19;AR;Argentina;0;10044957;0;130472;1.2988806223859395
2023-03-26;AR;Argentina;0;10044957;0;130472;1.2988806223859395
2023-04-02;AR;Argentina;0;10044957;0;130472;1.2988806223859395
2023-04-09;AR;Argentina;0;10044957;0;130472;1.2988806223859395
2023-04-16;AR;Argentina;0;10044957;0;130472;1.2988806223859395
2023-04-23;AR;Argentina;0;10044957;0;130472;1.2988806223859395
2023-04-30;AR;Argentina;0;10044957;0;130472;1.2988806223859395
2023-05-07;AR;Argentina;0;10044957;0;130472;1.2988806223859395
2023-05-14;AR;Argentina;0;10044957;0;130472;1.2988806223859395
2023-05-21;AR;Argentina;0;10044957;0;130472;1.2988806223859395
2023-05-28;AR;Argentina;421;10045378;2;130474;1.298846096184733
2023-06-04;AR;Argentina;448;10045826;2;130476;1.298808082083046
2023-06-11;AR;Argentina;528;10046354;5;130481;1.2987895907311249
2023-06-18;AR;Argentina;502;10046856;3;130484;1.2987545556540274
2023-06-25;AR;Argentina;580;10047436;5;130489;1.2987293474673538
2023-07-02;AR;Argentina;705;10048141;6;130495;1.2986979382554444
2023-07-09;AR;Argentina;789;10048930;7;130502;1.2986656290769265
2023-07-16;AR;Argentina;593;10049523;10;130512;1.298688504917099
2023-07-23;AR;Argentina;590;10050113;6;130518;1.2986719651808891
2023-07-30;AR;Argentina;761;10050874;8;130526;1.2986532315498134
2023-08-06;AR;Argentina;951;10051825;6;130532;1.2985900570294449
2023-08-13;AR;Argentina;1131;10052956;8;130540;1.298523538748205
2023-08-20;AR;Argentina;1681;10054637;6;130546;1.2983661170462941
2023-08-27;AR;Argentina;2176;10056813;10;130556;1.298184623697388
2023-09-03;AR;Argentina;3104;10059917;15;130571;1.2979331738025275
2023-09-10;AR;Argentina;2693;10062610;17;130588;1.2977547574635209
2023-09-17;AR;Argentina;2198;10064808;21;130609;1.2976799954852591
2023-09-24;AR;Argentina;1873;10066681;16;130625;1.297597490175759
2023-10-01;AR;Argentina;1317;10067998;9;130634;1.2975171429314944
2023-10-08;AR;Argentina;1230;10069228;9;130643;1.2974480268000683
2023-10-15;AR;Argentina;855;10070083;7;130650;1.297407379859729
2023-10-22;AR;Argentina;900;10070983;6;130656;1.2973510133022765
2023-10-29;AR;Argentina;705;10071688;4;130660;1.2972999163596013
2023-11-05;AR;Argentina;478;10072166;4;130664;1.2972780631296188
2023-11-12;AR;Argentina;499;10072665;7;130671;1.2972832909661942
2023-11-19;AR;Argentina;532;10073197;7;130678;1.2972842683410242
2023-11-26;AR;Argentina;504;10073701;3;130681;1.2972491440831924
2023-12-03;AR;Argentina;608;10074309;1;130682;1.2971807793467522
2023-12-10;AR;Argentina;466;10074775;2;130684;1.2971406309322044
2023-12-17;AR;Argentina;620;10075395;3;130687;1.2970905855303936
2023-12-24;AR;Argentina;609;10076004;4;130691;1.2970518868392669
2023-12-31;AR;Argentina;854;10076858;4;130695;1.296981658370099
2024-01-07;AR;Argentina;1635;10078493;2;130697;1.2967910976373154
2024-01-14;AR;Argentina;2583;10081076;2;130699;1.2964786695388468
2024-01-21;AR;Argentina;0;10081076;0;130699;1.2964786695388468
2020-01-05;AM;Armenia;0;0;0;0;0.0
2020-01-12;AM;Armenia;0;0;0;0;0.0
2020-01-19;AM;Armenia;0;0;0;0;0.0
2020-01-26;AM;Armenia;0;0;0;0;0.0
2020-02-02;AM;Armenia;0;0;0;0;0.0
2020-02-09;AM;Armenia;0;0;0;0;0.0
2020-02-16;AM;Armenia;0;0;0;0;0.0
2020-02-23;AM;Armenia;0;0;0;0;0.0
2020-03-01;AM;Armenia;0;0;0;0;0.0
2020-03-08;AM;Armenia;1;1;0;0;0.0
2020-03-15;AM;Armenia;19;20;0;0;0.0
2020-03-22;AM;Armenia;170;190;0;0;0.0
2020-03-29;AM;Armenia;234;424;1;1;0.2358490566037736
2020-04-05;AM;Armenia;398;822;6;7;0.851581508515815
2020-04-12;AM;Armenia;191;1013;6;13;1.2833168805528135
2020-04-19;AM;Armenia;278;1291;7;20;1.549186676994578
2020-04-26;AM;Armenia;455;1746;8;28;1.6036655211912942
2020-05-03;AM;Armenia;640;2386;7;35;1.4668901927912825
2020-05-10;AM;Armenia;927;3313;10;45;1.3582855418050106
2020-05-17;AM;Armenia;1159;4472;15;60;1.3416815742397137
2020-05-24;AM;Armenia;2189;6661;21;81;1.2160336285842965
2020-05-31;AM;Armenia;2621;9282;50;131;1.4113337642749408
2020-06-07;AM;Armenia;3848;13130;69;200;1.5232292460015233
2020-06-14;AM;Armenia;3537;16667;69;269;1.6139677206455871
2020-06-21;AM;Armenia;3601;20268;81;350;1.7268600749950662
2020-06-28;AM;Armenia;4377;24645;76;426;1.7285453438831404
2020-07-05;AM;Armenia;3961;28606;58;484;1.6919527371880023
2020-07-12;AM;Armenia;3363;31969;81;565;1.7673371078232036
2020-07-19;AM;Armenia;2908;34877;76;641;1.8378874329787538
2020-07-26;AM;Armenia;2440;37317;64;705;1.889219390626256
2020-08-02;AM;Armenia;1733;39050;49;754;1.9308578745198461
2020-08-09;AM;Armenia;1360;40410;37;791;1.9574362781489731
2020-08-16;AM;Armenia;1253;41663;27;818;1.9633727768043587
2020-08-23;AM;Armenia;1129;42792;34;852;1.9910263600673024
2020-08-30;AM;Armenia;958;43750;25;877;2.0045714285714284
2020-09-06;AM;Armenia;1033;44783;20;897;2.002992206864212
2020-09-13;AM;Armenia;1079;45862;19;916;1.9972962365356939
2020-09-20;AM;Armenia;1569;47431;14;930;1.9607429740043432
2020-09-27;AM;Armenia;1969;49400;21;951;1.9251012145748987
2020-10-04;AM;Armenia;3096;52496;26;977;1.8610941786040842
2020-10-11;AM;Armenia;3955;56451;43;1020;1.8068767603762557
2020-10-18;AM;Armenia;8243;64694;61;1081;1.6709432095712122
2020-10-25;AM;Armenia;13143;77837;99;1180;1.5159885401544253
2020-11-01;AM;Armenia;14417;92254;183;1363;1.4774427125111107
2020-11-08;AM;Armenia;14170;106424;196;1559;1.4648951364353906
2020-11-15;AM;Armenia;10913;117337;204;1763;1.5025098647485449
2020-11-22;AM;Armenia;8887;126224;189;1952;1.5464570921536316
2020-11-29;AM;Armenia;8544;134768;190;2142;1.5893980766947642
2020-12-06;AM;Armenia;7169;141937;184;2326;1.6387552223873971
2020-12-13;AM;Armenia;6388;148325;160;2486;1.6760492162481038
2020-12-20;AM;Armenia;5500;153825;144;2630;1.709735088574679
2020-12-27;AM;Armenia;4009;157834;138;2768;1.7537412724761459
2021-01-03;AM;Armenia;2193;160027;82;2850;1.7809494647778188
2021-01-10;AM;Armenia;2104;162131;79;2929;1.806563828015617
2021-01-17;AM;Armenia;2455;164586;63;2992;1.8178945961381894
2021-01-24;AM;Armenia;1450;166036;47;3039;1.8303259534076948
2021-01-31;AM;Armenia;990;167026;41;3080;1.8440242836444625
2021-02-07;AM;Armenia;1062;168088;37;3117;1.8543857979153775
2021-02-14;AM;Armenia;1079;169167;24;3141;1.8567451098618526
2021-02-21;AM;Armenia;1235;170402;23;3164;1.8567857184774827
2021-02-28;AM;Armenia;1656;172058;28;3192;1.85518836671355
2021-03-07;AM;Armenia;2621;174679;29;3221;1.8439537666233492
2021-03-14;AM;Armenia;3706;178385;34;3255;1.8247049920116603
2021-03-21;AM;Armenia;5328;183713;93;3348;1.822407777348364
2021-03-28;AM;Armenia;6604;190317;116;3464;1.8201211662647057
2021-04-04;AM;Armenia;6317;196634;128;3592;1.8267441032578293
2021-04-11;AM;Armenia;6183;202817;143;3735;1.841561604796442
2021-04-18;AM;Armenia;5703;208520;143;3878;1.8597736428160367
2021-04-25;AM;Armenia;4768;213288;140;4018;1.8838378155358013
2021-05-02;AM;Armenia;3575;216863;121;4139;1.908578226806786
2021-05-09;AM;Armenia;2407;219270;95;4234;1.9309527067086238
2021-05-16;AM;Armenia;1590;220860;89;4323;1.9573485465906002
2021-05-23;AM;Armenia;1088;221948;69;4392;1.9788418908933625
2021-05-30;AM;Armenia;688;222636;40;4432;1.9906933290213622
2021-06-06;AM;Armenia;544;223180;26;4458;1.9974908145891208
2021-06-13;AM;Armenia;502;223682;26;4484;2.0046315751826254
2021-06-20;AM;Armenia;545;224227;14;4498;2.0060028453308476
2021-06-27;AM;Armenia;570;224797;10;4508;2.0053648402781175
2021-07-04;AM;Armenia;756;225553;18;4526;2.006623720367275
2021-07-11;AM;Armenia;835;226388;18;4544;2.0071735250985037
2021-07-18;AM;Armenia;1042;227430;22;4566;2.0076507057116477
2021-07-25;AM;Armenia;1368;228798;21;4587;2.004825217003645
2021-08-01;AM;Armenia;1541;230339;32;4619;2.0053052240393505
2021-08-08;AM;Armenia;1818;232157;31;4650;2.0029548969016657
2021-08-15;AM;Armenia;2401;234558;45;4695;2.001637121735349
2021-08-22;AM;Armenia;3076;237634;57;4752;1.9997138456618162
2021-08-29;AM;Armenia;3702;241336;71;4823;1.9984585805681705
2021-09-05;AM;Armenia;3689;245025;88;4911;2.0042852770125497
2021-09-12;AM;Armenia;3825;248850;91;5002;2.010046212577858
2021-09-19;AM;Armenia;4750;253600;129;5131;2.0232649842271293
2021-09-26;AM;Armenia;4945;258545;120;5251;2.0309810671256456
2021-10-03;AM;Armenia;6145;264690;121;5372;2.029543994861914
2021-10-10;AM;Armenia;7666;272356;177;5549;2.0374069232915746
2021-10-17;AM;Armenia;9635;281991;229;5778;2.0490015638796986
2021-10-24;AM;Armenia;13377;295368;235;6013;2.0357655534790497
2021-10-31;AM;Armenia;12958;308326;315;6328;2.0523731375232708
2021-11-07;AM;Armenia;12107;320433;342;6670;2.08155839130177
2021-11-14;AM;Armenia;8530;328963;346;7016;2.132762651118819
2021-11-21;AM;Armenia;5112;334075;262;7278;2.1785527201975605
2021-11-28;AM;Armenia;3856;337931;236;7514;2.2235308391358
2021-12-05;AM;Armenia;2792;340723;169;7683;2.2549108806860705
2021-12-12;AM;Armenia;1815;342538;119;7802;2.2777034956705533
2021-12-19;AM;Armenia;1098;343636;97;7899;2.29865322608807
2021-12-26;AM;Armenia;845;344481;44;7943;2.3057875470635536
2022-01-02;AM;Armenia;526;345007;34;7977;2.3121270003217327
2022-01-09;AM;Armenia;848;345855;24;8001;2.3133972329444417
2022-01-16;AM;Armenia;1762;347617;18;8019;2.306849204728192
2022-01-23;AM;Armenia;4094;351711;9;8028;2.2825558484096318
2022-01-30;AM;Armenia;14722;366433;18;8046;2.195762936198432
2022-02-06;AM;Armenia;23524;389957;40;8086;2.0735619568311376
2022-02-13;AM;Armenia;16422;406379;81;8167;2.0097003043956505
2022-02-20;AM;Armenia;9085;415464;155;8322;2.0030616371093526
2022-02-27;AM;Armenia;4229;419693;127;8449;2.0131381748087294
2022-03-06;AM;Armenia;1648;421341;87;8536;2.0259125031743883
2022-03-13;AM;Armenia;663;422004;36;8572;2.0312603672003107
2022-03-20;AM;Armenia;303;422307;23;8595;2.035249238113505
2022-03-27;AM;Armenia;151;422458;15;8610;2.0380724237675696
2022-04-03;AM;Armenia;116;422574;7;8617;2.039169470909237
2022-04-10;AM;Armenia;103;422677;3;8620;2.0393823179401767
2022-04-17;AM;Armenia;85;422762;1;8621;2.0392088219849467
2022-04-24;AM;Armenia;63;422825;1;8622;2.039141488795601
2022-05-01;AM;Armenia;46;422871;0;8622;2.038919670537824
2022-05-08;AM;Armenia;21;422892;1;8623;2.0390548887186326
2022-05-15;AM;Armenia;25;422917;0;8623;2.038934353549278
2022-05-22;AM;Armenia;18;422935;1;8624;2.0390840200030738
2022-05-29;AM;Armenia;25;422960;1;8625;2.0391999243427277
2022-06-05;AM;Armenia;3;422963;0;8625;2.0391854606667725
2022-06-12;AM;Armenia;43;423006;0;8625;2.038978170522404
2022-06-19;AM;Armenia;38;423044;0;8625;2.0387950189578388
2022-06-26;AM;Armenia;60;423104;0;8625;2.038505899258811
2022-07-03;AM;Armenia;139;423243;1;8626;2.038072691101802
2022-07-10;AM;Armenia;174;423417;0;8626;2.0372351606099897
2022-07-17;AM;Armenia;354;423771;0;8626;2.0355333423004405
2022-07-24;AM;Armenia;629;424400;0;8626;2.032516493873704
2022-07-31;AM;Armenia;965;425365;7;8633;2.0295510914156076
2022-08-07;AM;Armenia;1434;426799;2;8635;2.0232006166837317
2022-08-14;AM;Armenia;1849;428648;2;8637;2.014939997387134
2022-08-21;AM;Armenia;1713;430361;6;8643;2.0083139503811918
2022-08-28;AM;Armenia;1913;432274;5;8648;2.0005829635832826
2022-09-04;AM;Armenia;2124;434398;7;8655;1.9924124880869618
2022-09-11;AM;Armenia;2329;436727;7;8662;1.9833900812177858
2022-09-18;AM;Armenia;2086;438813;7;8669;1.9755567861480856
2022-09-25;AM;Armenia;2142;440955;4;8673;1.9668673674184443
2022-10-02;AM;Armenia;1431;442386;4;8677;1.961409267020204
2022-10-09;AM;Armenia;910;443296;8;8685;1.959187540604923
2022-10-16;AM;Armenia;697;443993;9;8694;1.9581389796685982
2022-10-23;AM;Armenia;387;444380;6;8700;1.9577838786624062
2022-10-30;AM;Armenia;231;444611;0;8700;1.956766701678546
2022-11-06;AM;Armenia;172;444783;3;8703;1.9566844955854878
2022-11-13;AM;Armenia;185;444968;0;8703;1.9558709839808706
2022-11-20;AM;Armenia;146;445114;0;8703;1.9552294468383382
2022-11-27;AM;Armenia;148;445262;0;8703;1.95457955091609
2022-12-04;AM;Armenia;119;445381;1;8704;1.9542818395935166
2022-12-11;AM;Armenia;91;445472;2;8706;1.954331585374614
2022-12-18;AM;Armenia;53;445525;0;8706;1.9540990965714606
2022-12-25;AM;Armenia;58;445583;2;8708;1.9542935883999166
2023-01-01;AM;Armenia;37;445620;2;8710;1.954580135541493
2023-01-08;AM;Armenia;32;445652;1;8711;1.954664177429923
2023-01-15;AM;Armenia;39;445691;2;8713;1.9549418767711262
2023-01-22;AM;Armenia;69;445760;0;8713;1.9546392677674087
2023-01-29;AM;Armenia;88;445848;0;8713;1.954253467549479
2023-02-05;AM;Armenia;105;445953;0;8713;1.9537933369660032
2023-02-12;AM;Armenia;110;446063;2;8715;1.9537598949027382
2023-02-19;AM;Armenia;170;446233;1;8716;1.9532396752369279
2023-02-26;AM;Armenia;230;446463;2;8718;1.9526814092097218
2023-03-05;AM;Armenia;356;446819;3;8721;1.9517970363838602
2023-03-12;AM;Armenia;470;447289;6;8727;1.9510875518959778
2023-03-19;AM;Armenia;441;447730;5;8732;1.9502825363500325
2023-03-26;AM;Armenia;421;448151;7;8739;1.950012384218712
2023-04-02;AM;Armenia;307;448458;4;8743;1.9495694134121813
2023-04-09;AM;Armenia;249;448707;0;8743;1.9484875430960515
2023-04-16;AM;Armenia;139;448846;2;8745;1.9483297166511453
2023-04-23;AM;Armenia;134;448980;1;8746;1.9479709563900396
2023-04-30;AM;Armenia;82;449062;1;8747;1.9478379377457902
2023-05-07;AM;Armenia;51;449113;2;8749;1.948062069011585
2023-05-14;AM;Armenia;35;449148;0;8749;1.9479102656585356
2023-05-21;AM;Armenia;21;449169;1;8750;1.9480418283541385
2023-05-28;AM;Armenia;34;449203;0;8750;1.9478943818273697
2023-06-04;AM;Armenia;10;449213;0;8750;1.9478510194495706
2023-06-11;AM;Armenia;9;449222;0;8750;1.9478119949601758
2023-06-18;AM;Armenia;9;449231;0;8750;1.9477729720344321
2023-06-25;AM;Armenia;2;449233;1;8751;1.9479869021198353
2023-07-02;AM;Armenia;22;449255;0;8751;1.9478915092764688
2023-07-09;AM;Armenia;5;449260;0;8751;1.9478698303877489
2023-07-16;AM;Armenia;3;449263;0;8751;1.9478568232861375
2023-07-23;AM;Armenia;10;449273;0;8751;1.9478134675353291
2023-07-30;AM;Armenia;9;449282;0;8751;1.9477744490097533
2023-08-06;AM;Armenia;11;449293;0;8751;1.947726761823576
2023-08-13;AM;Armenia;6;449299;0;8751;1.947700751615294
2023-08-20;AM;Armenia;21;449320;0;8751;1.947609721356717
2023-08-27;AM;Armenia;37;449357;0;8751;1.9474493554122891
2023-09-03;AM;Armenia;31;449388;0;8751;1.9473150150871852
2023-09-10;AM;Armenia;77;449465;0;8751;1.946981411233355
2023-09-17;AM;Armenia;63;449528;0;8751;1.946708547632183
2023-09-24;AM;Armenia;122;449650;0;8751;1.9461803625041698
2023-10-01;AM;Armenia;217;449867;2;8753;1.945686169467865
2023-10-08;AM;Armenia;233;450100;3;8756;1.9453454787824929
2023-10-15;AM;Armenia;234;450334;6;8762;1.9456669938312452
2023-10-22;AM;Armenia;236;450570;3;8765;1.9453137137403733
2023-10-29;AM;Armenia;162;450732;2;8767;1.9450582607846791
2023-11-05;AM;Armenia;141;450873;2;8769;1.9448935731347852
2023-11-12;AM;Armenia;119;450992;0;8769;1.9443803881221842
2023-11-19;AM;Armenia;115;451107;0;8769;1.9438847102793793
2023-11-26;AM;Armenia;97;451204;1;8770;1.9436884424783467
2023-12-03;AM;Armenia;68;451272;0;8770;1.943395557446507
2023-12-10;AM;Armenia;81;451353;1;8771;1.9432683509359636
2023-12-17;AM;Armenia;73;451426;4;8775;1.9438401864314416
2023-12-24;AM;Armenia;0;451426;0;8775;1.9438401864314416
2023-12-31;AM;Armenia;0;451426;0;8775;1.9438401864314416
2024-01-07;AM;Armenia;0;451426;0;8775;1.9438401864314416
2024-01-14;AM;Armenia;0;451426;0;8775;1.9438401864314416
2024-01-21;AM;Armenia;0;451426;0;8775;1.9438401864314416
2020-01-05;AW;Aruba;0;0;0;0;0.0
2020-01-12;AW;Aruba;0;0;0;0;0.0
2020-01-19;AW;Aruba;0;0;0;0;0.0
2020-01-26;AW;Aruba;0;0;0;0;0.0
2020-02-02;AW;Aruba;0;0;0;0;0.0
2020-02-09;AW;Aruba;0;0;0;0;0.0
2020-02-16;AW;Aruba;0;0;0;0;0.0
2020-02-23;AW;Aruba;0;0;0;0;0.0
2020-03-01;AW;Aruba;0;0;0;0;0.0
2020-03-08;AW;Aruba;0;0;0;0;0.0
2020-03-15;AW;Aruba;0;0;0;0;0.0
2020-03-22;AW;Aruba;5;5;0;0;0.0
2020-03-29;AW;Aruba;41;46;0;0;0.0
2020-04-05;AW;Aruba;18;64;0;0;0.0
2020-04-12;AW;Aruba;28;92;0;0;0.0
2020-04-19;AW;Aruba;4;96;2;2;2.083333333333333
2020-04-26;AW;Aruba;4;100;0;2;2.0
2020-05-03;AW;Aruba;0;100;0;2;2.0
2020-05-10;AW;Aruba;1;101;1;3;2.9702970297029703
2020-05-17;AW;Aruba;0;101;0;3;2.9702970297029703
2020-05-24;AW;Aruba;0;101;0;3;2.9702970297029703
2020-05-31;AW;Aruba;0;101;0;3;2.9702970297029703
2020-06-07;AW;Aruba;0;101;0;3;2.9702970297029703
2020-06-14;AW;Aruba;0;101;0;3;2.9702970297029703
2020-06-21;AW;Aruba;0;101;0;3;2.9702970297029703
2020-06-28;AW;Aruba;0;101;0;3;2.9702970297029703
2020-07-05;AW;Aruba;3;104;0;3;2.8846153846153846
2020-07-12;AW;Aruba;1;105;0;3;2.857142857142857
2020-07-19;AW;Aruba;3;108;0;3;2.7777777777777777
2020-07-26;AW;Aruba;9;117;0;3;2.564102564102564
2020-08-02;AW;Aruba;3;120;0;3;2.5
2020-08-09;AW;Aruba;143;263;0;3;1.1406844106463878
2020-08-16;AW;Aruba;631;894;1;4;0.44742729306487694
2020-08-23;AW;Aruba;493;1387;2;6;0.43258832011535686
2020-08-30;AW;Aruba;461;1848;2;8;0.4329004329004329
2020-09-06;AW;Aruba;444;2292;5;13;0.5671902268760907
2020-09-13;AW;Aruba;527;2819;3;16;0.5675771550195104
2020-09-20;AW;Aruba;563;3382;7;23;0.6800709639266705
2020-09-27;AW;Aruba;374;3756;2;25;0.6656017039403621
2020-10-04;AW;Aruba;242;3998;2;27;0.6753376688344171
2020-10-11;AW;Aruba;152;4150;4;31;0.746987951807229
2020-10-18;AW;Aruba;135;4285;1;32;0.7467911318553092
2020-10-25;AW;Aruba;104;4389;4;36;0.8202323991797676
2020-11-01;AW;Aruba;83;4472;1;37;0.8273703041144902
2020-11-08;AW;Aruba;92;4564;2;39;0.8545135845749343
2020-11-15;AW;Aruba;75;4639;4;43;0.9269239060142271
2020-11-22;AW;Aruba;54;4693;2;45;0.9588749200937565
2020-11-29;AW;Aruba;98;4791;0;45;0.939261114589856
2020-12-06;AW;Aruba;132;4923;0;45;0.9140767824497258
2020-12-13;AW;Aruba;88;5011;1;46;0.9179804430253442
2020-12-20;AW;Aruba;113;5124;1;47;0.9172521467603435
2020-12-27;AW;Aruba;104;5228;0;47;0.8990053557765877
2021-01-03;AW;Aruba;214;5442;2;49;0.900404263138552
2021-01-10;AW;Aruba;441;5883;1;50;0.8499065102838688
2021-01-17;AW;Aruba;413;6296;2;52;0.8259212198221092
2021-01-24;AW;Aruba;327;6623;0;52;0.7851426845840254
2021-01-31;AW;Aruba;235;6858;6;58;0.8457276173811608
2021-02-07;AW;Aruba;276;7134;3;61;0.8550602747406785
2021-02-14;AW;Aruba;204;7338;7;68;0.9266830198964295
2021-02-21;AW;Aruba;215;7553;2;70;0.9267840593141797
2021-02-28;AW;Aruba;251;7804;1;71;0.9097898513582778
2021-03-07;AW;Aruba;205;8009;4;75;0.9364464976900987
2021-03-14;AW;Aruba;263;8272;2;77;0.9308510638297872
2021-03-21;AW;Aruba;352;8624;4;81;0.939239332096475
2021-03-28;AW;Aruba;449;9073;1;82;0.9037804474815386
2021-04-04;AW;Aruba;430;9503;4;86;0.904977375565611
2021-04-11;AW;Aruba;393;9896;6;92;0.9296685529506872
2021-04-18;AW;Aruba;323;10219;0;92;0.9002837851061749
2021-04-25;AW;Aruba;250;10469;3;95;0.9074410163339384
2021-05-02;AW;Aruba;139;10608;3;98;0.9238310708898945
2021-05-09;AW;Aruba;129;10737;2;100;0.9313588525658936
2021-05-16;AW;Aruba;89;10826;4;104;0.9606502863476816
2021-05-23;AW;Aruba;66;10892;2;106;0.9731913330885054
2021-05-30;AW;Aruba;65;10957;1;107;0.9765446746372182
2021-06-06;AW;Aruba;61;11018;0;107;0.9711381375930296
2021-06-13;AW;Aruba;51;11069;0;107;0.9666636552534105
2021-06-20;AW;Aruba;30;11099;0;107;0.9640508153887738
2021-06-27;AW;Aruba;26;11125;0;107;0.9617977528089887
2021-07-04;AW;Aruba;15;11140;0;107;0.9605026929982047
2021-07-11;AW;Aruba;21;11161;0;107;0.9586954573962907
2021-07-18;AW;Aruba;37;11198;1;108;0.964457938917664
2021-07-25;AW;Aruba;94;11292;1;109;0.965285157633723
2021-08-01;AW;Aruba;292;11584;0;109;0.9409530386740331
2021-08-08;AW;Aruba;544;12128;2;111;0.9152374670184698
2021-08-15;AW;Aruba;801;12929;4;115;0.8894732771289349
2021-08-22;AW;Aruba;790;13719;9;124;0.9038559661782929
2021-08-29;AW;Aruba;599;14318;9;133;0.9289006844531359
2021-09-05;AW;Aruba;401;14719;15;148;1.0055030912426115
2021-09-12;AW;Aruba;272;14991;6;154;1.0272830364885597
2021-09-19;AW;Aruba;186;15177;2;156;1.0278711207748568
2021-09-26;AW;Aruba;174;15351;4;160;1.0422773760667057
2021-10-03;AW;Aruba;149;15500;6;166;1.0709677419354837
2021-10-10;AW;Aruba;87;15587;3;169;1.084236864053378
2021-10-17;AW;Aruba;105;15692;1;170;1.0833545755799134
2021-10-24;AW;Aruba;87;15779;1;171;1.0837188668483428
2021-10-31;AW;Aruba;103;15882;0;171;1.0766905931242916
2021-11-07;AW;Aruba;67;15949;0;171;1.072167534014672
2021-11-14;AW;Aruba;108;16057;1;172;1.0711839073301364
2021-11-21;AW;Aruba;92;16149;1;173;1.0712737630813052
2021-11-28;AW;Aruba;114;16263;1;174;1.0699133001291274
2021-12-05;AW;Aruba;129;16392;0;174;1.061493411420205
2021-12-12;AW;Aruba;139;16531;2;176;1.0646663843687616
2021-12-19;AW;Aruba;185;16716;2;178;1.0648480497726729
2021-12-26;AW;Aruba;449;17165;3;181;1.0544713078939703
2022-01-02;AW;Aruba;2554;19719;0;181;0.9178964450529946
2022-01-09;AW;Aruba;5535;25254;0;181;0.7167181436604103
2022-01-16;AW;Aruba;4440;29694;3;184;0.6196538021149054
2022-01-23;AW;Aruba;2141;31835;3;187;0.5874038008481232
2022-01-30;AW;Aruba;883;32718;6;193;0.5898893575401919
2022-02-06;AW;Aruba;482;33200;1;194;0.5843373493975903
2022-02-13;AW;Aruba;236;33436;2;196;0.5861945208757029
2022-02-20;AW;Aruba;132;33568;2;198;0.5898474737845567
2022-02-27;AW;Aruba;87;33655;13;211;0.6269499331451494
2022-03-06;AW;Aruba;29;33684;0;211;0.6264101650635316
2022-03-13;AW;Aruba;48;33732;1;212;0.6284833392624214
2022-03-20;AW;Aruba;85;33817;0;212;0.6269036283526037
2022-03-27;AW;Aruba;26;33843;0;212;0.6264220075052448
2022-04-03;AW;Aruba;123;33966;0;212;0.624153565330036
2022-04-10;AW;Aruba;123;34089;0;212;0.6219014931502831
2022-04-17;AW;Aruba;175;34264;0;212;0.618725192621994
2022-04-24;AW;Aruba;182;34446;0;212;0.6154560761772049
2022-05-01;AW;Aruba;247;34693;0;212;0.611074280114144
2022-05-08;AW;Aruba;272;34965;0;212;0.6063206063206064
2022-05-15;AW;Aruba;369;35334;0;212;0.5999886794588781
2022-05-22;AW;Aruba;586;35920;1;213;0.5929844097995546
2022-05-29;AW;Aruba;644;36564;0;213;0.5825402034788316
2022-06-05;AW;Aruba;788;37352;0;213;0.5702505889912186
2022-06-12;AW;Aruba;949;38301;3;216;0.5639539437612595
2022-06-19;AW;Aruba;1038;39339;3;219;0.5566994585525814
2022-06-26;AW;Aruba;840;40179;2;221;0.5500385773662858
2022-07-03;AW;Aruba;539;40718;0;221;0.5427575028243038
2022-07-10;AW;Aruba;282;41000;1;222;0.5414634146341463
2022-07-17;AW;Aruba;445;41445;2;224;0.5404753287489443
2022-07-24;AW;Aruba;342;41787;0;224;0.5360518821643094
2022-07-31;AW;Aruba;293;42080;0;224;0.532319391634981
2022-08-07;AW;Aruba;206;42286;2;226;0.5344558482712954
2022-08-14;AW;Aruba;192;42478;0;226;0.5320401148829983
2022-08-21;AW;Aruba;160;42638;1;227;0.5323889488249918
2022-08-28;AW;Aruba;112;42750;0;227;0.5309941520467837
2022-09-04;AW;Aruba;98;42848;0;227;0.5297796863330844
2022-09-11;AW;Aruba;122;42970;1;228;0.5306027461019316
2022-09-18;AW;Aruba;0;42970;0;228;0.5306027461019316
2022-09-25;AW;Aruba;0;42970;0;228;0.5306027461019316
2022-10-02;AW;Aruba;175;43145;2;230;0.533086104994785
2022-10-09;AW;Aruba;66;43211;1;231;0.5345861007613802
2022-10-16;AW;Aruba;40;43251;1;232;0.5364037825715012
2022-10-23;AW;Aruba;40;43291;0;232;0.5359081564297429
2022-10-30;AW;Aruba;43;43334;0;232;0.5353763788249412
2022-11-06;AW;Aruba;45;43379;1;233;0.5371262592498675
2022-11-13;AW;Aruba;44;43423;1;234;0.5388849227367984
2022-11-20;AW;Aruba;71;43494;1;235;0.540304409803651
2022-11-27;AW;Aruba;74;43568;1;236;0.541681968417187
2022-12-04;AW;Aruba;73;43641;0;236;0.5407758758965193
2022-12-11;AW;Aruba;52;43693;44;280;0.6408349163481565
2022-12-18;AW;Aruba;0;43693;0;280;0.6408349163481565
2022-12-25;AW;Aruba;59;43752;0;280;0.639970744194551
2023-01-01;AW;Aruba;108;43860;0;280;0.6383948928408573
2023-01-08;AW;Aruba;0;43860;0;280;0.6383948928408573
2023-01-15;AW;Aruba;76;43936;1;281;0.6395666423889294
2023-01-22;AW;Aruba;29;43965;0;281;0.639144774252246
2023-01-29;AW;Aruba;28;43993;0;281;0.6387379810424386
2023-02-05;AW;Aruba;0;43993;0;281;0.6387379810424386
2023-02-12;AW;Aruba;33;44026;1;282;0.6405305955571707
2023-02-19;AW;Aruba;0;44026;0;282;0.6405305955571707
2023-02-26;AW;Aruba;18;44044;0;282;0.640268822087004
2023-03-05;AW;Aruba;22;44066;4;286;0.6490264603095357
2023-03-12;AW;Aruba;16;44082;0;286;0.6487908897055488
2023-03-19;AW;Aruba;9;44091;1;287;0.6509264929350661
2023-03-26;AW;Aruba;8;44099;0;287;0.650808408353931
2023-04-02;AW;Aruba;15;44114;0;287;0.6505871152015233
2023-04-09;AW;Aruba;0;44114;0;287;0.6505871152015233
2023-04-16;AW;Aruba;0;44114;0;287;0.6505871152015233
2023-04-23;AW;Aruba;0;44114;0;287;0.6505871152015233
2023-04-30;AW;Aruba;0;44114;0;287;0.6505871152015233
2023-05-07;AW;Aruba;66;44180;1;288;0.6518786781349026
2023-05-14;AW;Aruba;0;44180;0;288;0.6518786781349026
2023-05-21;AW;Aruba;0;44180;0;288;0.6518786781349026
2023-05-28;AW;Aruba;0;44180;0;288;0.6518786781349026
2023-06-04;AW;Aruba;20;44200;2;290;0.6561085972850679
2023-06-11;AW;Aruba;0;44200;0;290;0.6561085972850679
2023-06-18;AW;Aruba;0;44200;0;290;0.6561085972850679
2023-06-25;AW;Aruba;0;44200;0;290;0.6561085972850679
2023-07-02;AW;Aruba;24;44224;2;292;0.66027496382055
2023-07-09;AW;Aruba;0;44224;0;292;0.66027496382055
2023-07-16;AW;Aruba;0;44224;0;292;0.66027496382055
2023-07-23;AW;Aruba;0;44224;0;292;0.66027496382055
2023-07-30;AW;Aruba;0;44224;0;292;0.66027496382055
2023-08-06;AW;Aruba;0;44224;0;292;0.66027496382055
2023-08-13;AW;Aruba;0;44224;0;292;0.66027496382055
2023-08-20;AW;Aruba;0;44224;0;292;0.66027496382055
2023-08-27;AW;Aruba;0;44224;0;292;0.66027496382055
2023-09-03;AW;Aruba;0;44224;0;292;0.66027496382055
2023-09-10;AW;Aruba;0;44224;0;292;0.66027496382055
2023-09-17;AW;Aruba;0;44224;0;292;0.66027496382055
2023-09-24;AW;Aruba;0;44224;0;292;0.66027496382055
2023-10-01;AW;Aruba;0;44224;0;292;0.66027496382055
2023-10-08;AW;Aruba;0;44224;0;292;0.66027496382055
2023-10-15;AW;Aruba;0;44224;0;292;0.66027496382055
2023-10-22;AW;Aruba;0;44224;0;292;0.66027496382055
2023-10-29;AW;Aruba;0;44224;0;292;0.66027496382055
2023-11-05;AW;Aruba;0;44224;0;292;0.66027496382055
2023-11-12;AW;Aruba;0;44224;0;292;0.66027496382055
2023-11-19;AW;Aruba;0;44224;0;292;0.66027496382055
2023-11-26;AW;Aruba;0;44224;0;292;0.66027496382055
2023-12-03;AW;Aruba;0;44224;0;292;0.66027496382055
2023-12-10;AW;Aruba;0;44224;0;292;0.66027496382055
2023-12-17;AW;Aruba;0;44224;0;292;0.66027496382055
2023-12-24;AW;Aruba;0;44224;0;292;0.66027496382055
2023-12-31;AW;Aruba;0;44224;0;292;0.66027496382055
2024-01-07;AW;Aruba;0;44224;0;292;0.66027496382055
2024-01-14;AW;Aruba;0;44224;0;292;0.66027496382055
2024-01-21;AW;Aruba;0;44224;0;292;0.66027496382055
2020-01-05;AU;Australia;0;0;0;0;0.0
2020-01-12;AU;Australia;0;0;0;0;0.0
2020-01-19;AU;Australia;0;0;0;0;0.0
2020-01-26;AU;Australia;4;4;0;0;0.0
2020-02-02;AU;Australia;8;12;0;0;0.0
2020-02-09;AU;Australia;3;15;0;0;0.0
2020-02-16;AU;Australia;0;15;0;0;0.0
2020-02-23;AU;Australia;7;22;0;0;0.0
2020-03-01;AU;Australia;3;25;0;0;0.0
2020-03-08;AU;Australia;45;70;4;4;5.714285714285714
2020-03-15;AU;Australia;179;249;3;7;2.8112449799196786
2020-03-22;AU;Australia;832;1081;2;9;0.8325624421831638
2020-03-29;AU;Australia;2728;3809;7;16;0.420057757941717
2020-04-05;AU;Australia;1826;5635;20;36;0.6388642413487134
2020-04-12;AU;Australia;654;6289;25;61;0.969947527428844
2020-04-19;AU;Australia;297;6586;12;73;1.1084117825690858
2020-04-26;AU;Australia;117;6703;12;85;1.26808891541101
2020-05-03;AU;Australia;80;6783;14;99;1.45953118089341
2020-05-10;AU;Australia;146;6929;2;101;1.4576417953528649
2020-05-17;AU;Australia;107;7036;2;103;1.4638999431495168
2020-05-24;AU;Australia;70;7106;4;107;1.5057697720236418
2020-05-31;AU;Australia;79;7185;0;107;1.4892136395267919
2020-06-07;AU;Australia;70;7255;0;107;1.4748449345279118
2020-06-14;AU;Australia;47;7302;0;107;1.4653519583675705
2020-06-21;AU;Australia;134;7436;0;107;1.4389456697149006
2020-06-28;AU;Australia;205;7641;1;108;1.4134275618374559
2020-07-05;AU;Australia;721;8362;1;109;1.303515905285817
2020-07-12;AU;Australia;1191;9553;4;113;1.1828744896891028
2020-07-19;AU;Australia;1888;11441;16;129;1.1275238178480902
2020-07-26;AU;Australia;2509;13950;45;174;1.2473118279569892
2020-08-02;AU;Australia;3332;17282;95;269;1.5565328087026966
2020-08-09;AU;Australia;3416;20698;106;375;1.8117692530679292
2020-08-16;AU;Australia;2337;23035;138;513;2.2270457998697637
2020-08-23;AU;Australia;1567;24602;114;627;2.5485732867246567
2020-08-30;AU;Australia;945;25547;97;724;2.833992249579207
2020-09-06;AU;Australia;660;26207;58;782;2.983935589727935
2020-09-13;AU;Australia;400;26607;46;828;3.1119630172510995
2020-09-20;AU;Australia;278;26885;36;864;3.213687930072531
2020-09-27;AU;Australia;131;27016;23;887;3.2832395617411905
2020-10-04;AU;Australia;105;27121;19;906;3.3405847866966556
2020-10-11;AU;Australia;123;27244;5;911;3.3438555278226394
2020-10-18;AU;Australia;139;27383;1;912;3.33053354270898
2020-10-25;AU;Australia;116;27499;2;914;3.323757227535547
2020-11-01;AU;Australia;91;27590;0;914;3.312794490757521
2020-11-08;AU;Australia;62;27652;0;914;3.3053667004194995
2020-11-15;AU;Australia;59;27711;3;917;3.309155209122731
2020-11-22;AU;Australia;96;27807;0;917;3.2977307872118535
2020-11-29;AU;Australia;78;27885;1;918;3.2920925228617537
2020-12-06;AU;Australia;71;27956;1;919;3.2873086278437547
2020-12-13;AU;Australia;69;28025;0;919;3.2792149866190905
2020-12-20;AU;Australia;103;28128;0;919;3.267207053469852
2020-12-27;AU;Australia;168;28296;1;920;3.2513429459994345
2021-01-03;AU;Australia;187;28483;2;922;3.2370185724818312
2021-01-10;AU;Australia;112;28595;0;922;3.2243399195663573
2021-01-17;AU;Australia;113;28708;1;923;3.215131670614463
2021-01-24;AU;Australia;58;28766;0;923;3.2086490996315096
2021-01-31;AU;Australia;45;28811;0;923;3.203637499566138
2021-02-07;AU;Australia;39;28850;0;923;3.199306759098787
2021-02-14;AU;Australia;48;28898;0;923;3.1939926638521694
2021-02-21;AU;Australia;28;28926;1;924;3.194358017008919
2021-02-28;AU;Australia;44;28970;0;924;3.189506385916465
2021-03-07;AU;Australia;67;29037;0;924;3.1821469160037195
2021-03-14;AU;Australia;80;29117;1;925;3.1768382731737472
2021-03-21;AU;Australia;79;29196;0;925;3.168242224962323
2021-03-28;AU;Australia;64;29260;0;925;3.161312371838688
2021-04-04;AU;Australia;88;29348;1;926;3.155240561537413
2021-04-11;AU;Australia;57;29405;0;926;3.1491242985886756
2021-04-18;AU;Australia;114;29519;2;928;3.1437379315017444
2021-04-25;AU;Australia;147;29666;0;928;3.1281601833749075
2021-05-02;AU;Australia;160;29826;0;928;3.1113793334674447
2021-05-09;AU;Australia;97;29923;0;928;3.1012933195201016
2021-05-16;AU;Australia;52;29975;0;928;3.095913261050876
2021-05-23;AU;Australia;36;30011;0;928;3.0921995268401585
2021-05-30;AU;Australia;87;30098;0;928;3.083261346268855
2021-06-06;AU;Australia;357;30455;0;928;3.0471186997208997
2021-06-13;AU;Australia;58;30513;0;928;3.041326647658375
2021-06-20;AU;Australia;87;30600;0;928;3.032679738562092
2021-06-27;AU;Australia;235;30835;0;928;3.0095670504297063
2021-07-04;AU;Australia;276;31111;0;928;2.9828677959564143
2021-07-11;AU;Australia;549;31660;2;930;2.9374605180037903
2021-07-18;AU;Australia;875;32535;5;935;2.8738281850315044
2021-07-25;AU;Australia;1260;33795;5;940;2.781476549785471
2021-08-01;AU;Australia;1667;35462;7;947;2.6704641588178895
2021-08-08;AU;Australia;2313;37775;16;963;2.5493050959629384
2021-08-15;AU;Australia;3613;41388;27;990;2.3919976804870977
2021-08-22;AU;Australia;6133;47521;22;1012;2.1295848151343617
2021-08-29;AU;Australia;8140;55661;20;1032;1.8540809543486463
2021-09-05;AU;Australia;11094;66755;52;1084;1.6238484008688487
2021-09-12;AU;Australia;12596;79351;56;1140;1.4366548625726203
2021-09-19;AU;Australia;12301;91652;77;1217;1.3278488194474751
2021-09-26;AU;Australia;12498;104150;95;1312;1.2597215554488719
2021-10-03;AU;Australia;15401;119551;110;1422;1.1894505273899842
2021-10-10;AU;Australia;15281;134832;119;1541;1.1429037617182864
2021-10-17;AU;Australia;15347;150179;105;1646;1.0960254096777846
2021-10-24;AU;Australia;13759;163938;108;1754;1.069916675816467
2021-10-31;AU;Australia;10046;173984;112;1866;1.0725124149347067
2021-11-07;AU;Australia;9666;183650;97;1963;1.06888102368636
2021-11-14;AU;Australia;8701;192351;66;2029;1.054842449480377
2021-11-21;AU;Australia;9330;201681;81;2110;1.0462066332475544
2021-11-28;AU;Australia;9744;211425;56;2166;1.0244767648102164
2021-12-05;AU;Australia;10526;221951;52;2218;0.9993196696568162
2021-12-12;AU;Australia;13403;235354;36;2254;0.9577062637558741
2021-12-19;AU;Australia;31489;266843;54;2308;0.8649280663161485
2021-12-26;AU;Australia;99764;366607;69;2377;0.6483782360947826
2022-01-02;AU;Australia;289614;656221;103;2480;0.3779214624341495
2022-01-09;AU;Australia;588813;1245034;219;2699;0.21678122846444356
2022-01-16;AU;Australia;462325;1707359;440;3139;0.18385119942554554
2022-01-23;AU;Australia;347960;2055319;660;3799;0.18483748751410364
2022-01-30;AU;Australia;267817;2323136;670;4469;0.19236928014545854
2022-02-06;AU;Australia;201112;2524248;581;5050;0.20005958210128325
2022-02-13;AU;Australia;171754;2696002;436;5486;0.20348649592989917
2022-02-20;AU;Australia;160429;2856431;324;5810;0.203400677278744
2022-02-27;AU;Australia;160402;3016833;242;6052;0.20060772339735078
2022-03-06;AU;Australia;195717;3212550;151;6203;0.1930864889262424
2022-03-13;AU;Australia;241848;3454398;140;6343;0.1836209956119706
2022-03-20;AU;Australia;327240;3781638;139;6482;0.17140720502597023
2022-03-27;AU;Australia;385762;4167400;149;6631;0.15911599558477707
2022-04-03;AU;Australia;395982;4563382;200;6831;0.14969161030130723
2022-04-10;AU;Australia;359765;4923147;198;7029;0.14277453019379677
2022-04-17;AU;Australia;306184;5229331;250;7279;0.13919562559723223
2022-04-24;AU;Australia;289282;5518613;315;7594;0.1376070400298046
2022-05-01;AU;Australia;272054;5790667;295;7889;0.13623646464215608
2022-05-08;AU;Australia;304061;6094728;315;8204;0.13460814001871782
2022-05-15;AU;Australia;350375;6445103;339;8543;0.13255024783932856
2022-05-22;AU;Australia;311716;6756819;317;8860;0.13112679205999153
2022-05-29;AU;Australia;240429;6997248;344;9204;0.13153742728569862
2022-06-05;AU;Australia;199964;7197212;375;9579;0.13309320331261607
2022-06-12;AU;Australia;184472;7381684;331;9910;0.13425120880276098
2022-06-19;AU;Australia;191043;7572727;344;10254;0.1354069676617155
2022-06-26;AU;Australia;204308;7777035;324;10578;0.1360158466562128
2022-07-03;AU;Australia;0;7777035;344;10922;0.1404391262222685
2022-07-10;AU;Australia;243697;8020732;400;11322;0.14115918596955987
2022-07-17;AU;Australia;271605;8292337;451;11773;0.14197445183426577
2022-07-24;AU;Australia;303029;8595366;607;12380;0.14403109768682335
2022-07-31;AU;Australia;319779;8915145;618;12998;0.1457968434613234
2022-08-07;AU;Australia;259334;9174479;603;13601;0.1482482002520252
2022-08-14;AU;Australia;200397;9374876;526;14127;0.1506899931263091
2022-08-21;AU;Australia;139178;9514054;375;14502;0.15242713568789917
2022-08-28;AU;Australia;103184;9617238;329;14831;0.15421267519843015
2022-09-04;AU;Australia;79985;9697223;240;15071;0.1554156277523988
2022-09-11;AU;Australia;63392;9760615;214;15285;0.1565987389114313
2022-09-18;AU;Australia;51273;9811888;184;15469;0.1576556927677935
2022-09-25;AU;Australia;43401;9855289;147;15616;0.15845298904983912
2022-10-02;AU;Australia;37578;9892867;113;15729;0.15899334338569396
2022-10-09;AU;Australia;38674;9931541;102;15831;0.15940124498302932
2022-10-16;AU;Australia;31327;9962868;74;15905;0.1596427855914582
2022-10-23;AU;Australia;29620;9992488;103;16008;0.16020034249728396
2022-10-30;AU;Australia;30363;10022851;85;16093;0.16056309726643647
2022-11-06;AU;Australia;35763;10058614;111;16204;0.16109575335130666
2022-11-13;AU;Australia;52310;10110924;116;16320;0.16140958037069608
2022-11-20;AU;Australia;73573;10184497;154;16474;0.16175565666129607
2022-11-27;AU;Australia;83407;10267904;178;16652;0.1621752599167269
2022-12-04;AU;Australia;97897;10365801;259;16911;0.16314224052728776
2022-12-11;AU;Australia;107902;10473703;272;17183;0.16405849965384736
2022-12-18;AU;Australia;112016;10585719;299;17482;0.16514702496826147
2022-12-25;AU;Australia;108322;10694041;334;17816;0.1665974536660183
2023-01-01;AU;Australia;91518;10785559;1094;18910;0.17532702755601262
2023-01-08;AU;Australia;86989;10872548;0;18910;0.17392427239686592
2023-01-15;AU;Australia;46003;10918551;0;18910;0.1731914793455652
2023-01-22;AU;Australia;30909;10949460;0;18910;0.17270258076654008
2023-01-29;AU;Australia;22041;10971501;0;18910;0.17235563301684972
2023-02-05;AU;Australia;18922;10990423;1161;20071;0.18262263426985478
2023-02-12;AU;Australia;17067;11007490;96;20167;0.18321161318338694
2023-02-19;AU;Australia;17927;11025417;89;20256;0.1837209422555174
2023-02-26;AU;Australia;17814;11043231;90;20346;0.18423955815105197
2023-03-05;AU;Australia;18262;11061493;78;20424;0.18464053631819863
2023-03-12;AU;Australia;19780;11081273;78;20502;0.18501484441363372
2023-03-19;AU;Australia;21681;11102954;88;20590;0.18544614343173899
2023-03-26;AU;Australia;23014;11125968;93;20683;0.18589843148928703
2023-04-02;AU;Australia;25521;11151489;103;20786;0.18639663277253826
2023-04-09;AU;Australia;27650;11179139;123;20909;0.18703587100938632
2023-04-16;AU;Australia;27055;11206194;131;21040;0.18775330857202724
2023-04-23;AU;Australia;29966;11236160;146;21186;0.18855196081223477
2023-04-30;AU;Australia;29431;11265591;155;21341;0.18943524578515233
2023-05-07;AU;Australia;29663;11295254;173;21514;0.19046937766959468
2023-05-14;AU;Australia;31859;11327113;173;21687;0.19146096626739753
2023-05-21;AU;Australia;37720;11364833;170;21857;0.19232134779279203
2023-05-28;AU;Australia;41012;11405845;213;22070;0.193497281437719
2023-06-04;AU;Australia;39051;11444896;232;22302;0.19486415603951315
2023-06-11;AU;Australia;33125;11478021;226;22528;0.19627076827965378
2023-06-18;AU;Australia;22769;11500790;183;22711;0.19747339095836028
2023-06-25;AU;Australia;16822;11517612;59;22770;0.197697230988507
2023-07-02;AU;Australia;13551;11531163;0;22770;0.19746490445066123
2023-07-09;AU;Australia;10511;11541674;0;22770;0.19728507320515204
2023-07-16;AU;Australia;7826;11549500;-76;22694;0.19649335469067922
2023-07-23;AU;Australia;6495;11555995;85;22779;0.19711846535066863
2023-07-30;AU;Australia;5525;11561520;60;22839;0.1975432296099475
2023-08-06;AU;Australia;5410;11566930;67;22906;0.19803007366691075
2023-08-13;AU;Australia;5116;11572046;0;22906;0.19794252459763817
2023-08-20;AU;Australia;5194;11577240;56;22962;0.19833742757341127
2023-08-27;AU;Australia;5176;11582416;53;23015;0.19870638388398412
2023-09-03;AU;Australia;5491;11587907;39;23054;0.1989487834170571
2023-09-10;AU;Australia;5033;11592940;40;23094;0.19920744867134654
2023-09-17;AU;Australia;5017;11597957;38;23132;0.19944892018482221
2023-09-24;AU;Australia;5189;11603146;37;23169;0.19967860440608093
2023-10-01;AU;Australia;5393;11608539;33;23202;0.1998701128539948
2023-10-08;AU;Australia;5561;11614100;78;23280;0.2004460095917893
2023-10-15;AU;Australia;4691;11618791;45;23325;0.2007523846500036
2023-10-22;AU;Australia;5358;11624149;52;23377;0.20110719502993293
2023-10-29;AU;Australia;6347;11630496;72;23449;0.2016165088746
2023-11-05;AU;Australia;7687;11638183;51;23500;0.20192155424949065
2023-11-12;AU;Australia;0;11638183;0;23500;0.20192155424949065
2023-11-19;AU;Australia;21092;11659275;204;23704;0.20330595169939814
2023-11-26;AU;Australia;10282;11669557;89;23793;0.20388948783574218
2023-12-03;AU;Australia;9620;11679177;152;23945;0.20502300804243315
2023-12-10;AU;Australia;9889;11689066;114;24059;0.2058248280914831
2023-12-17;AU;Australia;10569;11699635;81;24140;0.20633122315354283
2023-12-24;AU;Australia;11099;11710734;36;24176;0.20644308033979766
2023-12-31;AU;Australia;10671;11721405;35;24211;0.20655373651878767
2024-01-07;AU;Australia;9626;11731031;33;24244;0.2066655522434473
2024-01-14;AU;Australia;11114;11742145;86;24330;0.20720234676032362
2024-01-21;AU;Australia;10502;11752647;21;24351;0.20719587680970933
2020-01-05;AT;Austria;0;0;0;0;0.0
2020-01-12;AT;Austria;0;0;0;0;0.0
2020-01-19;AT;Austria;0;0;0;0;0.0
2020-01-26;AT;Austria;0;0;0;0;0.0
2020-02-02;AT;Austria;0;0;0;0;0.0
2020-02-09;AT;Austria;0;0;0;0;0.0
2020-02-16;AT;Austria;0;0;0;0;0.0
2020-02-23;AT;Austria;0;0;0;0;0.0
2020-03-01;AT;Austria;7;7;0;0;0.0
2020-03-08;AT;Austria;68;75;0;0;0.0
2020-03-15;AT;Austria;513;588;1;1;0.17006802721088435
2020-03-22;AT;Austria;544;1132;14;15;1.325088339222615
2020-03-29;AT;Austria;3814;4946;51;66;1.334411645774363
2020-04-05;AT;Austria;3753;8699;103;169;1.9427520404644212
2020-04-12;AT;Austria;1942;10641;151;320;3.0072361620148484
2020-04-19;AT;Austria;889;11530;111;431;3.7380745880312225
2020-04-26;AT;Austria;450;11980;85;516;4.307178631051753
2020-05-03;AT;Austria;366;12346;60;576;4.665478697553863
2020-05-10;AT;Austria;259;12605;33;609;4.83141610472035
2020-05-17;AT;Austria;329;12934;20;629;4.863151383949281
2020-05-24;AT;Austria;249;13183;17;646;4.900250322384889
2020-05-31;AT;Austria;213;13396;12;658;4.911914004180352
2020-06-07;AT;Austria;208;13604;16;674;4.954425169067921
2020-06-14;AT;Austria;188;13792;12;686;4.973897911832947
2020-06-21;AT;Austria;227;14019;17;703;5.014623011627077
2020-06-28;AT;Austria;288;14307;16;719;5.025511987139162
2020-07-05;AT;Austria;565;14872;11;730;4.908552985476063
2020-07-12;AT;Austria;636;15508;5;735;4.739489295847305
2020-07-19;AT;Austria;758;16266;9;744;4.5739579490962745
2020-07-26;AT;Austria;827;17093;10;754;4.411162464166618
2020-08-02;AT;Austria;876;17969;13;767;4.268462351828148
2020-08-09;AT;Austria;676;18645;13;780;4.18342719227675
2020-08-16;AT;Austria;1310;19955;11;791;3.963918817339013
2020-08-23;AT;Austria;1812;21767;11;802;3.6844765011255567
2020-08-30;AT;Austria;1904;23671;10;812;3.430357821807275
2020-09-06;AT;Austria;2141;25812;13;825;3.1961878196187823
2020-09-13;AT;Austria;3750;29562;13;838;2.83472024896827
2020-09-20;AT;Austria;4906;34468;20;858;2.489265405593594
2020-09-27;AT;Austria;4661;39129;31;889;2.271972194536022
2020-10-04;AT;Austria;5291;44420;36;925;2.0823953174245835
2020-10-11;AT;Austria;7102;51522;63;988;1.9176274212957571
2020-10-18;AT;Austria;9059;60581;62;1050;1.7332166850992887
2020-10-25;AT;Austria;15533;76114;112;1162;1.5266573823475313
2020-11-01;AT;Austria;27818;103932;214;1376;1.3239425778393565
2020-11-08;AT;Austria;42962;146894;353;1729;1.177039225564012
2020-11-15;AT;Austria;49191;196085;571;2300;1.1729607058163551
2020-11-22;AT;Austria;42797;238882;727;3027;1.2671528202208622
2020-11-29;AT;Austria;32574;271456;822;3849;1.4179093481079807
2020-12-06;AT;Austria;24249;295705;957;4806;1.6252684263032415
2020-12-13;AT;Austria;18476;314181;871;5677;1.806920214780652
2020-12-20;AT;Austria;17130;331311;729;6406;1.9335307309446412
2020-12-27;AT;Austria;13421;344732;643;7049;2.044776812132323
2021-01-03;AT;Austria;14212;358944;550;7599;2.1170433270928055
2021-01-10;AT;Austria;15104;374048;453;8052;2.152664898622637
2021-01-17;AT;Austria;11470;385518;438;8490;2.2022318024061134
2021-01-24;AT;Austria;10528;396046;401;8891;2.2449412441989063
2021-01-31;AT;Austria;9512;405558;387;9278;2.287712238446782
2021-02-07;AT;Austria;9181;414739;321;9599;2.3144676531505355
2021-02-14;AT;Austria;9273;424012;268;9867;2.327056781411847
2021-02-21;AT;Austria;11105;435117;217;10084;2.3175375818458024
2021-02-28;AT;Austria;13481;448598;225;10309;2.298048586930838
2021-03-07;AT;Austria;15679;464277;196;10505;2.2626578529627785
2021-03-14;AT;Austria;17980;482257;208;10713;2.2214296526540824
2021-03-21;AT;Austria;20380;502637;243;10956;2.1797042398390887
2021-03-28;AT;Austria;21544;524181;219;11175;2.131897188184997
2021-04-04;AT;Austria;21501;545682;249;11424;2.0935269992413166
2021-04-11;AT;Austria;18730;564412;264;11688;2.0708276932453598
2021-04-18;AT;Austria;16783;581195;250;11938;2.0540438235015785
2021-04-25;AT;Austria;15655;596850;221;12159;2.0371952751947724
2021-05-02;AT;Austria;13512;610362;178;12337;2.0212595148452883
2021-05-09;AT;Austria;9651;620013;180;12517;2.018828637464053
2021-05-16;AT;Austria;6321;626334;117;12634;2.017134627850316
2021-05-23;AT;Austria;4502;630836;80;12714;2.015420806675586
2021-05-30;AT;Austria;3299;634135;75;12789;2.016762992107359
2021-06-06;AT;Austria;2499;636634;55;12844;2.0174857139266833
2021-06-13;AT;Austria;2011;638645;39;12883;2.0172396245175332
2021-06-20;AT;Austria;1088;639733;31;12914;2.0186546574899213
2021-06-27;AT;Austria;765;640498;26;12940;2.0203029517656574
2021-07-04;AT;Austria;630;641128;22;12962;2.021749167092999
2021-07-11;AT;Austria;895;642023;16;12978;2.0214229085250843
2021-07-18;AT;Austria;1940;643963;14;12992;2.01750721702955
2021-07-25;AT;Austria;2481;646444;13;13005;2.011775188570085
2021-08-01;AT;Austria;3134;649578;13;13018;2.004070334894347
2021-08-08;AT;Austria;3433;653011;23;13041;1.9970567111426913
2021-08-15;AT;Austria;5269;658280;13;13054;1.9830467278361792
2021-08-22;AT;Austria;7609;665889;14;13068;1.9624892437027794
2021-08-29;AT;Austria;9095;674984;27;13095;1.9400459862752302
2021-09-05;AT;Austria;10736;685720;38;13133;1.915213206556612
2021-09-12;AT;Austria;13822;699542;59;13192;1.885805284028693
2021-09-19;AT;Austria;14233;713775;68;13260;1.8577282757171378
2021-09-26;AT;Austria;11737;725512;78;13338;1.838425828931844
2021-10-03;AT;Austria;12441;737953;77;13415;1.8178664494893308
2021-10-10;AT;Austria;12820;750773;77;13492;1.7970811417032846
2021-10-17;AT;Austria;14078;764851;88;13580;1.7755092168278526
2021-10-24;AT;Austria;21646;786497;111;13691;1.7407567988180501
2021-10-31;AT;Austria;30465;816962;137;13828;1.6926123858882054
2021-11-07;AT;Austria;50720;867682;192;14020;1.6157993366233252
2021-11-14;AT;Austria;72220;939902;287;14307;1.5221799719545228
2021-11-21;AT;Austria;93928;1033830;386;14693;1.4212201232310921
2021-11-28;AT;Austria;90679;1124509;467;15160;1.3481439454908766
2021-12-05;AT;Austria;58797;1183306;483;15643;1.3219741977138626
2021-12-12;AT;Austria;32187;1215493;443;16086;1.3234136272277996
2021-12-19;AT;Austria;21481;1236974;303;16389;1.3249267971679275
2021-12-26;AT;Austria;15114;1252088;198;16587;1.3247471423733794
2022-01-02;AT;Austria;19925;1272013;154;16741;1.3161029014640573
2022-01-09;AT;Austria;47142;1319155;89;16830;1.2758167160038054
2022-01-16;AT;Austria;101269;1420424;72;16902;1.1899263881770514
2022-01-23;AT;Austria;158635;1579059;71;16973;1.0748806726031135
2022-01-30;AT;Austria;220484;1799543;106;17079;0.9490742927509929
2022-02-06;AT;Austria;231714;2031257;127;17206;0.8470616962796927
2022-02-13;AT;Austria;223088;2254345;170;17376;0.7707782083044078
2022-02-20;AT;Austria;200933;2455278;201;17577;0.7158863476966763
2022-02-27;AT;Austria;185138;2640416;213;17790;0.673757468520112
2022-03-06;AT;Austria;206248;2846664;228;18018;0.6329514126008549
2022-03-13;AT;Austria;281597;3128261;192;18210;0.5821125539077462
2022-03-20;AT;Austria;319108;3447369;226;18436;0.534784643013266
2022-03-27;AT;Austria;270232;3717601;288;18724;0.5036581386759903
2022-04-03;AT;Austria;172589;3890190;289;19013;0.48874219511129274
2022-04-10;AT;Austria;103990;3994180;226;19239;0.48167583834479166
2022-04-17;AT;Austria;68173;4062353;179;19418;0.4779988346655251
2022-04-24;AT;Austria;52197;4114550;138;19556;0.475288913732972
2022-05-01;AT;Austria;41690;4156240;100;19656;0.47292745366003885
2022-05-08;AT;Austria;37988;4194228;76;19732;0.4704560648586581
2022-05-15;AT;Austria;31290;4225518;61;19793;0.4684159433233985
2022-05-22;AT;Austria;22565;4248083;34;19827;0.46672816891760355
2022-05-29;AT;Austria;15151;4263234;39;19866;0.4659842739103695
2022-06-05;AT;Austria;18678;4281912;21;19887;0.4644420529894122
2022-06-12;AT;Austria;23968;4305880;22;19909;0.4623677389987645
2022-06-19;AT;Austria;35416;4341296;28;19937;0.459240742856511
2022-06-26;AT;Austria;58037;4399333;33;19970;0.4539324483961546
2022-07-03;AT;Austria;68562;4467895;53;20023;0.4481528773617106
2022-07-10;AT;Austria;74223;4542118;58;20081;0.4421065238727836
2022-07-17;AT;Austria;80557;4622675;57;20138;0.4356352112142861
2022-07-24;AT;Austria;82554;4705229;89;20227;0.42988343394125983
2022-07-31;AT;Austria;60380;4765609;104;20331;0.42661913723933287
2022-08-07;AT;Austria;44332;4809941;76;20407;0.4242671583705496
2022-08-14;AT;Austria;39284;4849225;83;20490;0.422541746361532
2022-08-21;AT;Austria;37611;4886836;57;20547;0.42045609879275675
2022-08-28;AT;Austria;34819;4921655;55;20602;0.4185990281724339
2022-09-04;AT;Austria;30154;4951809;32;20634;0.41669620132763596
2022-09-11;AT;Austria;28946;4980755;52;20686;0.4153185611418349
2022-09-18;AT;Austria;33920;5014675;34;20720;0.41318729528832876
2022-09-25;AT;Austria;47759;5062434;33;20753;0.40994114688705074
2022-10-02;AT;Austria;77655;5140089;51;20804;0.4047400735668195
2022-10-09;AT;Austria;96821;5236910;86;20890;0.3988993509531384
2022-10-16;AT;Austria;90835;5327745;93;20983;0.39384392458723155
2022-10-23;AT;Austria;64550;5392295;69;21052;0.39040890752453267
2022-10-30;AT;Austria;39248;5431543;91;21143;0.38926323514331007
2022-11-06;AT;Austria;30833;5462376;57;21200;0.38810949667324257
2022-11-13;AT;Austria;25591;5487967;49;21249;0.3871925614713062
2022-11-20;AT;Austria;26519;5514486;61;21310;0.386436741339084
2022-11-27;AT;Austria;29327;5543813;41;21351;0.38513203818382763
2022-12-04;AT;Austria;33020;5576833;50;21401;0.3837482671616669
2022-12-11;AT;Austria;31822;5608655;43;21444;0.382337654927964
2022-12-18;AT;Austria;36251;5644906;52;21496;0.3808035067368704
2022-12-25;AT;Austria;33439;5678345;75;21571;0.3798818141553569
2023-01-01;AT;Austria;26728;5705073;73;21644;0.37938164857837925
2023-01-08;AT;Austria;19106;5724179;64;21708;0.37923342369272517
2023-01-15;AT;Austria;16350;5740529;66;21774;0.3793030224218012
2023-01-22;AT;Austria;13499;5754028;42;21816;0.3791430976700148
2023-01-29;AT;Austria;18243;5772271;42;21858;0.3786724497169312
2023-02-05;AT;Austria;26105;5798376;54;21912;0.37789891514451635
2023-02-12;AT;Austria;27763;5826139;37;21949;0.37673320186833853
2023-02-19;AT;Austria;33324;5859463;34;21983;0.3751708987666617
2023-02-26;AT;Austria;37763;5897226;60;22043;0.3737859122238151
2023-03-05;AT;Austria;39473;5936699;54;22097;0.37221021311675057
2023-03-12;AT;Austria;34418;5971117;72;22169;0.3712705679691086
2023-03-19;AT;Austria;28347;5999464;47;22216;0.3702997467773788
2023-03-26;AT;Austria;22317;6021781;58;22274;0.3698905689197266
2023-04-02;AT;Austria;14310;6036091;41;22315;0.3696929022441842
2023-04-09;AT;Austria;9089;6045180;38;22353;0.3697656645459688
2023-04-16;AT;Austria;7508;6052688;36;22389;0.36990176926350743
2023-04-23;AT;Austria;6676;6059364;29;22418;0.36997282223018785
2023-04-30;AT;Austria;5463;6064827;33;22451;0.370183683722553
2023-05-07;AT;Austria;4026;6068853;20;22471;0.37026766013281254
2023-05-14;AT;Austria;3061;6071914;13;22484;0.3702950997000287
2023-05-21;AT;Austria;2145;6074059;12;22496;0.37036189473958026
2023-05-28;AT;Austria;2345;6076404;12;22508;0.37041645025577624
2023-06-04;AT;Austria;1468;6077872;12;22520;0.3705244203892415
2023-06-11;AT;Austria;1018;6078890;5;22525;0.37054462245574443
2023-06-18;AT;Austria;1057;6079947;7;22532;0.37059533578170994
2023-06-25;AT;Austria;828;6080775;2;22534;0.37057776352520855
2023-07-02;AT;Austria;512;6081287;0;22534;0.37054656358103144
2023-07-09;AT;Austria;0;6081287;0;22534;0.37054656358103144
2023-07-16;AT;Austria;0;6081287;0;22534;0.37054656358103144
2023-07-23;AT;Austria;0;6081287;0;22534;0.37054656358103144
2023-07-30;AT;Austria;0;6081287;0;22534;0.37054656358103144
2023-08-06;AT;Austria;0;6081287;0;22534;0.37054656358103144
2023-08-13;AT;Austria;0;6081287;0;22534;0.37054656358103144
2023-08-20;AT;Austria;0;6081287;0;22534;0.37054656358103144
2023-08-27;AT;Austria;0;6081287;0;22534;0.37054656358103144
2023-09-03;AT;Austria;0;6081287;0;22534;0.37054656358103144
2023-09-10;AT;Austria;0;6081287;0;22534;0.37054656358103144
2023-09-17;AT;Austria;0;6081287;0;22534;0.37054656358103144
2023-09-24;AT;Austria;0;6081287;0;22534;0.37054656358103144
2023-10-01;AT;Austria;0;6081287;0;22534;0.37054656358103144
2023-10-08;AT;Austria;0;6081287;0;22534;0.37054656358103144
2023-10-15;AT;Austria;0;6081287;0;22534;0.37054656358103144
2023-10-22;AT;Austria;0;6081287;0;22534;0.37054656358103144
2023-10-29;AT;Austria;0;6081287;0;22534;0.37054656358103144
2023-11-05;AT;Austria;0;6081287;0;22534;0.37054656358103144
2023-11-12;AT;Austria;0;6081287;0;22534;0.37054656358103144
2023-11-19;AT;Austria;0;6081287;0;22534;0.37054656358103144
2023-11-26;AT;Austria;0;6081287;0;22534;0.37054656358103144
2023-12-03;AT;Austria;0;6081287;0;22534;0.37054656358103144
2023-12-10;AT;Austria;0;6081287;0;22534;0.37054656358103144
2023-12-17;AT;Austria;0;6081287;0;22534;0.37054656358103144
2023-12-24;AT;Austria;0;6081287;0;22534;0.37054656358103144
2023-12-31;AT;Austria;0;6081287;0;22534;0.37054656358103144
2024-01-07;AT;Austria;0;6081287;0;22534;0.37054656358103144
2024-01-14;AT;Austria;0;6081287;0;22534;0.37054656358103144
2024-01-21;AT;Austria;0;6081287;0;22534;0.37054656358103144
2020-01-05;AZ;Azerbaijan;0;0;0;0;0.0
2020-01-12;AZ;Azerbaijan;0;0;0;0;0.0
2020-01-19;AZ;Azerbaijan;0;0;0;0;0.0
2020-01-26;AZ;Azerbaijan;0;0;0;0;0.0
2020-02-02;AZ;Azerbaijan;0;0;0;0;0.0
2020-02-09;AZ;Azerbaijan;0;0;0;0;0.0
2020-02-16;AZ;Azerbaijan;0;0;0;0;0.0
2020-02-23;AZ;Azerbaijan;0;0;0;0;0.0
2020-03-01;AZ;Azerbaijan;3;3;0;0;0.0
2020-03-08;AZ;Azerbaijan;6;9;0;0;0.0
2020-03-15;AZ;Azerbaijan;2;11;0;0;0.0
2020-03-22;AZ;Azerbaijan;42;53;1;1;1.8867924528301887
2020-03-29;AZ;Azerbaijan;94;147;2;3;2.0408163265306123
2020-04-05;AZ;Azerbaijan;296;443;2;5;1.1286681715575622
2020-04-12;AZ;Azerbaijan;548;991;5;10;1.0090817356205852
2020-04-19;AZ;Azerbaijan;349;1340;5;15;1.1194029850746268
2020-04-26;AZ;Azerbaijan;252;1592;6;21;1.3190954773869346
2020-05-03;AZ;Azerbaijan;262;1854;4;25;1.348435814455232
2020-05-10;AZ;Azerbaijan;425;2279;3;28;1.228609039052216
2020-05-17;AZ;Azerbaijan;701;2980;8;36;1.2080536912751678
2020-05-24;AZ;Azerbaijan;875;3855;10;46;1.1932555123216602
2020-05-31;AZ;Azerbaijan;1134;4989;12;58;1.1625576267789137
2020-06-07;AZ;Azerbaijan;1871;6860;24;82;1.19533527696793
2020-06-14;AZ;Azerbaijan;2358;9218;31;113;1.225862443046214
2020-06-21;AZ;Azerbaijan;2549;11767;30;143;1.2152630237103765
2020-06-28;AZ;Azerbaijan;3602;15369;44;187;1.216734986010801
2020-07-05;AZ;Azerbaijan;3898;19267;48;235;1.2197020812788706
2020-07-12;AZ;Azerbaijan;3723;22990;57;292;1.2701174423662462
2020-07-19;AZ;Azerbaijan;3646;26636;49;341;1.2802222555939329
2020-07-26;AZ;Azerbaijan;2676;29312;59;400;1.3646288209606987
2020-08-02;AZ;Azerbaijan;2566;31878;48;448;1.4053579270970575
2020-08-09;AZ;Azerbaijan;1498;33376;35;483;1.4471476510067114
2020-08-16;AZ;Azerbaijan;642;34018;21;504;1.481568581339291
2020-08-23;AZ;Azerbaijan;903;34921;8;512;1.4661664900776037
2020-08-30;AZ;Azerbaijan;1065;35986;15;527;1.464458400489079
2020-09-06;AZ;Azerbaijan;1045;37031;16;543;1.4663390132591614
2020-09-13;AZ;Azerbaijan;1006;38037;14;557;1.4643636459237057
2020-09-20;AZ;Azerbaijan;857;38894;15;572;1.4706638556075486
2020-09-27;AZ;Azerbaijan;893;39787;11;583;1.4653027370749239
2020-10-04;AZ;Azerbaijan;666;40453;11;594;1.4683707018020913
2020-10-11;AZ;Azerbaijan;1066;41519;11;605;1.4571641898889665
2020-10-18;AZ;Azerbaijan;2270;43789;16;621;1.4181643791819865
2020-10-25;AZ;Azerbaijan;4432;48221;35;656;1.3604031438584847
2020-11-01;AZ;Azerbaijan;5953;54174;62;718;1.3253590283161665
2020-11-08;AZ;Azerbaijan;8164;62338;93;811;1.3009721197343516
2020-11-15;AZ;Azerbaijan;9242;71580;116;927;1.295054484492875
2020-11-22;AZ;Azerbaijan;15583;87163;152;1079;1.2379105813246445
2020-11-29;AZ;Azerbaijan;22650;109813;212;1291;1.175634943039531
2020-12-06;AZ;Azerbaijan;28187;138000;260;1551;1.123913043478261
2020-12-13;AZ;Azerbaijan;29155;167155;289;1840;1.10077473004098
2020-12-20;AZ;Azerbaijan;28267;195422;293;2133;1.0914840703707873
2020-12-27;AZ;Azerbaijan;16342;211764;283;2416;1.1408926918645284
2021-01-03;AZ;Azerbaijan;7277;219041;254;2670;1.2189498769636735
2021-01-10;AZ;Azerbaijan;4376;223417;199;2869;1.284145790159209
2021-01-17;AZ;Azerbaijan;3132;226549;114;2983;1.3167129406883278
2021-01-24;AZ;Azerbaijan;1977;228526;81;3064;1.3407664773373709
2021-01-31;AZ;Azerbaijan;1409;229935;55;3119;1.3564703068258421
2021-02-07;AZ;Azerbaijan;972;230907;34;3153;1.365484805571074
2021-02-14;AZ;Azerbaijan;933;231840;20;3173;1.368616287094548
2021-02-21;AZ;Azerbaijan;989;232829;20;3193;1.37139273887703
2021-02-28;AZ;Azerbaijan;1160;233989;20;3213;1.3731414724623807
2021-03-07;AZ;Azerbaijan;2376;236365;25;3238;1.3699151735663062
2021-03-14;AZ;Azerbaijan;3327;239692;38;3276;1.3667540009679089
2021-03-21;AZ;Azerbaijan;5798;245490;63;3339;1.360136869118905
2021-03-28;AZ;Azerbaijan;8880;254370;125;3464;1.361795809254236
2021-04-04;AZ;Azerbaijan;14344;268714;184;3648;1.3575772010390228
2021-04-11;AZ;Azerbaijan;14865;283579;231;3879;1.3678727973510028
2021-04-18;AZ;Azerbaijan;14943;298522;228;4107;1.3757779996114188
2021-04-25;AZ;Azerbaijan;12943;311465;235;4342;1.394057117172074
2021-05-02;AZ;Azerbaijan;8857;320322;196;4538;1.416699446182279
2021-05-09;AZ;Azerbaijan;5734;326056;128;4666;1.4310425203032608
2021-05-16;AZ;Azerbaijan;3315;329371;102;4768;1.4476077128830407
2021-05-23;AZ;Azerbaijan;2864;332235;83;4851;1.460111065962346
2021-05-30;AZ;Azerbaijan;1488;333723;52;4903;1.4691825256275415
2021-06-06;AZ;Azerbaijan;924;334647;33;4936;1.4749870759337451
2021-06-13;AZ;Azerbaijan;479;335126;17;4953;1.4779515764220024
2021-06-20;AZ;Azerbaijan;311;335437;8;4961;1.478966244033902
2021-06-27;AZ;Azerbaijan;359;335796;6;4967;1.4791718781641234
2021-07-04;AZ;Azerbaijan;522;336318;10;4977;1.4798494282197205
2021-07-11;AZ;Azerbaijan;780;337098;7;4984;1.4785018006633086
2021-07-18;AZ;Azerbaijan;1085;338183;7;4991;1.475828175869278
2021-07-25;AZ;Azerbaijan;1874;340057;11;5002;1.4709298735212037
2021-08-01;AZ;Azerbaijan;3792;343849;21;5023;1.4608156487295294
2021-08-08;AZ;Azerbaijan;6756;350605;33;5056;1.4420786925457425
2021-08-15;AZ;Azerbaijan;14404;365009;82;5138;1.4076365240309143
2021-08-22;AZ;Azerbaijan;23428;388437;141;5279;1.359036343087811
2021-08-29;AZ;Azerbaijan;25549;413986;233;5512;1.3314459909272294
2021-09-05;AZ;Azerbaijan;25576;439562;288;5800;1.319495315791629
2021-09-12;AZ;Azerbaijan;15482;455044;231;6031;1.3253663382002618
2021-09-19;AZ;Azerbaijan;15941;470985;249;6280;1.333375797530707
2021-09-26;AZ;Azerbaijan;8829;479814;153;6433;1.3407278653811685
2021-10-03;AZ;Azerbaijan;5461;485275;126;6559;1.3516047601875225
2021-10-10;AZ;Azerbaijan;5872;491147;95;6654;1.354787874098793
2021-10-17;AZ;Azerbaijan;9164;500311;92;6746;1.3483613192594206
2021-10-24;AZ;Azerbaijan;13978;514289;123;6869;1.3356303556949496
2021-10-31;AZ;Azerbaijan;14820;529109;180;7049;1.3322396708428699
2021-11-07;AZ;Azerbaijan;15541;544650;192;7241;1.329477646194804
2021-11-14;AZ;Azerbaijan;13781;558431;175;7416;1.3280065039369233
2021-11-21;AZ;Azerbaijan;13654;572085;183;7599;1.3282991163900468
2021-11-28;AZ;Azerbaijan;12036;584121;190;7789;1.3334565954656656
2021-12-05;AZ;Azerbaijan;10873;594994;158;7947;1.3356437207770162
2021-12-12;AZ;Azerbaijan;8369;603363;123;8070;1.3375032940369231
2021-12-19;AZ;Azerbaijan;6034;609397;112;8182;1.3426387067872012
2021-12-26;AZ;Azerbaijan;4722;614119;102;8284;1.3489242312971916
2022-01-02;AZ;Azerbaijan;3192;617311;81;8365;1.3550706208053964
2022-01-09;AZ;Azerbaijan;3368;620679;72;8437;1.3593177793996576
2022-01-16;AZ;Azerbaijan;4239;624918;73;8510;1.3617786653608954
2022-01-23;AZ;Azerbaijan;7116;632034;87;8597;1.360211634184237
2022-01-30;AZ;Azerbaijan;19307;651341;103;8700;1.3357058744958479
2022-02-06;AZ;Azerbaijan;39839;691180;146;8846;1.2798402731560519
2022-02-13;AZ;Azerbaijan;47148;738328;181;9027;1.222627341777638
2022-02-20;AZ;Azerbaijan;33381;771709;184;9211;1.1935846284026752
2022-02-27;AZ;Azerbaijan;12551;784260;167;9378;1.1957769107183842
2022-03-06;AZ;Azerbaijan;4698;788958;122;9500;1.2041198644287783
2022-03-13;AZ;Azerbaijan;1617;790575;99;9599;1.2141795528570978
2022-03-20;AZ;Azerbaijan;829;791404;52;9651;1.2194782942719522
2022-03-27;AZ;Azerbaijan;291;791695;28;9679;1.2225667712945012
2022-04-03;AZ;Azerbaijan;324;792019;18;9697;1.2243393150921884
2022-04-10;AZ;Azerbaijan;197;792216;6;9703;1.2247922283821584
2022-04-17;AZ;Azerbaijan;133;792349;2;9705;1.2248390545075465
2022-04-24;AZ;Azerbaijan;127;792476;2;9707;1.224895138780228
2022-05-01;AZ;Azerbaijan;86;792562;2;9709;1.2250145729923967
2022-05-08;AZ;Azerbaijan;56;792618;0;9709;1.2249280233353266
2022-05-15;AZ;Azerbaijan;50;792668;0;9709;1.224850757189643
2022-05-22;AZ;Azerbaijan;40;792708;1;9710;1.2249151011469546
2022-05-29;AZ;Azerbaijan;49;792757;2;9712;1.2250916737411337
2022-06-05;AZ;Azerbaijan;47;792804;1;9713;1.2251451809022156
2022-06-12;AZ;Azerbaijan;66;792870;2;9715;1.2252954456594398
2022-06-19;AZ;Azerbaijan;115;792985;1;9716;1.2252438570716975
2022-06-26;AZ;Azerbaijan;155;793140;1;9717;1.2251304939859293
2022-07-03;AZ;Azerbaijan;195;793335;0;9717;1.2248293596021858
2022-07-10;AZ;Azerbaijan;360;793695;2;9719;1.224525793913279
2022-07-17;AZ;Azerbaijan;703;794398;4;9723;1.22394567962155
2022-07-24;AZ;Azerbaijan;1743;796141;12;9735;1.2227733529613471
2022-07-31;AZ;Azerbaijan;2263;798404;12;9747;1.2208105169813779
2022-08-07;AZ;Azerbaijan;3066;801470;13;9760;1.217762361660449
2022-08-14;AZ;Azerbaijan;3115;804585;13;9773;1.2146634600446193
2022-08-21;AZ;Azerbaijan;3399;807984;11;9784;1.2109150676251015
2022-08-28;AZ;Azerbaijan;3575;811559;21;9805;1.2081684757362063
2022-09-04;AZ;Azerbaijan;3488;815047;17;9822;1.2050838785984122
2022-09-11;AZ;Azerbaijan;2549;817596;30;9852;1.204996110548486
2022-09-18;AZ;Azerbaijan;1742;819338;32;9884;1.2063397523366426
2022-09-25;AZ;Azerbaijan;1324;820662;19;9903;1.206708730268978
2022-10-02;AZ;Azerbaijan;870;821532;16;9919;1.207378410092364
2022-10-09;AZ;Azerbaijan;572;822104;8;9927;1.2075114584042894
2022-10-16;AZ;Azerbaijan;434;822538;4;9931;1.2073606325786772
2022-10-23;AZ;Azerbaijan;370;822908;6;9937;1.2075468946710932
2022-10-30;AZ;Azerbaijan;294;823202;7;9944;1.2079659670408964
2022-11-06;AZ;Azerbaijan;294;823496;11;9955;1.2088704741735237
2022-11-13;AZ;Azerbaijan;192;823688;6;9961;1.2093171200745914
2022-11-20;AZ;Azerbaijan;235;823923;11;9972;1.210307273859329
2022-11-27;AZ;Azerbaijan;270;824193;4;9976;1.2103961086784285
2022-12-04;AZ;Azerbaijan;259;824452;7;9983;1.2108649139064493
2022-12-11;AZ;Azerbaijan;350;824802;3;9986;1.2107148139795976
2022-12-18;AZ;Azerbaijan;535;825337;7;9993;1.2107781427465387
2022-12-25;AZ;Azerbaijan;556;825893;13;10006;1.2115370877341254
2023-01-01;AZ;Azerbaijan;508;826401;2;10008;1.2110343525721774
2023-01-08;AZ;Azerbaijan;402;826803;9;10017;1.211534065551286
2023-01-15;AZ;Azerbaijan;497;827300;28;10045;1.2141907409645836
2023-01-22;AZ;Azerbaijan;338;827638;23;10068;1.2164738690103645
2023-01-29;AZ;Azerbaijan;242;827880;13;10081;1.2176885538967
2023-02-05;AZ;Azerbaijan;184;828064;14;10095;1.219108667929049
2023-02-12;AZ;Azerbaijan;146;828210;3;10098;1.2192559858007026
2023-02-19;AZ;Azerbaijan;128;828338;5;10103;1.2196711970234373
2023-02-26;AZ;Azerbaijan;154;828492;13;10116;1.221013600614128
2023-03-05;AZ;Azerbaijan;190;828682;11;10127;1.2220610559901144
2023-03-12;AZ;Azerbaijan;224;828906;16;10143;1.2236610665141765
2023-03-19;AZ;Azerbaijan;311;829217;10;10153;1.224408086182507
2023-03-26;AZ;Azerbaijan;128;829345;7;10160;1.2250631522466524
2023-04-02;AZ;Azerbaijan;454;829799;24;10184;1.2272851618283465
2023-04-09;AZ;Azerbaijan;502;830301;13;10197;1.2281088424559286
2023-04-16;AZ;Azerbaijan;479;830780;15;10212;1.2292062880666361
2023-04-23;AZ;Azerbaijan;315;831095;10;10222;1.229943628586383
2023-04-30;AZ;Azerbaijan;259;831354;19;10241;1.2318458803349717
2023-05-07;AZ;Azerbaijan;186;831540;16;10257;1.2334944801212209
2023-05-14;AZ;Azerbaijan;108;831648;11;10268;1.234656970256647
2023-05-21;AZ;Azerbaijan;79;831727;4;10272;1.2350206257582117
2023-05-28;AZ;Azerbaijan;85;831812;1;10273;1.2350146427317712
2023-06-04;AZ;Azerbaijan;47;831859;4;10277;1.235425715175288
2023-06-11;AZ;Azerbaijan;19;831878;3;10280;1.2357581279947298
2023-06-18;AZ;Azerbaijan;12;831890;1;10281;1.23586051040402
2023-06-25;AZ;Azerbaijan;6;831896;0;10281;1.2358515968342196
2023-07-02;AZ;Azerbaijan;42;831938;1;10282;1.2359094067105962
2023-07-09;AZ;Azerbaijan;12;831950;1;10283;1.2360117795540597
2023-07-16;AZ;Azerbaijan;12;831962;2;10285;1.2362343472418211
2023-07-23;AZ;Azerbaijan;21;831983;3;10288;1.2365637278646318
2023-07-30;AZ;Azerbaijan;21;832004;1;10289;1.2366527084004404
2023-08-06;AZ;Azerbaijan;17;832021;1;10290;1.2367476301679885
2023-08-13;AZ;Azerbaijan;15;832036;3;10293;1.237085895321837
2023-08-20;AZ;Azerbaijan;8;832044;2;10295;1.2373143727975924
2023-08-27;AZ;Azerbaijan;27;832071;0;10295;1.2372742229929896
2023-09-03;AZ;Azerbaijan;241;832312;7;10302;1.237756994973039
2023-09-10;AZ;Azerbaijan;126;832438;0;10302;1.2375696448264015
2023-09-17;AZ;Azerbaijan;142;832580;0;10302;1.2373585721492228
2023-09-24;AZ;Azerbaijan;229;832809;19;10321;1.2392997674136568
2023-10-01;AZ;Azerbaijan;380;833189;11;10332;1.2400547774874608
2023-10-08;AZ;Azerbaijan;361;833550;5;10337;1.2401175694319477
2023-10-15;AZ;Azerbaijan;249;833799;10;10347;1.2409465590627957
2023-10-22;AZ;Azerbaijan;156;833955;6;10353;1.2414338903178228
2023-10-29;AZ;Azerbaijan;0;833955;0;10353;1.2414338903178228
2023-11-05;AZ;Azerbaijan;43;833998;0;10353;1.2413698833810154
2023-11-12;AZ;Azerbaijan;19;834017;0;10353;1.2413416033486129
2023-11-19;AZ;Azerbaijan;21;834038;0;10353;1.241310347969757
2023-11-26;AZ;Azerbaijan;12;834050;0;10353;1.2412924884599246
2023-12-03;AZ;Azerbaijan;20;834070;0;10353;1.2412627237522031
2023-12-10;AZ;Azerbaijan;95;834165;0;10353;1.2411213608818399
2023-12-17;AZ;Azerbaijan;18;834183;0;10353;1.2410945799662665
2023-12-24;AZ;Azerbaijan;39;834222;0;10353;1.241036558613894
2023-12-31;AZ;Azerbaijan;32;834254;0;10353;1.2409889554020719
2024-01-07;AZ;Azerbaijan;33;834287;0;10353;1.2409398684145863
2024-01-14;AZ;Azerbaijan;49;834336;0;10353;1.240866988839029
2024-01-21;AZ;Azerbaijan;35;834371;0;10353;1.2408149372401485
2020-01-05;BS;Bahamas;0;0;0;0;0.0
2020-01-12;BS;Bahamas;0;0;0;0;0.0
2020-01-19;BS;Bahamas;0;0;0;0;0.0
2020-01-26;BS;Bahamas;0;0;0;0;0.0
2020-02-02;BS;Bahamas;0;0;0;0;0.0
2020-02-09;BS;Bahamas;0;0;0;0;0.0
2020-02-16;BS;Bahamas;0;0;0;0;0.0
2020-02-23;BS;Bahamas;0;0;0;0;0.0
2020-03-01;BS;Bahamas;0;0;0;0;0.0
2020-03-08;BS;Bahamas;0;0;0;0;0.0
2020-03-15;BS;Bahamas;0;0;0;0;0.0
2020-03-22;BS;Bahamas;4;4;0;0;0.0
2020-03-29;BS;Bahamas;5;9;0;0;0.0
2020-05-10;BS;Bahamas;10;92;0;11;11.956521739130435
2020-05-17;BS;Bahamas;4;96;0;11;11.458333333333332
2020-05-24;BS;Bahamas;1;97;0;11;11.34020618556701
2020-05-31;BS;Bahamas;4;101;0;11;10.891089108910892
2020-06-07;BS;Bahamas;2;103;0;11;10.679611650485436
2020-06-14;BS;Bahamas;0;103;0;11;10.679611650485436
2020-06-21;BS;Bahamas;1;104;0;11;10.576923076923077
2020-06-28;BS;Bahamas;0;104;0;11;10.576923076923077
2020-07-05;BS;Bahamas;0;104;0;11;10.576923076923077
2020-07-12;BS;Bahamas;4;108;0;11;10.185185185185185
2020-07-19;BS;Bahamas;21;129;0;11;8.527131782945736
2020-07-26;BS;Bahamas;187;316;0;11;3.481012658227848
2020-08-02;BS;Bahamas;192;508;3;14;2.7559055118110236
2020-08-09;BS;Bahamas;322;830;0;14;1.6867469879518073
2020-08-16;BS;Bahamas;289;1119;3;17;1.519213583556747
2020-08-23;BS;Bahamas;584;1703;10;27;1.5854374633000587
2020-08-30;BS;Bahamas;354;2057;13;40;1.9445794846864366
2020-09-06;BS;Bahamas;419;2476;15;55;2.221324717285945
2020-09-13;BS;Bahamas;398;2874;12;67;2.3312456506610997
2020-09-20;BS;Bahamas;303;3177;2;69;2.1718602455146363
2020-09-27;BS;Bahamas;613;3790;20;89;2.3482849604221636
2020-10-04;BS;Bahamas;542;4332;7;96;2.21606648199446
2020-10-11;BS;Bahamas;623;4955;10;106;2.139253279515641
2020-10-18;BS;Bahamas;673;5628;10;116;2.061122956645345
2020-10-25;BS;Bahamas;724;6352;16;132;2.0780856423173804
2020-11-01;BS;Bahamas;362;6714;12;144;2.1447721179624666
2020-11-08;BS;Bahamas;233;6947;8;152;2.1879948179070103
2020-11-15;BS;Bahamas;216;7163;3;155;2.1638978081809297
2020-11-22;BS;Bahamas;232;7395;8;163;2.2041920216362407
2020-11-29;BS;Bahamas;101;7496;0;163;2.1744930629669157
2020-12-06;BS;Bahamas;74;7570;0;163;2.153236459709379
2020-12-13;BS;Bahamas;89;7659;0;163;2.1282151716934328
2020-12-20;BS;Bahamas;74;7733;1;164;2.120781068149489
2020-12-27;BS;Bahamas;55;7788;5;169;2.170005136106831
2021-01-03;BS;Bahamas;111;7899;2;171;2.1648309912647172
2021-01-10;BS;Bahamas;78;7977;4;175;2.1938071956876017
2021-01-17;BS;Bahamas;62;8039;0;175;2.176887672596094
2021-01-24;BS;Bahamas;71;8110;0;175;2.157829839704069
2021-01-31;BS;Bahamas;73;8183;1;176;2.1508004399364533
2021-02-07;BS;Bahamas;87;8270;0;176;2.128174123337364
2021-02-14;BS;Bahamas;89;8359;3;179;2.1414044742194043
2021-02-21;BS;Bahamas;94;8453;0;179;2.1175913876730155
2021-02-28;BS;Bahamas;89;8542;1;180;2.107234839616015
2021-03-07;BS;Bahamas;74;8616;2;182;2.1123491179201483
2021-03-14;BS;Bahamas;106;8722;3;185;2.121073148360468
2021-03-21;BS;Bahamas;162;8884;1;186;2.0936515083295815
2021-03-28;BS;Bahamas;150;9034;2;188;2.081027230462696
2021-04-04;BS;Bahamas;200;9234;1;189;2.046783625730994
2021-04-11;BS;Bahamas;183;9417;0;189;2.0070086014654347
2021-04-18;BS;Bahamas;279;9696;5;194;2.0008250825082508
2021-04-25;BS;Bahamas;354;10050;2;196;1.9502487562189055
2021-05-02;BS;Bahamas;469;10519;3;199;1.891814811293849
2021-05-09;BS;Bahamas;311;10830;13;212;1.9575253924284397
2021-05-16;BS;Bahamas;304;11134;6;218;1.9579665888270161
2021-05-23;BS;Bahamas;365;11499;7;225;1.9566918862509786
2021-05-30;BS;Bahamas;261;11760;5;230;1.9557823129251701
2021-06-06;BS;Bahamas;227;11987;2;232;1.9354300492199883
2021-06-13;BS;Bahamas;172;12159;5;237;1.9491734517641253
2021-06-20;BS;Bahamas;168;12327;6;243;1.9712825504989047
2021-06-27;BS;Bahamas;177;12504;2;245;1.9593730006397951
2021-07-04;BS;Bahamas;337;12841;5;250;1.9468888715832098
2021-07-11;BS;Bahamas;273;13114;4;254;1.936861369528748
2021-07-18;BS;Bahamas;352;13466;19;273;2.0273280855487896
2021-07-25;BS;Bahamas;591;14057;9;282;2.006117948353134
2021-08-01;BS;Bahamas;783;14840;5;287;1.9339622641509433
2021-08-08;BS;Bahamas;697;15537;17;304;1.9566196820493018
2021-08-15;BS;Bahamas;893;16430;9;313;1.905051734631771
2021-08-22;BS;Bahamas;848;17278;20;333;1.9273064012038428
2021-08-29;BS;Bahamas;753;18031;21;354;1.9632854528312351
2021-09-05;BS;Bahamas;735;18766;70;424;2.259405307470958
2021-09-12;BS;Bahamas;674;19440;30;454;2.3353909465020575
2021-09-19;BS;Bahamas;675;20115;52;506;2.5155356698980857
2021-09-26;BS;Bahamas;590;20705;16;522;2.5211301617966675
2021-10-03;BS;Bahamas;560;21265;33;555;2.609922407712203
2021-10-10;BS;Bahamas;361;21626;39;594;2.746693794506612
2021-10-17;BS;Bahamas;328;21954;32;626;2.851416598341988
2021-10-24;BS;Bahamas;273;22227;16;642;2.888378998515319
2021-10-31;BS;Bahamas;169;22396;1;643;2.8710484015002677
2021-11-07;BS;Bahamas;117;22513;18;661;2.936081375205437
2021-11-14;BS;Bahamas;59;22572;4;665;2.9461279461279464
2021-11-21;BS;Bahamas;86;22658;6;671;2.9614264277517877
2021-11-28;BS;Bahamas;93;22751;0;671;2.949320908971034
2021-12-05;BS;Bahamas;76;22827;30;701;3.070924782056337
2021-12-12;BS;Bahamas;69;22896;7;708;3.0922431865828095
2021-12-19;BS;Bahamas;175;23071;5;713;3.0904598847037406
2021-12-26;BS;Bahamas;559;23630;0;713;3.017350825222175
2022-01-02;BS;Bahamas;1655;25285;4;717;2.835673324105201
2022-01-09;BS;Bahamas;1837;27122;0;717;2.643610353218789
2022-01-16;BS;Bahamas;3132;30254;2;719;2.3765452502148476
2022-01-23;BS;Bahamas;1661;31915;7;726;2.2747924173586087
2022-01-30;BS;Bahamas;571;32486;19;745;2.2932955734778058
2022-02-06;BS;Bahamas;194;32680;3;748;2.2888616891064872
2022-02-13;BS;Bahamas;245;32925;9;757;2.29916476841306
2022-02-20;BS;Bahamas;116;33041;13;770;2.330437940740292
2022-02-27;BS;Bahamas;80;33121;1;771;2.327828266054769
2022-03-06;BS;Bahamas;50;33171;0;771;2.3243194356516237
2022-03-13;BS;Bahamas;23;33194;0;771;2.3227089232993916
2022-03-20;BS;Bahamas;25;33219;16;787;2.3691261025316837
2022-03-27;BS;Bahamas;35;33254;1;788;2.369639742587358
2022-04-03;BS;Bahamas;41;33295;0;788;2.366721729989488
2022-04-10;BS;Bahamas;51;33346;1;789;2.366100881664967
2022-04-17;BS;Bahamas;45;33391;0;789;2.3629121619598092
2022-04-24;BS;Bahamas;72;33463;0;789;2.3578280488898185
2022-05-01;BS;Bahamas;95;33558;9;798;2.3779724655819776
2022-05-08;BS;Bahamas;137;33695;0;798;2.3683039026561805
2022-05-15;BS;Bahamas;176;33871;3;801;2.3648548906143896
2022-05-22;BS;Bahamas;341;34212;9;810;2.36759031918625
2022-05-29;BS;Bahamas;414;34626;0;810;2.3392826199965344
2022-06-05;BS;Bahamas;384;35010;0;810;2.313624678663239
2022-06-12;BS;Bahamas;276;35286;2;812;2.3011959417332655
2022-06-19;BS;Bahamas;317;35603;3;815;2.289132938235542
2022-06-26;BS;Bahamas;211;35814;1;816;2.27843859943039
2022-07-03;BS;Bahamas;215;36029;2;818;2.2703932942907104
2022-07-10;BS;Bahamas;216;36245;4;822;2.2678990205545593
2022-07-17;BS;Bahamas;181;36426;0;822;2.2566298797562183
2022-07-24;BS;Bahamas;142;36568;0;822;2.247866987530081
2022-07-31;BS;Bahamas;148;36716;0;822;2.2388059701492535
2022-08-07;BS;Bahamas;96;36812;0;822;2.232967510594371
2022-08-14;BS;Bahamas;93;36905;1;823;2.230050128708847
2022-08-21;BS;Bahamas;78;36983;0;823;2.225346780953411
2022-08-28;BS;Bahamas;69;37052;0;823;2.221202634135809
2022-09-04;BS;Bahamas;46;37098;0;823;2.218448433877837
2022-09-11;BS;Bahamas;48;37146;7;830;2.2344263177731114
2022-09-18;BS;Bahamas;57;37203;3;833;2.2390667419294146
2022-09-25;BS;Bahamas;64;37267;0;833;2.235221509646604
2022-10-02;BS;Bahamas;42;37309;0;833;2.2327052453831513
2022-10-09;BS;Bahamas;9;37318;0;833;2.2321667827857867
2022-10-16;BS;Bahamas;16;37334;0;833;2.231210156961483
2022-10-23;BS;Bahamas;30;37364;0;833;2.229418691788888
2022-10-30;BS;Bahamas;22;37386;0;833;2.2281067779382657
2022-11-06;BS;Bahamas;33;37419;0;833;2.226141799620514
2022-11-13;BS;Bahamas;16;37435;0;833;2.225190329905169
2022-11-20;BS;Bahamas;18;37453;0;833;2.2241208981924014
2022-11-27;BS;Bahamas;23;37476;0;833;2.2227558971074823
2022-12-04;BS;Bahamas;15;37491;0;833;2.2218665813128484
2022-12-11;BS;Bahamas;0;37491;0;833;2.2218665813128484
2022-12-18;BS;Bahamas;0;37491;0;833;2.2218665813128484
2022-12-25;BS;Bahamas;0;37491;0;833;2.2218665813128484
2023-01-01;BS;Bahamas;0;37491;0;833;2.2218665813128484
2023-01-08;BS;Bahamas;0;37491;0;833;2.2218665813128484
2023-01-15;BS;Bahamas;0;37491;0;833;2.2218665813128484
2023-01-22;BS;Bahamas;0;37491;0;833;2.2218665813128484
2023-01-29;BS;Bahamas;0;37491;0;833;2.2218665813128484
2023-02-05;BS;Bahamas;0;37491;0;833;2.2218665813128484
2023-02-12;BS;Bahamas;0;37491;0;833;2.2218665813128484
2023-02-19;BS;Bahamas;0;37491;0;833;2.2218665813128484
2023-02-26;BS;Bahamas;0;37491;0;833;2.2218665813128484
2023-03-05;BS;Bahamas;0;37491;0;833;2.2218665813128484
2023-03-12;BS;Bahamas;0;37491;0;833;2.2218665813128484
2023-03-19;BS;Bahamas;0;37491;0;833;2.2218665813128484
2023-03-26;BS;Bahamas;0;37491;0;833;2.2218665813128484
2023-04-02;BS;Bahamas;0;37491;0;833;2.2218665813128484
2023-04-09;BS;Bahamas;0;37491;0;833;2.2218665813128484
2023-04-16;BS;Bahamas;512;38003;11;844;2.220877299160593
2023-04-23;BS;Bahamas;81;38084;0;844;2.2161537653607817
2023-04-30;BS;Bahamas;0;38084;0;844;2.2161537653607817
2023-05-07;BS;Bahamas;0;38084;0;844;2.2161537653607817
2023-05-14;BS;Bahamas;0;38084;0;844;2.2161537653607817
2023-05-21;BS;Bahamas;0;38084;0;844;2.2161537653607817
2023-05-28;BS;Bahamas;0;38084;0;844;2.2161537653607817
2023-06-04;BS;Bahamas;0;38084;0;844;2.2161537653607817
2023-06-11;BS;Bahamas;0;38084;0;844;2.2161537653607817
2023-06-18;BS;Bahamas;0;38084;0;844;2.2161537653607817
2023-06-25;BS;Bahamas;0;38084;0;844;2.2161537653607817
2023-07-02;BS;Bahamas;0;38084;0;844;2.2161537653607817
2023-07-09;BS;Bahamas;0;38084;0;844;2.2161537653607817
2023-07-16;BS;Bahamas;0;38084;0;844;2.2161537653607817
2023-07-23;BS;Bahamas;0;38084;0;844;2.2161537653607817
2023-07-30;BS;Bahamas;0;38084;0;844;2.2161537653607817
2023-08-06;BS;Bahamas;0;38084;0;844;2.2161537653607817
2023-08-13;BS;Bahamas;0;38084;0;844;2.2161537653607817
2023-08-20;BS;Bahamas;0;38084;0;844;2.2161537653607817
2023-08-27;BS;Bahamas;0;38084;0;844;2.2161537653607817
2023-09-03;BS;Bahamas;0;38084;0;844;2.2161537653607817
2023-09-10;BS;Bahamas;0;38084;0;844;2.2161537653607817
2023-09-17;BS;Bahamas;0;38084;0;844;2.2161537653607817
2023-09-24;BS;Bahamas;0;38084;0;844;2.2161537653607817
2023-10-01;BS;Bahamas;0;38084;0;844;2.2161537653607817
2023-10-08;BS;Bahamas;0;38084;0;844;2.2161537653607817
2023-10-15;BS;Bahamas;0;38084;0;844;2.2161537653607817
2023-10-22;BS;Bahamas;0;38084;0;844;2.2161537653607817
2023-10-29;BS;Bahamas;0;38084;0;844;2.2161537653607817
2023-11-05;BS;Bahamas;0;38084;0;844;2.2161537653607817
2023-11-12;BS;Bahamas;0;38084;0;844;2.2161537653607817
2023-11-19;BS;Bahamas;0;38084;0;844;2.2161537653607817
2023-11-26;BS;Bahamas;0;38084;0;844;2.2161537653607817
2023-12-03;BS;Bahamas;0;38084;0;844;2.2161537653607817
2023-12-10;BS;Bahamas;0;38084;0;844;2.2161537653607817
2023-12-17;BS;Bahamas;0;38084;0;844;2.2161537653607817
2023-12-24;BS;Bahamas;0;38084;0;844;2.2161537653607817
2023-12-31;BS;Bahamas;0;38084;0;844;2.2161537653607817
2024-01-07;BS;Bahamas;0;38084;0;844;2.2161537653607817
2024-01-14;BS;Bahamas;0;38084;0;844;2.2161537653607817
2024-01-21;BS;Bahamas;0;38084;0;844;2.2161537653607817
2020-01-05;BH;Bahrain;0;0;0;0;0.0
2020-01-12;BH;Bahrain;0;0;0;0;0.0
2020-01-19;BH;Bahrain;0;0;0;0;0.0
2020-01-26;BH;Bahrain;0;0;0;0;0.0
2020-02-02;BH;Bahrain;0;0;0;0;0.0
2020-02-09;BH;Bahrain;0;0;0;0;0.0
2020-02-16;BH;Bahrain;0;0;0;0;0.0
2020-02-23;BH;Bahrain;0;0;0;0;0.0
2020-03-01;BH;Bahrain;41;41;0;0;0.0
2020-03-08;BH;Bahrain;22;63;0;0;0.0
2020-03-15;BH;Bahrain;148;211;0;0;0.0
2020-03-22;BH;Bahrain;100;311;1;1;0.3215434083601286
2020-03-29;BH;Bahrain;165;476;3;4;0.8403361344537815
2020-04-05;BH;Bahrain;212;688;0;4;0.5813953488372093
2020-04-12;BH;Bahrain;352;1040;2;6;0.576923076923077
2020-04-19;BH;Bahrain;733;1773;1;7;0.39481105470953193
2020-04-26;BH;Bahrain;816;2589;1;8;0.3089996137504828
2020-05-03;BH;Bahrain;695;3284;0;8;0.24360535931790497
2020-05-10;BH;Bahrain;1490;4774;0;8;0.1675743611227482
2020-05-17;BH;Bahrain;1973;6747;4;12;0.17785682525566918
2020-05-24;BH;Bahrain;2055;8802;1;13;0.14769370597591455
2020-05-31;BH;Bahrain;1991;10793;4;17;0.1575094968961364
2020-06-07;BH;Bahrain;3590;14383;7;24;0.1668636584857123
2020-06-14;BH;Bahrain;3844;18227;15;39;0.2139682888023262
2020-06-21;BH;Bahrain;3104;21331;21;60;0.28128076508368105
2020-06-28;BH;Bahrain;3936;25267;18;78;0.30870305141093124
2020-07-05;BH;Bahrain;3590;28857;18;96;0.33267491423224865
2020-07-12;BH;Bahrain;3613;32470;8;104;0.32029565753002776
2020-07-19;BH;Bahrain;3534;36004;20;124;0.3444061770914343
2020-07-26;BH;Bahrain;2743;38747;13;137;0.3535757607040545
2020-08-02;BH;Bahrain;2443;41190;10;147;0.3568827385287691
2020-08-09;BH;Bahrain;2439;43629;14;161;0.3690206055605217
2020-08-16;BH;Bahrain;2801;46430;9;170;0.3661425802283007
2020-08-23;BH;Bahrain;2608;49038;13;183;0.37317998287042703
2020-08-30;BH;Bahrain;2353;51391;6;189;0.3677686754490086
2020-09-06;BH;Bahrain;3380;54771;7;196;0.35785360866151794
2020-09-13;BH;Bahrain;4815;59586;16;212;0.3557882724129829
2020-09-20;BH;Bahrain;4913;64499;9;221;0.34264097117784775
2020-09-27;BH;Bahrain;4276;68775;18;239;0.3475099963649582
2020-10-04;BH;Bahrain;3535;72310;19;258;0.35679712349605863
2020-10-11;BH;Bahrain;2977;75287;15;273;0.3626124032037404
2020-10-18;BH;Bahrain;2284;77571;20;293;0.3777184772659886
2020-10-25;BH;Bahrain;2404;79975;19;312;0.3901219130978431
2020-11-01;BH;Bahrain;1670;81645;9;321;0.39316553371302587
2020-11-08;BH;Bahrain;1619;83264;8;329;0.3951287471176019
2020-11-15;BH;Bahrain;1259;84523;4;333;0.393975604273393
2020-11-22;BH;Bahrain;1068;85591;5;338;0.3949013330840859
2020-11-29;BH;Bahrain;1054;86645;3;341;0.3935599284436494
2020-12-06;BH;Bahrain;1087;87732;0;341;0.3886837185975471
2020-12-13;BH;Bahrain;1233;88965;7;348;0.39116506491316805
2020-12-20;BH;Bahrain;1097;90062;1;349;0.387510825875508
2020-12-27;BH;Bahrain;1456;91518;2;351;0.383531108634367
2021-01-03;BH;Bahrain;1666;93184;1;352;0.37774725274725274
2021-01-10;BH;Bahrain;2133;95317;3;355;0.3724414322733615
2021-01-17;BH;Bahrain;1951;97268;3;358;0.3680552699757372
2021-01-24;BH;Bahrain;2188;99456;9;367;0.36900740025740025
2021-01-31;BH;Bahrain;3170;102626;5;372;0.36248124257010894
2021-02-07;BH;Bahrain;4087;106713;7;379;0.35515822814464965
2021-02-14;BH;Bahrain;5389;112102;19;398;0.35503380849583416
2021-02-21;BH;Bahrain;5132;117234;22;420;0.35825784328778343
2021-02-28;BH;Bahrain;4544;121778;24;444;0.36459787482139633
2021-03-07;BH;Bahrain;4348;126126;25;469;0.37185037185037184
2021-03-14;BH;Bahrain;4278;130404;12;481;0.36885371614367657
2021-03-21;BH;Bahrain;4922;135326;17;498;0.3680002364660154
2021-03-28;BH;Bahrain;5492;140818;15;513;0.3643000184635487
2021-04-04;BH;Bahrain;6952;147770;18;531;0.35934222101915136
2021-04-11;BH;Bahrain;7632;155402;23;554;0.35649476840709904
2021-04-18;BH;Bahrain;7711;163113;34;588;0.3604862886465211
2021-04-25;BH;Bahrain;7222;170335;32;620;0.36398861067895616
2021-05-02;BH;Bahrain;7662;177997;28;648;0.36405107951257604
2021-05-09;BH;Bahrain;9908;187905;30;678;0.36082062744471943
2021-05-16;BH;Bahrain;11188;199093;59;737;0.37017876067968236
2021-05-23;BH;Bahrain;15777;214870;72;809;0.3765067249965095
2021-05-30;BH;Bahrain;20829;235699;130;939;0.39838947131723085
2021-06-06;BH;Bahrain;13883;249582;152;1091;0.43713088283610196
2021-06-13;BH;Bahrain;8270;257852;115;1206;0.46771015931619686
2021-06-20;BH;Bahrain;4575;262427;91;1297;0.49423268185057173
2021-06-27;BH;Bahrain;2568;264995;44;1341;0.5060472839110172
2021-07-04;BH;Bahrain;1291;266286;17;1358;0.5099779935858438
2021-07-11;BH;Bahrain;826;267112;18;1376;0.5151397166731558
2021-07-18;BH;Bahrain;684;267796;4;1380;0.5153176298376376
2021-07-25;BH;Bahrain;617;268413;2;1382;0.5148781914437826
2021-08-01;BH;Bahrain;773;269186;2;1384;0.514142637432853
2021-08-08;BH;Bahrain;763;269949;0;1384;0.5126894339301127
2021-08-15;BH;Bahrain;867;270816;0;1384;0.5110480916932529
2021-08-22;BH;Bahrain;718;271534;2;1386;0.5104333159015078
2021-08-29;BH;Bahrain;712;272246;2;1388;0.5098330186669409
2021-09-05;BH;Bahrain;670;272916;0;1388;0.5085813950079878
2021-09-12;BH;Bahrain;706;273622;0;1388;0.5072691523342421
2021-09-19;BH;Bahrain;557;274179;0;1388;0.506238625131757
2021-09-26;BH;Bahrain;566;274745;1;1389;0.5055597008134816
2021-10-03;BH;Bahrain;430;275175;0;1389;0.5047696920141729
2021-10-10;BH;Bahrain;422;275597;1;1390;0.5043596265561672
2021-10-17;BH;Bahrain;433;276030;1;1391;0.5039307321667934
2021-10-24;BH;Bahrain;496;276526;2;1393;0.5037500994481531
2021-10-31;BH;Bahrain;268;276794;0;1393;0.5032623539527591
2021-11-07;BH;Bahrain;247;277041;0;1393;0.5028136629596341
2021-11-14;BH;Bahrain;160;277201;0;1393;0.502523439670131
2021-11-21;BH;Bahrain;147;277348;1;1394;0.5026176500281235
2021-11-28;BH;Bahrain;204;277552;0;1394;0.5022482273591975
2021-12-05;BH;Bahrain;251;277803;0;1394;0.5017944370651145
2021-12-12;BH;Bahrain;234;278037;0;1394;0.5013721195380471
2021-12-19;BH;Bahrain;373;278410;0;1394;0.5007004058762257
2021-12-26;BH;Bahrain;1108;279518;0;1394;0.4987156462195637
2022-01-02;BH;Bahrain;3159;282677;0;1394;0.49314234974900684
2022-01-09;BH;Bahrain;8201;290878;3;1397;0.48027007886467865
2022-01-16;BH;Bahrain;14536;305414;1;1398;0.45773933087546737
2022-01-23;BH;Bahrain;22052;327466;1;1399;0.42721992512199736
2022-01-30;BH;Bahrain;34556;362022;5;1404;0.38782173459071545
2022-02-06;BH;Bahrain;51350;413372;7;1411;0.3413390360256621
2022-02-13;BH;Bahrain;45167;458539;14;1425;0.31076964009604413
2022-02-20;BH;Bahrain;29884;488423;12;1437;0.2942121890246774
2022-02-27;BH;Bahrain;20967;509390;13;1450;0.2846541942323171
2022-03-06;BH;Bahrain;15781;525171;8;1458;0.27762385965714026
2022-03-13;BH;Bahrain;11070;536241;4;1462;0.2726386083869007
2022-03-20;BH;Bahrain;7594;543835;3;1465;0.2693831768826942
2022-03-27;BH;Bahrain;6527;550362;3;1468;0.2667335317481948
2022-04-03;BH;Bahrain;5198;555560;3;1471;0.2647778817769458
2022-04-10;BH;Bahrain;3871;559431;1;1472;0.2631244961398278
2022-04-17;BH;Bahrain;3328;562759;1;1473;0.26174614710737637
2022-04-24;BH;Bahrain;3071;565830;2;1475;0.26067900252726084
2022-05-01;BH;Bahrain;2876;568706;0;1475;0.2593607241703095
2022-05-08;BH;Bahrain;3376;572082;2;1477;0.2581797714313682
2022-05-15;BH;Bahrain;4915;576997;2;1479;0.25632715594708466
2022-05-22;BH;Bahrain;3800;580797;1;1480;0.25482225286976345
2022-05-29;BH;Bahrain;3187;583984;7;1487;0.25463026384284504
2022-06-05;BH;Bahrain;4086;588070;1;1488;0.2530311017395888
2022-06-12;BH;Bahrain;6551;594621;1;1489;0.2504116067209197
2022-06-19;BH;Bahrain;9227;603848;2;1491;0.24691644254845588
2022-06-26;BH;Bahrain;12740;616588;1;1492;0.24197681433955898
2022-07-03;BH;Bahrain;12155;628743;2;1494;0.23761695955263118
2022-07-10;BH;Bahrain;9732;638475;4;1498;0.23462155918399313
2022-07-17;BH;Bahrain;9460;647935;7;1505;0.23227638574857046
2022-07-24;BH;Bahrain;6938;654873;1;1506;0.22996825338653445
2022-07-31;BH;Bahrain;4351;659224;3;1509;0.2289055010133126
2022-08-07;BH;Bahrain;3182;662406;2;1511;0.2281078371874651
2022-08-14;BH;Bahrain;3967;666373;1;1512;0.22689994942772293
2022-08-21;BH;Bahrain;3019;669392;1;1513;0.2260260056887444
2022-08-28;BH;Bahrain;1462;670854;0;1513;0.22553342456033654
2022-09-04;BH;Bahrain;1391;672245;2;1515;0.22536426451665686
2022-09-11;BH;Bahrain;1448;673693;3;1518;0.22532518521047423
2022-09-18;BH;Bahrain;2048;675741;2;1520;0.22493825296970288
2022-09-25;BH;Bahrain;2539;678280;0;1520;0.22409624343928763
2022-10-02;BH;Bahrain;2525;680805;0;1520;0.22326510527977908
2022-10-09;BH;Bahrain;2437;683242;0;1520;0.22246875923903975
2022-10-16;BH;Bahrain;2027;685269;1;1521;0.22195663308861194
2022-10-23;BH;Bahrain;2084;687353;3;1524;0.2217201350688802
2022-10-30;BH;Bahrain;2127;689480;3;1527;0.22147125369843942
2022-11-06;BH;Bahrain;2029;691509;2;1529;0.22111064353464668
2022-11-13;BH;Bahrain;1752;693261;2;1531;0.2208403472862313
2022-11-20;BH;Bahrain;1479;694740;2;1533;0.2206580879177822
2022-11-27;BH;Bahrain;1026;695766;3;1536;0.22076387751054236
2022-12-04;BH;Bahrain;848;696614;0;1536;0.22049513790994724
2022-12-11;BH;Bahrain;0;696614;0;1536;0.22049513790994724
2022-12-18;BH;Bahrain;0;696614;0;1536;0.22049513790994724
2022-12-25;BH;Bahrain;0;696614;0;1536;0.22049513790994724
2023-01-01;BH;Bahrain;0;696614;0;1536;0.22049513790994724
2023-01-08;BH;Bahrain;0;696614;0;1536;0.22049513790994724
2023-01-15;BH;Bahrain;0;696614;0;1536;0.22049513790994724
2023-01-22;BH;Bahrain;0;696614;0;1536;0.22049513790994724
2023-01-29;BH;Bahrain;0;696614;0;1536;0.22049513790994724
2023-02-05;BH;Bahrain;0;696614;0;1536;0.22049513790994724
2023-02-12;BH;Bahrain;0;696614;0;1536;0.22049513790994724
2023-02-19;BH;Bahrain;0;696614;0;1536;0.22049513790994724
2023-02-26;BH;Bahrain;0;696614;0;1536;0.22049513790994724
2023-03-05;BH;Bahrain;0;696614;0;1536;0.22049513790994724
2023-03-12;BH;Bahrain;0;696614;0;1536;0.22049513790994724
2023-03-19;BH;Bahrain;0;696614;0;1536;0.22049513790994724
2023-03-26;BH;Bahrain;0;696614;0;1536;0.22049513790994724
2023-04-02;BH;Bahrain;0;696614;0;1536;0.22049513790994724
2023-04-09;BH;Bahrain;0;696614;0;1536;0.22049513790994724
2023-04-16;BH;Bahrain;0;696614;0;1536;0.22049513790994724
2023-04-23;BH;Bahrain;0;696614;0;1536;0.22049513790994724
2023-04-30;BH;Bahrain;0;696614;0;1536;0.22049513790994724
2023-05-07;BH;Bahrain;0;696614;0;1536;0.22049513790994724
2023-05-14;BH;Bahrain;0;696614;0;1536;0.22049513790994724
2023-05-21;BH;Bahrain;0;696614;0;1536;0.22049513790994724
2023-05-28;BH;Bahrain;0;696614;0;1536;0.22049513790994724
2023-06-04;BH;Bahrain;0;696614;0;1536;0.22049513790994724
2023-06-11;BH;Bahrain;0;696614;0;1536;0.22049513790994724
2023-06-18;BH;Bahrain;0;696614;0;1536;0.22049513790994724
2023-06-25;BH;Bahrain;0;696614;0;1536;0.22049513790994724
2023-07-02;BH;Bahrain;0;696614;0;1536;0.22049513790994724
2023-07-09;BH;Bahrain;0;696614;0;1536;0.22049513790994724
2023-07-16;BH;Bahrain;0;696614;0;1536;0.22049513790994724
2023-07-23;BH;Bahrain;0;696614;0;1536;0.22049513790994724
2023-07-30;BH;Bahrain;0;696614;0;1536;0.22049513790994724
2023-08-06;BH;Bahrain;0;696614;0;1536;0.22049513790994724
2023-08-13;BH;Bahrain;0;696614;0;1536;0.22049513790994724
2023-08-20;BH;Bahrain;0;696614;0;1536;0.22049513790994724
2023-08-27;BH;Bahrain;0;696614;0;1536;0.22049513790994724
2023-09-03;BH;Bahrain;0;696614;0;1536;0.22049513790994724
2023-09-10;BH;Bahrain;0;696614;0;1536;0.22049513790994724
2023-09-17;BH;Bahrain;0;696614;0;1536;0.22049513790994724
2023-09-24;BH;Bahrain;0;696614;0;1536;0.22049513790994724
2023-10-01;BH;Bahrain;0;696614;0;1536;0.22049513790994724
2023-10-08;BH;Bahrain;0;696614;0;1536;0.22049513790994724
2023-10-15;BH;Bahrain;0;696614;0;1536;0.22049513790994724
2023-10-22;BH;Bahrain;0;696614;0;1536;0.22049513790994724
2023-10-29;BH;Bahrain;0;696614;0;1536;0.22049513790994724
2023-11-05;BH;Bahrain;0;696614;0;1536;0.22049513790994724
2023-11-12;BH;Bahrain;0;696614;0;1536;0.22049513790994724
2023-11-19;BH;Bahrain;0;696614;0;1536;0.22049513790994724
2023-11-26;BH;Bahrain;0;696614;0;1536;0.22049513790994724
2023-12-03;BH;Bahrain;0;696614;0;1536;0.22049513790994724
2023-12-10;BH;Bahrain;0;696614;0;1536;0.22049513790994724
2023-12-17;BH;Bahrain;0;696614;0;1536;0.22049513790994724
2023-12-24;BH;Bahrain;0;696614;0;1536;0.22049513790994724
2023-12-31;BH;Bahrain;0;696614;0;1536;0.22049513790994724
2024-01-07;BH;Bahrain;0;696614;0;1536;0.22049513790994724
2024-01-14;BH;Bahrain;0;696614;0;1536;0.22049513790994724
2024-01-21;BH;Bahrain;0;696614;0;1536;0.22049513790994724
2020-01-05;BD;Bangladesh;0;0;0;0;0.0
2020-01-12;BD;Bangladesh;0;0;0;0;0.0
2020-01-19;BD;Bangladesh;0;0;0;0;0.0
2020-01-26;BD;Bangladesh;0;0;0;0;0.0
2020-02-02;BD;Bangladesh;0;0;0;0;0.0
2020-02-09;BD;Bangladesh;0;0;0;0;0.0
2020-02-16;BD;Bangladesh;0;0;0;0;0.0
2020-02-23;BD;Bangladesh;0;0;0;0;0.0
2020-03-01;BD;Bangladesh;0;0;0;0;0.0
2020-03-08;BD;Bangladesh;3;3;0;0;0.0
2020-03-15;BD;Bangladesh;4;7;0;0;0.0
2020-03-22;BD;Bangladesh;17;24;2;2;8.333333333333332
2020-03-29;BD;Bangladesh;24;48;3;5;10.416666666666668
2020-04-05;BD;Bangladesh;40;88;3;8;9.090909090909092
2020-04-12;BD;Bangladesh;533;621;26;34;5.475040257648954
2020-04-19;BD;Bangladesh;1835;2456;57;91;3.705211726384365
2020-04-26;BD;Bangladesh;2960;5416;54;145;2.6772525849335302
2020-05-03;BD;Bangladesh;4039;9455;32;177;1.8720253833950289
2020-05-10;BD;Bangladesh;5202;14657;51;228;1.5555707170635191
2020-05-17;BD;Bangladesh;7611;22268;100;328;1.4729656906772048
2020-05-24;BD;Bangladesh;11342;33610;152;480;1.428146385004463
2020-05-31;BD;Bangladesh;13543;47153;170;650;1.3784912942972876
2020-06-07;BD;Bangladesh;18616;65769;238;888;1.3501801760707932
2020-06-14;BD;Bangladesh;21751;87520;283;1171;1.337979890310786
2020-06-21;BD;Bangladesh;24786;112306;293;1464;1.3035812868413086
2020-06-28;BD;Bangladesh;25481;137787;274;1738;1.2613671826805142
2020-07-05;BD;Bangladesh;24630;162417;314;2052;1.2634145440440347
2020-07-12;BD;Bangladesh;21378;183795;300;2352;1.2796866073614626
2020-07-19;BD;Bangladesh;20730;204525;266;2618;1.2800391150226134
2020-07-26;BD;Bangladesh;18928;223453;310;2928;1.3103426671380558
2020-08-02;BD;Bangladesh;17293;240746;226;3154;1.3100944563980295
2020-08-09;BD;Bangladesh;16854;257600;245;3399;1.3194875776397517
2020-08-16;BD;Bangladesh;18949;276549;258;3657;1.322369634314353
2020-08-23;BD;Bangladesh;18049;294598;284;3941;1.3377551782428938
2020-08-30;BD;Bangladesh;16224;310822;307;4248;1.3666986249364588
2020-09-06;BD;Bangladesh;14335;325157;231;4479;1.3774884132895802
2020-09-13;BD;Bangladesh;12363;337520;254;4733;1.402287271865371
2020-09-20;BD;Bangladesh;11396;348916;206;4939;1.4155269463137259
2020-09-27;BD;Bangladesh;10232;359148;222;5161;1.4370120396048425
2020-10-04;BD;Bangladesh;9542;368690;187;5348;1.4505411049933548
2020-10-11;BD;Bangladesh;9576;378266;176;5524;1.4603480090729803
2020-10-18;BD;Bangladesh;10303;388569;136;5660;1.4566267509760171
2020-10-25;BD;Bangladesh;10246;398815;143;5803;1.455060617078094
2020-11-01;BD;Bangladesh;10437;409252;138;5941;1.4516728079520687
2020-11-08;BD;Bangladesh;10986;420238;126;6067;1.4437057096216905
2020-11-15;BD;Bangladesh;12095;432333;127;6194;1.4326919296005625
2020-11-22;BD;Bangladesh;15008;447341;194;6388;1.4279934099490097
2020-11-29;BD;Bangladesh;15066;462407;221;6609;1.4292603701933577
2020-12-06;BD;Bangladesh;15138;477545;229;6838;1.4319069407071585
2020-12-13;BD;Bangladesh;12988;490533;214;7052;1.4376198950937042
2020-12-20;BD;Bangladesh;10180;500713;228;7280;1.4539267005250514
2020-12-27;BD;Bangladesh;8435;509148;172;7452;1.4636215795800043
2021-01-03;BD;Bangladesh;6871;516019;174;7626;1.4778525596925696
2021-01-10;BD;Bangladesh;6434;522453;155;7781;1.4893205704627976
2021-01-17;BD;Bangladesh;5179;527632;125;7906;1.4983928192376503
2021-01-24;BD;Bangladesh;4167;531799;117;8023;1.5086527052514203
2021-01-31;BD;Bangladesh;3340;535139;104;8127;1.5186708500034571
2021-02-07;BD;Bangladesh;2923;538062;78;8205;1.5249172028502291
2021-02-14;BD;Bangladesh;2530;540592;69;8274;1.530544292183384
2021-02-21;BD;Bangladesh;2759;543351;75;8349;1.536575804590403
2021-02-28;BD;Bangladesh;2865;546216;59;8408;1.5393177790471169
2021-03-07;BD;Bangladesh;4114;550330;54;8462;1.5376228808169645
2021-03-14;BD;Bangladesh;7065;557395;83;8545;1.5330241570161196
2021-03-21;BD;Bangladesh;13483;570878;145;8690;1.522216655747813
2021-03-28;BD;Bangladesh;24836;595714;214;8904;1.4946769758642569
2021-04-04;BD;Bangladesh;41650;637364;362;9266;1.453800340150997
2021-04-11;BD;Bangladesh;47392;684756;473;9739;1.4222584395025382
2021-04-18;BD;Bangladesh;34194;718950;646;10385;1.4444676263996106
2021-04-25;BD;Bangladesh;26372;745322;668;11053;1.4829831938410512
2021-05-02;BD;Bangladesh;16621;761943;526;11579;1.5196674816882627
2021-05-09;BD;Bangladesh;11570;773513;355;11934;1.5428312129207913
2021-05-16;BD;Bangladesh;6646;780159;215;12149;1.557246663821093
2021-05-23;BD;Bangladesh;8921;789080;227;12376;1.5684087798448827
2021-05-30;BD;Bangladesh;9750;798830;207;12583;1.575178698847064
2021-06-06;BD;Bangladesh;12160;810990;256;12839;1.5831267956448292
2021-06-13;BD;Bangladesh;15932;826922;279;13118;1.5863648566612087
2021-06-20;BD;Bangladesh;24746;851668;430;13548;1.5907607189656063
2021-06-27;BD;Bangladesh;36738;888406;624;14172;1.5952166014187208
2021-07-04;BD;Bangladesh;56511;944917;893;15065;1.594319924395476
2021-07-11;BD;Bangladesh;76272;1021189;1354;16419;1.6078316550609144
2021-07-18;BD;Bangladesh;82800;1103989;1475;17894;1.620849483101734
2021-07-25;BD;Bangladesh;60646;1164635;1380;19274;1.6549391010917582
2021-08-01;BD;Bangladesh;99693;1264328;1642;20916;1.6543175505090453
2021-08-08;BD;Bangladesh;89367;1353695;1736;22652;1.673345916177573
2021-08-15;BD;Bangladesh;65207;1418902;1523;24175;1.70378222033657
2021-08-22;BD;Bangladesh;43096;1461998;1107;25282;1.729277331432738
2021-08-29;BD;Bangladesh;31539;1493537;733;26015;1.7418383341022015
2021-09-05;BD;Bangladesh;20919;1514456;548;26563;1.7539631392394364
2021-09-12;BD;Bangladesh;15957;1530413;368;26931;1.759721068757257
2021-09-19;BD;Bangladesh;12270;1542683;294;27225;1.7647825249905522
2021-09-26;BD;Bangladesh;8668;1551351;189;27414;1.7671049298321269
2021-10-03;BD;Bangladesh;6613;1557964;159;27573;1.7698098287251822
2021-10-10;BD;Bangladesh;4395;1562359;115;27688;1.7721919225990954
2021-10-17;BD;Bangladesh;3129;1565488;80;27768;1.7737600032705456
2021-10-24;BD;Bangladesh;2204;1567692;55;27823;1.7747746368546882
2021-10-31;BD;Bangladesh;1847;1569539;45;27868;1.7755532038388342
2021-11-07;BD;Bangladesh;1474;1571013;27;27895;1.7756059306956722
2021-11-14;BD;Bangladesh;1488;1572501;27;27922;1.7756427499887124
2021-11-21;BD;Bangladesh;1587;1574088;31;27953;1.7758219362576932
2021-11-28;BD;Bangladesh;1696;1575784;25;27978;1.7754971493554956
2021-12-05;BD;Bangladesh;1659;1577443;23;28001;1.775087911258917
2021-12-12;BD;Bangladesh;1882;1579325;27;28028;1.7746822218352776
2021-12-19;BD;Bangladesh;1758;1581083;20;28048;1.7739739153478977
2021-12-26;BD;Bangladesh;2170;1583253;12;28060;1.7723004472437445
2022-01-02;BD;Bangladesh;3213;1586466;17;28077;1.7697826489820772
2022-01-09;BD;Bangladesh;7234;1593700;25;28102;1.7633180648804667
2022-01-16;BD;Bangladesh;24011;1617711;42;28144;1.739742141828794
2022-01-23;BD;Bangladesh;67425;1685136;79;28223;1.6748203112389743
2022-01-30;BD;Bangladesh;100196;1785332;140;28363;1.5886681020672904
2022-02-06;BD;Bangladesh;76200;1861532;226;28589;1.5357780580725984
2022-02-13;BD;Bangladesh;48132;1909664;230;28819;1.5091136451229117
2022-02-20;BD;Bangladesh;23627;1933291;146;28965;1.498222461078027
2022-02-27;BD;Bangladesh;9389;1942680;68;29033;1.4944818498157184
2022-03-06;BD;Bangladesh;4586;1947266;52;29085;1.4936326110557059
2022-03-13;BD;Bangladesh;2220;1949486;26;29111;1.4932654043168303
2022-03-20;BD;Bangladesh;1123;1950609;6;29117;1.492713301333071
2022-03-27;BD;Bangladesh;673;1951282;1;29118;1.4922497107030146
2022-04-03;BD;Bangladesh;488;1951770;4;29122;1.4920815464936954
2022-04-10;BD;Bangladesh;295;1952065;1;29123;1.4919072879233017
2022-04-17;BD;Bangladesh;261;1952326;1;29124;1.4917590607306361
2022-04-24;BD;Bangladesh;230;1952556;3;29127;1.4917369847522939
2022-05-01;BD;Bangladesh;160;1952716;0;29127;1.4916147560628377
2022-05-08;BD;Bangladesh;83;1952799;0;29127;1.4915513578202364
2022-05-15;BD;Bangladesh;213;1953012;0;29127;1.4913886857838046
2022-05-22;BD;Bangladesh;192;1953204;1;29128;1.4912932801694039
2022-05-29;BD;Bangladesh;203;1953407;2;29130;1.491240688704402
2022-06-05;BD;Bangladesh;216;1953623;1;29131;1.4911269984024553
2022-06-12;BD;Bangladesh;492;1954115;0;29131;1.4907515678452907
2022-06-19;BD;Bangladesh;2212;1956327;0;29131;1.489065989479264
2022-06-26;BD;Bangladesh;8846;1965173;9;29140;1.4828211053174454
2022-07-03;BD;Bangladesh;13516;1978689;22;29162;1.473804119798513
2022-07-10;BD;Bangladesh;11165;1989854;38;29200;1.467444345163012
2022-07-17;BD;Bangladesh;6486;1996340;34;29234;1.4643798150615628
2022-07-24;BD;Bangladesh;5435;2001775;32;29266;1.4620024728053853
2022-07-31;BD;Bangladesh;3482;2005257;25;29291;1.4607105223918928
2022-08-07;BD;Bangladesh;2078;2007335;13;29304;1.4598460147409378
2022-08-14;BD;Bangladesh;1535;2008870;9;29313;1.4591785431610806
2022-08-21;BD;Bangladesh;1100;2009970;2;29315;1.4584794797932308
2022-08-28;BD;Bangladesh;1347;2011317;8;29323;1.4579004701894331
2022-09-04;BD;Bangladesh;1444;2012761;5;29328;1.4571029545981864
2022-09-11;BD;Bangladesh;2126;2014887;6;29334;1.4558632816629418
2022-09-18;BD;Bangladesh;2727;2017614;5;29339;1.4541433594334694
2022-09-25;BD;Bangladesh;4076;2021690;14;29353;1.4519041000351192
2022-10-02;BD;Bangladesh;4522;2026212;16;29369;1.4494534629150355
2022-10-09;BD;Bangladesh;3511;2029723;12;29381;1.4475374225941176
2022-10-16;BD;Bangladesh;2720;2032443;20;29401;1.4465842338505925
2022-10-23;BD;Bangladesh;1698;2034141;12;29413;1.445966626698936
2022-10-30;BD;Bangladesh;1011;2035152;10;29423;1.4457396793949542
2022-11-06;BD;Bangladesh;676;2035828;3;29426;1.4454069793715383
2022-11-13;BD;Bangladesh;338;2036166;1;29427;1.4452161562465928
2022-11-20;BD;Bangladesh;201;2036367;3;29430;1.4452208270905982
2022-11-27;BD;Bangladesh;160;2036527;1;29431;1.4451563863381138
2022-12-04;BD;Bangladesh;110;2036637;3;29434;1.4452256342195493
2022-12-11;BD;Bangladesh;169;2036806;2;29436;1.4452039124001008
2022-12-18;BD;Bangladesh;122;2036928;2;29438;1.4452155402645552
2022-12-25;BD;Bangladesh;96;2037024;1;29439;1.4451965219850134
2023-01-01;BD;Bangladesh;118;2037142;1;29440;1.4451618983850905
2023-01-08;BD;Bangladesh;125;2037267;0;29440;1.445073228005951
2023-01-15;BD;Bangladesh;101;2037368;1;29441;1.445050673221529
2023-01-22;BD;Bangladesh;76;2037444;0;29441;1.4449967704633846
2023-01-29;BD;Bangladesh;88;2037532;1;29442;1.4449834407508693
2023-02-05;BD;Bangladesh;77;2037609;1;29443;1.4449779128380371
2023-02-12;BD;Bangladesh;70;2037679;1;29444;1.4449773492291964
2023-02-19;BD;Bangladesh;71;2037750;1;29445;1.444976076555024
2023-02-26;BD;Bangladesh;58;2037808;0;29445;1.4449349497106694
2023-03-05;BD;Bangladesh;57;2037865;0;29445;1.4448945342306776
2023-03-12;BD;Bangladesh;57;2037922;0;29445;1.444854121011501
2023-03-19;BD;Bangladesh;47;2037969;0;29445;1.444820799531298
2023-03-26;BD;Bangladesh;32;2038001;0;29445;1.444798113445479
2023-04-02;BD;Bangladesh;37;2038038;1;29446;1.4448209503453813
2023-04-09;BD;Bangladesh;40;2038078;0;29446;1.4447925938065176
2023-04-16;BD;Bangladesh;38;2038116;0;29446;1.444765656125559
2023-04-23;BD;Bangladesh;38;2038154;0;29446;1.44473871944907
2023-04-30;BD;Bangladesh;78;2038232;0;29446;1.4446834315230064
2023-05-07;BD;Bangladesh;106;2038338;0;29446;1.4446083034315211
2023-05-14;BD;Bangladesh;140;2038478;0;29446;1.4445090896247101
2023-05-21;BD;Bangladesh;148;2038626;0;29446;1.4444042212745252
2023-05-28;BD;Bangladesh;345;2038971;0;29446;1.4441598237542368
2023-06-04;BD;Bangladesh;668;2039639;2;29448;1.443784905073888
2023-06-11;BD;Bangladesh;831;2040470;3;29451;1.4433439354658486
2023-06-18;BD;Bangladesh;1000;2041470;6;29457;1.4429308292553895
2023-06-25;BD;Bangladesh;782;2042252;4;29461;1.4425741779173187
2023-07-02;BD;Bangladesh;450;2042702;1;29462;1.4423053387131357
2023-07-09;BD;Bangladesh;459;2043161;0;29462;1.4419813220788769
2023-07-16;BD;Bangladesh;416;2043577;2;29464;1.4417856532932207
2023-07-23;BD;Bangladesh;394;2043971;4;29468;1.4417034292560904
2023-07-30;BD;Bangladesh;439;2044410;4;29472;1.441589505040574
2023-08-06;BD;Bangladesh;369;2044779;2;29474;1.4414271664566194
2023-08-13;BD;Bangladesh;218;2044997;2;29476;1.4413713076351702
2023-08-20;BD;Bangladesh;162;2045159;0;29476;1.4412571345308605
2023-08-27;BD;Bangladesh;127;2045286;0;29476;1.4411676411025156
2023-09-03;BD;Bangladesh;122;2045408;1;29477;1.4411305715045606
2023-09-10;BD;Bangladesh;109;2045517;0;29477;1.441053777602435
2023-09-17;BD;Bangladesh;85;2045602;0;29477;1.440993898128766
2023-09-24;BD;Bangladesh;69;2045671;0;29477;1.4409452937446932
2023-10-01;BD;Bangladesh;63;2045734;0;29477;1.4409009186922639
2023-10-08;BD;Bangladesh;55;2045789;0;29477;1.4408621808016369
2023-10-15;BD;Bangladesh;54;2045843;0;29477;1.4408241492626757
2023-10-22;BD;Bangladesh;49;2045892;0;29477;1.4407896408999108
2023-10-29;BD;Bangladesh;31;2045923;0;29477;1.4407678099322407
2023-11-05;BD;Bangladesh;35;2045958;0;29477;1.4407431628606258
2023-11-12;BD;Bangladesh;34;2045992;0;29477;1.4407192207985173
2023-11-19;BD;Bangladesh;34;2046026;0;29477;1.440695279532127
2023-11-26;BD;Bangladesh;34;2046060;0;29477;1.4406713390614156
2023-12-03;BD;Bangladesh;30;2046090;0;29477;1.4406502157774095
2023-12-10;BD;Bangladesh;43;2046133;0;29477;1.4406199401505182
2023-12-17;BD;Bangladesh;32;2046165;0;29477;1.440597410277275
2023-12-24;BD;Bangladesh;42;2046207;0;29477;1.4405678408880431
2023-12-31;BD;Bangladesh;85;2046292;0;29477;1.4405080017905558
2024-01-07;BD;Bangladesh;117;2046409;0;29477;1.440425643163219
2024-01-14;BD;Bangladesh;190;2046599;2;29479;1.4403896415467807
2024-01-21;BD;Bangladesh;159;2046758;1;29480;1.4403266043176575
2020-01-05;BB;Barbados;0;0;0;0;0.0
2020-01-12;BB;Barbados;0;0;0;0;0.0
2020-01-19;BB;Barbados;0;0;0;0;0.0
2020-01-26;BB;Barbados;0;0;0;0;0.0
2020-02-02;BB;Barbados;0;0;0;0;0.0
2020-02-09;BB;Barbados;0;0;0;0;0.0
2020-02-16;BB;Barbados;0;0;0;0;0.0
2020-02-23;BB;Barbados;0;0;0;0;0.0
2020-03-01;BB;Barbados;0;0;0;0;0.0
2020-03-08;BB;Barbados;0;0;0;0;0.0
2020-03-15;BB;Barbados;0;0;0;0;0.0
2020-03-22;BB;Barbados;5;5;0;0;0.0
2020-03-29;BB;Barbados;19;24;0;0;0.0
2020-04-05;BB;Barbados;27;51;0;0;0.0
2020-04-12;BB;Barbados;16;67;4;4;5.970149253731343
2020-04-19;BB;Barbados;8;75;1;5;6.666666666666667
2020-04-26;BB;Barbados;2;77;1;6;7.792207792207792
2020-05-03;BB;Barbados;4;81;1;7;8.641975308641975
2020-05-10;BB;Barbados;1;82;0;7;8.536585365853659
2020-05-17;BB;Barbados;3;85;0;7;8.235294117647058
2020-05-24;BB;Barbados;5;90;0;7;7.777777777777778
2020-05-31;BB;Barbados;2;92;0;7;7.608695652173914
2020-06-07;BB;Barbados;0;92;0;7;7.608695652173914
2020-06-14;BB;Barbados;4;96;0;7;7.291666666666667
2020-06-21;BB;Barbados;1;97;0;7;7.216494845360824
2020-06-28;BB;Barbados;0;97;0;7;7.216494845360824
2020-07-05;BB;Barbados;0;97;0;7;7.216494845360824
2020-07-12;BB;Barbados;1;98;0;7;7.142857142857142
2020-07-19;BB;Barbados;6;104;0;7;6.730769230769231
2020-07-26;BB;Barbados;4;108;0;7;6.481481481481481
2020-08-02;BB;Barbados;2;110;0;7;6.363636363636363
2020-08-09;BB;Barbados;28;138;0;7;5.072463768115942
2020-08-16;BB;Barbados;10;148;0;7;4.72972972972973
2020-08-23;BB;Barbados;9;157;0;7;4.45859872611465
2020-08-30;BB;Barbados;9;166;0;7;4.216867469879518
2020-09-06;BB;Barbados;12;178;0;7;3.932584269662921
2020-09-13;BB;Barbados;2;180;0;7;3.888888888888889
2020-09-20;BB;Barbados;5;185;0;7;3.783783783783784
2020-09-27;BB;Barbados;5;190;0;7;3.684210526315789
2020-10-04;BB;Barbados;6;196;0;7;3.571428571428571
2020-10-11;BB;Barbados;9;205;0;7;3.414634146341464
2020-10-18;BB;Barbados;14;219;0;7;3.1963470319634704
2020-10-25;BB;Barbados;8;227;0;7;3.0837004405286343
2020-11-01;BB;Barbados;9;236;0;7;2.9661016949152543
2020-11-08;BB;Barbados;6;242;0;7;2.8925619834710745
2020-11-15;BB;Barbados;7;249;0;7;2.8112449799196786
2020-11-22;BB;Barbados;4;253;0;7;2.766798418972332
2020-11-29;BB;Barbados;17;270;0;7;2.5925925925925926
2020-12-06;BB;Barbados;15;285;0;7;2.456140350877193
2020-12-13;BB;Barbados;7;292;0;7;2.3972602739726026
2020-12-20;BB;Barbados;15;307;0;7;2.2801302931596092
2020-12-27;BB;Barbados;40;347;0;7;2.0172910662824206
2021-01-03;BB;Barbados;48;395;0;7;1.7721518987341773
2021-01-10;BB;Barbados;413;808;0;7;0.8663366336633664
2021-01-17;BB;Barbados;228;1036;0;7;0.6756756756756757
2021-01-24;BB;Barbados;305;1341;2;9;0.6711409395973155
2021-01-31;BB;Barbados;157;1498;3;12;0.801068090787717
2021-02-07;BB;Barbados;178;1676;6;18;1.0739856801909307
2021-02-14;BB;Barbados;271;1947;5;23;1.1813045711350796
2021-02-21;BB;Barbados;730;2677;7;30;1.1206574523720583
2021-02-28;BB;Barbados;317;2994;3;33;1.1022044088176353
2021-03-07;BB;Barbados;223;3217;4;37;1.1501398818775257
2021-03-14;BB;Barbados;174;3391;0;37;1.091123562370982
2021-03-21;BB;Barbados;121;3512;2;39;1.1104783599088837
2021-03-28;BB;Barbados;91;3603;2;41;1.137940605051346
2021-04-04;BB;Barbados;62;3665;1;42;1.145975443383356
2021-04-11;BB;Barbados;43;3708;2;44;1.186623516720604
2021-04-18;BB;Barbados;65;3773;0;44;1.1661807580174928
2021-04-25;BB;Barbados;47;3820;0;44;1.1518324607329842
2021-05-02;BB;Barbados;43;3863;0;44;1.1390111312451463
2021-05-09;BB;Barbados;68;3931;1;45;1.1447468837445942
2021-05-16;BB;Barbados;30;3961;1;46;1.1613228982580155
2021-05-23;BB;Barbados;24;3985;1;47;1.179422835633626
2021-05-30;BB;Barbados;24;4009;0;47;1.172362185083562
2021-06-06;BB;Barbados;20;4029;0;47;1.1665425663936462
2021-06-13;BB;Barbados;4;4033;0;47;1.165385569055294
2021-06-20;BB;Barbados;7;4040;0;47;1.1633663366336633
2021-06-27;BB;Barbados;26;4066;0;47;1.1559272011805213
2021-07-04;BB;Barbados;16;4082;0;47;1.1513963743263105
2021-07-11;BB;Barbados;54;4136;0;47;1.1363636363636365
2021-07-18;BB;Barbados;105;4241;1;48;1.131808535722707
2021-07-25;BB;Barbados;89;4330;0;48;1.1085450346420322
2021-08-01;BB;Barbados;49;4379;0;48;1.0961406713861612
2021-08-08;BB;Barbados;76;4455;0;48;1.0774410774410774
2021-08-15;BB;Barbados;60;4515;0;48;1.06312292358804
2021-08-22;BB;Barbados;113;4628;0;48;1.0371650821089022
2021-08-29;BB;Barbados;161;4789;0;48;1.0022969304656504
2021-09-05;BB;Barbados;394;5183;3;51;0.9839861084314104
2021-09-12;BB;Barbados;576;5759;0;51;0.8855704115297794
2021-09-19;BB;Barbados;599;6358;6;57;0.8965083359547028
2021-09-26;BB;Barbados;1043;7401;6;63;0.8512363194162952
2021-10-03;BB;Barbados;1208;8609;15;78;0.9060285747473574
2021-10-10;BB;Barbados;1774;10383;10;88;0.8475392468458057
2021-10-17;BB;Barbados;1722;12105;20;108;0.8921933085501859
2021-10-24;BB;Barbados;2648;14753;16;124;0.8405070155222667
2021-10-31;BB;Barbados;2712;17465;28;152;0.8703120526767822
2021-11-07;BB;Barbados;2051;19516;18;170;0.8710801393728222
2021-11-14;BB;Barbados;2361;21877;21;191;0.8730630342368697
2021-11-21;BB;Barbados;1549;23426;15;206;0.8793648083326219
2021-11-28;BB;Barbados;1497;24923;17;223;0.8947558480118766
2021-12-05;BB;Barbados;1041;25964;11;234;0.9012478816823294
2021-12-12;BB;Barbados;776;26740;17;251;0.9386686611817501
2021-12-19;BB;Barbados;429;27169;5;256;0.9422503588648828
2021-12-26;BB;Barbados;460;27629;4;260;0.941040211372109
2022-01-02;BB;Barbados;1181;28810;2;262;0.9094064560916348
2022-01-09;BB;Barbados;2194;31004;3;265;0.8547284221390788
2022-01-16;BB;Barbados;3687;34691;4;269;0.7754172551958721
2022-01-23;BB;Barbados;3895;38586;5;274;0.7101021095734205
2022-01-30;BB;Barbados;4265;42851;3;277;0.6464259877249072
2022-02-06;BB;Barbados;4273;47124;9;286;0.6069094304388423
2022-02-13;BB;Barbados;3756;50880;5;291;0.5719339622641509
2022-02-20;BB;Barbados;2628;53508;17;308;0.5756148613291471
2022-02-27;BB;Barbados;1394;54902;5;313;0.5701067356380459
2022-03-06;BB;Barbados;961;55863;3;316;0.5656695845192704
2022-03-13;BB;Barbados;942;56805;7;323;0.5686119179649679
2022-03-20;BB;Barbados;743;57548;3;326;0.5664836310558143
2022-03-27;BB;Barbados;722;58270;4;330;0.5663291573708598
2022-04-03;BB;Barbados;1225;59495;45;375;0.630305067652744
2022-04-10;BB;Barbados;1772;61267;4;379;0.6186038160836992
2022-04-17;BB;Barbados;2910;64177;2;381;0.5936706296648332
2022-04-24;BB;Barbados;2633;66810;7;388;0.5807513845232749
2022-05-01;BB;Barbados;2752;69562;4;392;0.5635260630804175
2022-05-08;BB;Barbados;3181;72743;11;403;0.5540051963762835
2022-05-15;BB;Barbados;3102;75845;29;432;0.569582701562397
2022-05-22;BB;Barbados;2603;78448;4;436;0.555782174179074
2022-05-29;BB;Barbados;1590;80038;8;444;0.5547365001624229
2022-06-05;BB;Barbados;1136;81174;18;462;0.5691477566708552
2022-06-12;BB;Barbados;897;82071;5;467;0.5690195074996041
2022-06-19;BB;Barbados;659;82730;4;471;0.5693218904871268
2022-06-26;BB;Barbados;794;83524;2;473;0.5663042957712753
2022-07-03;BB;Barbados;1038;84562;4;477;0.5640831579196329
2022-07-10;BB;Barbados;1117;85679;1;478;0.5578963339908263
2022-07-17;BB;Barbados;1784;87463;1;479;0.5476601534363101
2022-07-24;BB;Barbados;1876;89339;3;482;0.5395180156482611
2022-07-31;BB;Barbados;2254;91593;10;492;0.5371589531951132
2022-08-07;BB;Barbados;2500;94093;6;498;0.5292636009054872
2022-08-14;BB;Barbados;3011;97104;17;515;0.5303592025045313
2022-08-21;BB;Barbados;2100;99204;14;529;0.5332446272327729
2022-08-28;BB;Barbados;1322;100526;8;537;0.5341901597596642
2022-09-04;BB;Barbados;689;101215;7;544;0.537469742627081
2022-09-11;BB;Barbados;594;101809;12;556;0.5461206769539039
2022-09-18;BB;Barbados;351;102160;3;559;0.5471808927173062
2022-09-25;BB;Barbados;223;102383;0;559;0.5459890802183957
2022-10-02;BB;Barbados;226;102609;1;560;0.5457610930815036
2022-10-09;BB;Barbados;0;102609;0;560;0.5457610930815036
2022-10-16;BB;Barbados;405;103014;0;560;0.5436154309123032
2022-10-23;BB;Barbados;0;103014;0;560;0.5436154309123032
2022-10-30;BB;Barbados;410;103424;0;560;0.5414603960396039
2022-11-06;BB;Barbados;0;103424;0;560;0.5414603960396039
2022-11-13;BB;Barbados;121;103545;4;564;0.5446907141822396
2022-11-20;BB;Barbados;0;103545;0;564;0.5446907141822396
2022-11-27;BB;Barbados;871;104416;3;567;0.543020226785167
2022-12-04;BB;Barbados;0;104416;0;567;0.543020226785167
2022-12-11;BB;Barbados;528;104944;1;568;0.5412410428418967
2022-12-18;BB;Barbados;0;104944;0;568;0.5412410428418967
2022-12-25;BB;Barbados;571;105515;0;568;0.5383120883286736
2023-01-01;BB;Barbados;0;105515;0;568;0.5383120883286736
2023-01-08;BB;Barbados;390;105905;1;569;0.5372739719559984
2023-01-15;BB;Barbados;0;105905;0;569;0.5372739719559984
2023-01-22;BB;Barbados;252;106157;2;571;0.5378825701555244
2023-01-29;BB;Barbados;0;106157;0;571;0.5378825701555244
2023-02-05;BB;Barbados;277;106434;2;573;0.5383618016799143
2023-02-12;BB;Barbados;0;106434;0;573;0.5383618016799143
2023-02-19;BB;Barbados;211;106645;2;575;0.5391720193164237
2023-02-26;BB;Barbados;0;106645;0;575;0.5391720193164237
2023-03-05;BB;Barbados;153;106798;4;579;0.5421449839884642
2023-03-12;BB;Barbados;0;106798;0;579;0.5421449839884642
2023-03-19;BB;Barbados;0;106798;0;579;0.5421449839884642
2023-03-26;BB;Barbados;0;106798;0;579;0.5421449839884642
2023-04-02;BB;Barbados;534;107332;3;582;0.5422427607796371
2023-04-09;BB;Barbados;0;107332;0;582;0.5422427607796371
2023-04-16;BB;Barbados;0;107332;0;582;0.5422427607796371
2023-04-23;BB;Barbados;134;107466;6;588;0.5471497962146167
2023-04-30;BB;Barbados;0;107466;0;588;0.5471497962146167
2023-05-07;BB;Barbados;100;107566;1;589;0.5475707937452355
2023-05-14;BB;Barbados;228;107794;4;593;0.5501233834907323
2023-05-21;BB;Barbados;0;107794;0;593;0.5501233834907323
2023-05-28;BB;Barbados;144;107938;0;593;0.5493894643221109
2023-06-04;BB;Barbados;138;108076;0;593;0.5486879603242163
2023-06-11;BB;Barbados;263;108339;0;593;0.5473559844561977
2023-06-18;BB;Barbados;249;108588;0;593;0.5461008582900505
2023-06-25;BB;Barbados;197;108785;0;593;0.5451119180034012
2023-07-02;BB;Barbados;199;108984;0;593;0.5441165675695515
2023-07-09;BB;Barbados;166;109150;0;593;0.5432890517636281
2023-07-16;BB;Barbados;125;109275;0;593;0.5426675817890643
2023-07-23;BB;Barbados;96;109371;0;593;0.5421912572802662
2023-07-30;BB;Barbados;81;109452;0;593;0.5417900084055111
2023-08-06;BB;Barbados;83;109535;0;593;0.5413794677500343
2023-08-13;BB;Barbados;123;109658;0;593;0.5407722190811431
2023-08-20;BB;Barbados;151;109809;0;593;0.5400285951060478
2023-08-27;BB;Barbados;65;109874;0;593;0.539709121357191
2023-09-03;BB;Barbados;69;109943;0;593;0.5393704010259861
2023-09-10;BB;Barbados;83;110026;0;593;0.5389635177139949
2023-09-17;BB;Barbados;29;110055;0;593;0.5388214983417382
2023-09-24;BB;Barbados;19;110074;0;593;0.5387284917419191
2023-10-01;BB;Barbados;17;110091;0;593;0.5386453025224587
2023-10-08;BB;Barbados;15;110106;0;593;0.5385719216028191
2023-10-15;BB;Barbados;8;110114;0;593;0.5385327932869571
2023-10-22;BB;Barbados;9;110123;0;593;0.5384887807270052
2023-10-29;BB;Barbados;1;110124;0;593;0.5384838908866368
2023-11-05;BB;Barbados;1;110125;0;593;0.5384790011350737
2023-11-12;BB;Barbados;2;110127;0;593;0.5384692218983537
2023-11-19;BB;Barbados;1;110128;0;593;0.5384643324131919
2023-11-26;BB;Barbados;4;110132;0;593;0.5384447753604765
2023-12-03;BB;Barbados;4;110136;0;593;0.5384252197283359
2023-12-10;BB;Barbados;5;110141;0;593;0.5384007771856075
2023-12-17;BB;Barbados;4;110145;0;593;0.5383812247491943
2023-12-24;BB;Barbados;8;110153;0;593;0.5383421241364283
2023-12-31;BB;Barbados;21;110174;0;593;0.538239512044584
2024-01-07;BB;Barbados;0;110174;0;593;0.538239512044584
2024-01-14;BB;Barbados;0;110174;0;593;0.538239512044584
2024-01-21;BB;Barbados;0;110174;0;593;0.538239512044584
2020-01-05;BY;Belarus;0;0;0;0;0.0
2020-01-12;BY;Belarus;0;0;0;0;0.0
2020-01-19;BY;Belarus;0;0;0;0;0.0
2020-01-26;BY;Belarus;0;0;0;0;0.0
2020-02-02;BY;Belarus;0;0;0;0;0.0
2020-02-09;BY;Belarus;0;0;0;0;0.0
2020-02-16;BY;Belarus;0;0;0;0;0.0
2020-02-23;BY;Belarus;0;0;0;0;0.0
2020-03-01;BY;Belarus;1;1;0;0;0.0
2020-03-08;BY;Belarus;5;6;0;0;0.0
2020-03-15;BY;Belarus;15;21;0;0;0.0
2020-03-22;BY;Belarus;55;76;0;0;0.0
2020-03-29;BY;Belarus;18;94;0;0;0.0
2020-04-05;BY;Belarus;346;440;4;4;0.9090909090909091
2020-04-12;BY;Belarus;1786;2226;19;23;1.0332434860736748
2020-04-19;BY;Belarus;3063;5289;22;45;0.8508224617129893
2020-04-26;BY;Belarus;4301;9590;22;67;0.6986444212721585
2020-05-03;BY;Belarus;6238;15828;30;97;0.6128380085923679
2020-05-10;BY;Belarus;7145;22973;34;131;0.5702346232533845
2020-05-17;BY;Belarus;5708;28681;29;160;0.5578606045814302
2020-05-24;BY;Belarus;6563;35244;34;194;0.550448303257292
2020-05-31;BY;Belarus;6414;41658;35;229;0.5497143405828412
2020-06-07;BY;Belarus;5210;46868;30;259;0.5526158573013571
2020-06-14;BY;Belarus;6373;53241;44;303;0.5691102721586747
2020-06-21;BY;Belarus;4695;57936;40;343;0.5920325876829605
2020-06-28;BY;Belarus;3159;61095;34;377;0.6170717734675505
2020-07-05;BY;Belarus;2175;63270;41;418;0.6606606606606606
2020-07-12;BY;Belarus;1494;64764;41;459;0.7087270705947749
2020-07-19;BY;Belarus;1189;65953;36;495;0.7505344715175959
2020-07-26;BY;Belarus;1049;67002;35;530;0.7910211635473569
2020-08-02;BY;Belarus;944;67946;33;563;0.8285991817031171
2020-08-09;BY;Belarus;792;68738;22;585;0.8510576391515611
2020-08-16;BY;Belarus;686;69424;22;607;0.874337404932012
2020-08-23;BY;Belarus;861;70285;30;637;0.9063100234758483
2020-08-30;BY;Belarus;1238;71523;34;671;0.9381597528067893
2020-09-06;BY;Belarus;1140;72663;34;705;0.9702324429214318
2020-09-13;BY;Belarus;1312;73975;39;744;1.0057451841838458
2020-09-20;BY;Belarus;1486;75461;32;776;1.0283457680126158
2020-09-27;BY;Belarus;1828;77289;37;813;1.0518961301090712
2020-10-04;BY;Belarus;2563;79852;38;851;1.0657215849321244
2020-10-11;BY;Belarus;3171;83023;40;891;1.0731965840791107
2020-10-18;BY;Belarus;4040;87063;34;925;1.062449031161343
2020-10-25;BY;Belarus;4104;91167;20;945;1.0365592813188984
2020-11-01;BY;Belarus;8292;99459;40;985;0.9903578358921767
2020-11-08;BY;Belarus;5824;105283;19;1004;0.9536202425842728
2020-11-15;BY;Belarus;7587;112870;35;1039;0.9205280411092407
2020-11-22;BY;Belarus;9565;122435;50;1089;0.8894515457181361
2020-11-29;BY;Belarus;10889;133324;54;1143;0.857310011700819
2020-12-06;BY;Belarus;11955;145279;55;1198;0.8246202135201922
2020-12-13;BY;Belarus;13055;158334;56;1254;0.7919966652771988
2020-12-20;BY;Belarus;13245;171579;62;1316;0.7669936297565553
2020-12-27;BY;Belarus;13343;184922;60;1376;0.7440975113831778
2021-01-03;BY;Belarus;13203;198125;66;1442;0.7278233438485804
2021-01-10;BY;Belarus;12243;210368;65;1507;0.7163637055065409
2021-01-17;BY;Belarus;13169;223537;66;1573;0.7036866380062361
2021-01-24;BY;Belarus;12322;235859;66;1639;0.6949067027334128
2021-01-31;BY;Belarus;10711;246570;69;1708;0.6927038974733342
2021-02-07;BY;Belarus;10389;256959;65;1773;0.6899933452418479
2021-02-14;BY;Belarus;10070;267029;67;1840;0.6890637346505436
2021-02-21;BY;Belarus;9961;276990;63;1903;0.6870284125780713
2021-02-28;BY;Belarus;8969;285959;63;1966;0.6875111467028491
2021-03-07;BY;Belarus;8473;294432;63;2029;0.6891234648407782
2021-03-14;BY;Belarus;6896;301328;58;2087;0.6926007539956459
2021-03-21;BY;Belarus;7965;309293;61;2148;0.6944871044608187
2021-03-28;BY;Belarus;8338;317631;63;2211;0.6960907468099776
2021-04-04;BY;Belarus;8434;326065;65;2276;0.6980203333691135
2021-04-11;BY;Belarus;8798;334863;68;2344;0.6999877561868585
2021-04-18;BY;Belarus;8060;342923;69;2413;0.7036565059794765
2021-04-25;BY;Belarus;8751;351674;70;2483;0.7060516273594295
2021-05-02;BY;Belarus;8308;359982;69;2552;0.7089243351056442
2021-05-09;BY;Belarus;7692;367674;70;2622;0.7131317417059677
2021-05-16;BY;Belarus;7040;374714;69;2691;0.7181477073181146
2021-05-23;BY;Belarus;10059;384773;70;2761;0.7175659414771827
2021-05-30;BY;Belarus;6864;391637;60;2821;0.7203098787908191
2021-06-06;BY;Belarus;7272;398909;79;2900;0.7269828457116786
2021-06-13;BY;Belarus;5831;404740;69;2969;0.7335573454563423
2021-06-20;BY;Belarus;5356;410096;66;3035;0.7400706176114861
2021-06-27;BY;Belarus;4634;414730;68;3103;0.7481976225496105
2021-07-04;BY;Belarus;5676;420406;72;3175;0.7552223326974401
2021-07-11;BY;Belarus;6480;426886;72;3247;0.7606246164081277
2021-07-18;BY;Belarus;6523;433409;69;3316;0.7650971714939007
2021-07-25;BY;Belarus;6419;439828;69;3385;0.769619032894677
2021-08-01;BY;Belarus;6212;446040;69;3454;0.7743700116581473
2021-08-08;BY;Belarus;6913;452953;69;3523;0.7777848915891936
2021-08-15;BY;Belarus;7045;459998;70;3593;0.7810903525667503
2021-08-22;BY;Belarus;8417;468415;77;3670;0.7834932698568577
2021-08-29;BY;Belarus;9486;477901;75;3745;0.7836351043416943
2021-09-05;BY;Belarus;11062;488963;81;3826;0.7824722934046134
2021-09-12;BY;Belarus;12203;501166;79;3905;0.7791829453713939
2021-09-19;BY;Belarus;13280;514446;86;3991;0.7757859911438713
2021-09-26;BY;Belarus;13783;528229;90;4081;0.7725815886670364
2021-10-03;BY;Belarus;13749;541978;92;4173;0.7699574521475042
2021-10-10;BY;Belarus;13815;555793;102;4275;0.769171256205098
2021-10-17;BY;Belarus;14213;570006;111;4386;0.769465584572794
2021-10-24;BY;Belarus;14184;584190;113;4499;0.770126157585717
2021-10-31;BY;Belarus;13942;598132;115;4614;0.7714016304093411
2021-11-07;BY;Belarus;13883;612015;116;4730;0.7728568744230125
2021-11-14;BY;Belarus;13577;625592;104;4834;0.7727080908963031
2021-11-21;BY;Belarus;12810;638402;98;4932;0.7725539706955805
2021-11-28;BY;Belarus;11766;650168;109;5041;0.7753380664689742
2021-12-05;BY;Belarus;11888;662056;106;5147;0.7774266829392076
2021-12-12;BY;Belarus;11213;673269;114;5261;0.7814112932572271
2021-12-19;BY;Belarus;9903;683172;110;5371;0.7861856165065313
2021-12-26;BY;Belarus;9429;692601;113;5484;0.7917978749669723
2022-01-02;BY;Belarus;7820;700421;110;5594;0.7986625186851908
2022-01-09;BY;Belarus;7293;707714;105;5699;0.8052687950217179
2022-01-16;BY;Belarus;6581;714295;109;5808;0.8131094295774155
2022-01-23;BY;Belarus;10608;724903;108;5916;0.8161091897812535
2022-01-30;BY;Belarus;13698;738601;108;6024;0.815595971302503
2022-02-06;BY;Belarus;30475;769076;108;6132;0.7973204208686788
2022-02-13;BY;Belarus;53969;823045;105;6237;0.7577957462836176
2022-02-20;BY;Belarus;52889;875934;111;6348;0.7247121358458514
2022-02-27;BY;Belarus;37399;913333;106;6454;0.7066425936651801
2022-03-06;BY;Belarus;16007;929340;96;6550;0.7048012568059052
2022-03-13;BY;Belarus;10174;939514;97;6647;0.7074934487405191
2022-03-20;BY;Belarus;10480;949994;69;6716;0.7069518333800002
2022-03-27;BY;Belarus;8498;958492;52;6768;0.7061091798366601
2022-04-03;BY;Belarus;6185;964677;68;6836;0.7086309718175099
2022-04-10;BY;Belarus;4939;969616;36;6872;0.7087341793039719
2022-04-17;BY;Belarus;4430;974046;27;6899;0.7082827710395607
2022-04-24;BY;Belarus;3388;977434;23;6922;0.7081808081159444
2022-05-01;BY;Belarus;2911;980345;25;6947;0.708628085010889
2022-05-08;BY;Belarus;1986;982331;22;6969;0.7094350071411775
2022-05-15;BY;Belarus;536;982867;9;6978;0.7099638099559757
2022-05-22;BY;Belarus;0;982867;0;6978;0.7099638099559757
2022-05-29;BY;Belarus;0;982867;0;6978;0.7099638099559757
2022-06-05;BY;Belarus;0;982867;0;6978;0.7099638099559757
2022-06-12;BY;Belarus;0;982867;0;6978;0.7099638099559757
2022-06-19;BY;Belarus;0;982867;0;6978;0.7099638099559757
2022-06-26;BY;Belarus;0;982867;0;6978;0.7099638099559757
2022-07-03;BY;Belarus;11170;994037;140;7118;0.7160699249625517
2022-07-10;BY;Belarus;0;994037;0;7118;0.7160699249625517
2022-07-17;BY;Belarus;0;994037;0;7118;0.7160699249625517
2022-07-24;BY;Belarus;0;994037;0;7118;0.7160699249625517
2022-07-31;BY;Belarus;0;994037;0;7118;0.7160699249625517
2022-08-07;BY;Belarus;0;994037;0;7118;0.7160699249625517
2022-08-14;BY;Belarus;0;994037;0;7118;0.7160699249625517
2022-08-21;BY;Belarus;0;994037;0;7118;0.7160699249625517
2022-08-28;BY;Belarus;0;994037;0;7118;0.7160699249625517
2022-09-04;BY;Belarus;0;994037;0;7118;0.7160699249625517
2022-09-11;BY;Belarus;0;994037;0;7118;0.7160699249625517
2022-09-18;BY;Belarus;0;994037;0;7118;0.7160699249625517
2022-09-25;BY;Belarus;0;994037;0;7118;0.7160699249625517
2022-10-02;BY;Belarus;0;994037;0;7118;0.7160699249625517
2022-10-09;BY;Belarus;0;994037;0;7118;0.7160699249625517
2022-10-16;BY;Belarus;0;994037;0;7118;0.7160699249625517
2022-10-23;BY;Belarus;0;994037;0;7118;0.7160699249625517
2022-10-30;BY;Belarus;0;994037;0;7118;0.7160699249625517
2022-11-06;BY;Belarus;0;994037;0;7118;0.7160699249625517
2022-11-13;BY;Belarus;0;994037;0;7118;0.7160699249625517
2022-11-20;BY;Belarus;0;994037;0;7118;0.7160699249625517
2022-11-27;BY;Belarus;0;994037;0;7118;0.7160699249625517
2022-12-04;BY;Belarus;0;994037;0;7118;0.7160699249625517
2022-12-11;BY;Belarus;0;994037;0;7118;0.7160699249625517
2022-12-18;BY;Belarus;0;994037;0;7118;0.7160699249625517
2022-12-25;BY;Belarus;0;994037;0;7118;0.7160699249625517
2023-01-01;BY;Belarus;0;994037;0;7118;0.7160699249625517
2023-01-08;BY;Belarus;0;994037;0;7118;0.7160699249625517
2023-01-15;BY;Belarus;0;994037;0;7118;0.7160699249625517
2023-01-22;BY;Belarus;0;994037;0;7118;0.7160699249625517
2023-01-29;BY;Belarus;0;994037;0;7118;0.7160699249625517
2023-02-05;BY;Belarus;0;994037;0;7118;0.7160699249625517
2023-02-12;BY;Belarus;0;994037;0;7118;0.7160699249625517
2023-02-19;BY;Belarus;0;994037;0;7118;0.7160699249625517
2023-02-26;BY;Belarus;0;994037;0;7118;0.7160699249625517
2023-03-05;BY;Belarus;0;994037;0;7118;0.7160699249625517
2023-03-12;BY;Belarus;0;994037;0;7118;0.7160699249625517
2023-03-19;BY;Belarus;0;994037;0;7118;0.7160699249625517
2023-03-26;BY;Belarus;0;994037;0;7118;0.7160699249625517
2023-04-02;BY;Belarus;0;994037;0;7118;0.7160699249625517
2023-04-09;BY;Belarus;0;994037;0;7118;0.7160699249625517
2023-04-16;BY;Belarus;0;994037;0;7118;0.7160699249625517
2023-04-23;BY;Belarus;0;994037;0;7118;0.7160699249625517
2023-04-30;BY;Belarus;0;994037;0;7118;0.7160699249625517
2023-05-07;BY;Belarus;0;994037;0;7118;0.7160699249625517
2023-05-14;BY;Belarus;0;994037;0;7118;0.7160699249625517
2023-05-21;BY;Belarus;0;994037;0;7118;0.7160699249625517
2023-05-28;BY;Belarus;0;994037;0;7118;0.7160699249625517
2023-06-04;BY;Belarus;0;994037;0;7118;0.7160699249625517
2023-06-11;BY;Belarus;0;994037;0;7118;0.7160699249625517
2023-06-18;BY;Belarus;0;994037;0;7118;0.7160699249625517
2023-06-25;BY;Belarus;0;994037;0;7118;0.7160699249625517
2023-07-02;BY;Belarus;0;994037;0;7118;0.7160699249625517
2023-07-09;BY;Belarus;0;994037;0;7118;0.7160699249625517
2023-07-16;BY;Belarus;0;994037;0;7118;0.7160699249625517
2023-07-23;BY;Belarus;0;994037;0;7118;0.7160699249625517
2023-07-30;BY;Belarus;0;994037;0;7118;0.7160699249625517
2023-08-06;BY;Belarus;0;994037;0;7118;0.7160699249625517
2023-08-13;BY;Belarus;0;994037;0;7118;0.7160699249625517
2023-08-20;BY;Belarus;0;994037;0;7118;0.7160699249625517
2023-08-27;BY;Belarus;0;994037;0;7118;0.7160699249625517
2023-09-03;BY;Belarus;0;994037;0;7118;0.7160699249625517
2023-09-10;BY;Belarus;0;994037;0;7118;0.7160699249625517
2023-09-17;BY;Belarus;0;994037;0;7118;0.7160699249625517
2023-09-24;BY;Belarus;0;994037;0;7118;0.7160699249625517
2023-10-01;BY;Belarus;0;994037;0;7118;0.7160699249625517
2023-10-08;BY;Belarus;0;994037;0;7118;0.7160699249625517
2023-10-15;BY;Belarus;0;994037;0;7118;0.7160699249625517
2023-10-22;BY;Belarus;0;994037;0;7118;0.7160699249625517
2023-10-29;BY;Belarus;0;994037;0;7118;0.7160699249625517
2023-11-05;BY;Belarus;0;994037;0;7118;0.7160699249625517
2023-11-12;BY;Belarus;0;994037;0;7118;0.7160699249625517
2023-11-19;BY;Belarus;0;994037;0;7118;0.7160699249625517
2023-11-26;BY;Belarus;0;994037;0;7118;0.7160699249625517
2023-12-03;BY;Belarus;0;994037;0;7118;0.7160699249625517
2023-12-10;BY;Belarus;0;994037;0;7118;0.7160699249625517
2023-12-17;BY;Belarus;0;994037;0;7118;0.7160699249625517
2023-12-24;BY;Belarus;0;994037;0;7118;0.7160699249625517
2023-12-31;BY;Belarus;0;994037;0;7118;0.7160699249625517
2024-01-07;BY;Belarus;0;994037;0;7118;0.7160699249625517
2024-01-14;BY;Belarus;0;994037;0;7118;0.7160699249625517
2024-01-21;BY;Belarus;0;994037;0;7118;0.7160699249625517
2020-01-05;BE;Belgium;0;0;0;0;0.0
2020-01-12;BE;Belgium;0;0;0;0;0.0
2020-01-19;BE;Belgium;0;0;0;0;0.0
2020-01-26;BE;Belgium;0;0;0;0;0.0
2020-02-02;BE;Belgium;0;0;0;0;0.0
2020-02-09;BE;Belgium;1;1;0;0;0.0
2020-02-16;BE;Belgium;0;1;0;0;0.0
2020-02-23;BE;Belgium;0;1;0;0;0.0
2020-03-01;BE;Belgium;0;1;0;0;0.0
2020-03-08;BE;Belgium;315;316;0;0;0.0
2020-03-15;BE;Belgium;1046;1362;9;9;0.6607929515418502
2020-03-22;BE;Belgium;3111;4473;140;149;3.3310976972948803
2020-03-29;BE;Belgium;7558;12031;602;751;6.242207630288422
2020-04-05;BE;Belgium;9634;21665;1357;2108;9.729979229171475
2020-08-23;BE;Belgium;3430;81957;53;9956;12.147833620069061
2020-08-30;BE;Belgium;3127;85084;31;9987;11.737812044567722
2020-09-06;BE;Belgium;3490;88574;22;10009;11.300155801928332
2020-09-13;BE;Belgium;5717;94291;21;10030;10.637282455377502
2020-09-20;BE;Belgium;9672;103963;20;10050;9.666900724296145
2020-09-27;BE;Belgium;11145;115108;33;10083;8.759599680300239
2020-10-04;BE;Belgium;17885;132993;76;10159;7.638747904025024
2020-10-11;BE;Belgium;35324;168317;125;10284;6.1098997724531685
2020-10-18;BE;Belgium;67672;235989;237;10521;4.45825864764883
2020-10-25;BE;Belgium;101847;337836;366;10887;3.222569530778247
2020-11-01;BE;Belgium;106752;444588;915;11802;2.6545925666009875
2020-11-08;BE;Belgium;58229;502817;1354;13156;2.6164588707223504
2020-11-15;BE;Belgium;34794;537611;1381;14537;2.703999732148338
2020-11-22;BE;Belgium;23781;561392;1224;15761;2.807485678456408
2020-11-29;BE;Belgium;16348;577740;924;16685;2.8879772908228616
2020-12-06;BE;Belgium;14990;592730;773;17458;2.945354545914666
2020-12-13;BE;Belgium;15997;608727;663;18121;2.976868119863256
2020-12-20;BE;Belgium;17504;626231;655;18776;2.998254637665654
2020-12-27;BE;Belgium;12529;638760;598;19374;3.033064061619388
2021-01-03;BE;Belgium;10587;649347;478;19852;3.0572251816055207
2021-01-10;BE;Belgium;13335;662682;387;20239;3.0541043818905598
2021-01-17;BE;Belgium;13362;676044;364;20603;3.04758270171764
2021-01-24;BE;Belgium;14307;690351;360;20963;3.036571251435864
2021-01-31;BE;Belgium;16127;706478;345;21308;3.0160882575253583
2021-02-07;BE;Belgium;15414;721892;287;21595;2.9914447036398797
2021-02-14;BE;Belgium;12643;734535;279;21874;2.9779384236285544
2021-02-21;BE;Belgium;14680;749215;252;22126;2.9532243748456715
2021-02-28;BE;Belgium;16796;766011;165;22291;2.9100104306596117
2021-03-07;BE;Belgium;16333;782344;192;22483;2.87379976071907
2021-03-14;BE;Belgium;20001;802345;174;22657;2.823847596732079
2021-03-21;BE;Belgium;28468;830813;180;22837;2.7487533295699516
2021-03-28;BE;Belgium;33670;864483;187;23024;2.6633259416321664
2021-04-04;BE;Belgium;30410;894893;232;23256;2.598746442312098
2021-04-11;BE;Belgium;24742;919635;301;23557;2.561559749248343
2021-04-18;BE;Belgium;24408;944043;275;23832;2.52446127983577
2021-04-25;BE;Belgium;25035;969078;272;24104;2.487312682776825
2021-05-02;BE;Belgium;21346;990424;273;24377;2.4612691130263404
2021-05-09;BE;Belgium;20880;1011304;247;24624;2.4348761598886193
2021-05-16;BE;Belgium;15229;1026533;179;24803;2.41619119891908
2021-05-23;BE;Belgium;16785;1043318;140;24943;2.390738010846166
2021-05-30;BE;Belgium;12669;1055987;95;25038;2.3710519163588186
2021-06-06;BE;Belgium;9742;1065729;99;25137;2.358667165855485
2021-06-13;BE;Belgium;5708;1071437;60;25197;2.3517014999482004
2021-06-20;BE;Belgium;3192;1074629;44;25241;2.3488106127789217
2021-06-27;BE;Belgium;2393;1077022;32;25273;2.3465630228537577
2021-07-04;BE;Belgium;3624;1080646;22;25295;2.340729526597979
2021-07-11;BE;Belgium;6617;1087263;13;25308;2.3276796874353307
2021-07-18;BE;Belgium;9384;1096647;12;25320;2.3088559946819713
2021-07-25;BE;Belgium;10389;1107036;11;25331;2.288182136804946
2021-08-01;BE;Belgium;10985;1118021;24;25355;2.2678464894666557
2021-08-08;BE;Belgium;12286;1130307;24;25379;2.245319192042516
2021-08-15;BE;Belgium;13436;1143743;23;25402;2.2209534834311553
2021-08-22;BE;Belgium;13713;1157456;36;25438;2.1977509296249704
2021-08-29;BE;Belgium;14154;1171610;40;25478;2.174614419474057
2021-09-05;BE;Belgium;13996;1185606;37;25515;2.15206400777324
2021-09-12;BE;Belgium;13755;1199361;56;25571;2.1320519843483323
2021-09-19;BE;Belgium;14553;1213914;42;25613;2.109951775825965
2021-09-26;BE;Belgium;13625;1227539;56;25669;2.0910944580986834
2021-10-03;BE;Belgium;13444;1240983;58;25727;2.0731146196200916
2021-10-10;BE;Belgium;14524;1255507;66;25793;2.054389183015308
2021-10-17;BE;Belgium;21273;1276780;82;25875;2.026582496592992
2021-10-24;BE;Belgium;37375;1314155;98;25973;1.9764030879158088
2021-10-31;BE;Belgium;53380;1367535;154;26127;1.910517829525387
2021-11-07;BE;Belgium;55358;1422893;146;26273;1.8464494519264625
2021-11-14;BE;Belgium;70372;1493265;197;26470;1.7726257563125096
2021-11-21;BE;Belgium;109038;1602303;240;26710;1.6669755970000681
2021-11-28;BE;Belgium;125241;1727544;281;26991;1.5623914644142205
2021-12-05;BE;Belgium;120571;1848115;346;27337;1.4791828430590088
2021-12-12;BE;Belgium;93713;1941828;328;27665;1.424688489402769
2021-12-19;BE;Belgium;60686;2002514;273;27938;1.395146301099518
2021-12-26;BE;Belgium;45596;2048110;254;28192;1.3764885675085812
2022-01-02;BE;Belgium;76996;2125106;170;28362;1.3346157791658393
2022-01-09;BE;Belgium;142541;2267647;131;28493;1.256500681102482
2022-01-16;BE;Belgium;189412;2457059;150;28643;1.1657432727500643
2022-01-23;BE;Belgium;334758;2791817;171;28814;1.0320877048889665
2022-01-30;BE;Belgium;336348;3128165;210;29024;0.9278282955023153
2022-02-06;BE;Belgium;202844;3331009;287;29311;0.8799435846615845
2022-02-13;BE;Belgium;110136;3441145;325;29636;0.8612249701770778
2022-02-20;BE;Belgium;67474;3508619;292;29928;0.8529851773589552
2022-02-27;BE;Belgium;46661;3555280;174;30102;0.8466843680385229
2022-03-06;BE;Belgium;42733;3598013;139;30241;0.8404916824925313
2022-03-13;BE;Belgium;56086;3654099;142;30383;0.8314771986199608
2022-03-20;BE;Belgium;71510;3725609;130;30513;0.8190070401912815
2022-03-27;BE;Belgium;79185;3804794;152;30665;0.8059569059454992
2022-04-03;BE;Belgium;73163;3877957;169;30834;0.7951093836264818
2022-04-10;BE;Belgium;64176;3942133;176;31010;0.786629979252349
2022-04-17;BE;Belgium;53684;3995817;164;31174;0.7801658584464704
2022-04-24;BE;Belgium;42050;4037867;138;31312;0.7754589242290546
2022-05-01;BE;Belgium;33693;4071560;111;31423;0.7717680692412736
2022-05-08;BE;Belgium;31079;4102639;107;31530;0.7685297195293078
2022-05-15;BE;Belgium;26107;4128746;64;31594;0.765220238784367
2022-05-22;BE;Belgium;16893;4145639;58;31652;0.763501115268358
2022-05-29;BE;Belgium;9459;4155098;48;31700;0.7629182271994548
2022-06-05;BE;Belgium;11121;4166219;43;31743;0.7619138600251211
2022-06-12;BE;Belgium;13293;4179512;44;31787;0.7605433361598196
2022-06-19;BE;Belgium;19471;4198983;38;31825;0.7579216205447843
2022-06-26;BE;Belgium;27121;4226104;33;31858;0.7538385236141847
2022-07-03;BE;Belgium;39113;4265217;57;31915;0.7482620462217984
2022-07-10;BE;Belgium;54259;4319476;54;31969;0.7401129211043191
2022-07-17;BE;Belgium;50068;4369544;79;32048;0.7334403773025286
2022-07-24;BE;Belgium;30244;4399788;77;32125;0.7301488162611471
2022-07-31;BE;Belgium;28023;4427811;99;32224;0.7277636737430754
2022-08-07;BE;Belgium;20468;4448279;71;32295;0.7260111157596005
2022-08-14;BE;Belgium;15148;4463427;69;32364;0.7250930731027975
2022-08-21;BE;Belgium;12031;4475458;65;32429;0.7245962312683976
2022-08-28;BE;Belgium;10917;4486375;50;32479;0.7239475077317433
2022-09-04;BE;Belgium;10473;4496848;40;32519;0.7231509715249437
2022-09-11;BE;Belgium;11341;4508189;35;32554;0.7221081458652243
2022-09-18;BE;Belgium;13019;4521208;46;32600;0.7210462336614462
2022-09-25;BE;Belgium;15764;4536972;20;32620;0.7189817349545027
2022-10-02;BE;Belgium;20014;4556986;27;32647;0.716416508630924
2022-10-09;BE;Belgium;22321;4579307;50;32697;0.7140163347860277
2022-10-16;BE;Belgium;19437;4598744;69;32766;0.7124988910015431
2022-10-23;BE;Belgium;13434;4612178;65;32831;0.7118328910983054
2022-10-30;BE;Belgium;8326;4620504;50;32881;0.711632324092783
2022-11-06;BE;Belgium;4596;4625100;40;32921;0.7117900153510194
2022-11-13;BE;Belgium;4600;4629700;33;32954;0.7117955807071733
2022-11-20;BE;Belgium;5268;4634968;38;32992;0.7118064245535244
2022-11-27;BE;Belgium;6650;4641618;27;33019;0.7113683202710779
2022-12-04;BE;Belgium;8170;4649788;21;33040;0.710570030289553
2022-12-11;BE;Belgium;9710;4659498;45;33085;0.7100550316793783
2022-12-18;BE;Belgium;10121;4669619;70;33155;0.710015099732976
2022-12-25;BE;Belgium;9853;4679472;85;33240;0.7103365507903456
2023-01-01;BE;Belgium;6375;4685847;96;33336;0.7114188747519926
2023-01-08;BE;Belgium;4684;4690531;72;33408;0.7122434538861379
2023-01-15;BE;Belgium;3088;4693619;62;33470;0.7130958009160948
2023-01-22;BE;Belgium;2442;4696061;36;33506;0.7134915836910978
2023-01-29;BE;Belgium;3167;4699228;31;33537;0.7136704156512517
2023-02-05;BE;Belgium;4830;4704058;21;33558;0.7133840611659125
2023-02-12;BE;Belgium;6208;4710266;48;33606;0.7134628914800141
2023-02-19;BE;Belgium;8813;4719079;48;33654;0.7131476290182893
2023-02-26;BE;Belgium;9732;4728811;59;33713;0.7129276259930879
2023-03-05;BE;Belgium;10777;4739588;57;33770;0.7125091885623814
2023-03-12;BE;Belgium;12484;4752072;57;33827;0.7118368576907084
2023-03-19;BE;Belgium;11577;4763649;77;33904;0.7117233028713912
2023-03-26;BE;Belgium;9908;4773557;84;33988;0.7120057433063017
2023-04-02;BE;Belgium;7120;4780677;69;34057;0.7123886428637618
2023-04-09;BE;Belgium;5044;4785721;52;34109;0.7127243731926705
2023-04-16;BE;Belgium;3691;4789412;35;34144;0.7129058848977703
2023-04-23;BE;Belgium;3194;4792606;30;34174;0.713056737816545
2023-04-30;BE;Belgium;2492;4795098;43;34217;0.7135829132167892
2023-05-07;BE;Belgium;1717;4796815;31;34248;0.7139737513329157
2023-05-14;BE;Belgium;1361;4798176;19;34267;0.7141672168757461
2023-05-21;BE;Belgium;956;4799132;23;34290;0.7145042061772837
2023-05-28;BE;Belgium;873;4800005;17;34307;0.7147284221578936
2023-06-04;BE;Belgium;547;4800552;10;34317;0.7148552916414612
2023-06-11;BE;Belgium;532;4801084;7;34324;0.7149218801420679
2023-06-18;BE;Belgium;332;4801416;8;34332;0.7150390634762746
2023-06-25;BE;Belgium;236;4801652;6;34338;0.7151288764783454
2023-07-02;BE;Belgium;180;4801832;1;34339;0.7151228947618326
2023-07-09;BE;Belgium;160;4801992;0;34339;0.7150990672204369
2023-07-16;BE;Belgium;225;4802217;0;34339;0.7150655624266875
2023-07-23;BE;Belgium;193;4802410;0;34339;0.7150368252606504
2023-07-30;BE;Belgium;330;4802740;0;34339;0.7149876945243757
2023-08-06;BE;Belgium;513;4803253;0;34339;0.7149113319660655
2023-08-13;BE;Belgium;820;4804073;0;34339;0.7147893048253013
2023-08-20;BE;Belgium;1232;4805305;0;34339;0.7146060447775947
2023-08-27;BE;Belgium;1622;4806927;0;34339;0.7143649154647034
2023-09-03;BE;Belgium;2006;4808933;0;34339;0.7140669250330582
2023-09-10;BE;Belgium;2729;4811662;0;34339;0.7136619321972325
2023-09-17;BE;Belgium;2546;4814208;0;34339;0.7132845111802398
2023-09-24;BE;Belgium;2348;4816556;0;34339;0.7129367955028448
2023-10-01;BE;Belgium;2373;4818929;0;34339;0.7125857218481534
2023-10-08;BE;Belgium;2220;4821149;0;34339;0.7122575966849396
2023-10-15;BE;Belgium;2045;4823194;0;34339;0.7119556045226463
2023-10-22;BE;Belgium;1780;4824974;0;34339;0.7116929542003749
2023-10-29;BE;Belgium;1756;4826730;0;34339;0.7114340350506451
2023-11-05;BE;Belgium;1350;4828080;0;34339;0.7112351079518152
2023-11-12;BE;Belgium;1389;4829469;0;34339;0.7110305501495092
2023-11-19;BE;Belgium;1463;4830932;0;34339;0.7108152215762921
2023-11-26;BE;Belgium;1671;4832603;0;34339;0.7105694384579077
2023-12-03;BE;Belgium;2219;4834822;0;34339;0.7102433140247977
2023-12-10;BE;Belgium;3270;4838092;0;34339;0.7097632703139998
2023-12-17;BE;Belgium;3991;4842083;0;34339;0.7091782606783072
2023-12-24;BE;Belgium;3739;4845822;0;34339;0.7086310640382582
2023-12-31;BE;Belgium;2923;4848745;0;34339;0.7082038754358086
2024-01-07;BE;Belgium;2253;4850998;0;34339;0.7078749568645462
2024-01-14;BE;Belgium;1677;4852675;0;34339;0.707630327602817
2024-01-21;BE;Belgium;1723;4854398;0;34339;0.7073791642135647
2020-01-05;BZ;Belize;0;0;0;0;0.0
2020-01-12;BZ;Belize;0;0;0;0;0.0
2020-01-19;BZ;Belize;0;0;0;0;0.0
2020-01-26;BZ;Belize;0;0;0;0;0.0
2020-02-02;BZ;Belize;0;0;0;0;0.0
2020-02-09;BZ;Belize;0;0;0;0;0.0
2020-02-16;BZ;Belize;0;0;0;0;0.0
2020-02-23;BZ;Belize;0;0;0;0;0.0
2020-03-01;BZ;Belize;0;0;0;0;0.0
2020-03-08;BZ;Belize;0;0;0;0;0.0
2020-03-15;BZ;Belize;0;0;0;0;0.0
2020-03-22;BZ;Belize;0;0;0;0;0.0
2020-03-29;BZ;Belize;2;2;0;0;0.0
2020-04-05;BZ;Belize;2;4;0;0;0.0
2020-04-19;BZ;Belize;8;18;0;2;11.11111111111111
2020-04-26;BZ;Belize;0;18;0;2;11.11111111111111
2020-05-03;BZ;Belize;0;18;0;2;11.11111111111111
2020-05-10;BZ;Belize;0;18;0;2;11.11111111111111
2020-05-17;BZ;Belize;0;18;0;2;11.11111111111111
2020-05-24;BZ;Belize;0;18;0;2;11.11111111111111
2020-05-31;BZ;Belize;0;18;0;2;11.11111111111111
2020-06-07;BZ;Belize;1;19;0;2;10.526315789473683
2020-06-14;BZ;Belize;1;20;0;2;10.0
2020-06-21;BZ;Belize;2;22;0;2;9.090909090909092
2020-06-28;BZ;Belize;2;24;0;2;8.333333333333332
2020-07-05;BZ;Belize;6;30;0;2;6.666666666666667
2020-07-12;BZ;Belize;7;37;0;2;5.405405405405405
2020-07-19;BZ;Belize;3;40;0;2;5.0
2020-07-26;BZ;Belize;8;48;0;2;4.166666666666666
2020-08-02;BZ;Belize;0;48;0;2;4.166666666666666
2020-08-09;BZ;Belize;98;146;0;2;1.36986301369863
2020-08-16;BZ;Belize;242;388;1;3;0.7731958762886598
2020-08-23;BZ;Belize;260;648;2;5;0.7716049382716049
2020-08-30;BZ;Belize;222;870;7;12;1.3793103448275863
2020-09-06;BZ;Belize;282;1152;3;15;1.3020833333333335
2020-09-13;BZ;Belize;283;1435;4;19;1.32404181184669
2020-09-20;BZ;Belize;155;1590;1;20;1.257861635220126
2020-09-27;BZ;Belize;218;1808;3;23;1.2721238938053099
2020-10-04;BZ;Belize;272;2080;5;28;1.3461538461538463
2020-10-11;BZ;Belize;347;2427;7;35;1.442109600329625
2020-10-18;BZ;Belize;301;2728;8;43;1.5762463343108504
2020-10-25;BZ;Belize;322;3050;4;47;1.540983606557377
2020-11-01;BZ;Belize;412;3462;11;58;1.6753321779318313
2020-11-08;BZ;Belize;554;4016;9;67;1.6683266932270915
2020-11-15;BZ;Belize;699;4715;18;85;1.8027571580063628
2020-11-22;BZ;Belize;341;5056;22;107;2.1162974683544302
2020-11-29;BZ;Belize;531;5587;34;141;2.523715768748881
2020-12-06;BZ;Belize;1796;7383;29;170;2.302587024244887
2020-12-13;BZ;Belize;1582;8965;15;185;2.0635805911879532
2020-12-20;BZ;Belize;964;9929;30;215;2.1653741565112297
2020-12-27;BZ;Belize;561;10490;13;228;2.17349857006673
2021-01-03;BZ;Belize;317;10807;21;249;2.3040621819191265
2021-01-10;BZ;Belize;395;11202;22;271;2.419210855204428
2021-01-17;BZ;Belize;327;11529;10;281;2.437331945528667
2021-01-24;BZ;Belize;171;11700;9;290;2.4786324786324787
2021-01-31;BZ;Belize;177;11877;11;301;2.534310010945525
2021-02-07;BZ;Belize;136;12013;5;306;2.547240489469741
2021-02-14;BZ;Belize;121;12134;7;313;2.579528597329817
2021-02-21;BZ;Belize;93;12227;1;314;2.568087020528339
2021-02-28;BZ;Belize;66;12293;0;314;2.55429919466363
2021-03-07;BZ;Belize;42;12335;1;315;2.553708958248885
2021-03-14;BZ;Belize;35;12370;1;316;2.5545675020210186
2021-03-21;BZ;Belize;30;12400;0;316;2.5483870967741935
2021-03-28;BZ;Belize;15;12415;1;317;2.553362867498993
2021-04-04;BZ;Belize;41;12456;0;317;2.544958253050739
2021-04-11;BZ;Belize;31;12487;1;318;2.5466485144550335
2021-04-18;BZ;Belize;51;12538;0;318;2.536289679374701
2021-04-25;BZ;Belize;61;12599;3;321;2.5478212556552107
2021-05-02;BZ;Belize;69;12668;2;323;2.549731607199242
2021-05-09;BZ;Belize;18;12686;0;323;2.546113826265174
2021-05-16;BZ;Belize;28;12714;0;323;2.5405065282365897
2021-05-23;BZ;Belize;50;12764;0;323;2.5305546850517078
2021-05-30;BZ;Belize;27;12791;1;324;2.5330310374482057
2021-06-06;BZ;Belize;70;12861;1;325;2.527019671876215
2021-06-13;BZ;Belize;77;12938;0;325;2.511980213325089
2021-06-20;BZ;Belize;66;13004;3;328;2.5223008305136885
2021-06-27;BZ;Belize;133;13137;1;329;2.504376950597549
2021-07-04;BZ;Belize;206;13343;1;330;2.4732069249793898
2021-07-11;BZ;Belize;175;13518;0;330;2.4411895250776743
2021-07-18;BZ;Belize;165;13683;2;332;2.4263684864430317
2021-07-25;BZ;Belize;234;13917;0;332;2.385571603075375
2021-08-01;BZ;Belize;246;14163;5;337;2.3794393843112336
2021-08-08;BZ;Belize;275;14438;2;339;2.3479706330516694
2021-08-15;BZ;Belize;409;14847;5;344;2.3169663905166025
2021-08-22;BZ;Belize;568;15415;7;351;2.277002919234512
2021-08-29;BZ;Belize;597;16012;5;356;2.2233325006245317
2021-09-05;BZ;Belize;738;16750;7;363;2.1671641791044776
2021-09-12;BZ;Belize;655;17405;10;373;2.1430623384085035
2021-09-19;BZ;Belize;1127;18532;16;389;2.099071875674509
2021-09-26;BZ;Belize;1068;19600;13;402;2.0510204081632653
2021-10-03;BZ;Belize;1403;21003;16;418;1.9901918773508547
2021-10-10;BZ;Belize;1184;22187;13;431;1.9425789876954973
2021-10-17;BZ;Belize;1803;23990;30;461;1.921634014172572
2021-10-24;BZ;Belize;1455;25445;12;473;1.858911377480841
2021-10-31;BZ;Belize;1353;26798;18;491;1.8322262855436973
2021-11-07;BZ;Belize;1096;27894;18;509;1.8247651824765183
2021-11-14;BZ;Belize;1005;28899;25;534;1.8478148032803903
2021-11-21;BZ;Belize;602;29501;24;558;1.8914613063963934
2021-11-28;BZ;Belize;664;30165;12;570;1.8896071606166087
2021-12-05;BZ;Belize;515;30680;9;579;1.8872229465449804
2021-12-12;BZ;Belize;353;31033;7;586;1.888312441594432
2021-12-19;BZ;Belize;213;31246;3;589;1.8850412852845162
2021-12-26;BZ;Belize;257;31503;3;592;1.8791861092594355
2022-01-02;BZ;Belize;1337;32840;10;602;1.833130328867235
2022-01-09;BZ;Belize;2962;35802;3;605;1.6898497290654153
2022-01-16;BZ;Belize;4810;40612;3;608;1.4970944548409337
2022-01-23;BZ;Belize;5141;45753;8;616;1.3463598015430682
2022-01-30;BZ;Belize;4734;50487;9;625;1.2379424406282806
2022-02-06;BZ;Belize;3057;53544;4;629;1.1747347975496787
2022-02-13;BZ;Belize;1639;55183;2;631;1.1434680970588769
2022-02-20;BZ;Belize;896;56079;10;641;1.1430303678738922
2022-02-27;BZ;Belize;518;56597;9;650;1.1484707670017846
2022-03-06;BZ;Belize;279;56876;1;651;1.1445952598635627
2022-03-13;BZ;Belize;158;57034;1;652;1.1431777536206473
2022-03-20;BZ;Belize;109;57143;2;654;1.144497138757153
2022-03-27;BZ;Belize;88;57231;0;654;1.1427373276720658
2022-04-03;BZ;Belize;58;57289;2;656;1.1450714796906911
2022-04-10;BZ;Belize;-2;57287;8;664;1.159076230209297
2022-04-17;BZ;Belize;44;57331;8;672;1.1721407266574801
2022-04-24;BZ;Belize;88;57419;4;676;1.1773106463017469
2022-05-01;BZ;Belize;72;57491;0;676;1.1758362178427928
2022-05-08;BZ;Belize;121;57612;0;676;1.1733666597236687
2022-05-15;BZ;Belize;284;57896;0;676;1.1676108884897056
2022-05-22;BZ;Belize;523;58419;1;677;1.158869545866927
2022-05-29;BZ;Belize;630;59049;0;677;1.1465054446307303
2022-06-05;BZ;Belize;739;59788;1;678;1.134006824111862
2022-06-12;BZ;Belize;1075;60863;0;678;1.1139772932652023
2022-06-19;BZ;Belize;1055;61918;0;678;1.0949966084175846
2022-06-26;BZ;Belize;1119;63037;1;679;1.0771451687104399
2022-07-03;BZ;Belize;1101;64138;1;680;1.0602139137484798
2022-07-10;BZ;Belize;810;64948;0;680;1.0469914393052904
2022-07-17;BZ;Belize;1046;65994;0;680;1.0303967027305512
2022-07-24;BZ;Belize;627;66621;0;680;1.0206991789375723
2022-07-31;BZ;Belize;490;67111;0;680;1.013246710673362
2022-08-07;BZ;Belize;313;67424;0;680;1.0085429520645468
2022-08-14;BZ;Belize;206;67630;0;680;1.0054709448469614
2022-08-21;BZ;Belize;261;67891;0;680;1.001605514722128
2022-08-28;BZ;Belize;296;68187;0;680;0.9972575417601595
2022-09-04;BZ;Belize;163;68350;0;680;0.9948792977322605
2022-09-11;BZ;Belize;123;68473;0;680;0.9930921677157419
2022-09-18;BZ;Belize;231;68704;0;680;0.9897531439217513
2022-09-25;BZ;Belize;80;68784;3;683;0.9929634798790418
2022-10-02;BZ;Belize;70;68854;3;686;0.9963110349435037
2022-10-09;BZ;Belize;30;68884;0;686;0.9958771267638349
2022-10-16;BZ;Belize;25;68909;0;686;0.9955158252187667
2022-10-23;BZ;Belize;17;68926;1;687;0.996721121202449
2022-10-30;BZ;Belize;17;68943;0;687;0.9964753492015144
2022-11-06;BZ;Belize;14;68957;0;687;0.9962730397204054
2022-11-13;BZ;Belize;15;68972;0;687;0.9960563707011542
2022-11-20;BZ;Belize;16;68988;0;687;0.9958253609323361
2022-11-27;BZ;Belize;24;69012;1;688;0.9969280704804961
2022-12-04;BZ;Belize;36;69048;0;688;0.9964082956783686
2022-12-11;BZ;Belize;69;69117;0;688;0.9954135740845234
2022-12-18;BZ;Belize;259;69376;0;688;0.9916974169741697
2022-12-25;BZ;Belize;299;69675;0;688;0.9874416935773234
2023-01-01;BZ;Belize;271;69946;0;688;0.9836159322906243
2023-01-08;BZ;Belize;228;70174;0;688;0.9804200986120216
2023-01-15;BZ;Belize;223;70397;0;688;0.977314374192082
2023-01-22;BZ;Belize;158;70555;0;688;0.9751257883920346
2023-01-29;BZ;Belize;55;70610;0;688;0.9743662370769013
2023-02-05;BZ;Belize;50;70660;0;688;0.9736767619586754
2023-02-12;BZ;Belize;37;70697;0;688;0.9731671782395294
2023-02-19;BZ;Belize;24;70721;0;688;0.9728369225548282
2023-02-26;BZ;Belize;19;70740;0;688;0.9725756290641787
2023-03-05;BZ;Belize;17;70757;0;688;0.972341959099453
2023-03-12;BZ;Belize;25;70782;0;688;0.9719985306998955
2023-03-19;BZ;Belize;0;70782;0;688;0.9719985306998955
2023-03-26;BZ;Belize;0;70782;0;688;0.9719985306998955
2023-04-02;BZ;Belize;0;70782;0;688;0.9719985306998955
2023-04-09;BZ;Belize;0;70782;0;688;0.9719985306998955
2023-04-16;BZ;Belize;0;70782;0;688;0.9719985306998955
2023-04-23;BZ;Belize;0;70782;0;688;0.9719985306998955
2023-04-30;BZ;Belize;0;70782;0;688;0.9719985306998955
2023-05-07;BZ;Belize;0;70782;0;688;0.9719985306998955
2023-05-14;BZ;Belize;0;70782;0;688;0.9719985306998955
2023-05-21;BZ;Belize;0;70782;0;688;0.9719985306998955
2023-05-28;BZ;Belize;11;70793;0;688;0.9718474990465159
2023-06-04;BZ;Belize;7;70800;0;688;0.9717514124293786
2023-06-11;BZ;Belize;28;70828;0;688;0.9713672558875021
2023-06-18;BZ;Belize;28;70856;0;688;0.9709834029581123
2023-06-25;BZ;Belize;29;70885;0;688;0.9705861606827961
2023-07-02;BZ;Belize;33;70918;0;688;0.9701345215601117
2023-07-09;BZ;Belize;20;70938;0;688;0.9698610053849841
2023-07-16;BZ;Belize;41;70979;0;688;0.9693007791036785
2023-07-23;BZ;Belize;21;71000;0;688;0.9690140845070423
2023-07-30;BZ;Belize;42;71042;0;688;0.9684412037949381
2023-08-06;BZ;Belize;53;71095;0;688;0.9677192488923271
2023-08-13;BZ;Belize;59;71154;0;688;0.9669168282879389
2023-08-20;BZ;Belize;88;71242;0;688;0.9657224670840234
2023-08-27;BZ;Belize;20;71262;0;688;0.9654514327411524
2023-09-03;BZ;Belize;52;71314;0;688;0.9647474549176879
2023-09-10;BZ;Belize;29;71343;0;688;0.9643552976465806
2023-09-17;BZ;Belize;18;71361;0;688;0.9641120499992992
2023-09-24;BZ;Belize;12;71373;0;688;0.9639499530634834
2023-10-01;BZ;Belize;0;71373;0;688;0.9639499530634834
2023-10-08;BZ;Belize;0;71373;0;688;0.9639499530634834
2023-10-15;BZ;Belize;0;71373;0;688;0.9639499530634834
2023-10-22;BZ;Belize;0;71373;0;688;0.9639499530634834
2023-10-29;BZ;Belize;0;71373;0;688;0.9639499530634834
2023-11-05;BZ;Belize;0;71373;0;688;0.9639499530634834
2023-11-12;BZ;Belize;0;71373;0;688;0.9639499530634834
2023-11-19;BZ;Belize;0;71373;0;688;0.9639499530634834
2023-11-26;BZ;Belize;0;71373;0;688;0.9639499530634834
2023-12-03;BZ;Belize;0;71373;0;688;0.9639499530634834
2023-12-10;BZ;Belize;0;71373;0;688;0.9639499530634834
2023-12-17;BZ;Belize;0;71373;0;688;0.9639499530634834
2023-12-24;BZ;Belize;0;71373;0;688;0.9639499530634834
2023-12-31;BZ;Belize;0;71373;0;688;0.9639499530634834
2024-01-07;BZ;Belize;0;71373;0;688;0.9639499530634834
2024-01-14;BZ;Belize;0;71373;0;688;0.9639499530634834
2024-01-21;BZ;Belize;0;71373;0;688;0.9639499530634834
2020-01-05;BJ;Benin;0;0;0;0;0.0
2020-01-12;BJ;Benin;0;0;0;0;0.0
2020-01-19;BJ;Benin;0;0;0;0;0.0
2020-01-26;BJ;Benin;0;0;0;0;0.0
2020-02-02;BJ;Benin;0;0;0;0;0.0
2020-02-09;BJ;Benin;0;0;0;0;0.0
2020-02-16;BJ;Benin;0;0;0;0;0.0
2020-02-23;BJ;Benin;0;0;0;0;0.0
2020-03-01;BJ;Benin;0;0;0;0;0.0
2020-03-08;BJ;Benin;0;0;0;0;0.0
2020-03-15;BJ;Benin;0;0;0;0;0.0
2020-03-22;BJ;Benin;2;2;0;0;0.0
2020-03-29;BJ;Benin;1;3;0;0;0.0
2020-04-05;BJ;Benin;10;13;0;0;0.0
2020-04-12;BJ;Benin;22;35;0;0;0.0
2020-04-19;BJ;Benin;19;54;0;0;0.0
2020-04-26;BJ;Benin;6;60;0;0;0.0
2020-05-03;BJ;Benin;30;90;2;2;2.2222222222222223
2020-05-10;BJ;Benin;21;111;0;2;1.8018018018018018
2020-05-17;BJ;Benin;20;131;0;2;1.5267175572519083
2020-05-24;BJ;Benin;6;137;1;3;2.18978102189781
2020-05-31;BJ;Benin;102;239;0;3;1.2552301255230125
2020-06-07;BJ;Benin;29;268;1;4;1.4925373134328357
2020-06-14;BJ;Benin;202;470;2;6;1.276595744680851
2020-06-21;BJ;Benin;295;765;7;13;1.6993464052287581
2020-06-28;BJ;Benin;384;1149;3;16;1.392515230635335
2020-07-05;BJ;Benin;50;1199;5;21;1.7514595496246872
2020-07-12;BJ;Benin;179;1378;5;26;1.8867924528301887
2020-07-19;BJ;Benin;224;1602;5;31;1.9350811485642945
2020-07-26;BJ;Benin;168;1770;4;35;1.977401129943503
2020-08-02;BJ;Benin;139;1909;3;38;1.9905709795704558
2020-08-09;BJ;Benin;27;1936;0;38;1.962809917355372
2020-08-16;BJ;Benin;127;2063;1;39;1.8904507998061075
2020-08-23;BJ;Benin;52;2115;0;39;1.8439716312056738
2020-08-30;BJ;Benin;30;2145;1;40;1.8648018648018647
2020-09-06;BJ;Benin;68;2213;0;40;1.807501129688206
2020-09-13;BJ;Benin;29;2242;0;40;1.784121320249777
2020-09-20;BJ;Benin;38;2280;0;40;1.7543859649122806
2020-09-27;BJ;Benin;45;2325;0;40;1.7204301075268817
2020-10-04;BJ;Benin;32;2357;1;41;1.7394993635977938
2020-10-11;BJ;Benin;54;2411;0;41;1.7005391953546247
2020-10-18;BJ;Benin;85;2496;0;41;1.6426282051282053
2020-10-25;BJ;Benin;61;2557;0;41;1.6034415330465388
2020-11-01;BJ;Benin;86;2643;0;41;1.5512674990541053
2020-11-08;BJ;Benin;102;2745;2;43;1.5664845173041893
2020-11-15;BJ;Benin;99;2844;0;43;1.5119549929676512
2020-11-22;BJ;Benin;72;2916;0;43;1.4746227709190671
2020-11-29;BJ;Benin;58;2974;0;43;1.44586415601883
2020-12-06;BJ;Benin;81;3055;1;44;1.4402618657937807
2020-12-13;BJ;Benin;35;3090;0;44;1.423948220064725
2020-12-20;BJ;Benin;62;3152;0;44;1.3959390862944163
2020-12-27;BJ;Benin;53;3205;0;44;1.3728549141965678
2021-01-03;BJ;Benin;46;3251;0;44;1.353429713934174
2021-01-10;BJ;Benin;53;3304;0;44;1.331719128329298
2021-01-17;BJ;Benin;109;3413;2;46;1.3477878699091708
2021-01-24;BJ;Benin;230;3643;2;48;1.3175953884161407
2021-01-31;BJ;Benin;143;3786;0;48;1.2678288431061806
2021-02-07;BJ;Benin;407;4193;7;55;1.311709992845218
2021-02-14;BJ;Benin;367;4560;1;56;1.2280701754385965
2021-02-21;BJ;Benin;583;5143;9;65;1.2638537818393933
2021-02-28;BJ;Benin;491;5634;5;70;1.2424565140220092
2021-03-07;BJ;Benin;437;6071;5;75;1.235381321034426
2021-03-14;BJ;Benin;430;6501;6;81;1.2459621596677435
2021-03-21;BJ;Benin;317;6818;9;90;1.3200352009386918
2021-03-28;BJ;Benin;282;7100;0;90;1.267605633802817
2021-04-04;BJ;Benin;213;7313;3;93;1.2717079174073567
2021-04-11;BJ;Benin;202;7515;0;93;1.2375249500998005
2021-04-18;BJ;Benin;96;7611;3;96;1.2613322822230981
2021-04-25;BJ;Benin;109;7720;1;97;1.2564766839378239
2021-05-02;BJ;Benin;101;7821;2;99;1.2658227848101267
2021-05-09;BJ;Benin;74;7895;1;100;1.266624445851805
2021-05-16;BJ;Benin;89;7984;1;101;1.2650300601202404
2021-05-23;BJ;Benin;41;8025;0;101;1.2585669781931466
2021-05-30;BJ;Benin;33;8058;0;101;1.2534127575080665
2021-06-06;BJ;Benin;24;8082;1;102;1.2620638455827766
2021-06-13;BJ;Benin;27;8109;0;102;1.257861635220126
2021-06-20;BJ;Benin;31;8140;1;103;1.2653562653562653
2021-06-27;BJ;Benin;30;8170;1;104;1.2729498164014688
2021-07-04;BJ;Benin;29;8199;0;104;1.2684473716306865
2021-07-11;BJ;Benin;28;8227;1;105;1.2762854017260241
2021-07-18;BJ;Benin;17;8244;2;107;1.2979136341581756
2021-07-25;BJ;Benin;80;8324;0;107;1.2854396924555502
2021-08-01;BJ;Benin;70;8394;1;108;1.2866333095067906
2021-08-08;BJ;Benin;214;8608;2;110;1.2778810408921932
2021-08-15;BJ;Benin;457;9065;3;113;1.2465526751241038
2021-08-22;BJ;Benin;1118;10183;6;119;1.1686143572621035
2021-08-29;BJ;Benin;2309;12492;8;127;1.016650656420109
2021-09-05;BJ;Benin;4454;16946;8;135;0.7966481765608404
2021-09-12;BJ;Benin;2344;19290;6;141;0.7309486780715396
2021-09-19;BJ;Benin;2160;21450;5;146;0.6806526806526807
2021-09-26;BJ;Benin;1508;22958;8;154;0.6707901385138079
2021-10-03;BJ;Benin;932;23890;5;159;0.6655504395144412
2021-10-10;BJ;Benin;445;24335;0;159;0.6533799054859256
2021-10-17;BJ;Benin;225;24560;2;161;0.6555374592833876
2021-10-24;BJ;Benin;118;24678;0;161;0.6524029499959478
2021-10-31;BJ;Benin;71;24749;0;161;0.6505313345993777
2021-11-07;BJ;Benin;55;24804;0;161;0.6490888566360264
2021-11-14;BJ;Benin;23;24827;0;161;0.6484875337334354
2021-11-21;BJ;Benin;19;24846;0;161;0.6479916284311358
2021-11-28;BJ;Benin;4;24850;0;161;0.647887323943662
2021-12-05;BJ;Benin;13;24863;0;161;0.6475485661424607
2021-12-12;BJ;Benin;34;24897;0;161;0.6466642567377595
2021-12-19;BJ;Benin;10;24907;0;161;0.6464046252057655
2021-12-26;BJ;Benin;28;24935;0;161;0.64567876478845
2022-01-02;BJ;Benin;109;25044;0;161;0.6428685513496246
2022-01-09;BJ;Benin;478;25522;0;161;0.6308283049917718
2022-01-16;BJ;Benin;514;26036;1;162;0.6222153940697496
2022-01-23;BJ;Benin;273;26309;1;163;0.6195598464403815
2022-01-30;BJ;Benin;141;26450;0;163;0.6162570888468809
2022-02-06;BJ;Benin;48;26498;0;163;0.6151407653407804
2022-02-13;BJ;Benin;54;26552;0;163;0.6138897258210305
2022-02-20;BJ;Benin;15;26567;0;163;0.6135431174012873
2022-02-27;BJ;Benin;0;26567;0;163;0.6135431174012873
2022-03-06;BJ;Benin;8;26575;0;163;0.6133584195672624
2022-03-13;BJ;Benin;0;26575;0;163;0.6133584195672624
2022-03-20;BJ;Benin;18;26593;0;163;0.6129432557439928
2022-03-27;BJ;Benin;0;26593;0;163;0.6129432557439928
2022-04-03;BJ;Benin;2;26595;0;163;0.6128971611205114
2022-04-10;BJ;Benin;0;26595;0;163;0.6128971611205114
2022-04-17;BJ;Benin;10;26605;0;163;0.6126667919563992
2022-04-24;BJ;Benin;0;26605;0;163;0.6126667919563992
2022-05-01;BJ;Benin;0;26605;0;163;0.6126667919563992
2022-05-08;BJ;Benin;5;26610;0;163;0.6125516723036453
2022-05-15;BJ;Benin;0;26610;0;163;0.6125516723036453
2022-05-22;BJ;Benin;60;26670;0;163;0.6111736032995876
2022-05-29;BJ;Benin;119;26789;0;163;0.6084586957333233
2022-06-05;BJ;Benin;125;26914;0;163;0.6056327561863714
2022-06-12;BJ;Benin;128;27042;0;163;0.6027660675985504
2022-06-19;BJ;Benin;80;27122;0;163;0.6009881277191947
2022-06-26;BJ;Benin;38;27160;0;163;0.6001472754050075
2022-07-03;BJ;Benin;56;27216;0;163;0.59891240446796
2022-07-10;BJ;Benin;30;27246;0;163;0.5982529545621376
2022-07-17;BJ;Benin;25;27271;0;163;0.5977045212863481
2022-07-24;BJ;Benin;24;27295;0;163;0.5971789705074189
2022-07-31;BJ;Benin;21;27316;0;163;0.5967198711377947
2022-08-07;BJ;Benin;0;27316;0;163;0.5967198711377947
2022-08-14;BJ;Benin;0;27316;0;163;0.5967198711377947
2022-08-21;BJ;Benin;0;27316;0;163;0.5967198711377947
2022-08-28;BJ;Benin;174;27490;0;163;0.5929428883230266
2022-09-04;BJ;Benin;45;27535;0;163;0.5919738514617758
2022-09-11;BJ;Benin;103;27638;0;163;0.5897677111223677
2022-09-18;BJ;Benin;89;27727;0;163;0.5878746348324738
2022-09-25;BJ;Benin;55;27782;0;163;0.5867108199553668
2022-10-02;BJ;Benin;0;27782;0;163;0.5867108199553668
2022-10-09;BJ;Benin;0;27782;0;163;0.5867108199553668
2022-10-16;BJ;Benin;0;27782;0;163;0.5867108199553668
2022-10-23;BJ;Benin;0;27782;0;163;0.5867108199553668
2022-10-30;BJ;Benin;130;27912;0;163;0.5839782172542276
2022-11-06;BJ;Benin;3;27915;0;163;0.583915457639262
2022-11-13;BJ;Benin;7;27922;0;163;0.5837690709834539
2022-11-20;BJ;Benin;53;27975;0;163;0.58266309204647
2022-11-27;BJ;Benin;5;27980;0;163;0.5825589706933524
2022-12-04;BJ;Benin;1;27981;0;163;0.5825381508881026
2022-12-11;BJ;Benin;1;27982;0;163;0.5825173325709384
2022-12-18;BJ;Benin;0;27982;0;163;0.5825173325709384
2022-12-25;BJ;Benin;3;27985;0;163;0.5824548865463641
2023-01-01;BJ;Benin;1;27986;0;163;0.5824340741799472
2023-01-08;BJ;Benin;0;27986;0;163;0.5824340741799472
2023-01-15;BJ;Benin;3;27989;0;163;0.5823716460037872
2023-01-22;BJ;Benin;1;27990;0;163;0.5823508395855663
2023-01-29;BJ;Benin;0;27990;0;163;0.5823508395855663
2023-02-05;BJ;Benin;1;27991;0;163;0.5823300346539959
2023-02-12;BJ;Benin;3;27994;0;163;0.5822676287775952
2023-02-19;BJ;Benin;5;27999;0;163;0.5821636487017393
2023-02-26;BJ;Benin;0;27999;0;163;0.5821636487017393
2023-03-05;BJ;Benin;8;28007;0;163;0.5819973578034063
2023-03-12;BJ;Benin;2;28009;0;163;0.5819557999214537
2023-03-19;BJ;Benin;3;28012;0;163;0.581893474225332
2023-03-26;BJ;Benin;1;28013;0;163;0.5818727019598043
2023-04-02;BJ;Benin;1;28014;0;163;0.5818519311772685
2023-04-09;BJ;Benin;0;28014;0;163;0.5818519311772685
2023-04-16;BJ;Benin;0;28014;0;163;0.5818519311772685
2023-04-23;BJ;Benin;0;28014;0;163;0.5818519311772685
2023-04-30;BJ;Benin;0;28014;0;163;0.5818519311772685
2023-05-07;BJ;Benin;0;28014;0;163;0.5818519311772685
2023-05-14;BJ;Benin;0;28014;0;163;0.5818519311772685
2023-05-21;BJ;Benin;0;28014;0;163;0.5818519311772685
2023-05-28;BJ;Benin;0;28014;0;163;0.5818519311772685
2023-06-04;BJ;Benin;0;28014;0;163;0.5818519311772685
2023-06-11;BJ;Benin;0;28014;0;163;0.5818519311772685
2023-06-18;BJ;Benin;0;28014;0;163;0.5818519311772685
2023-06-25;BJ;Benin;0;28014;0;163;0.5818519311772685
2023-07-02;BJ;Benin;0;28014;0;163;0.5818519311772685
2023-07-09;BJ;Benin;0;28014;0;163;0.5818519311772685
2023-07-16;BJ;Benin;0;28014;0;163;0.5818519311772685
2023-07-23;BJ;Benin;0;28014;0;163;0.5818519311772685
2023-07-30;BJ;Benin;0;28014;0;163;0.5818519311772685
2023-08-06;BJ;Benin;0;28014;0;163;0.5818519311772685
2023-08-13;BJ;Benin;0;28014;0;163;0.5818519311772685
2023-08-20;BJ;Benin;17;28031;0;163;0.5814990546181014
2023-08-27;BJ;Benin;0;28031;0;163;0.5814990546181014
2023-09-03;BJ;Benin;2;28033;0;163;0.5814575678664431
2023-09-10;BJ;Benin;0;28033;0;163;0.5814575678664431
2023-09-17;BJ;Benin;0;28033;0;163;0.5814575678664431
2023-09-24;BJ;Benin;3;28036;0;163;0.5813953488372093
2023-10-01;BJ;Benin;0;28036;0;163;0.5813953488372093
2023-10-08;BJ;Benin;0;28036;0;163;0.5813953488372093
2023-10-15;BJ;Benin;0;28036;0;163;0.5813953488372093
2023-10-22;BJ;Benin;0;28036;0;163;0.5813953488372093
2023-10-29;BJ;Benin;0;28036;0;163;0.5813953488372093
2023-11-05;BJ;Benin;0;28036;0;163;0.5813953488372093
2023-11-12;BJ;Benin;0;28036;0;163;0.5813953488372093
2023-11-19;BJ;Benin;0;28036;0;163;0.5813953488372093
2023-11-26;BJ;Benin;0;28036;0;163;0.5813953488372093
2023-12-03;BJ;Benin;0;28036;0;163;0.5813953488372093
2023-12-10;BJ;Benin;0;28036;0;163;0.5813953488372093
2023-12-17;BJ;Benin;0;28036;0;163;0.5813953488372093
2023-12-24;BJ;Benin;0;28036;0;163;0.5813953488372093
2023-12-31;BJ;Benin;0;28036;0;163;0.5813953488372093
2024-01-07;BJ;Benin;0;28036;0;163;0.5813953488372093
2024-01-14;BJ;Benin;0;28036;0;163;0.5813953488372093
2024-01-21;BJ;Benin;0;28036;0;163;0.5813953488372093
2020-01-05;BM;Bermuda;0;0;0;0;0.0
2020-01-12;BM;Bermuda;0;0;0;0;0.0
2020-01-19;BM;Bermuda;0;0;0;0;0.0
2020-01-26;BM;Bermuda;0;0;0;0;0.0
2020-02-02;BM;Bermuda;0;0;0;0;0.0
2020-02-09;BM;Bermuda;0;0;0;0;0.0
2020-02-16;BM;Bermuda;0;0;0;0;0.0
2020-02-23;BM;Bermuda;0;0;0;0;0.0
2020-03-01;BM;Bermuda;0;0;0;0;0.0
2020-03-08;BM;Bermuda;0;0;0;0;0.0
2020-03-15;BM;Bermuda;0;0;0;0;0.0
2020-03-22;BM;Bermuda;2;2;0;0;0.0
2020-03-29;BM;Bermuda;15;17;0;0;0.0
2020-04-05;BM;Bermuda;18;35;0;0;0.0
2020-04-12;BM;Bermuda;13;48;4;4;8.333333333333332
2020-04-19;BM;Bermuda;35;83;1;5;6.024096385542169
2020-04-26;BM;Bermuda;16;99;0;5;5.05050505050505
2020-05-03;BM;Bermuda;15;114;1;6;5.263157894736842
2020-05-10;BM;Bermuda;4;118;1;7;5.932203389830509
2020-05-17;BM;Bermuda;5;123;2;9;7.317073170731707
2020-05-24;BM;Bermuda;5;128;0;9;7.03125
2020-05-31;BM;Bermuda;12;140;0;9;6.428571428571428
2020-06-07;BM;Bermuda;1;141;0;9;6.382978723404255
2020-06-14;BM;Bermuda;1;142;0;9;6.338028169014084
2020-06-21;BM;Bermuda;4;146;0;9;6.164383561643835
2020-06-28;BM;Bermuda;0;146;0;9;6.164383561643835
2020-07-05;BM;Bermuda;0;146;0;9;6.164383561643835
2020-07-12;BM;Bermuda;4;150;0;9;6.0
2020-07-19;BM;Bermuda;2;152;0;9;5.921052631578947
2020-07-26;BM;Bermuda;1;153;0;9;5.88235294117647
2020-08-02;BM;Bermuda;3;156;0;9;5.769230769230769
2020-08-09;BM;Bermuda;2;158;0;9;5.69620253164557
2020-08-16;BM;Bermuda;1;159;0;9;5.660377358490567
2020-08-23;BM;Bermuda;8;167;0;9;5.389221556886228
2020-08-30;BM;Bermuda;1;168;0;9;5.357142857142857
2020-09-06;BM;Bermuda;7;175;0;9;5.142857142857142
2020-09-13;BM;Bermuda;2;177;0;9;5.084745762711865
2020-09-20;BM;Bermuda;1;178;0;9;5.056179775280898
2020-09-27;BM;Bermuda;3;181;0;9;4.972375690607735
2020-10-04;BM;Bermuda;0;181;0;9;4.972375690607735
2020-10-11;BM;Bermuda;3;184;0;9;4.891304347826087
2020-10-18;BM;Bermuda;1;185;0;9;4.864864864864865
2020-10-25;BM;Bermuda;5;190;0;9;4.736842105263158
2020-11-01;BM;Bermuda;9;199;0;9;4.522613065326634
2020-11-08;BM;Bermuda;10;209;0;9;4.30622009569378
2020-11-15;BM;Bermuda;13;222;0;9;4.054054054054054
2020-11-22;BM;Bermuda;5;227;0;9;3.9647577092511015
2020-11-29;BM;Bermuda;20;247;0;9;3.643724696356275
2020-12-06;BM;Bermuda;41;288;0;9;3.125
2020-12-13;BM;Bermuda;103;391;0;9;2.3017902813299234
2020-12-20;BM;Bermuda;125;516;0;9;1.744186046511628
2020-12-27;BM;Bermuda;45;561;0;9;1.6042780748663104
2021-01-03;BM;Bermuda;43;604;1;10;1.6556291390728477
2021-01-10;BM;Bermuda;42;646;2;12;1.8575851393188854
2021-01-17;BM;Bermuda;24;670;0;12;1.791044776119403
2021-01-24;BM;Bermuda;16;686;0;12;1.749271137026239
2021-01-31;BM;Bermuda;5;691;0;12;1.7366136034732274
2021-02-07;BM;Bermuda;1;692;0;12;1.7341040462427744
2021-02-14;BM;Bermuda;2;694;0;12;1.729106628242075
2021-02-21;BM;Bermuda;5;699;0;12;1.7167381974248928
2021-02-28;BM;Bermuda;6;705;0;12;1.702127659574468
2021-03-07;BM;Bermuda;17;722;0;12;1.662049861495845
2021-03-14;BM;Bermuda;13;735;0;12;1.6326530612244898
2021-03-21;BM;Bermuda;32;767;0;12;1.564537157757497
2021-03-28;BM;Bermuda;180;947;0;12;1.2671594508975714
2021-04-04;BM;Bermuda;415;1362;0;12;0.881057268722467
2021-04-11;BM;Bermuda;411;1773;2;14;0.7896221094190639
2021-04-18;BM;Bermuda;287;2060;3;17;0.825242718446602
2021-04-25;BM;Bermuda;255;2315;6;23;0.9935205183585313
2021-05-02;BM;Bermuda;78;2393;5;28;1.170079398244881
2021-05-09;BM;Bermuda;41;2434;2;30;1.2325390304026294
2021-05-16;BM;Bermuda;32;2466;2;32;1.2976480129764802
2021-05-23;BM;Bermuda;22;2488;0;32;1.2861736334405145
2021-05-30;BM;Bermuda;3;2491;0;32;1.2846246487354476
2021-06-06;BM;Bermuda;3;2494;1;33;1.3231756214915797
2021-06-13;BM;Bermuda;3;2497;0;33;1.3215859030837005
2021-06-20;BM;Bermuda;7;2504;0;33;1.317891373801917
2021-06-27;BM;Bermuda;6;2510;0;33;1.3147410358565739
2021-07-04;BM;Bermuda;6;2516;0;33;1.3116057233704292
2021-07-11;BM;Bermuda;5;2521;0;33;1.3090043633478778
2021-07-18;BM;Bermuda;9;2530;0;33;1.3043478260869565
2021-07-25;BM;Bermuda;8;2538;0;33;1.3002364066193852
2021-08-01;BM;Bermuda;30;2568;0;33;1.2850467289719625
2021-08-08;BM;Bermuda;46;2614;0;33;1.2624330527926548
2021-08-15;BM;Bermuda;61;2675;0;33;1.2336448598130842
2021-08-22;BM;Bermuda;75;2750;0;33;1.2
2021-08-29;BM;Bermuda;94;2844;0;33;1.160337552742616
2021-09-05;BM;Bermuda;204;3048;1;34;1.1154855643044619
2021-09-12;BM;Bermuda;471;3519;1;35;0.9946007388462632
2021-09-19;BM;Bermuda;699;4218;3;38;0.9009009009009009
2021-09-26;BM;Bermuda;764;4982;14;52;1.0437575270975512
2021-10-03;BM;Bermuda;354;5336;23;75;1.4055472263868065
2021-10-10;BM;Bermuda;165;5501;14;89;1.6178876567896745
2021-10-17;BM;Bermuda;66;5567;6;95;1.7064846416382253
2021-10-24;BM;Bermuda;45;5612;1;96;1.7106200997861727
2021-10-31;BM;Bermuda;35;5647;5;101;1.788560297503099
2021-11-07;BM;Bermuda;30;5677;5;106;1.8671833714990311
2021-11-14;BM;Bermuda;31;5708;0;106;1.8570427470217241
2021-11-21;BM;Bermuda;7;5715;0;106;1.8547681539807526
2021-11-28;BM;Bermuda;15;5730;0;106;1.8499127399650959
2021-12-05;BM;Bermuda;23;5753;0;106;1.8425169476794716
2021-12-12;BM;Bermuda;15;5768;0;106;1.8377253814147017
2021-12-19;BM;Bermuda;47;5815;0;106;1.822871883061049
2021-12-26;BM;Bermuda;249;6064;0;106;1.7480211081794195
2022-01-02;BM;Bermuda;356;6420;4;110;1.7133956386292832
2022-01-09;BM;Bermuda;771;7191;0;110;1.5296898901404534
2022-01-16;BM;Bermuda;1350;8541;0;110;1.2879053974944386
2022-01-23;BM;Bermuda;1225;9766;2;112;1.1468359614990784
2022-01-30;BM;Bermuda;786;10552;4;116;1.0993176648976497
2022-02-06;BM;Bermuda;369;10921;2;118;1.0804871348777585
2022-02-13;BM;Bermuda;225;11146;2;120;1.0766194150367845
2022-02-20;BM;Bermuda;170;11316;2;122;1.0781194768469424
2022-02-27;BM;Bermuda;174;11490;1;123;1.0704960835509139
2022-03-06;BM;Bermuda;144;11634;0;123;1.0572460030943787
2022-03-13;BM;Bermuda;216;11850;1;124;1.0464135021097047
2022-03-20;BM;Bermuda;244;12094;2;126;1.041838928394245
2022-03-27;BM;Bermuda;260;12354;1;127;1.028007123198964
2022-04-03;BM;Bermuda;210;12564;1;128;1.0187838268067495
2022-04-10;BM;Bermuda;175;12739;1;129;1.0126383546589215
2022-04-17;BM;Bermuda;162;12901;2;131;1.015425160840245
2022-04-24;BM;Bermuda;351;13252;0;131;0.9885300332025355
2022-05-01;BM;Bermuda;307;13559;0;131;0.9661479460137179
2022-05-08;BM;Bermuda;273;13832;3;134;0.9687680740312319
2022-05-15;BM;Bermuda;303;14135;1;135;0.955076052352317
2022-05-22;BM;Bermuda;307;14442;2;137;0.9486220745049161
2022-05-29;BM;Bermuda;313;14755;1;138;0.9352761775669264
2022-06-05;BM;Bermuda;330;15085;0;138;0.9148160424262513
2022-06-12;BM;Bermuda;343;15428;0;138;0.8944775732434536
2022-06-19;BM;Bermuda;334;15762;0;138;0.8755234107346783
2022-06-26;BM;Bermuda;195;15957;0;138;0.8648242150780222
2022-07-03;BM;Bermuda;205;16162;2;140;0.8662294270511075
2022-07-10;BM;Bermuda;239;16401;0;140;0.8536064874093043
2022-07-17;BM;Bermuda;321;16722;1;141;0.843200574094008
2022-07-24;BM;Bermuda;266;16988;1;142;0.8358841535201318
2022-07-31;BM;Bermuda;205;17193;2;144;0.837550165765137
2022-08-07;BM;Bermuda;163;17356;4;148;0.8527310440193593
2022-08-14;BM;Bermuda;200;17556;0;148;0.8430166324903167
2022-08-21;BM;Bermuda;118;17674;0;148;0.8373882539323301
2022-08-28;BM;Bermuda;239;17913;0;148;0.8262155976106738
2022-09-04;BM;Bermuda;0;17913;0;148;0.8262155976106738
2022-09-11;BM;Bermuda;0;17913;0;148;0.8262155976106738
2022-09-18;BM;Bermuda;164;18077;0;148;0.8187199203407646
2022-09-25;BM;Bermuda;45;18122;0;148;0.8166868999006732
2022-10-02;BM;Bermuda;32;18154;0;148;0.815247328412471
2022-10-09;BM;Bermuda;66;18220;0;148;0.8122941822173435
2022-10-16;BM;Bermuda;60;18280;0;148;0.8096280087527352
2022-10-23;BM;Bermuda;60;18340;0;148;0.806979280261723
2022-10-30;BM;Bermuda;0;18340;0;148;0.806979280261723
2022-11-06;BM;Bermuda;88;18428;1;149;0.8085522031690905
2022-11-13;BM;Bermuda;0;18428;0;149;0.8085522031690905
2022-11-20;BM;Bermuda;35;18463;2;151;0.8178519200563289
2022-11-27;BM;Bermuda;0;18463;0;151;0.8178519200563289
2022-12-04;BM;Bermuda;56;18519;1;152;0.8207786597548463
2022-12-11;BM;Bermuda;0;18519;0;152;0.8207786597548463
2022-12-18;BM;Bermuda;38;18557;0;152;0.8190979145335993
2022-12-25;BM;Bermuda;0;18557;0;152;0.8190979145335993
2023-01-01;BM;Bermuda;65;18622;1;153;0.8216088497476104
2023-01-08;BM;Bermuda;62;18684;1;154;0.824234639263541
2023-01-15;BM;Bermuda;34;18718;1;155;0.8280799230687039
2023-01-22;BM;Bermuda;33;18751;2;157;0.8372886779371767
2023-01-29;BM;Bermuda;15;18766;0;157;0.8366194180965576
2023-02-05;BM;Bermuda;5;18771;0;157;0.8363965691758565
2023-02-12;BM;Bermuda;14;18785;1;158;0.8410966196433325
2023-02-19;BM;Bermuda;6;18791;1;159;0.8461497525411101
2023-02-26;BM;Bermuda;8;18799;1;160;0.8511091015479546
2023-03-05;BM;Bermuda;15;18814;0;160;0.8504305304560434
2023-03-12;BM;Bermuda;14;18828;0;160;0.8497981729339281
2023-03-19;BM;Bermuda;8;18836;1;161;0.8547462306222128
2023-03-26;BM;Bermuda;13;18849;2;163;0.8647673616637488
2023-04-02;BM;Bermuda;0;18849;0;163;0.8647673616637488
2023-04-09;BM;Bermuda;11;18860;2;165;0.8748674443266171
2023-04-16;BM;Bermuda;0;18860;0;165;0.8748674443266171
2023-04-23;BM;Bermuda;0;18860;0;165;0.8748674443266171
2023-04-30;BM;Bermuda;0;18860;0;165;0.8748674443266171
2023-05-07;BM;Bermuda;0;18860;0;165;0.8748674443266171
2023-05-14;BM;Bermuda;0;18860;0;165;0.8748674443266171
2023-05-21;BM;Bermuda;0;18860;0;165;0.8748674443266171
2023-05-28;BM;Bermuda;0;18860;0;165;0.8748674443266171
2023-06-04;BM;Bermuda;0;18860;0;165;0.8748674443266171
2023-06-11;BM;Bermuda;0;18860;0;165;0.8748674443266171
2023-06-18;BM;Bermuda;0;18860;0;165;0.8748674443266171
2023-06-25;BM;Bermuda;0;18860;0;165;0.8748674443266171
2023-07-02;BM;Bermuda;0;18860;0;165;0.8748674443266171
2023-07-09;BM;Bermuda;0;18860;0;165;0.8748674443266171
2023-07-16;BM;Bermuda;0;18860;0;165;0.8748674443266171
2023-07-23;BM;Bermuda;0;18860;0;165;0.8748674443266171
2023-07-30;BM;Bermuda;0;18860;0;165;0.8748674443266171
2023-08-06;BM;Bermuda;0;18860;0;165;0.8748674443266171
2023-08-13;BM;Bermuda;0;18860;0;165;0.8748674443266171
2023-08-20;BM;Bermuda;0;18860;0;165;0.8748674443266171
2023-08-27;BM;Bermuda;0;18860;0;165;0.8748674443266171
2023-09-03;BM;Bermuda;0;18860;0;165;0.8748674443266171
2023-09-10;BM;Bermuda;0;18860;0;165;0.8748674443266171
2023-09-17;BM;Bermuda;0;18860;0;165;0.8748674443266171
2023-09-24;BM;Bermuda;0;18860;0;165;0.8748674443266171
2023-10-01;BM;Bermuda;0;18860;0;165;0.8748674443266171
2023-10-08;BM;Bermuda;0;18860;0;165;0.8748674443266171
2023-10-15;BM;Bermuda;0;18860;0;165;0.8748674443266171
2023-10-22;BM;Bermuda;0;18860;0;165;0.8748674443266171
2023-10-29;BM;Bermuda;0;18860;0;165;0.8748674443266171
2023-11-05;BM;Bermuda;0;18860;0;165;0.8748674443266171
2023-11-12;BM;Bermuda;0;18860;0;165;0.8748674443266171
2023-11-19;BM;Bermuda;0;18860;0;165;0.8748674443266171
2023-11-26;BM;Bermuda;0;18860;0;165;0.8748674443266171
2023-12-03;BM;Bermuda;0;18860;0;165;0.8748674443266171
2023-12-10;BM;Bermuda;0;18860;0;165;0.8748674443266171
2023-12-17;BM;Bermuda;0;18860;0;165;0.8748674443266171
2023-12-24;BM;Bermuda;0;18860;0;165;0.8748674443266171
2023-12-31;BM;Bermuda;0;18860;0;165;0.8748674443266171
2024-01-07;BM;Bermuda;0;18860;0;165;0.8748674443266171
2024-01-14;BM;Bermuda;0;18860;0;165;0.8748674443266171
2024-01-21;BM;Bermuda;0;18860;0;165;0.8748674443266171
2020-01-05;BT;Bhutan;0;0;0;0;0.0
2020-01-12;BT;Bhutan;0;0;0;0;0.0
2020-01-19;BT;Bhutan;0;0;0;0;0.0
2020-01-26;BT;Bhutan;0;0;0;0;0.0
2020-02-02;BT;Bhutan;0;0;0;0;0.0
2020-02-09;BT;Bhutan;0;0;0;0;0.0
2020-02-16;BT;Bhutan;0;0;0;0;0.0
2020-02-23;BT;Bhutan;0;0;0;0;0.0
2020-03-01;BT;Bhutan;0;0;0;0;0.0
2020-03-08;BT;Bhutan;1;1;0;0;0.0
2020-03-15;BT;Bhutan;0;1;0;0;0.0
2020-03-22;BT;Bhutan;1;2;0;0;0.0
2020-03-29;BT;Bhutan;1;3;0;0;0.0
2020-04-05;BT;Bhutan;2;5;0;0;0.0
2020-04-12;BT;Bhutan;0;5;0;0;0.0
2020-04-19;BT;Bhutan;0;5;0;0;0.0
2020-04-26;BT;Bhutan;2;7;0;0;0.0
2020-05-03;BT;Bhutan;0;7;0;0;0.0
2020-05-10;BT;Bhutan;0;7;0;0;0.0
2020-05-17;BT;Bhutan;14;21;0;0;0.0
2020-05-24;BT;Bhutan;6;27;0;0;0.0
2020-05-31;BT;Bhutan;16;43;0;0;0.0
2020-06-07;BT;Bhutan;16;59;0;0;0.0
2020-06-14;BT;Bhutan;7;66;0;0;0.0
2020-06-21;BT;Bhutan;2;68;0;0;0.0
2020-06-28;BT;Bhutan;8;76;0;0;0.0
2020-07-05;BT;Bhutan;4;80;0;0;0.0
2020-07-12;BT;Bhutan;4;84;0;0;0.0
2020-07-19;BT;Bhutan;5;89;0;0;0.0
2020-07-26;BT;Bhutan;6;95;0;0;0.0
2020-08-02;BT;Bhutan;8;103;0;0;0.0
2020-08-09;BT;Bhutan;7;110;0;0;0.0
2020-08-16;BT;Bhutan;28;138;0;0;0.0
2020-08-23;BT;Bhutan;17;155;0;0;0.0
2020-08-30;BT;Bhutan;69;224;0;0;0.0
2020-09-06;BT;Bhutan;6;230;0;0;0.0
2020-09-13;BT;Bhutan;15;245;0;0;0.0
2020-09-20;BT;Bhutan;16;261;0;0;0.0
2020-09-27;BT;Bhutan;12;273;0;0;0.0
2020-10-04;BT;Bhutan;25;298;0;0;0.0
2020-10-11;BT;Bhutan;11;309;0;0;0.0
2020-10-18;BT;Bhutan;16;325;0;0;0.0
2020-10-25;BT;Bhutan;15;340;0;0;0.0
2020-11-01;BT;Bhutan;9;349;0;0;0.0
2020-11-08;BT;Bhutan;10;359;0;0;0.0
2020-11-15;BT;Bhutan;16;375;0;0;0.0
2020-11-22;BT;Bhutan;4;379;0;0;0.0
2020-11-29;BT;Bhutan;17;396;0;0;0.0
2020-12-06;BT;Bhutan;30;426;0;0;0.0
2020-12-13;BT;Bhutan;11;437;0;0;0.0
2020-12-20;BT;Bhutan;9;446;0;0;0.0
2020-12-27;BT;Bhutan;151;597;0;0;0.0
2021-01-03;BT;Bhutan;119;716;0;0;0.0
2021-01-10;BT;Bhutan;97;813;1;1;0.12300123001230012
2021-01-17;BT;Bhutan;29;842;0;1;0.11876484560570072
2021-01-24;BT;Bhutan;13;855;0;1;0.11695906432748539
2021-01-31;BT;Bhutan;4;859;0;1;0.11641443538998836
2021-02-07;BT;Bhutan;2;861;0;1;0.11614401858304298
2021-02-14;BT;Bhutan;3;864;0;1;0.11574074074074073
2021-02-21;BT;Bhutan;2;866;0;1;0.11547344110854503
2021-02-28;BT;Bhutan;1;867;0;1;0.11534025374855825
2021-03-07;BT;Bhutan;1;868;0;1;0.1152073732718894
2021-03-14;BT;Bhutan;0;868;0;1;0.1152073732718894
2021-03-21;BT;Bhutan;1;869;0;1;0.11507479861910241
2021-03-28;BT;Bhutan;3;872;0;1;0.11467889908256881
2021-04-04;BT;Bhutan;19;891;0;1;0.11223344556677892
2021-04-11;BT;Bhutan;27;918;0;1;0.10893246187363835
2021-04-18;BT;Bhutan;39;957;0;1;0.10449320794148381
2021-04-25;BT;Bhutan;65;1022;0;1;0.09784735812133072
2021-05-02;BT;Bhutan;89;1111;0;1;0.09000900090009001
2021-05-09;BT;Bhutan;110;1221;0;1;0.08190008190008191
2021-05-16;BT;Bhutan;65;1286;0;1;0.07776049766718507
2021-05-23;BT;Bhutan;108;1394;0;1;0.07173601147776185
2021-05-30;BT;Bhutan;218;1612;0;1;0.062034739454094295
2021-06-06;BT;Bhutan;75;1687;0;1;0.05927682276229994
2021-06-13;BT;Bhutan;126;1813;0;1;0.05515719801434087
2021-06-20;BT;Bhutan;111;1924;0;1;0.05197505197505198
2021-06-27;BT;Bhutan;128;2052;0;1;0.04873294346978557
2021-07-04;BT;Bhutan;107;2159;0;1;0.04631773969430292
2021-07-11;BT;Bhutan;116;2275;0;1;0.04395604395604395
2021-07-18;BT;Bhutan;146;2421;1;2;0.08261049153242463
2021-07-25;BT;Bhutan;65;2486;0;2;0.08045052292839903
2021-08-01;BT;Bhutan;32;2518;0;2;0.07942811755361398
2021-08-08;BT;Bhutan;26;2544;0;2;0.07861635220125787
2021-08-15;BT;Bhutan;27;2571;1;3;0.11668611435239205
2021-08-22;BT;Bhutan;14;2585;0;3;0.11605415860735009
2021-08-29;BT;Bhutan;9;2594;0;3;0.1156515034695451
2021-09-05;BT;Bhutan;2;2596;0;3;0.11556240369799693
2021-09-12;BT;Bhutan;0;2596;0;3;0.11556240369799693
2021-09-19;BT;Bhutan;1;2597;0;3;0.11551790527531768
2021-09-26;BT;Bhutan;2;2599;0;3;0.11542901115813775
2021-10-03;BT;Bhutan;9;2608;0;3;0.11503067484662577
2021-10-10;BT;Bhutan;5;2613;0;3;0.1148105625717566
2021-10-17;BT;Bhutan;4;2617;0;3;0.11463507833397019
2021-10-24;BT;Bhutan;0;2617;0;3;0.11463507833397019
2021-10-31;BT;Bhutan;4;2621;0;3;0.11446012972148034
2021-11-07;BT;Bhutan;2;2623;0;3;0.1143728555089592
2021-11-14;BT;Bhutan;2;2625;0;3;0.1142857142857143
2021-11-21;BT;Bhutan;7;2632;0;3;0.11398176291793312
2021-11-28;BT;Bhutan;8;2640;0;3;0.11363636363636363
2021-12-05;BT;Bhutan;1;2641;0;3;0.1135933358576297
2021-12-12;BT;Bhutan;8;2649;0;3;0.11325028312570783
2021-12-19;BT;Bhutan;8;2657;0;3;0.11290929619872037
2021-12-26;BT;Bhutan;3;2660;0;3;0.11278195488721805
2022-01-02;BT;Bhutan;0;2660;0;3;0.11278195488721805
2022-01-09;BT;Bhutan;121;2781;0;3;0.10787486515641855
2022-01-16;BT;Bhutan;147;2928;0;3;0.10245901639344263
2022-01-23;BT;Bhutan;721;3649;0;3;0.0822143052891203
2022-01-30;BT;Bhutan;1036;4685;1;4;0.08537886872998933
2022-02-06;BT;Bhutan;1407;6092;0;4;0.06565988181221273
2022-02-13;BT;Bhutan;1337;7429;1;5;0.06730380939561179
2022-02-20;BT;Bhutan;2649;10078;1;6;0.05953562214725144
2022-02-27;BT;Bhutan;2116;12194;0;6;0.049204526816467115
2022-03-06;BT;Bhutan;2604;14798;1;7;0.04730368968779565
2022-03-13;BT;Bhutan;2822;17620;0;7;0.039727582292849034
2022-03-20;BT;Bhutan;4384;22004;2;9;0.040901654244682784
2022-03-27;BT;Bhutan;3076;25080;0;9;0.03588516746411483
2022-04-03;BT;Bhutan;6357;31437;3;12;0.038171581257753606
2022-04-10;BT;Bhutan;10785;42222;2;14;0.03315806925299607
2022-04-17;BT;Bhutan;10574;52796;4;18;0.034093491931206914
2022-04-24;BT;Bhutan;4975;57771;2;20;0.03461944574267366
2022-05-01;BT;Bhutan;1448;59219;1;21;0.03546159171887401
2022-05-08;BT;Bhutan;278;59497;0;21;0.035295897272131366
2022-05-15;BT;Bhutan;73;59570;0;21;0.03525264394829612
2022-05-22;BT;Bhutan;42;59612;0;21;0.03522780648191639
2022-05-29;BT;Bhutan;13;59625;0;21;0.03522012578616352
2022-06-05;BT;Bhutan;11;59636;0;21;0.03521362935139848
2022-06-12;BT;Bhutan;7;59643;0;21;0.03520949650419999
2022-06-19;BT;Bhutan;18;59661;0;21;0.03519887363604365
2022-06-26;BT;Bhutan;48;59709;0;21;0.03517057729990454
2022-07-03;BT;Bhutan;103;59812;0;21;0.035110011368956064
2022-07-10;BT;Bhutan;128;59940;0;21;0.03503503503503503
2022-07-17;BT;Bhutan;167;60107;0;21;0.03493769444490658
2022-07-24;BT;Bhutan;261;60368;0;21;0.03478664192949907
2022-07-31;BT;Bhutan;162;60530;0;21;0.03469354039319346
2022-08-07;BT;Bhutan;133;60663;0;21;0.034617476880470795
2022-08-14;BT;Bhutan;116;60779;0;21;0.03455140755853173
2022-08-21;BT;Bhutan;119;60898;0;21;0.034483891096587733
2022-08-28;BT;Bhutan;178;61076;0;21;0.03438339118475342
2022-09-04;BT;Bhutan;157;61233;0;21;0.034295232962618195
2022-09-11;BT;Bhutan;186;61419;0;21;0.03419137400478679
2022-09-18;BT;Bhutan;311;61730;0;21;0.034019115502996924
2022-09-25;BT;Bhutan;239;61969;0;21;0.03388791169778437
2022-10-02;BT;Bhutan;126;62095;0;21;0.033819148079555515
2022-10-09;BT;Bhutan;105;62200;0;21;0.03376205787781351
2022-10-16;BT;Bhutan;48;62248;0;21;0.033736023647346104
2022-10-23;BT;Bhutan;83;62331;0;21;0.0336911007363912
2022-10-30;BT;Bhutan;49;62380;0;21;0.033664636101314524
2022-11-06;BT;Bhutan;50;62430;0;21;0.03363767419509851
2022-11-13;BT;Bhutan;30;62460;0;21;0.03362151777137368
2022-11-20;BT;Bhutan;28;62488;0;21;0.03360645243886826
2022-11-27;BT;Bhutan;15;62503;0;21;0.033598387277410685
2022-12-04;BT;Bhutan;9;62512;0;21;0.03359355003839263
2022-12-11;BT;Bhutan;9;62521;0;21;0.03358871419203148
2022-12-18;BT;Bhutan;3;62524;0;21;0.03358710255261979
2022-12-25;BT;Bhutan;7;62531;0;21;0.03358334266203963
2023-01-01;BT;Bhutan;7;62538;0;21;0.0335795836131632
2023-01-08;BT;Bhutan;13;62551;0;21;0.03357260475452031
2023-01-15;BT;Bhutan;26;62577;0;21;0.033558655736133085
2023-01-22;BT;Bhutan;21;62598;0;21;0.033547397680437074
2023-01-29;BT;Bhutan;7;62605;0;21;0.03354364667358837
2023-02-05;BT;Bhutan;3;62608;0;21;0.03354203935599284
2023-02-12;BT;Bhutan;3;62611;0;21;0.03354043219242625
2023-02-19;BT;Bhutan;4;62615;0;21;0.03353828954723309
2023-02-26;BT;Bhutan;5;62620;0;21;0.033535611625678696
2023-03-05;BT;Bhutan;7;62627;0;21;0.033531863253868144
2023-03-12;BT;Bhutan;10;62637;0;21;0.03352650989032042
2023-03-19;BT;Bhutan;10;62647;0;21;0.03352115823582933
2023-03-26;BT;Bhutan;1;62648;0;21;0.03352062316434683
2023-04-02;BT;Bhutan;1;62649;0;21;0.03352008810994589
2023-04-09;BT;Bhutan;1;62650;0;21;0.0335195530726257
2023-04-16;BT;Bhutan;4;62654;0;21;0.03351741309413605
2023-04-23;BT;Bhutan;9;62663;0;21;0.03351259914143913
2023-04-30;BT;Bhutan;3;62666;0;21;0.033510994797816995
2023-05-07;BT;Bhutan;2;62668;0;21;0.033509925320737856
2023-05-14;BT;Bhutan;0;62668;0;21;0.033509925320737856
2023-05-21;BT;Bhutan;2;62670;0;21;0.03350885591191958
2023-05-28;BT;Bhutan;1;62671;0;21;0.03350832123310622
2023-06-04;BT;Bhutan;1;62672;0;21;0.033507786571355634
2023-06-11;BT;Bhutan;0;62672;0;21;0.033507786571355634
2023-06-18;BT;Bhutan;0;62672;0;21;0.033507786571355634
2023-06-25;BT;Bhutan;1;62673;0;21;0.03350725192666699
2023-07-02;BT;Bhutan;0;62673;0;21;0.03350725192666699
2023-07-09;BT;Bhutan;10;62683;0;21;0.03350190641800807
2023-07-16;BT;Bhutan;7;62690;0;21;0.03349816557664699
2023-07-23;BT;Bhutan;0;62690;0;21;0.03349816557664699
2023-07-30;BT;Bhutan;1;62691;0;21;0.03349763123893382
2023-08-06;BT;Bhutan;0;62691;0;21;0.03349763123893382
2023-08-13;BT;Bhutan;3;62694;0;21;0.03349602832806967
2023-08-20;BT;Bhutan;0;62694;0;21;0.03349602832806967
2023-08-27;BT;Bhutan;3;62697;0;21;0.03349442557060146
2023-09-03;BT;Bhutan;0;62697;0;21;0.03349442557060146
2023-09-10;BT;Bhutan;0;62697;0;21;0.03349442557060146
2023-09-17;BT;Bhutan;0;62697;0;21;0.03349442557060146
2023-09-24;BT;Bhutan;0;62697;0;21;0.03349442557060146
2023-10-01;BT;Bhutan;0;62697;0;21;0.03349442557060146
2023-10-08;BT;Bhutan;0;62697;0;21;0.03349442557060146
2023-10-15;BT;Bhutan;0;62697;0;21;0.03349442557060146
2023-10-22;BT;Bhutan;0;62697;0;21;0.03349442557060146
2023-10-29;BT;Bhutan;0;62697;0;21;0.03349442557060146
2023-11-05;BT;Bhutan;0;62697;0;21;0.03349442557060146
2023-11-12;BT;Bhutan;0;62697;0;21;0.03349442557060146
2023-11-19;BT;Bhutan;0;62697;0;21;0.03349442557060146
2023-11-26;BT;Bhutan;0;62697;0;21;0.03349442557060146
2023-12-03;BT;Bhutan;0;62697;0;21;0.03349442557060146
2023-12-10;BT;Bhutan;0;62697;0;21;0.03349442557060146
2023-12-17;BT;Bhutan;0;62697;0;21;0.03349442557060146
2023-12-24;BT;Bhutan;0;62697;0;21;0.03349442557060146
2023-12-31;BT;Bhutan;0;62697;0;21;0.03349442557060146
2024-01-07;BT;Bhutan;0;62697;0;21;0.03349442557060146
2024-01-14;BT;Bhutan;0;62697;0;21;0.03349442557060146
2024-01-21;BT;Bhutan;0;62697;0;21;0.03349442557060146
2020-01-05;BO;Bolivia (Plurinational State of);0;0;0;0;0.0
2020-01-12;BO;Bolivia (Plurinational State of);0;0;0;0;0.0
2020-01-19;BO;Bolivia (Plurinational State of);0;0;0;0;0.0
2020-01-26;BO;Bolivia (Plurinational State of);0;0;0;0;0.0
2020-02-02;BO;Bolivia (Plurinational State of);0;0;0;0;0.0
2020-02-09;BO;Bolivia (Plurinational State of);0;0;0;0;0.0
2020-02-16;BO;Bolivia (Plurinational State of);0;0;0;0;0.0
2020-02-23;BO;Bolivia (Plurinational State of);0;0;0;0;0.0
2020-03-01;BO;Bolivia (Plurinational State of);0;0;0;0;0.0
2020-03-08;BO;Bolivia (Plurinational State of);0;0;0;0;0.0
2020-03-15;BO;Bolivia (Plurinational State of);10;10;0;0;0.0
2020-03-22;BO;Bolivia (Plurinational State of);9;19;0;0;0.0
2020-03-29;BO;Bolivia (Plurinational State of);71;90;0;0;0.0
2020-04-05;BO;Bolivia (Plurinational State of);49;139;10;10;7.194244604316546
2020-04-12;BO;Bolivia (Plurinational State of);136;275;10;20;7.2727272727272725
2020-04-19;BO;Bolivia (Plurinational State of);218;493;11;31;6.288032454361055
2020-04-26;BO;Bolivia (Plurinational State of);314;807;13;44;5.452292441140025
2020-05-03;BO;Bolivia (Plurinational State of);422;1229;22;66;5.370219690805533
2020-05-10;BO;Bolivia (Plurinational State of);1037;2266;40;106;4.677846425419241
2020-05-17;BO;Bolivia (Plurinational State of);1311;3577;58;164;4.584847637685211
2020-05-24;BO;Bolivia (Plurinational State of);2002;5579;66;230;4.122602616956444
2020-05-31;BO;Bolivia (Plurinational State of);3152;8731;70;300;3.4360325277745964
2020-06-07;BO;Bolivia (Plurinational State of);3997;12728;127;427;3.354808296668762
2020-06-14;BO;Bolivia (Plurinational State of);4201;16929;132;559;3.302026109043653
2020-06-21;BO;Bolivia (Plurinational State of);5547;22476;156;715;3.1811710268731095
2020-06-28;BO;Bolivia (Plurinational State of);6947;29423;219;934;3.1743873840193046
2020-07-05;BO;Bolivia (Plurinational State of);7395;36818;386;1320;3.585202889890814
2020-07-12;BO;Bolivia (Plurinational State of);8747;45565;382;1702;3.735323164709755
2020-07-19;BO;Bolivia (Plurinational State of);10537;56102;347;2049;3.652276211186767
2020-07-26;BO;Bolivia (Plurinational State of);10354;66456;424;2473;3.7212591790056577
2020-08-02;BO;Bolivia (Plurinational State of);10333;76789;504;2977;3.876857362382633
2020-08-09;BO;Bolivia (Plurinational State of);11102;87891;547;3524;4.009511781638621
2020-08-16;BO;Bolivia (Plurinational State of);10059;97950;415;3939;4.0214395099540585
2020-08-23;BO;Bolivia (Plurinational State of);9485;107435;427;4366;4.063852562014241
2020-08-30;BO;Bolivia (Plurinational State of);6974;114409;480;4846;4.235680759380818
2020-09-06;BO;Bolivia (Plurinational State of);5171;119580;497;5343;4.468138484696437
2020-09-13;BO;Bolivia (Plurinational State of);5592;125172;1907;7250;5.792030166490909
2020-09-20;BO;Bolivia (Plurinational State of);4879;130051;300;7550;5.805414798809698
2020-09-27;BO;Bolivia (Plurinational State of);3171;133222;250;7800;5.854888832174867
2020-10-04;BO;Bolivia (Plurinational State of);2997;136219;245;8045;5.905930890698067
2020-10-11;BO;Bolivia (Plurinational State of);2007;138226;217;8262;5.97716782660281
2020-10-18;BO;Bolivia (Plurinational State of);1336;139562;177;8439;6.046774910075809
2020-10-25;BO;Bolivia (Plurinational State of);1050;140612;169;8608;6.12181037180326
2020-11-01;BO;Bolivia (Plurinational State of);1019;141631;107;8715;6.153313893144862
2020-11-08;BO;Bolivia (Plurinational State of);712;142343;66;8781;6.168901877858413
2020-11-15;BO;Bolivia (Plurinational State of);726;143069;54;8835;6.1753419678616615
2020-11-22;BO;Bolivia (Plurinational State of);785;143854;65;8900;6.186828312038594
2020-11-29;BO;Bolivia (Plurinational State of);640;144494;43;8943;6.189184325992775
2020-12-06;BO;Bolivia (Plurinational State of);831;145325;44;8987;6.184070187510752
2020-12-13;BO;Bolivia (Plurinational State of);1372;146697;26;9013;6.1439565907959945
2020-12-20;BO;Bolivia (Plurinational State of);2452;149149;20;9033;6.056359747634915
2020-12-27;BO;Bolivia (Plurinational State of);4441;153590;50;9083;5.913796471124423
2021-01-03;BO;Bolivia (Plurinational State of);7395;160985;92;9175;5.699288753610585
2021-01-10;BO;Bolivia (Plurinational State of);10169;171154;153;9328;5.450062516797738
2021-01-17;BO;Bolivia (Plurinational State of);12435;183589;243;9571;5.213275305165342
2021-01-24;BO;Bolivia (Plurinational State of);14668;198257;300;9871;4.978891035373278
2021-01-31;BO;Bolivia (Plurinational State of);15135;213392;355;10226;4.79211966709155
2021-02-07;BO;Bolivia (Plurinational State of);12518;225910;461;10687;4.730644947102829
2021-02-14;BO;Bolivia (Plurinational State of);9188;235098;420;11107;4.724412798067188
2021-02-21;BO;Bolivia (Plurinational State of);5578;240676;283;11390;4.732503448619721
2021-02-28;BO;Bolivia (Plurinational State of);7215;247891;219;11609;4.683106688020138
2021-03-07;BO;Bolivia (Plurinational State of);5406;253297;180;11789;4.654220144731283
2021-03-14;BO;Bolivia (Plurinational State of);5027;258324;114;11903;4.607779377835587
2021-03-21;BO;Bolivia (Plurinational State of);5484;263808;138;12041;4.564304342552159
2021-03-28;BO;Bolivia (Plurinational State of);4903;268711;102;12143;4.518981359155375
2021-04-04;BO;Bolivia (Plurinational State of);5236;273947;162;12305;4.491744753547219
2021-04-11;BO;Bolivia (Plurinational State of);6702;280649;123;12428;4.4283072449928556
2021-04-18;BO;Bolivia (Plurinational State of);6711;287360;197;12625;4.393443763919821
2021-04-25;BO;Bolivia (Plurinational State of);8532;295892;158;12783;4.320157354710503
2021-05-02;BO;Bolivia (Plurinational State of);9702;305594;192;12975;4.245829433823962
2021-05-09;BO;Bolivia (Plurinational State of);10559;316153;207;13182;4.169500210341195
2021-05-16;BO;Bolivia (Plurinational State of);13580;329733;269;13451;4.0793611801063285
2021-05-23;BO;Bolivia (Plurinational State of);16337;346070;406;13857;4.004103216112347
2021-05-30;BO;Bolivia (Plurinational State of);18500;364570;520;14377;3.9435499355404997
2021-06-06;BO;Bolivia (Plurinational State of);18887;383457;523;14900;3.8857029601754562
2021-06-13;BO;Bolivia (Plurinational State of);19834;403291;517;15417;3.8227979300306725
2021-06-20;BO;Bolivia (Plurinational State of);16022;419313;592;16009;3.8179116793421617
2021-06-27;BO;Bolivia (Plurinational State of);12047;431360;487;16496;3.824183976261128
2021-07-04;BO;Bolivia (Plurinational State of);11524;442884;383;16879;3.811155968605775
2021-07-11;BO;Bolivia (Plurinational State of);9792;452676;294;17173;3.793662575440271
2021-07-18;BO;Bolivia (Plurinational State of);8142;460818;233;17406;3.7771962032733093
2021-07-25;BO;Bolivia (Plurinational State of);6525;467343;207;17613;3.768752286864252
2021-08-01;BO;Bolivia (Plurinational State of);5470;472813;193;17806;3.7659709018153054
2021-08-08;BO;Bolivia (Plurinational State of);4449;477262;153;17959;3.762922671404805
2021-08-15;BO;Bolivia (Plurinational State of);4369;481631;193;18152;3.7688603931225355
2021-08-22;BO;Bolivia (Plurinational State of);4295;485926;117;18269;3.7596259512765315
2021-08-29;BO;Bolivia (Plurinational State of);3007;488933;102;18371;3.7573655286102596
2021-09-05;BO;Bolivia (Plurinational State of);3287;492220;126;18497;3.7578724960383565
2021-09-12;BO;Bolivia (Plurinational State of);2444;494664;71;18568;3.7536590493749293
2021-09-19;BO;Bolivia (Plurinational State of);2036;496700;80;18648;3.754378900744917
2021-09-26;BO;Bolivia (Plurinational State of);1895;498595;48;18696;3.749736760296433
2021-10-03;BO;Bolivia (Plurinational State of);2228;500823;54;18750;3.743837643239228
2021-10-10;BO;Bolivia (Plurinational State of);2609;503432;39;18789;3.732182300688077
2021-10-17;BO;Bolivia (Plurinational State of);2718;506150;35;18824;3.7190556159241335
2021-10-24;BO;Bolivia (Plurinational State of);3126;509276;72;18896;3.710365302900588
2021-10-31;BO;Bolivia (Plurinational State of);3836;513112;28;18924;3.6880836932287684
2021-11-07;BO;Bolivia (Plurinational State of);4117;517229;36;18960;3.665687732126389
2021-11-14;BO;Bolivia (Plurinational State of);5301;522530;44;19004;3.636920368208524
2021-11-21;BO;Bolivia (Plurinational State of);5877;528407;47;19051;3.6053648040241706
2021-11-28;BO;Bolivia (Plurinational State of);6708;535115;86;19137;3.576240621174888
2021-12-05;BO;Bolivia (Plurinational State of);5754;540869;68;19205;3.55076737620385
2021-12-12;BO;Bolivia (Plurinational State of);10647;551516;100;19305;3.5003517577005927
2021-12-19;BO;Bolivia (Plurinational State of);11122;562638;103;19408;3.4494648424031085
2021-12-26;BO;Bolivia (Plurinational State of);12609;575247;122;19530;3.395063338009585
2022-01-02;BO;Bolivia (Plurinational State of);24506;599753;150;19680;3.2813508227553676
2022-01-09;BO;Bolivia (Plurinational State of);53066;652819;208;19888;3.046479958457091
2022-01-16;BO;Bolivia (Plurinational State of);72640;725459;261;20149;2.7774140233976006
2022-01-23;BO;Bolivia (Plurinational State of);79218;804677;421;20570;2.556305200720289
2022-01-30;BO;Bolivia (Plurinational State of);37080;841757;254;20824;2.4738731011443917
2022-02-06;BO;Bolivia (Plurinational State of);28135;869892;278;21102;2.425818377453753
2022-02-13;BO;Bolivia (Plurinational State of);13490;883382;182;21284;2.4093766909445744
2022-02-20;BO;Bolivia (Plurinational State of);6129;889511;88;21372;2.4026684324308523
2022-02-27;BO;Bolivia (Plurinational State of);2340;891851;34;21406;2.4001767111322407
2022-03-06;BO;Bolivia (Plurinational State of);2700;894551;49;21455;2.398409928556337
2022-03-13;BO;Bolivia (Plurinational State of);2834;897385;18;21473;2.3928414225778236
2022-03-20;BO;Bolivia (Plurinational State of);2312;899697;9;21482;2.3876927454465227
2022-03-27;BO;Bolivia (Plurinational State of);1595;901292;5;21487;2.384022048348371
2022-04-03;BO;Bolivia (Plurinational State of);1156;902448;409;21896;2.426289381770473
2022-04-10;BO;Bolivia (Plurinational State of);858;903306;3;21899;2.424316898149686
2022-04-17;BO;Bolivia (Plurinational State of);582;903888;4;21903;2.423198449365408
2022-04-24;BO;Bolivia (Plurinational State of);324;904212;3;21906;2.4226619421109206
2022-05-01;BO;Bolivia (Plurinational State of);671;904883;4;21910;2.4213075060532687
2022-05-08;BO;Bolivia (Plurinational State of);472;905355;15;21925;2.4217019843044993
2022-05-15;BO;Bolivia (Plurinational State of);465;905820;1;21926;2.4205692080104217
2022-05-22;BO;Bolivia (Plurinational State of);1193;907013;17;21943;2.4192597019006343
2022-05-29;BO;Bolivia (Plurinational State of);1370;908383;4;21947;2.4160513792089904
2022-06-05;BO;Bolivia (Plurinational State of);1250;909633;1;21948;2.412841222778857
2022-06-12;BO;Bolivia (Plurinational State of);2002;911635;2;21950;2.407761878383344
2022-06-19;BO;Bolivia (Plurinational State of);2617;914252;1;21951;2.400979161106566
2022-06-26;BO;Bolivia (Plurinational State of);5485;919737;1;21952;2.386769261212716
2022-07-03;BO;Bolivia (Plurinational State of);8713;928450;3;21955;2.3646938445796755
2022-07-10;BO;Bolivia (Plurinational State of);13857;942307;9;21964;2.3308751818674804
2022-07-17;BO;Bolivia (Plurinational State of);14322;956629;13;21977;2.297337839434096
2022-07-24;BO;Bolivia (Plurinational State of);40986;997615;36;22013;2.2065626519248407
2022-07-31;BO;Bolivia (Plurinational State of);34408;1032023;40;22053;2.136870980588611
2022-08-07;BO;Bolivia (Plurinational State of);28461;1060484;36;22089;2.082916856831409
2022-08-14;BO;Bolivia (Plurinational State of);16331;1076815;31;22120;2.054206154260481
2022-08-21;BO;Bolivia (Plurinational State of);14653;1091468;47;22167;2.0309344845657407
2022-08-28;BO;Bolivia (Plurinational State of);7566;1099034;24;22191;2.0191368055947314
2022-09-04;BO;Bolivia (Plurinational State of);4522;1103556;14;22205;2.012131690643701
2022-09-11;BO;Bolivia (Plurinational State of);2256;1105812;11;22216;2.009021424980015
2022-09-18;BO;Bolivia (Plurinational State of);1237;1107049;11;22227;2.0077702071001373
2022-09-25;BO;Bolivia (Plurinational State of);733;1107782;5;22232;2.0068930529652946
2022-10-02;BO;Bolivia (Plurinational State of);480;1108262;5;22237;2.0064750032032137
2022-10-09;BO;Bolivia (Plurinational State of);386;1108648;0;22237;2.005776405134903
2022-10-16;BO;Bolivia (Plurinational State of);300;1108948;0;22237;2.005233789140699
2022-10-23;BO;Bolivia (Plurinational State of);264;1109212;2;22239;2.004936838043584
2022-10-30;BO;Bolivia (Plurinational State of);205;1109417;0;22239;2.0045663623326484
2022-11-06;BO;Bolivia (Plurinational State of);164;1109581;1;22240;2.004360204437531
2022-11-13;BO;Bolivia (Plurinational State of);182;1109763;3;22243;2.004301819397475
2022-11-20;BO;Bolivia (Plurinational State of);407;1110170;1;22244;2.003657097561635
2022-11-27;BO;Bolivia (Plurinational State of);438;1110608;1;22245;2.002956938901935
2022-12-04;BO;Bolivia (Plurinational State of);1038;1111646;3;22248;2.001356546958294
2022-12-11;BO;Bolivia (Plurinational State of);5786;1117432;5;22253;1.9914410899276198
2022-12-18;BO;Bolivia (Plurinational State of);10152;1127584;9;22262;1.974309674489883
2022-12-25;BO;Bolivia (Plurinational State of);19157;1146741;18;22280;1.9428973063664767
2023-01-01;BO;Bolivia (Plurinational State of);14277;1161018;19;22299;1.920642057229087
2023-01-08;BO;Bolivia (Plurinational State of);9349;1170367;19;22318;1.9069232129750753
2023-01-15;BO;Bolivia (Plurinational State of);8133;1178500;11;22329;1.894696648281714
2023-01-22;BO;Bolivia (Plurinational State of);5205;1183705;13;22342;1.8874635149805061
2023-01-29;BO;Bolivia (Plurinational State of);3387;1187092;3;22345;1.8823309398092145
2023-02-05;BO;Bolivia (Plurinational State of);2365;1189457;7;22352;1.8791768008427374
2023-02-12;BO;Bolivia (Plurinational State of);1461;1190918;2;22354;1.8770393931404177
2023-02-19;BO;Bolivia (Plurinational State of);974;1191892;5;22359;1.8759249999160998
2023-02-26;BO;Bolivia (Plurinational State of);804;1192696;5;22364;1.8750796514786667
2023-03-05;BO;Bolivia (Plurinational State of);1119;1193815;1;22365;1.873405845964408
2023-03-12;BO;Bolivia (Plurinational State of);572;1194387;1;22366;1.8725923842104777
2023-03-19;BO;Bolivia (Plurinational State of);677;1195064;2;22368;1.8716989215640336
2023-03-26;BO;Bolivia (Plurinational State of);457;1195521;4;22372;1.871318027872367
2023-04-02;BO;Bolivia (Plurinational State of);359;1195880;2;22374;1.8709235040305048
2023-04-09;BO;Bolivia (Plurinational State of);0;1195880;0;22374;1.8709235040305048
2023-04-16;BO;Bolivia (Plurinational State of);536;1196416;1;22375;1.8701689044613243
2023-04-23;BO;Bolivia (Plurinational State of);403;1196819;1;22376;1.8696227249066066
2023-04-30;BO;Bolivia (Plurinational State of);420;1197239;1;22377;1.8690503734007997
2023-05-07;BO;Bolivia (Plurinational State of);411;1197650;3;22380;1.8686594581054567
2023-05-14;BO;Bolivia (Plurinational State of);333;1197983;2;22382;1.8683069793143978
2023-05-21;BO;Bolivia (Plurinational State of);0;1197983;0;22382;1.8683069793143978
2023-05-28;BO;Bolivia (Plurinational State of);436;1198419;1;22383;1.8677107088589218
2023-06-04;BO;Bolivia (Plurinational State of);557;1198976;0;22383;1.8668430393936157
2023-06-11;BO;Bolivia (Plurinational State of);691;1199667;0;22383;1.865767750550778
2023-06-18;BO;Bolivia (Plurinational State of);779;1200446;0;22383;1.864557006312654
2023-06-25;BO;Bolivia (Plurinational State of);1158;1201604;0;22383;1.8627601106520948
2023-07-02;BO;Bolivia (Plurinational State of);1105;1202709;0;22383;1.8610486825990327
2023-07-09;BO;Bolivia (Plurinational State of);1019;1203728;0;22383;1.8594732364786728
2023-07-16;BO;Bolivia (Plurinational State of);903;1204631;0;22383;1.8580793620619092
2023-07-23;BO;Bolivia (Plurinational State of);742;1205373;0;22383;1.8569355709809328
2023-07-30;BO;Bolivia (Plurinational State of);551;1205924;0;22383;1.8560871166010462
2023-08-06;BO;Bolivia (Plurinational State of);459;1206383;0;22383;1.855380919658185
2023-08-13;BO;Bolivia (Plurinational State of);364;1206747;0;22383;1.854821267423909
2023-08-20;BO;Bolivia (Plurinational State of);296;1207043;0;22383;1.8543664144525092
2023-08-27;BO;Bolivia (Plurinational State of);284;1207327;0;22383;1.8539302111192744
2023-09-03;BO;Bolivia (Plurinational State of);286;1207613;0;22383;1.8534911432718923
2023-09-10;BO;Bolivia (Plurinational State of);266;1207879;0;22383;1.8530829660918025
2023-09-17;BO;Bolivia (Plurinational State of);191;1208070;0;22383;1.852789987335171
2023-09-24;BO;Bolivia (Plurinational State of);161;1208231;0;22383;1.8525430981327247
2023-10-01;BO;Bolivia (Plurinational State of);200;1208431;0;22383;1.8522364950915693
2023-10-08;BO;Bolivia (Plurinational State of);163;1208594;0;22383;1.8519866886646796
2023-10-15;BO;Bolivia (Plurinational State of);174;1208768;1;22384;1.8518028273415577
2023-10-22;BO;Bolivia (Plurinational State of);175;1208943;0;22384;1.8515347704565062
2023-10-29;BO;Bolivia (Plurinational State of);193;1209136;1;22385;1.8513219356631514
2023-11-05;BO;Bolivia (Plurinational State of);179;1209315;0;22385;1.8510479072863562
2023-11-12;BO;Bolivia (Plurinational State of);168;1209483;0;22385;1.8507907924294926
2023-11-19;BO;Bolivia (Plurinational State of);150;1209633;0;22385;1.8505612859437532
2023-11-26;BO;Bolivia (Plurinational State of);162;1209795;0;22385;1.850313482862799
2023-12-03;BO;Bolivia (Plurinational State of);163;1209958;0;22385;1.8500642171050563
2023-12-10;BO;Bolivia (Plurinational State of);195;1210153;0;22385;1.8497661039554505
2023-12-17;BO;Bolivia (Plurinational State of);280;1210433;0;22385;1.8493382120282578
2023-12-24;BO;Bolivia (Plurinational State of);459;1210892;0;22385;1.8486372029875495
2023-12-31;BO;Bolivia (Plurinational State of);824;1211716;0;22385;1.8473800791604635
2024-01-07;BO;Bolivia (Plurinational State of);0;1211716;0;22385;1.8473800791604635
2024-01-14;BO;Bolivia (Plurinational State of);0;1211716;0;22385;1.8473800791604635
2024-01-21;BO;Bolivia (Plurinational State of);0;1211716;0;22385;1.8473800791604635
2020-01-05;BQ;Bonaire, Saint Eustatius and Saba;0;0;0;0;0.0
2020-01-12;BQ;Bonaire, Saint Eustatius and Saba;0;0;0;0;0.0
2020-01-19;BQ;Bonaire, Saint Eustatius and Saba;0;0;0;0;0.0
2020-01-26;BQ;Bonaire, Saint Eustatius and Saba;0;0;0;0;0.0
2020-02-02;BQ;Bonaire, Saint Eustatius and Saba;0;0;0;0;0.0
2020-02-09;BQ;Bonaire, Saint Eustatius and Saba;0;0;0;0;0.0
2020-02-16;BQ;Bonaire, Saint Eustatius and Saba;0;0;0;0;0.0
2020-02-23;BQ;Bonaire, Saint Eustatius and Saba;0;0;0;0;0.0
2020-03-01;BQ;Bonaire, Saint Eustatius and Saba;0;0;0;0;0.0
2020-03-08;BQ;Bonaire, Saint Eustatius and Saba;0;0;0;0;0.0
2020-03-15;BQ;Bonaire, Saint Eustatius and Saba;0;0;0;0;0.0
2020-03-22;BQ;Bonaire, Saint Eustatius and Saba;0;0;0;0;0.0
2020-03-29;BQ;Bonaire, Saint Eustatius and Saba;0;0;0;0;0.0
2020-04-05;BQ;Bonaire, Saint Eustatius and Saba;2;2;0;0;0.0
2020-04-12;BQ;Bonaire, Saint Eustatius and Saba;1;3;0;0;0.0
2020-04-19;BQ;Bonaire, Saint Eustatius and Saba;2;5;0;0;0.0
2020-04-26;BQ;Bonaire, Saint Eustatius and Saba;0;5;0;0;0.0
2020-05-03;BQ;Bonaire, Saint Eustatius and Saba;1;6;0;0;0.0
2020-05-10;BQ;Bonaire, Saint Eustatius and Saba;0;6;0;0;0.0
2020-05-17;BQ;Bonaire, Saint Eustatius and Saba;0;6;0;0;0.0
2020-05-24;BQ;Bonaire, Saint Eustatius and Saba;0;6;0;0;0.0
2020-05-31;BQ;Bonaire, Saint Eustatius and Saba;1;7;0;0;0.0
2020-06-07;BQ;Bonaire, Saint Eustatius and Saba;0;7;0;0;0.0
2020-06-14;BQ;Bonaire, Saint Eustatius and Saba;0;7;0;0;0.0
2020-06-21;BQ;Bonaire, Saint Eustatius and Saba;0;7;0;0;0.0
2020-06-28;BQ;Bonaire, Saint Eustatius and Saba;0;7;0;0;0.0
2020-07-05;BQ;Bonaire, Saint Eustatius and Saba;0;7;0;0;0.0
2020-07-12;BQ;Bonaire, Saint Eustatius and Saba;0;7;0;0;0.0
2020-07-19;BQ;Bonaire, Saint Eustatius and Saba;3;10;0;0;0.0
2020-07-26;BQ;Bonaire, Saint Eustatius and Saba;1;11;0;0;0.0
2020-08-02;BQ;Bonaire, Saint Eustatius and Saba;0;11;0;0;0.0
2020-08-09;BQ;Bonaire, Saint Eustatius and Saba;2;13;0;0;0.0
2020-08-16;BQ;Bonaire, Saint Eustatius and Saba;0;13;0;0;0.0
2020-08-23;BQ;Bonaire, Saint Eustatius and Saba;0;13;0;0;0.0
2020-08-30;BQ;Bonaire, Saint Eustatius and Saba;2;15;0;0;0.0
2020-09-06;BQ;Bonaire, Saint Eustatius and Saba;3;18;0;0;0.0
2020-09-13;BQ;Bonaire, Saint Eustatius and Saba;7;25;0;0;0.0
2020-09-20;BQ;Bonaire, Saint Eustatius and Saba;11;36;1;1;2.7777777777777777
2020-09-27;BQ;Bonaire, Saint Eustatius and Saba;49;85;0;1;1.1764705882352942
2020-10-04;BQ;Bonaire, Saint Eustatius and Saba;36;121;0;1;0.8264462809917356
2020-10-11;BQ;Bonaire, Saint Eustatius and Saba;27;148;1;2;1.3513513513513513
2020-10-18;BQ;Bonaire, Saint Eustatius and Saba;2;150;0;2;1.3333333333333335
2020-10-25;BQ;Bonaire, Saint Eustatius and Saba;0;150;1;3;2.0
2020-11-01;BQ;Bonaire, Saint Eustatius and Saba;3;153;0;3;1.9607843137254901
2020-11-08;BQ;Bonaire, Saint Eustatius and Saba;1;154;0;3;1.948051948051948
2020-11-15;BQ;Bonaire, Saint Eustatius and Saba;1;155;0;3;1.935483870967742
2020-11-22;BQ;Bonaire, Saint Eustatius and Saba;3;158;0;3;1.89873417721519
2020-11-29;BQ;Bonaire, Saint Eustatius and Saba;3;161;0;3;1.8633540372670807
2020-12-06;BQ;Bonaire, Saint Eustatius and Saba;2;163;0;3;1.8404907975460123
2020-12-13;BQ;Bonaire, Saint Eustatius and Saba;10;173;0;3;1.7341040462427744
2020-12-20;BQ;Bonaire, Saint Eustatius and Saba;4;177;0;3;1.694915254237288
2020-12-27;BQ;Bonaire, Saint Eustatius and Saba;5;182;0;3;1.6483516483516485
2021-01-03;BQ;Bonaire, Saint Eustatius and Saba;7;189;0;3;1.5873015873015872
2021-01-10;BQ;Bonaire, Saint Eustatius and Saba;89;278;0;3;1.079136690647482
2021-01-17;BQ;Bonaire, Saint Eustatius and Saba;75;353;0;3;0.84985835694051
2021-01-24;BQ;Bonaire, Saint Eustatius and Saba;23;376;0;3;0.7978723404255319
2021-01-31;BQ;Bonaire, Saint Eustatius and Saba;12;388;0;3;0.7731958762886598
2021-02-07;BQ;Bonaire, Saint Eustatius and Saba;4;392;0;3;0.7653061224489796
2021-02-14;BQ;Bonaire, Saint Eustatius and Saba;6;398;1;4;1.0050251256281406
2021-02-21;BQ;Bonaire, Saint Eustatius and Saba;15;413;0;4;0.9685230024213075
2021-02-28;BQ;Bonaire, Saint Eustatius and Saba;19;432;0;4;0.9259259259259258
2021-03-07;BQ;Bonaire, Saint Eustatius and Saba;49;481;1;5;1.0395010395010396
2021-03-14;BQ;Bonaire, Saint Eustatius and Saba;178;659;1;6;0.9104704097116844
2021-03-21;BQ;Bonaire, Saint Eustatius and Saba;286;945;0;6;0.6349206349206349
2021-03-28;BQ;Bonaire, Saint Eustatius and Saba;302;1247;4;10;0.8019246190858059
2021-04-04;BQ;Bonaire, Saint Eustatius and Saba;164;1411;1;11;0.7795889440113395
2021-04-11;BQ;Bonaire, Saint Eustatius and Saba;90;1501;3;14;0.9327115256495668
2021-04-18;BQ;Bonaire, Saint Eustatius and Saba;36;1537;0;14;0.9108653220559532
2021-04-25;BQ;Bonaire, Saint Eustatius and Saba;16;1553;1;15;0.9658725048293626
2021-05-02;BQ;Bonaire, Saint Eustatius and Saba;4;1557;1;16;1.0276172125883107
2021-05-09;BQ;Bonaire, Saint Eustatius and Saba;17;1574;0;16;1.0165184243964422
2021-05-16;BQ;Bonaire, Saint Eustatius and Saba;17;1591;1;17;1.0685103708359522
2021-05-23;BQ;Bonaire, Saint Eustatius and Saba;16;1607;0;17;1.057871810827629
2021-05-30;BQ;Bonaire, Saint Eustatius and Saba;5;1612;0;17;1.054590570719603
2021-06-06;BQ;Bonaire, Saint Eustatius and Saba;4;1616;0;17;1.051980198019802
2021-06-13;BQ;Bonaire, Saint Eustatius and Saba;2;1618;0;17;1.0506798516687268
2021-06-20;BQ;Bonaire, Saint Eustatius and Saba;12;1630;0;17;1.0429447852760736
2021-06-27;BQ;Bonaire, Saint Eustatius and Saba;6;1636;0;17;1.039119804400978
2021-07-04;BQ;Bonaire, Saint Eustatius and Saba;15;1651;0;17;1.029678982434888
2021-07-11;BQ;Bonaire, Saint Eustatius and Saba;4;1655;0;17;1.027190332326284
2021-07-18;BQ;Bonaire, Saint Eustatius and Saba;13;1668;0;17;1.0191846522781776
2021-07-25;BQ;Bonaire, Saint Eustatius and Saba;22;1690;0;17;1.0059171597633136
2021-08-01;BQ;Bonaire, Saint Eustatius and Saba;15;1705;0;17;0.997067448680352
2021-08-08;BQ;Bonaire, Saint Eustatius and Saba;10;1715;0;17;0.9912536443148687
2021-08-15;BQ;Bonaire, Saint Eustatius and Saba;23;1738;0;17;0.9781357882623706
2021-08-22;BQ;Bonaire, Saint Eustatius and Saba;29;1767;0;17;0.9620826259196379
2021-08-29;BQ;Bonaire, Saint Eustatius and Saba;16;1783;0;17;0.9534492428491307
2021-09-05;BQ;Bonaire, Saint Eustatius and Saba;18;1801;0;17;0.9439200444197668
2021-09-12;BQ;Bonaire, Saint Eustatius and Saba;94;1895;0;17;0.8970976253298154
2021-09-19;BQ;Bonaire, Saint Eustatius and Saba;61;1956;0;17;0.869120654396728
2021-09-26;BQ;Bonaire, Saint Eustatius and Saba;42;1998;1;18;0.9009009009009009
2021-10-03;BQ;Bonaire, Saint Eustatius and Saba;101;2099;2;20;0.9528346831824679
2021-10-10;BQ;Bonaire, Saint Eustatius and Saba;105;2204;0;20;0.9074410163339384
2021-10-17;BQ;Bonaire, Saint Eustatius and Saba;102;2306;-1;19;0.823937554206418
2021-10-24;BQ;Bonaire, Saint Eustatius and Saba;67;2373;0;19;0.8006742520016856
2021-10-31;BQ;Bonaire, Saint Eustatius and Saba;38;2411;0;19;0.7880547490667772
2021-11-07;BQ;Bonaire, Saint Eustatius and Saba;64;2475;0;19;0.7676767676767676
2021-11-14;BQ;Bonaire, Saint Eustatius and Saba;109;2584;2;21;0.8126934984520124
2021-11-21;BQ;Bonaire, Saint Eustatius and Saba;86;2670;0;21;0.7865168539325843
2021-11-28;BQ;Bonaire, Saint Eustatius and Saba;156;2826;1;22;0.778485491861288
2021-12-05;BQ;Bonaire, Saint Eustatius and Saba;172;2998;0;22;0.733822548365577
2021-12-12;BQ;Bonaire, Saint Eustatius and Saba;112;3110;0;22;0.707395498392283
2021-12-19;BQ;Bonaire, Saint Eustatius and Saba;67;3177;0;22;0.6924771797293043
2021-12-26;BQ;Bonaire, Saint Eustatius and Saba;62;3239;0;22;0.6792219820932387
2022-01-02;BQ;Bonaire, Saint Eustatius and Saba;186;3425;1;23;0.6715328467153284
2022-01-09;BQ;Bonaire, Saint Eustatius and Saba;687;4112;0;23;0.5593385214007782
2022-01-16;BQ;Bonaire, Saint Eustatius and Saba;1041;5153;2;25;0.4851542790607413
2022-01-23;BQ;Bonaire, Saint Eustatius and Saba;919;6072;2;27;0.4446640316205534
2022-01-30;BQ;Bonaire, Saint Eustatius and Saba;778;6850;0;27;0.3941605839416058
2022-02-06;BQ;Bonaire, Saint Eustatius and Saba;296;7146;2;29;0.40582143856703046
2022-02-13;BQ;Bonaire, Saint Eustatius and Saba;228;7374;2;31;0.4203959858963927
2022-02-20;BQ;Bonaire, Saint Eustatius and Saba;124;7498;0;31;0.4134435849559883
2022-02-27;BQ;Bonaire, Saint Eustatius and Saba;84;7582;0;31;0.40886309680823
2022-03-06;BQ;Bonaire, Saint Eustatius and Saba;40;7622;0;31;0.4067173970086591
2022-03-13;BQ;Bonaire, Saint Eustatius and Saba;11;7633;0;31;0.40613127210795236
2022-03-20;BQ;Bonaire, Saint Eustatius and Saba;20;7653;0;31;0.4050699072259245
2022-03-27;BQ;Bonaire, Saint Eustatius and Saba;386;8039;0;31;0.38562010200273666
2022-04-03;BQ;Bonaire, Saint Eustatius and Saba;150;8189;0;31;0.3785566003174991
2022-04-10;BQ;Bonaire, Saint Eustatius and Saba;694;8883;2;33;0.37149611617696726
2022-04-17;BQ;Bonaire, Saint Eustatius and Saba;161;9044;0;33;0.3648827952233525
2022-04-24;BQ;Bonaire, Saint Eustatius and Saba;547;9591;1;34;0.35449900948806173
2022-05-01;BQ;Bonaire, Saint Eustatius and Saba;154;9745;0;34;0.34889687018984095
2022-05-08;BQ;Bonaire, Saint Eustatius and Saba;89;9834;0;34;0.3457392719137686
2022-05-15;BQ;Bonaire, Saint Eustatius and Saba;109;9943;1;35;0.352006436689128
2022-05-22;BQ;Bonaire, Saint Eustatius and Saba;75;10018;0;35;0.34937113196246755
2022-05-29;BQ;Bonaire, Saint Eustatius and Saba;58;10076;0;35;0.3473600635172688
2022-06-05;BQ;Bonaire, Saint Eustatius and Saba;47;10123;0;35;0.345747308110244
2022-06-12;BQ;Bonaire, Saint Eustatius and Saba;71;10194;1;36;0.35314891112419067
2022-06-19;BQ;Bonaire, Saint Eustatius and Saba;55;10249;0;36;0.3512537808566689
2022-06-26;BQ;Bonaire, Saint Eustatius and Saba;71;10320;1;37;0.3585271317829457
2022-07-03;BQ;Bonaire, Saint Eustatius and Saba;85;10405;0;37;0.35559827006246997
2022-07-10;BQ;Bonaire, Saint Eustatius and Saba;27;10432;0;37;0.3546779141104294
2022-07-17;BQ;Bonaire, Saint Eustatius and Saba;123;10555;0;37;0.3505447655139744
2022-07-24;BQ;Bonaire, Saint Eustatius and Saba;183;10738;0;37;0.3445706835537344
2022-07-31;BQ;Bonaire, Saint Eustatius and Saba;96;10834;0;37;0.3415174450803028
2022-08-07;BQ;Bonaire, Saint Eustatius and Saba;63;10897;0;37;0.3395429934844452
2022-08-14;BQ;Bonaire, Saint Eustatius and Saba;102;10999;0;37;0.3363942176561505
2022-08-21;BQ;Bonaire, Saint Eustatius and Saba;92;11091;0;37;0.33360382291948426
2022-08-28;BQ;Bonaire, Saint Eustatius and Saba;82;11173;1;38;0.34010561174259374
2022-09-04;BQ;Bonaire, Saint Eustatius and Saba;57;11230;0;38;0.3383793410507569
2022-09-11;BQ;Bonaire, Saint Eustatius and Saba;49;11279;0;38;0.3369093004698998
2022-09-18;BQ;Bonaire, Saint Eustatius and Saba;27;11306;0;38;0.33610472315584644
2022-09-25;BQ;Bonaire, Saint Eustatius and Saba;17;11323;0;38;0.3356001059789808
2022-10-02;BQ;Bonaire, Saint Eustatius and Saba;22;11345;0;38;0.33494931687968266
2022-10-09;BQ;Bonaire, Saint Eustatius and Saba;21;11366;0;38;0.33433045926447297
2022-10-16;BQ;Bonaire, Saint Eustatius and Saba;29;11395;0;38;0.3334795963141729
2022-10-23;BQ;Bonaire, Saint Eustatius and Saba;32;11427;0;38;0.33254572503719265
2022-10-30;BQ;Bonaire, Saint Eustatius and Saba;23;11450;0;38;0.3318777292576419
2022-11-06;BQ;Bonaire, Saint Eustatius and Saba;17;11467;0;38;0.33138571553152524
2022-11-13;BQ;Bonaire, Saint Eustatius and Saba;23;11490;0;38;0.3307223672758921
2022-11-20;BQ;Bonaire, Saint Eustatius and Saba;26;11516;0;38;0.32997568600208405
2022-11-27;BQ;Bonaire, Saint Eustatius and Saba;28;11544;0;38;0.32917532917532916
2022-12-04;BQ;Bonaire, Saint Eustatius and Saba;11;11555;0;38;0.32886196451752486
2022-12-11;BQ;Bonaire, Saint Eustatius and Saba;41;11596;0;38;0.3276992066229734
2022-12-18;BQ;Bonaire, Saint Eustatius and Saba;65;11661;0;38;0.3258725666752422
2022-12-25;BQ;Bonaire, Saint Eustatius and Saba;55;11716;1;39;0.3328781153977467
2023-01-01;BQ;Bonaire, Saint Eustatius and Saba;0;11716;1;40;0.3414134516899966
2023-01-08;BQ;Bonaire, Saint Eustatius and Saba;48;11764;1;41;0.34852091125467527
2023-01-15;BQ;Bonaire, Saint Eustatius and Saba;12;11776;0;41;0.3481657608695652
2023-01-22;BQ;Bonaire, Saint Eustatius and Saba;3;11779;0;41;0.34807708634009676
2023-01-29;BQ;Bonaire, Saint Eustatius and Saba;4;11783;0;41;0.3479589238733769
2023-02-05;BQ;Bonaire, Saint Eustatius and Saba;11;11794;0;41;0.3476343903679837
2023-02-12;BQ;Bonaire, Saint Eustatius and Saba;3;11797;0;41;0.3475459862676952
2023-02-19;BQ;Bonaire, Saint Eustatius and Saba;2;11799;0;41;0.34748707517586236
2023-02-26;BQ;Bonaire, Saint Eustatius and Saba;5;11804;0;41;0.3473398847848187
2023-03-05;BQ;Bonaire, Saint Eustatius and Saba;7;11811;0;41;0.3471340276013885
2023-03-12;BQ;Bonaire, Saint Eustatius and Saba;0;11811;0;41;0.3471340276013885
2023-03-19;BQ;Bonaire, Saint Eustatius and Saba;1;11812;0;41;0.3471046393498137
2023-03-26;BQ;Bonaire, Saint Eustatius and Saba;35;11847;0;41;0.3460791761627416
2023-04-02;BQ;Bonaire, Saint Eustatius and Saba;38;11885;0;41;0.34497265460664706
2023-04-09;BQ;Bonaire, Saint Eustatius and Saba;0;11885;0;41;0.34497265460664706
2023-04-16;BQ;Bonaire, Saint Eustatius and Saba;0;11885;0;41;0.34497265460664706
2023-04-23;BQ;Bonaire, Saint Eustatius and Saba;0;11885;0;41;0.34497265460664706
2023-04-30;BQ;Bonaire, Saint Eustatius and Saba;0;11885;0;41;0.34497265460664706
2023-05-07;BQ;Bonaire, Saint Eustatius and Saba;24;11909;0;41;0.3442774372323453
2023-05-14;BQ;Bonaire, Saint Eustatius and Saba;0;11909;0;41;0.3442774372323453
2023-05-21;BQ;Bonaire, Saint Eustatius and Saba;0;11909;0;41;0.3442774372323453
2023-05-28;BQ;Bonaire, Saint Eustatius and Saba;0;11909;0;41;0.3442774372323453
2023-06-04;BQ;Bonaire, Saint Eustatius and Saba;12;11921;0;41;0.34393087828202334
2023-06-11;BQ;Bonaire, Saint Eustatius and Saba;0;11921;0;41;0.34393087828202334
2023-06-18;BQ;Bonaire, Saint Eustatius and Saba;0;11921;0;41;0.34393087828202334
2023-06-25;BQ;Bonaire, Saint Eustatius and Saba;0;11921;0;41;0.34393087828202334
2023-07-02;BQ;Bonaire, Saint Eustatius and Saba;0;11921;0;41;0.34393087828202334
2023-07-09;BQ;Bonaire, Saint Eustatius and Saba;1;11922;0;41;0.3439020298607616
2023-07-16;BQ;Bonaire, Saint Eustatius and Saba;0;11922;0;41;0.3439020298607616
2023-07-23;BQ;Bonaire, Saint Eustatius and Saba;0;11922;0;41;0.3439020298607616
2023-07-30;BQ;Bonaire, Saint Eustatius and Saba;0;11922;0;41;0.3439020298607616
2023-08-06;BQ;Bonaire, Saint Eustatius and Saba;0;11922;0;41;0.3439020298607616
2023-08-13;BQ;Bonaire, Saint Eustatius and Saba;0;11922;0;41;0.3439020298607616
2023-08-20;BQ;Bonaire, Saint Eustatius and Saba;0;11922;0;41;0.3439020298607616
2023-08-27;BQ;Bonaire, Saint Eustatius and Saba;0;11922;0;41;0.3439020298607616
2023-09-03;BQ;Bonaire, Saint Eustatius and Saba;0;11922;0;41;0.3439020298607616
2023-09-10;BQ;Bonaire, Saint Eustatius and Saba;0;11922;0;41;0.3439020298607616
2023-09-17;BQ;Bonaire, Saint Eustatius and Saba;0;11922;0;41;0.3439020298607616
2023-09-24;BQ;Bonaire, Saint Eustatius and Saba;0;11922;0;41;0.3439020298607616
2023-10-01;BQ;Bonaire, Saint Eustatius and Saba;0;11922;0;41;0.3439020298607616
2023-10-08;BQ;Bonaire, Saint Eustatius and Saba;0;11922;0;41;0.3439020298607616
2023-10-15;BQ;Bonaire, Saint Eustatius and Saba;0;11922;0;41;0.3439020298607616
2023-10-22;BQ;Bonaire, Saint Eustatius and Saba;0;11922;0;41;0.3439020298607616
2023-10-29;BQ;Bonaire, Saint Eustatius and Saba;0;11922;0;41;0.3439020298607616
2023-11-05;BQ;Bonaire, Saint Eustatius and Saba;0;11922;0;41;0.3439020298607616
2023-11-12;BQ;Bonaire, Saint Eustatius and Saba;0;11922;0;41;0.3439020298607616
2023-11-19;BQ;Bonaire, Saint Eustatius and Saba;0;11922;0;41;0.3439020298607616
2023-11-26;BQ;Bonaire, Saint Eustatius and Saba;0;11922;0;41;0.3439020298607616
2023-12-03;BQ;Bonaire, Saint Eustatius and Saba;0;11922;0;41;0.3439020298607616
2023-12-10;BQ;Bonaire, Saint Eustatius and Saba;0;11922;0;41;0.3439020298607616
2023-12-17;BQ;Bonaire, Saint Eustatius and Saba;0;11922;0;41;0.3439020298607616
2023-12-24;BQ;Bonaire, Saint Eustatius and Saba;0;11922;0;41;0.3439020298607616
2023-12-31;BQ;Bonaire, Saint Eustatius and Saba;0;11922;0;41;0.3439020298607616
2024-01-07;BQ;Bonaire, Saint Eustatius and Saba;0;11922;0;41;0.3439020298607616
2024-01-14;BQ;Bonaire, Saint Eustatius and Saba;0;11922;0;41;0.3439020298607616
2024-01-21;BQ;Bonaire, Saint Eustatius and Saba;0;11922;0;41;0.3439020298607616
2020-01-05;BA;Bosnia and Herzegovina;0;0;0;0;0.0
2020-01-12;BA;Bosnia and Herzegovina;0;0;0;0;0.0
2020-01-19;BA;Bosnia and Herzegovina;0;0;0;0;0.0
2020-01-26;BA;Bosnia and Herzegovina;0;0;0;0;0.0
2020-02-02;BA;Bosnia and Herzegovina;0;0;0;0;0.0
2020-02-09;BA;Bosnia and Herzegovina;0;0;0;0;0.0
2020-02-16;BA;Bosnia and Herzegovina;0;0;0;0;0.0
2020-02-23;BA;Bosnia and Herzegovina;0;0;0;0;0.0
2020-03-01;BA;Bosnia and Herzegovina;0;0;0;0;0.0
2020-03-08;BA;Bosnia and Herzegovina;2;2;0;0;0.0
2020-03-15;BA;Bosnia and Herzegovina;11;13;0;0;0.0
2020-03-22;BA;Bosnia and Herzegovina;112;125;1;1;0.8
2020-03-29;BA;Bosnia and Herzegovina;193;318;5;6;1.8867924528301887
2020-04-05;BA;Bosnia and Herzegovina;301;619;15;21;3.392568659127625
2020-04-12;BA;Bosnia and Herzegovina;316;935;16;37;3.9572192513368987
2020-04-19;BA;Bosnia and Herzegovina;333;1268;10;47;3.7066246056782335
2020-04-26;BA;Bosnia and Herzegovina;218;1486;10;57;3.835800807537012
2020-05-03;BA;Bosnia and Herzegovina;353;1839;15;72;3.915171288743882
2020-05-10;BA;Bosnia and Herzegovina;251;2090;30;102;4.8803827751196165
2020-05-17;BA;Bosnia and Herzegovina;177;2267;27;129;5.69033965593295
2020-05-24;BA;Bosnia and Herzegovina;124;2391;12;141;5.897114178168131
2020-05-31;BA;Bosnia and Herzegovina;103;2494;12;153;6.134723336006416
2020-06-07;BA;Bosnia and Herzegovina;152;2646;6;159;6.00907029478458
2020-06-14;BA;Bosnia and Herzegovina;247;2893;4;163;5.634289664707916
2020-06-21;BA;Bosnia and Herzegovina;454;3347;7;170;5.079175380938153
2020-06-28;BA;Bosnia and Herzegovina;751;4098;10;180;4.392386530014641
2020-07-05;BA;Bosnia and Herzegovina;1152;5250;13;193;3.676190476190476
2020-07-12;BA;Bosnia and Herzegovina;1470;6720;26;219;3.2589285714285716
2020-07-19;BA;Bosnia and Herzegovina;1444;8164;29;248;3.0377266046055853
2020-07-26;BA;Bosnia and Herzegovina;1888;10052;37;285;2.8352566653402307
2020-08-02;BA;Bosnia and Herzegovina;1824;11876;54;339;2.854496463455709
2020-08-09;BA;Bosnia and Herzegovina;2213;14089;63;402;2.8532898005536236
2020-08-16;BA;Bosnia and Herzegovina;1701;15790;69;471;2.982900569981001
2020-08-23;BA;Bosnia and Herzegovina;1924;17714;60;531;2.9976289940160323
2020-08-30;BA;Bosnia and Herzegovina;1836;19550;63;594;3.0383631713554986
2020-09-06;BA;Bosnia and Herzegovina;1889;21439;57;651;3.0365222258500864
2020-09-13;BA;Bosnia and Herzegovina;1700;23139;39;690;2.981978477894464
2020-09-20;BA;Bosnia and Herzegovina;2078;25217;68;758;3.0059087123765713
2020-09-27;BA;Bosnia and Herzegovina;1582;26799;57;815;3.0411582521735885
2020-10-04;BA;Bosnia and Herzegovina;1438;28237;62;877;3.105854021319545
2020-10-11;BA;Bosnia and Herzegovina;2108;30345;50;927;3.0548690064260997
2020-10-18;BA;Bosnia and Herzegovina;3212;33557;55;982;2.9263640969097358
2020-10-25;BA;Bosnia and Herzegovina;6201;39758;89;1071;2.6937974747220683
2020-11-01;BA;Bosnia and Herzegovina;10332;50090;163;1234;2.4635655819524853
2020-11-08;BA;Bosnia and Herzegovina;11122;61212;256;1490;2.434163235966804
2020-11-15;BA;Bosnia and Herzegovina;9688;70900;367;1857;2.619181946403385
2020-11-22;BA;Bosnia and Herzegovina;8409;79309;392;2249;2.835743736524228
2020-11-29;BA;Bosnia and Herzegovina;7401;86710;327;2576;2.970822281167109
2020-12-06;BA;Bosnia and Herzegovina;7058;93768;346;2922;3.116201689275659
2020-12-13;BA;Bosnia and Herzegovina;6538;100306;376;3298;3.287938906944749
2020-12-20;BA;Bosnia and Herzegovina;5218;105524;327;3625;3.435237481520791
2020-12-27;BA;Bosnia and Herzegovina;3806;109330;298;3923;3.5882191530229584
2021-01-03;BA;Bosnia and Herzegovina;3015;112345;177;4100;3.649472606702568
2021-01-10;BA;Bosnia and Herzegovina;3034;115379;205;4305;3.7311815841704297
2021-01-17;BA;Bosnia and Herzegovina;2414;117793;144;4449;3.776964675320265
2021-01-24;BA;Bosnia and Herzegovina;2047;119840;120;4569;3.81258344459279
2021-01-31;BA;Bosnia and Herzegovina;2051;121891;127;4696;3.852622424953442
2021-02-07;BA;Bosnia and Herzegovina;1813;123704;95;4791;3.872954795317855
2021-02-14;BA;Bosnia and Herzegovina;1938;125642;101;4892;3.893602457776858
2021-02-21;BA;Bosnia and Herzegovina;2407;128049;103;4995;3.900850455684933
2021-02-28;BA;Bosnia and Herzegovina;3641;131690;93;5088;3.863619105474979
2021-03-07;BA;Bosnia and Herzegovina;4808;136498;159;5247;3.8440123664815604
2021-03-14;BA;Bosnia and Herzegovina;6720;143218;241;5488;3.831920568643606
2021-03-21;BA;Bosnia and Herzegovina;9536;152754;329;5817;3.8080835853725596
2021-03-28;BA;Bosnia and Herzegovina;11121;163875;461;6278;3.8309687261632344
2021-04-04;BA;Bosnia and Herzegovina;10971;174846;507;6785;3.880557747961063
2021-04-11;BA;Bosnia and Herzegovina;8279;183125;555;7340;4.008191126279863
2021-04-18;BA;Bosnia and Herzegovina;7171;190296;479;7819;4.108861983436331
2021-04-25;BA;Bosnia and Herzegovina;5175;195471;405;8224;4.207273713236234
2021-05-02;BA;Bosnia and Herzegovina;3361;198832;337;8561;4.305644966604973
2021-05-09;BA;Bosnia and Herzegovina;2157;200989;232;8793;4.374866286214669
2021-05-16;BA;Bosnia and Herzegovina;1324;202313;196;8989;4.443115370737422
2021-05-23;BA;Bosnia and Herzegovina;940;203253;110;9099;4.476686690971351
2021-05-30;BA;Bosnia and Herzegovina;685;203938;105;9204;4.5131363453598645
2021-06-06;BA;Bosnia and Herzegovina;422;204360;173;9377;4.588471325112547
2021-06-13;BA;Bosnia and Herzegovina;283;204643;93;9470;4.627570940613654
2021-06-20;BA;Bosnia and Herzegovina;199;204842;146;9616;4.694349791546656
2021-06-27;BA;Bosnia and Herzegovina;125;204967;22;9638;4.70222035742339
2021-07-04;BA;Bosnia and Herzegovina;91;205058;11;9649;4.705497956675672
2021-07-11;BA;Bosnia and Herzegovina;110;205168;7;9656;4.70638696092958
2021-07-18;BA;Bosnia and Herzegovina;133;205301;12;9668;4.70918310188455
2021-07-25;BA;Bosnia and Herzegovina;158;205459;7;9675;4.708968699351209
2021-08-01;BA;Bosnia and Herzegovina;263;205722;14;9689;4.709753939782814
2021-08-08;BA;Bosnia and Herzegovina;494;206216;2;9691;4.699441362454902
2021-08-15;BA;Bosnia and Herzegovina;1120;207336;17;9708;4.68225489061234
2021-08-22;BA;Bosnia and Herzegovina;2197;209533;16;9724;4.640796437792615
2021-08-29;BA;Bosnia and Herzegovina;3351;212884;61;9785;4.596399917325868
2021-09-05;BA;Bosnia and Herzegovina;3931;216815;88;9873;4.553651730738187
2021-09-12;BA;Bosnia and Herzegovina;4729;221544;143;10016;4.520998086158958
2021-09-19;BA;Bosnia and Herzegovina;5280;226824;203;10219;4.505255175819137
2021-09-26;BA;Bosnia and Herzegovina;4781;231605;224;10443;4.5089700136007425
2021-10-03;BA;Bosnia and Herzegovina;4813;236418;212;10655;4.506848040335338
2021-10-10;BA;Bosnia and Herzegovina;4394;240812;232;10887;4.520954105277146
2021-10-17;BA;Bosnia and Herzegovina;3777;244589;251;11138;4.5537616164259225
2021-10-24;BA;Bosnia and Herzegovina;4101;248690;208;11346;4.56230648598657
2021-10-31;BA;Bosnia and Herzegovina;5067;253757;182;11528;4.542928865016531
2021-11-07;BA;Bosnia and Herzegovina;5476;259233;239;11767;4.539159752037742
2021-11-14;BA;Bosnia and Herzegovina;5329;264562;218;11985;4.530129043475632
2021-11-21;BA;Bosnia and Herzegovina;4669;269231;253;12238;4.545538960966605
2021-11-28;BA;Bosnia and Herzegovina;4386;273617;241;12479;4.560754631473921
2021-12-05;BA;Bosnia and Herzegovina;4464;278081;235;12714;4.572049151146609
2021-12-12;BA;Bosnia and Herzegovina;3438;281519;219;12933;4.594006088399007
2021-12-19;BA;Bosnia and Herzegovina;3249;284768;202;13135;4.612526688391954
2021-12-26;BA;Bosnia and Herzegovina;2948;287716;148;13283;4.616705362232201
2022-01-02;BA;Bosnia and Herzegovina;4421;292137;177;13460;4.607427337173997
2022-01-09;BA;Bosnia and Herzegovina;8337;300474;145;13605;4.527846003314763
2022-01-16;BA;Bosnia and Herzegovina;14469;314943;152;13757;4.368092003949921
2022-01-23;BA;Bosnia and Herzegovina;17250;332193;248;14005;4.215922671459062
2022-01-30;BA;Bosnia and Herzegovina;13819;346012;340;14345;4.145809971908489
2022-02-06;BA;Bosnia and Herzegovina;9907;355919;352;14697;4.129310320606655
2022-02-13;BA;Bosnia and Herzegovina;7897;363816;316;15013;4.126536490973459
2022-02-20;BA;Bosnia and Herzegovina;4488;368304;256;15269;4.145760024327729
2022-02-27;BA;Bosnia and Herzegovina;2660;370964;151;15420;4.1567375810051646
2022-03-06;BA;Bosnia and Herzegovina;1364;372328;138;15558;4.178573730689069
2022-03-13;BA;Bosnia and Herzegovina;947;373275;60;15618;4.184046614426362
2022-03-20;BA;Bosnia and Herzegovina;892;374167;49;15667;4.187167761988631
2022-03-27;BA;Bosnia and Herzegovina;706;374873;36;15703;4.18888530248911
2022-04-03;BA;Bosnia and Herzegovina;792;375665;15;15718;4.184046956730065
2022-04-10;BA;Bosnia and Herzegovina;446;376111;14;15732;4.182807734950587
2022-04-17;BA;Bosnia and Herzegovina;372;376483;19;15751;4.183721442933678
2022-04-24;BA;Bosnia and Herzegovina;308;376791;9;15760;4.182690138564881
2022-05-01;BA;Bosnia and Herzegovina;320;377111;5;15765;4.180466759123972
2022-05-08;BA;Bosnia and Herzegovina;212;377323;3;15768;4.178913026770167
2022-05-15;BA;Bosnia and Herzegovina;234;377557;11;15779;4.17923651263253
2022-05-22;BA;Bosnia and Herzegovina;172;377729;4;15783;4.178392445377506
2022-05-29;BA;Bosnia and Herzegovina;137;377866;4;15787;4.177936093747519
2022-06-05;BA;Bosnia and Herzegovina;113;377979;1;15788;4.176951629587887
2022-06-12;BA;Bosnia and Herzegovina;110;378089;5;15793;4.17705884064334
2022-06-19;BA;Bosnia and Herzegovina;138;378227;3;15796;4.176327972355226
2022-06-26;BA;Bosnia and Herzegovina;230;378457;3;15799;4.174582581376484
2022-07-03;BA;Bosnia and Herzegovina;388;378845;7;15806;4.172154839050271
2022-07-10;BA;Bosnia and Herzegovina;829;379674;3;15809;4.163835290275342
2022-07-17;BA;Bosnia and Herzegovina;1258;380932;8;15817;4.152184641878341
2022-07-24;BA;Bosnia and Herzegovina;2248;383180;11;15828;4.130695756563495
2022-07-31;BA;Bosnia and Herzegovina;2562;385742;36;15864;4.112593391437801
2022-08-07;BA;Bosnia and Herzegovina;2416;388158;44;15908;4.098331091978009
2022-08-14;BA;Bosnia and Herzegovina;2847;391005;35;15943;4.077441464942903
2022-08-21;BA;Bosnia and Herzegovina;2478;393483;40;15983;4.061928977871979
2022-08-28;BA;Bosnia and Herzegovina;1833;395316;45;16028;4.0544779366380315
2022-09-04;BA;Bosnia and Herzegovina;1086;396402;34;16062;4.051947265654563
2022-09-11;BA;Bosnia and Herzegovina;813;397215;28;16090;4.0507030197751845
2022-09-18;BA;Bosnia and Herzegovina;690;397905;18;16108;4.048202460386273
2022-09-25;BA;Bosnia and Herzegovina;456;398361;15;16123;4.047333950863663
2022-10-02;BA;Bosnia and Herzegovina;435;398796;15;16138;4.046680508330073
2022-10-09;BA;Bosnia and Herzegovina;345;399141;14;16152;4.046690267349132
2022-10-16;BA;Bosnia and Herzegovina;305;399446;4;16156;4.044601773456237
2022-10-23;BA;Bosnia and Herzegovina;229;399675;9;16165;4.044536185650841
2022-10-30;BA;Bosnia and Herzegovina;239;399914;4;16169;4.043119270643189
2022-11-06;BA;Bosnia and Herzegovina;155;400069;11;16180;4.044302357843272
2022-11-13;BA;Bosnia and Herzegovina;138;400207;5;16185;4.04415714867556
2022-11-20;BA;Bosnia and Herzegovina;140;400347;5;16190;4.043991837081332
2022-11-27;BA;Bosnia and Herzegovina;131;400478;10;16200;4.045166026598215
2022-12-04;BA;Bosnia and Herzegovina;102;400580;3;16203;4.044884916870537
2022-12-11;BA;Bosnia and Herzegovina;94;400674;9;16212;4.0461821830216085
2022-12-18;BA;Bosnia and Herzegovina;137;400811;7;16219;4.046545628737734
2022-12-25;BA;Bosnia and Herzegovina;149;400960;3;16222;4.045790103750998
2023-01-01;BA;Bosnia and Herzegovina;151;401111;12;16234;4.047258738852836
2023-01-08;BA;Bosnia and Herzegovina;149;401260;7;16241;4.0475003738224595
2023-01-15;BA;Bosnia and Herzegovina;168;401428;13;16254;4.049044909672469
2023-01-22;BA;Bosnia and Herzegovina;115;401543;6;16260;4.049379518507358
2023-01-29;BA;Bosnia and Herzegovina;92;401635;8;16268;4.050443810922853
2023-02-05;BA;Bosnia and Herzegovina;68;401703;6;16274;4.0512517954807405
2023-02-12;BA;Bosnia and Herzegovina;70;401773;4;16278;4.051541542114577
2023-02-19;BA;Bosnia and Herzegovina;87;401860;12;16290;4.053650525058479
2023-02-26;BA;Bosnia and Herzegovina;88;401948;4;16294;4.053758197577796
2023-03-05;BA;Bosnia and Herzegovina;114;402062;1;16295;4.052857519487044
2023-03-12;BA;Bosnia and Herzegovina;162;402224;3;16298;4.051971041011973
2023-03-19;BA;Bosnia and Herzegovina;113;402337;11;16309;4.053567034600347
2023-03-26;BA;Bosnia and Herzegovina;122;402459;10;16319;4.054822975756537
2023-04-02;BA;Bosnia and Herzegovina;99;402558;6;16325;4.055316252564848
2023-04-09;BA;Bosnia and Herzegovina;96;402654;4;16329;4.055342800518559
2023-04-16;BA;Bosnia and Herzegovina;72;402726;3;16332;4.055362703177843
2023-04-23;BA;Bosnia and Herzegovina;88;402814;4;16336;4.055469770166876
2023-04-30;BA;Bosnia and Herzegovina;73;402887;1;16337;4.05498315904956
2023-05-07;BA;Bosnia and Herzegovina;34;402921;2;16339;4.0551373594327424
2023-05-14;BA;Bosnia and Herzegovina;6;402927;1;16340;4.055325158155199
2023-05-21;BA;Bosnia and Herzegovina;31;402958;6;16346;4.0565021664788885
2023-05-28;BA;Bosnia and Herzegovina;22;402980;0;16346;4.056280708720036
2023-06-04;BA;Bosnia and Herzegovina;18;402998;1;16347;4.056347674182006
2023-06-11;BA;Bosnia and Herzegovina;32;403030;1;16348;4.056273726521599
2023-06-18;BA;Bosnia and Herzegovina;11;403041;2;16350;4.056659248066574
2023-06-25;BA;Bosnia and Herzegovina;2;403043;0;16350;4.056639117910496
2023-07-02;BA;Bosnia and Herzegovina;4;403047;0;16350;4.056598858197679
2023-07-09;BA;Bosnia and Herzegovina;2;403049;2;16352;4.05707494622242
2023-07-16;BA;Bosnia and Herzegovina;3;403052;0;16352;4.057044748568424
2023-07-23;BA;Bosnia and Herzegovina;0;403052;0;16352;4.057044748568424
2023-07-30;BA;Bosnia and Herzegovina;1;403053;0;16352;4.057034682783653
2023-08-06;BA;Bosnia and Herzegovina;4;403057;0;16352;4.056994420144049
2023-08-13;BA;Bosnia and Herzegovina;4;403061;0;16352;4.056954158303582
2023-08-20;BA;Bosnia and Herzegovina;0;403061;0;16352;4.056954158303582
2023-08-27;BA;Bosnia and Herzegovina;3;403064;0;16352;4.056923962447652
2023-09-03;BA;Bosnia and Herzegovina;6;403070;0;16352;4.056863572084253
2023-09-10;BA;Bosnia and Herzegovina;21;403091;0;16352;4.05665221997018
2023-09-17;BA;Bosnia and Herzegovina;26;403117;0;16352;4.056390576433145
2023-09-24;BA;Bosnia and Herzegovina;19;403136;0;16352;4.05619939672964
2023-10-01;BA;Bosnia and Herzegovina;19;403155;2;16354;4.056504322158972
2023-10-08;BA;Bosnia and Herzegovina;28;403183;1;16355;4.056470634922603
2023-10-15;BA;Bosnia and Herzegovina;54;403237;6;16361;4.057415366149435
2023-10-22;BA;Bosnia and Herzegovina;29;403266;1;16362;4.057371561202779
2023-10-29;BA;Bosnia and Herzegovina;0;403266;0;16362;4.057371561202779
2023-11-05;BA;Bosnia and Herzegovina;17;403283;2;16364;4.057696456334633
2023-11-12;BA;Bosnia and Herzegovina;27;403310;0;16364;4.057424809699735
2023-11-19;BA;Bosnia and Herzegovina;18;403328;3;16367;4.057987543636941
2023-11-26;BA;Bosnia and Herzegovina;27;403355;3;16370;4.058459669521886
2023-12-03;BA;Bosnia and Herzegovina;43;403398;2;16372;4.058522848402818
2023-12-10;BA;Bosnia and Herzegovina;36;403434;3;16375;4.058904306528453
2023-12-17;BA;Bosnia and Herzegovina;34;403468;3;16378;4.0593058185531445
2023-12-24;BA;Bosnia and Herzegovina;21;403489;1;16379;4.059342386037786
2023-12-31;BA;Bosnia and Herzegovina;19;403508;1;16380;4.059399070154742
2024-01-07;BA;Bosnia and Herzegovina;32;403540;1;16381;4.059324973980274
2024-01-14;BA;Bosnia and Herzegovina;6;403546;1;16382;4.05951242237564
2024-01-21;BA;Bosnia and Herzegovina;12;403558;0;16382;4.0593917107330295
2020-01-05;BW;Botswana;0;0;0;0;0.0
2020-01-12;BW;Botswana;0;0;0;0;0.0
2020-01-19;BW;Botswana;0;0;0;0;0.0
2020-01-26;BW;Botswana;0;0;0;0;0.0
2020-02-02;BW;Botswana;0;0;0;0;0.0
2020-02-09;BW;Botswana;0;0;0;0;0.0
2020-02-16;BW;Botswana;0;0;0;0;0.0
2020-02-23;BW;Botswana;0;0;0;0;0.0
2020-03-01;BW;Botswana;0;0;0;0;0.0
2020-03-08;BW;Botswana;0;0;0;0;0.0
2020-03-15;BW;Botswana;0;0;0;0;0.0
2020-03-22;BW;Botswana;0;0;0;0;0.0
2020-04-12;BW;Botswana;9;13;0;1;7.6923076923076925
2020-04-19;BW;Botswana;2;15;0;1;6.666666666666667
2020-04-26;BW;Botswana;7;22;0;1;4.545454545454546
2020-05-03;BW;Botswana;1;23;0;1;4.3478260869565215
2020-05-10;BW;Botswana;0;23;0;1;4.3478260869565215
2020-05-17;BW;Botswana;2;25;0;1;4.0
2020-05-24;BW;Botswana;7;32;0;1;3.125
2020-05-31;BW;Botswana;3;35;0;1;2.857142857142857
2020-06-07;BW;Botswana;5;40;0;1;2.5
2020-06-14;BW;Botswana;37;77;0;1;1.2987012987012987
2020-06-21;BW;Botswana;12;89;0;1;1.1235955056179776
2020-06-28;BW;Botswana;36;125;0;1;0.8
2020-07-05;BW;Botswana;150;275;0;1;0.36363636363636365
2020-07-12;BW;Botswana;39;314;0;1;0.3184713375796179
2020-07-19;BW;Botswana;208;522;0;1;0.19157088122605362
2020-07-26;BW;Botswana;164;686;0;1;0.1457725947521866
2020-08-02;BW;Botswana;208;894;1;2;0.22371364653243847
2020-08-09;BW;Botswana;172;1066;0;2;0.18761726078799248
2020-08-16;BW;Botswana;148;1214;1;3;0.2471169686985173
2020-08-23;BW;Botswana;94;1308;0;3;0.22935779816513763
2020-08-30;BW;Botswana;325;1633;3;6;0.3674219228413962
2020-09-06;BW;Botswana;369;2002;2;8;0.3996003996003996
2020-09-13;BW;Botswana;461;2463;3;11;0.4466098254161592
2020-09-20;BW;Botswana;104;2567;2;13;0.506427736657577
2020-09-27;BW;Botswana;354;2921;0;13;0.4450530640191715
2020-10-04;BW;Botswana;251;3172;3;16;0.5044136191677175
2020-10-11;BW;Botswana;47;3219;2;18;0.5591798695246971
2020-10-18;BW;Botswana;2023;5242;3;21;0.4006104540251812
2020-10-25;BW;Botswana;681;5923;4;25;0.4220834036805673
2020-11-01;BW;Botswana;719;6642;0;25;0.37639265281541706
2020-11-08;BW;Botswana;1193;7835;3;28;0.3573707721761328
2020-11-15;BW;Botswana;390;8225;0;28;0.3404255319148936
2020-11-22;BW;Botswana;1369;9594;4;32;0.3335417969564311
2020-11-29;BW;Botswana;819;10413;1;33;0.31691155286660905
2020-12-06;BW;Botswana;1132;11545;3;36;0.3118233001299264
2020-12-13;BW;Botswana;956;12501;2;38;0.3039756819454444
2020-12-20;BW;Botswana;712;13213;0;38;0.2875955498372815
2020-12-27;BW;Botswana;677;13890;1;39;0.28077753779697623
2021-01-03;BW;Botswana;1332;15222;5;44;0.28905531467612666
2021-01-10;BW;Botswana;829;16051;4;48;0.2990467883620958
2021-01-17;BW;Botswana;1899;17950;23;71;0.3955431754874652
2021-01-24;BW;Botswana;2046;19996;43;114;0.5701140228045609
2021-01-31;BW;Botswana;1627;21623;25;139;0.6428340193312676
2021-02-07;BW;Botswana;2198;23821;30;169;0.70945804122413
2021-02-14;BW;Botswana;1381;25202;46;215;0.8531068962780731
2021-02-21;BW;Botswana;181;25383;55;270;1.0637040538943388
2021-02-28;BW;Botswana;5344;30727;57;327;1.064210629088424
2021-03-07;BW;Botswana;2185;32912;86;413;1.254861448711716
2021-03-14;BW;Botswana;2087;34999;34;447;1.277179347981371
2021-03-21;BW;Botswana;2560;37559;38;485;1.2913016853483852
2021-03-28;BW;Botswana;2282;39841;83;568;1.4256670264300595
2021-04-04;BW;Botswana;1869;41710;48;616;1.4768640613761688
2021-04-11;BW;Botswana;1734;43444;47;663;1.5261025688242336
2021-04-18;BW;Botswana;1258;44702;21;684;1.5301328799606282
2021-04-25;BW;Botswana;4366;49068;18;702;1.4306676449009537
2021-05-02;BW;Botswana;1265;50333;22;724;1.438420121987563
2021-05-09;BW;Botswana;1205;51538;27;751;1.457177228452792
2021-05-16;BW;Botswana;1780;53318;23;774;1.4516673543643797
2021-05-23;BW;Botswana;2084;55402;35;809;1.4602360925598352
2021-05-30;BW;Botswana;2114;57516;40;849;1.4761109952013354
2021-06-06;BW;Botswana;3132;60648;36;885;1.459240205777602
2021-06-13;BW;Botswana;3373;64021;41;926;1.446400399868793
2021-06-20;BW;Botswana;4366;68387;143;1069;1.5631625893810226
2021-06-27;BW;Botswana;1684;70071;56;1125;1.6055144068159437
2021-07-04;BW;Botswana;3906;73977;63;1188;1.605904537896914
2021-07-11;BW;Botswana;6176;80153;65;1253;1.5632602647436777
2021-07-18;BW;Botswana;11749;91902;75;1328;1.4450175186611827
2021-07-25;BW;Botswana;10222;102124;157;1485;1.4541146057733736
2021-08-01;BW;Botswana;13096;115220;168;1653;1.4346467627148065
2021-08-08;BW;Botswana;15551;130771;179;1832;1.4009222228169855
2021-08-15;BW;Botswana;11609;142380;211;2043;1.4348925410872313
2021-08-22;BW;Botswana;8462;150842;128;2171;1.4392543190888478
2021-08-29;BW;Botswana;6085;156927;90;2261;1.4407973134004983
2021-09-05;BW;Botswana;5259;162186;48;2309;1.423674053247506
2021-09-12;BW;Botswana;3458;165644;28;2337;1.410857018666538
2021-09-19;BW;Botswana;8144;173788;17;2354;1.3545239026860314
2021-09-26;BW;Botswana;4262;178050;13;2367;1.329401853411963
2021-10-03;BW;Botswana;2147;180197;7;2374;1.3174470163210263
2021-10-10;BW;Botswana;1054;181251;7;2381;1.3136479247011053
2021-10-17;BW;Botswana;2800;184051;8;2389;1.2980097907645163
2021-10-24;BW;Botswana;1934;185985;13;2402;1.2915020028496922
2021-10-31;BW;Botswana;1296;187281;5;2407;1.2852344872143997
2021-11-07;BW;Botswana;6168;193449;2;2409;1.2452894561357257
2021-11-14;BW;Botswana;680;194129;7;2416;1.2445332742660808
2021-11-21;BW;Botswana;523;194652;0;2416;1.2411894046811747
2021-11-28;BW;Botswana;416;195068;2;2418;1.2395677404802428
2021-12-05;BW;Botswana;484;195552;2;2420;1.2375225004090984
2021-12-12;BW;Botswana;2092;197644;4;2424;1.2264475521644977
2021-12-19;BW;Botswana;7057;204701;1;2425;1.184654691476837
2021-12-26;BW;Botswana;7781;212482;14;2439;1.147861936540507
2022-01-02;BW;Botswana;9571;222053;13;2452;1.1042408794296859
2022-01-09;BW;Botswana;10379;232432;45;2497;1.0742926963585049
2022-01-16;BW;Botswana;7455;239887;37;2534;1.0563306890327528
2022-01-23;BW;Botswana;6017;245904;31;2565;1.0430899863361311
2022-01-30;BW;Botswana;7132;253036;16;2581;1.0200129625823995
2022-02-06;BW;Botswana;4131;257167;12;2593;1.0082942212647812
2022-02-13;BW;Botswana;3324;260491;10;2603;0.999266769293373
2022-02-20;BW;Botswana;2161;262652;11;2614;0.9952332363736046
2022-02-27;BW;Botswana;41830;304482;51;2665;0.8752569938452849
2022-03-06;BW;Botswana;431;304913;10;2675;0.8772994263937582
2022-03-13;BW;Botswana;333;305246;4;2679;0.8776527784147867
2022-03-20;BW;Botswana;269;305515;5;2684;0.8785166031127768
2022-03-27;BW;Botswana;162;305677;2;2686;0.8787053000389299
2022-04-03;BW;Botswana;93;305770;1;2687;0.8787650848677111
2022-04-10;BW;Botswana;74;305844;0;2687;0.8785524646551838
2022-04-17;BW;Botswana;140;305984;1;2688;0.8784773060029283
2022-04-24;BW;Botswana;90;306074;1;2689;0.8785457111678875
2022-05-01;BW;Botswana;126;306200;1;2690;0.8785107772697583
2022-05-08;BW;Botswana;0;306200;0;2690;0.8785107772697583
2022-05-15;BW;Botswana;414;306614;2;2692;0.8779768699407072
2022-05-22;BW;Botswana;0;306614;0;2692;0.8779768699407072
2022-05-29;BW;Botswana;0;306614;0;2692;0.8779768699407072
2022-06-05;BW;Botswana;3795;310409;9;2701;0.8701422961318777
2022-06-12;BW;Botswana;3084;313493;4;2705;0.8628581818413809
2022-06-19;BW;Botswana;6634;320127;33;2738;0.8552855585439528
2022-06-26;BW;Botswana;2642;322769;12;2750;0.8520025157310646
2022-07-03;BW;Botswana;558;323327;2;2752;0.8511506926424331
2022-07-10;BW;Botswana;1514;324841;8;2760;0.8496464424133652
2022-07-17;BW;Botswana;0;324841;0;2760;0.8496464424133652
2022-07-24;BW;Botswana;629;325470;10;2770;0.8510769041693551
2022-07-31;BW;Botswana;254;325724;2;2772;0.8510272500644718
2022-08-07;BW;Botswana;100;325824;2;2774;0.8513798860734629
2022-08-14;BW;Botswana;26;325850;3;2777;0.8522326223722572
2022-08-21;BW;Botswana;14;325864;1;2778;0.8525028846389905
2022-08-28;BW;Botswana;47;325911;0;2778;0.8523799442179001
2022-09-04;BW;Botswana;354;326265;1;2779;0.8517616048304293
2022-09-11;BW;Botswana;21;326286;1;2780;0.8520132644367212
2022-09-18;BW;Botswana;17;326303;1;2781;0.8522753391786162
2022-09-25;BW;Botswana;21;326324;0;2781;0.8522204925166399
2022-10-02;BW;Botswana;8;326332;1;2782;0.8525060367968817
2022-10-09;BW;Botswana;17;326349;0;2782;0.8524616285020026
2022-10-16;BW;Botswana;4;326353;0;2782;0.8524511801638104
2022-10-23;BW;Botswana;0;326353;0;2782;0.8524511801638104
2022-10-30;BW;Botswana;0;326353;0;2782;0.8524511801638104
2022-11-06;BW;Botswana;0;326353;0;2782;0.8524511801638104
2022-11-13;BW;Botswana;126;326479;0;2782;0.8521221885634298
2022-11-20;BW;Botswana;133;326612;0;2782;0.8517751950326381
2022-11-27;BW;Botswana;155;326767;3;2785;0.8522892458540795
2022-12-04;BW;Botswana;292;327059;0;2785;0.851528317520692
2022-12-11;BW;Botswana;412;327471;1;2786;0.8507623575828089
2022-12-18;BW;Botswana;349;327820;0;2786;0.849856628637667
2022-12-25;BW;Botswana;211;328031;0;2786;0.8493099737524807
2023-01-01;BW;Botswana;218;328249;1;2787;0.8490505683185631
2023-01-08;BW;Botswana;300;328549;1;2788;0.848579663916189
2023-01-15;BW;Botswana;349;328898;2;2790;0.8482873109596288
2023-01-22;BW;Botswana;316;329214;2;2792;0.848080579805233
2023-01-29;BW;Botswana;240;329454;1;2793;0.8477663042488481
2023-02-05;BW;Botswana;141;329595;1;2794;0.8477070343906916
2023-02-12;BW;Botswana;80;329675;1;2795;0.8478046561007053
2023-02-19;BW;Botswana;52;329727;0;2795;0.8476709520300126
2023-02-26;BW;Botswana;31;329758;0;2795;0.8475912638965544
2023-03-05;BW;Botswana;11;329769;0;2795;0.8475629910634414
2023-03-12;BW;Botswana;16;329785;0;2795;0.847521870309444
2023-03-19;BW;Botswana;27;329812;0;2795;0.8474524880841207
2023-03-26;BW;Botswana;18;329830;0;2795;0.8474062395779645
2023-04-02;BW;Botswana;7;329837;0;2795;0.847388255411006
2023-04-09;BW;Botswana;4;329841;1;2796;0.8476811554658154
2023-04-16;BW;Botswana;6;329847;0;2796;0.8476657359321139
2023-04-23;BW;Botswana;5;329852;0;2796;0.8476528867492087
2023-04-30;BW;Botswana;4;329856;0;2796;0.8476426076833528
2023-05-07;BW;Botswana;6;329862;1;2797;0.8479303466298028
2023-05-14;BW;Botswana;0;329862;0;2797;0.8479303466298028
2023-05-21;BW;Botswana;43;329905;0;2797;0.8478198269198709
2023-05-28;BW;Botswana;36;329941;0;2797;0.8477273209452599
2023-06-04;BW;Botswana;21;329962;0;2797;0.8476733684484881
2023-06-11;BW;Botswana;23;329985;0;2797;0.8476142854978257
2023-06-18;BW;Botswana;31;330016;0;2797;0.8475346649859401
2023-06-25;BW;Botswana;61;330077;0;2797;0.8473780360340163
2023-07-02;BW;Botswana;36;330113;0;2797;0.8472856264370079
2023-07-09;BW;Botswana;35;330148;0;2797;0.8471958030943697
2023-07-16;BW;Botswana;7;330155;1;2798;0.8474807287486181
2023-07-23;BW;Botswana;21;330176;1;2799;0.8477296956774568
2023-07-30;BW;Botswana;22;330198;1;2800;0.8479760628471402
2023-08-06;BW;Botswana;17;330215;0;2800;0.8479324076737883
2023-08-13;BW;Botswana;15;330230;0;2800;0.847893892135784
2023-08-20;BW;Botswana;10;330240;0;2800;0.8478682170542635
2023-08-27;BW;Botswana;11;330251;0;2800;0.8478399762604807
2023-09-03;BW;Botswana;5;330256;0;2800;0.8478271401579381
2023-09-10;BW;Botswana;0;330256;0;2800;0.8478271401579381
2023-09-17;BW;Botswana;16;330272;0;2800;0.8477860672415464
2023-09-24;BW;Botswana;3;330275;0;2800;0.8477783665127546
2023-10-01;BW;Botswana;9;330284;0;2800;0.8477552651657361
2023-10-08;BW;Botswana;16;330300;0;2800;0.8477141992128367
2023-10-15;BW;Botswana;21;330321;0;2800;0.8476603061870122
2023-10-22;BW;Botswana;24;330345;0;2800;0.8475987225476396
2023-10-29;BW;Botswana;10;330355;0;2800;0.8475730653388022
2023-11-05;BW;Botswana;14;330369;0;2800;0.8475371478558823
2023-11-12;BW;Botswana;19;330388;0;2800;0.8474884075692822
2023-11-19;BW;Botswana;9;330397;0;2800;0.847465322021689
2023-11-26;BW;Botswana;7;330404;0;2800;0.8474473674652849
2023-12-03;BW;Botswana;5;330409;0;2800;0.8474345432479139
2023-12-10;BW;Botswana;4;330413;0;2800;0.8474242841534686
2023-12-17;BW;Botswana;4;330417;0;2800;0.8474140253074146
2023-12-24;BW;Botswana;0;330417;0;2800;0.8474140253074146
2023-12-31;BW;Botswana;0;330417;0;2800;0.8474140253074146
2024-01-07;BW;Botswana;0;330417;0;2800;0.8474140253074146
2024-01-14;BW;Botswana;0;330417;0;2800;0.8474140253074146
2024-01-21;BW;Botswana;0;330417;0;2800;0.8474140253074146
2020-01-05;BR;Brazil;0;0;0;0;0.0
2020-01-12;BR;Brazil;0;0;0;0;0.0
2020-01-19;BR;Brazil;0;0;0;0;0.0
2020-01-26;BR;Brazil;0;0;0;0;0.0
2020-02-02;BR;Brazil;0;0;0;0;0.0
2020-02-09;BR;Brazil;0;0;0;0;0.0
2020-02-16;BR;Brazil;0;0;0;0;0.0
2020-02-23;BR;Brazil;0;0;0;0;0.0
2020-03-01;BR;Brazil;1;1;0;0;0.0
2020-03-08;BR;Brazil;12;13;0;0;0.0
2020-03-15;BR;Brazil;71;84;0;0;0.0
2020-03-22;BR;Brazil;820;904;11;11;1.2168141592920354
2020-03-29;BR;Brazil;2513;3417;81;92;2.692420251682763
2020-04-05;BR;Brazil;5639;9056;267;359;3.964222614840989
2020-04-12;BR;Brazil;10582;19638;697;1056;5.377329666972197
2020-04-19;BR;Brazil;14044;33682;1085;2141;6.356510896027552
2020-04-26;BR;Brazil;19313;52995;1529;3670;6.925181620907633
2020-05-03;BR;Brazil;38594;91589;2659;6329;6.910218476017863
2020-05-10;BR;Brazil;53739;145328;3568;9897;6.810112297698997
2020-05-17;BR;Brazil;72895;218223;4920;14817;6.78984341705503
2020-05-24;BR;Brazil;112667;330890;6231;21048;6.361026322947202
2020-05-31;BR;Brazil;134276;465166;6830;27878;5.993129334474145
2020-06-07;BR;Brazil;180605;645771;7148;35026;5.423904139393067
2020-06-14;BR;Brazil;183039;828810;6802;41828;5.046753779515209
2020-06-21;BR;Brazil;204103;1032913;7126;48954;4.739411741356727
2020-06-28;BR;Brazil;242061;1274974;7007;55961;4.389187544216588
2020-07-05;BR;Brazil;264107;1539081;7213;63174;4.10465725975436
2020-07-12;BR;Brazil;261746;1800827;7224;70398;3.9092039379685
2020-07-19;BR;Brazil;245501;2046328;7453;77851;3.8044243151635513
2020-07-26;BR;Brazil;297038;2343366;7387;85238;3.6374172877817634
2020-08-02;BR;Brazil;319119;2662485;7237;92475;3.4732590042760805
2020-08-09;BR;Brazil;299957;2962442;7097;99572;3.361145973490789
2020-08-16;BR;Brazil;313078;3275520;6951;106523;3.25209432395467
2020-08-23;BR;Brazil;256810;3532330;6835;113358;3.2091565623823373
2020-08-30;BR;Brazil;272473;3804803;6146;119504;3.1408722081011815
2020-09-06;BR;Brazil;288029;4092832;6017;125521;3.0668495555155943
2020-09-13;BR;Brazil;189332;4282164;4875;130396;3.0450958907692467
2020-09-20;BR;Brazil;213019;4495183;5397;135793;3.0208558806170958
2020-09-27;BR;Brazil;194430;4689613;4744;140537;2.996771801852306
2020-10-04;BR;Brazil;190910;4880523;4851;145388;2.978943035408295
2020-10-11;BR;Brazil;175365;5055888;4251;149639;2.9596976831765263
2020-10-18;BR;Brazil;144412;5200300;3575;153214;2.946253100782647
2020-10-25;BR;Brazil;153356;5353656;3257;156471;2.9226943232811373
2020-11-01;BR;Brazil;163002;5516658;3006;159477;2.890826293745235
2020-11-08;BR;Brazil;114523;5631181;2538;162015;2.877105175628345
2020-11-15;BR;Brazil;179471;5810652;2722;164737;2.8350863207777715
2020-11-22;BR;Brazil;209512;6020164;3876;168613;2.800804097695677
2020-11-29;BR;Brazil;218186;6238350;3361;171974;2.7567225307974064
2020-12-06;BR;Brazil;295618;6533968;3990;175964;2.693064918591582
2020-12-13;BR;Brazil;302259;6836227;4473;180437;2.639423764014858
2020-12-20;BR;Brazil;326751;7162978;5213;185650;2.5917991092531625
2020-12-27;BR;Brazil;285582;7448560;4838;190488;2.5573802184583325
2021-01-03;BR;Brazil;252018;7700578;4923;195411;2.5376147089218497
2021-01-10;BR;Brazil;313130;8013708;6049;201460;2.5139423597665402
2021-01-17;BR;Brazil;379784;8393492;6786;208246;2.48104126387444
2021-01-24;BR;Brazil;360428;8753920;6997;215243;2.458818449334698
2021-01-31;BR;Brazil;364593;9118513;7423;222666;2.441911307249329
2021-02-07;BR;Brazil;328652;9447165;7368;230034;2.4349527080346327
2021-02-14;BR;Brazil;318290;9765455;7455;237489;2.431929695032131
2021-02-21;BR;Brazil;316221;10081676;7276;244765;2.4278205330145504
2021-02-28;BR;Brazil;373954;10455630;8070;252835;2.4181708801860817
2021-03-07;BR;Brazil;413597;10869227;9935;262770;2.417559224772838
2021-03-14;BR;Brazil;494153;11363380;12335;275105;2.4209786172776058
2021-03-21;BR;Brazil;508010;11871390;15209;290314;2.4454929035268824
2021-03-28;BR;Brazil;533024;12404414;16798;307112;2.4758283623877757
2021-04-04;BR;Brazil;505668;12910082;21094;328206;2.542245665054645
2021-04-11;BR;Brazil;463092;13373174;20512;348718;2.6075933805991007
2021-04-18;BR;Brazil;459281;13832455;20031;368749;2.665824685495091
2021-04-25;BR;Brazil;404623;14237078;17667;386416;2.7141524405499498
2021-05-02;BR;Brazil;421933;14659011;17365;403781;2.754490053933379
2021-05-09;BR;Brazil;423438;15082449;15333;419114;2.7788192753046936
2021-05-16;BR;Brazil;437076;15519525;13514;432628;2.787636863885976
2021-05-23;BR;Brazil;451424;15970949;13681;446309;2.7945051981569784
2021-05-30;BR;Brazil;420981;16391930;12736;459045;2.8004328959433087
2021-06-06;BR;Brazil;449478;16841408;11797;470842;2.7957401186409117
2021-06-13;BR;Brazil;454710;17296118;13393;484235;2.799674470305996
2021-06-20;BR;Brazil;505344;17801462;14264;498499;2.800326175456825
2021-06-27;BR;Brazil;521298;18322760;12643;511142;2.789656143506764
2021-07-04;BR;Brazil;364709;18687469;10810;521952;2.793058813903584
2021-07-11;BR;Brazil;333030;19020499;9736;531688;2.79534201494924
2021-07-18;BR;Brazil;287610;19308109;8710;540398;2.7988137005027265
2021-07-25;BR;Brazil;324334;19632443;7942;548340;2.7930298842584187
2021-08-01;BR;Brazil;247830;19880273;7120;555460;2.7940260176507636
2021-08-08;BR;Brazil;228473;20108746;6302;561762;2.7936202486221666
2021-08-15;BR;Brazil;210254;20319000;6100;567862;2.794733992814607
2021-08-22;BR;Brazil;209099;20528099;5649;573511;2.7937852404160757
2021-08-29;BR;Brazil;175807;20703906;4815;578326;2.7933183236052175
2021-09-05;BR;Brazil;152154;20856060;4344;582670;2.793768333999806
2021-09-12;BR;Brazil;118790;20974850;3176;585846;2.793087912428456
2021-09-19;BR;Brazil;105369;21080219;3727;589573;2.7968068073676084
2021-09-26;BR;Brazil;247397;21327616;4090;593663;2.78354130156882
2021-10-03;BR;Brazil;118035;21445651;3562;597225;2.7848303602441353
2021-10-10;BR;Brazil;105079;21550730;3200;600425;2.7861005172446593
2021-10-17;BR;Brazil;76746;21627476;2244;602669;2.7865896140631485
2021-10-24;BR;Brazil;84367;21711843;2470;605139;2.7871378767799677
2021-10-31;BR;Brazil;81558;21793401;2323;607462;2.7873666895772713
2021-11-07;BR;Brazil;69057;21862458;1598;609060;2.78587156119408
2021-11-14;BR;Brazil;76738;21939196;1431;610491;2.7826498291003916
2021-11-21;BR;Brazil;64121;22003317;1879;612370;2.7830803873797754
2021-11-28;BR;Brazil;64313;22067630;1587;613957;2.782161020463004
2021-12-05;BR;Brazil;61779;22129409;1443;615400;2.780914754659738
2021-12-12;BR;Brazil;55415;22184824;1291;616691;2.7797876602491867
2021-12-19;BR;Brazil;24196;22209020;910;617601;2.7808566069101657
2021-12-26;BR;Brazil;21717;22230737;791;618392;2.781698150628115
2022-01-02;BR;Brazil;56784;22287521;664;619056;2.777590203953145
2022-01-09;BR;Brazil;162701;22450222;766;619822;2.760872476004914
2022-01-16;BR;Brazil;476981;22927203;974;620796;2.7076830959275755
2022-01-23;BR;Brazil;824579;23751782;1767;622563;2.6211212278725022
2022-01-30;BR;Brazil;1283024;25034806;3321;625884;2.5000553229771385
2022-02-06;BR;Brazil;1241025;26275831;4610;630494;2.3995206849975554
2022-02-13;BR;Brazil;1009678;27285509;6658;637152;2.3351296103730372
2022-02-20;BR;Brazil;773353;28058862;5877;643029;2.2917144679638115
2022-02-27;BR;Brazil;519785;28578647;4361;647390;2.2652926851295656
2022-03-06;BR;Brazil;395152;28973799;3865;651255;2.2477376887994565
2022-03-13;BR;Brazil;331315;29305114;3301;654556;2.233589673119852
2022-03-20;BR;Brazil;267998;29573112;2242;656798;2.220929606596695
2022-03-27;BR;Brazil;229145;29802257;1768;658566;2.2097856548247337
2022-04-03;BR;Brazil;172908;29975165;1436;660002;2.201829414450262
2022-04-10;BR;Brazil;148798;30123963;1120;661122;2.1946713983150223
2022-04-17;BR;Brazil;123339;30247302;785;661907;2.1883174902673965
2022-04-24;BR;Brazil;91395;30338697;650;662557;2.1838676855502395
2022-05-01;BR;Brazil;94345;30433042;853;663410;2.1799003859029273
2022-05-08;BR;Brazil;110866;30543908;681;664091;2.174217523180072
2022-05-15;BR;Brazil;120831;30664739;689;664780;2.1678971407517933
2022-05-22;BR;Brazil;97674;30762413;713;665493;2.1633315956066252
2022-05-29;BR;Brazil;158732;30921145;826;666319;2.1548975628166422
2022-06-05;BR;Brazil;216334;31137479;652;666971;2.1420199111174028
2022-06-12;BR;Brazil;279862;31417341;989;667960;2.1260869912574716
2022-06-19;BR;Brazil;256034;31673375;956;668916;2.1119189224387993
2022-06-26;BR;Brazil;349791;32023166;1313;670229;2.0929504596765978
2022-07-03;BR;Brazil;410897;32434063;1471;671700;2.070970880213188
2022-07-10;BR;Brazil;396781;32830844;1639;673339;2.0509341764104514
2022-07-17;BR;Brazil;419273;33250117;1751;675090;2.0303387203118715
2022-07-24;BR;Brazil;255610;33505727;1396;676486;2.019016032691963
2022-07-31;BR;Brazil;284971;33790698;1827;678313;2.0073956448014183
2022-08-07;BR;Brazil;203772;33994470;1445;679758;1.9996134665432348
2022-08-14;BR;Brazil;153661;34148131;1495;681253;1.9949935180932743
2022-08-21;BR;Brazil;116106;34264237;1105;682358;1.9914583243164001
2022-08-28;BR;Brazil;104672;34368909;1039;683397;1.9884163329129825
2022-09-04;BR;Brazil;87236;34456145;865;684262;1.9858925019035065
2022-09-11;BR;Brazil;60594;34516739;551;684813;1.9840026023315818
2022-09-18;BR;Brazil;62346;34579085;487;685300;1.9818338165975182
2022-09-25;BR;Brazil;45342;34624427;450;685750;1.9805381905670236
2022-10-02;BR;Brazil;48097;34672524;286;686036;1.9786156900489853
2022-10-09;BR;Brazil;42613;34715137;767;686803;1.9783963404782186
2022-10-16;BR;Brazil;31325;34746462;341;687144;1.9775941504490444
2022-10-23;BR;Brazil;34180;34780642;383;687527;1.976751895494051
2022-10-30;BR;Brazil;41585;34822227;553;688080;1.9759793076990737
2022-11-06;BR;Brazil;26836;34849063;252;688332;1.9751807961092094
2022-11-13;BR;Brazil;59135;34908198;324;688656;1.9727629595775755
2022-11-20;BR;Brazil;91297;34999495;251;688907;1.9683341145350812
2022-11-27;BR;Brazil;150008;35149503;535;689442;1.9614558988216704
2022-12-04;BR;Brazil;188043;35337546;632;690074;1.9528067964877924
2022-12-11;BR;Brazil;194170;35531716;603;690677;1.9438323778114177
2022-12-18;BR;Brazil;337810;35869526;1133;691810;1.9286845329375135
2022-12-25;BR;Brazil;254811;36124337;933;692743;1.9176628764148669
2023-01-01;BR;Brazil;206944;36331281;1110;693853;1.9097950331010898
2023-01-08;BR;Brazil;145933;36477214;926;694779;1.904693159954595
2023-01-15;BR;Brazil;120721;36597935;457;695236;1.899659092787612
2023-01-22;BR;Brazil;114916;36712851;952;696188;1.8963060101216327
2023-01-29;BR;Brazil;78416;36791267;554;696742;1.8937700623357165
2023-02-05;BR;Brazil;75391;36866658;603;697345;1.891532994392928
2023-02-12;BR;Brazil;63681;36930339;317;697662;1.8891296936104487
2023-02-19;BR;Brazil;57343;36987682;385;698047;1.887241812017309
2023-02-26;BR;Brazil;32849;37020531;881;698928;1.8879469881185658
2023-03-05;BR;Brazil;55522;37076053;348;699276;1.8860583676477103
2023-03-12;BR;Brazil;9467;37085520;34;699310;1.8856685843962817
2023-03-19;BR;Brazil;59994;37145514;324;699634;1.8834952721343416
2023-03-26;BR;Brazil;59163;37204677;283;699917;1.8812607887981396
2023-04-02;BR;Brazil;53986;37258663;322;700239;1.879399161478231
2023-04-09;BR;Brazil;60591;37319254;317;700556;1.87719722371728
2023-04-16;BR;Brazil;38838;37358092;255;700811;1.8759282460142774
2023-04-23;BR;Brazil;49140;37407232;404;701215;1.8745439384555374
2023-04-30;BR;Brazil;42186;37449418;279;701494;1.8731773081226522
2023-05-07;BR;Brazil;38553;37487971;339;701833;1.8721552041320133
2023-05-14;BR;Brazil;23950;37511921;283;702116;1.8717143278266128
2023-05-21;BR;Brazil;0;37511921;0;702116;1.8717143278266128
2023-05-28;BR;Brazil;603;37512524;0;702116;1.8716842407085166
2023-06-04;BR;Brazil;461;37512985;0;702116;1.8716612394348249
2023-06-11;BR;Brazil;318;37513303;0;702116;1.871645373375946
2023-06-18;BR;Brazil;346;37513649;0;702116;1.8716281106111539
2023-06-25;BR;Brazil;346;37513995;0;702116;1.871610848164798
2023-07-02;BR;Brazil;280;37514275;0;702116;1.8715968787881412
2023-07-09;BR;Brazil;262;37514537;0;702116;1.8715838076316924
2023-07-16;BR;Brazil;204;37514741;0;702116;1.8715736302164525
2023-07-23;BR;Brazil;164;37514905;0;702116;1.8715654484530881
2023-07-30;BR;Brazil;161;37515066;0;702116;1.87155741642571
2023-08-06;BR;Brazil;207;37515273;0;702116;1.8715470896346669
2023-08-13;BR;Brazil;236;37515509;0;702116;1.8715353162341475
2023-08-20;BR;Brazil;384;37515893;0;702116;1.871516159831248
2023-08-27;BR;Brazil;486;37516379;0;702116;1.8714919155710628
2023-09-03;BR;Brazil;558;37516937;0;702116;1.871464080343233
2023-09-10;BR;Brazil;646;37517583;0;702116;1.8714318563645211
2023-09-17;BR;Brazil;1147;37518730;0;702116;1.8713746440777712
2023-09-24;BR;Brazil;1022;37519752;0;702116;1.8713236697300133
2023-10-01;BR;Brazil;208;37519960;0;702116;1.8713132956431722
2023-10-08;BR;Brazil;0;37519960;0;702116;1.8713132956431722
2023-10-15;BR;Brazil;0;37519960;0;702116;1.8713132956431722
2023-10-22;BR;Brazil;0;37519960;0;702116;1.8713132956431722
2023-10-29;BR;Brazil;0;37519960;0;702116;1.8713132956431722
2023-11-05;BR;Brazil;0;37519960;0;702116;1.8713132956431722
2023-11-12;BR;Brazil;0;37519960;0;702116;1.8713132956431722
2023-11-19;BR;Brazil;0;37519960;0;702116;1.8713132956431722
2023-11-26;BR;Brazil;0;37519960;0;702116;1.8713132956431722
2023-12-03;BR;Brazil;0;37519960;0;702116;1.8713132956431722
2023-12-10;BR;Brazil;0;37519960;0;702116;1.8713132956431722
2023-12-17;BR;Brazil;0;37519960;0;702116;1.8713132956431722
2023-12-24;BR;Brazil;0;37519960;0;702116;1.8713132956431722
2023-12-31;BR;Brazil;0;37519960;0;702116;1.8713132956431722
2024-01-07;BR;Brazil;0;37519960;0;702116;1.8713132956431722
2024-01-14;BR;Brazil;0;37519960;0;702116;1.8713132956431722
2024-01-21;BR;Brazil;0;37519960;0;702116;1.8713132956431722
2020-01-05;VG;British Virgin Islands;0;0;0;0;0.0
2020-01-12;VG;British Virgin Islands;0;0;0;0;0.0
2020-01-19;VG;British Virgin Islands;0;0;0;0;0.0
2020-01-26;VG;British Virgin Islands;0;0;0;0;0.0
2020-02-02;VG;British Virgin Islands;0;0;0;0;0.0
2020-02-09;VG;British Virgin Islands;0;0;0;0;0.0
2020-02-16;VG;British Virgin Islands;0;0;0;0;0.0
2020-02-23;VG;British Virgin Islands;0;0;0;0;0.0
2020-03-01;VG;British Virgin Islands;0;0;0;0;0.0
2020-03-08;VG;British Virgin Islands;0;0;0;0;0.0
2020-03-15;VG;British Virgin Islands;0;0;0;0;0.0
2020-03-22;VG;British Virgin Islands;0;0;0;0;0.0
2020-03-29;VG;British Virgin Islands;2;2;0;0;0.0
2020-04-05;VG;British Virgin Islands;1;3;0;0;0.0
2020-04-12;VG;British Virgin Islands;0;3;0;0;0.0
2020-04-19;VG;British Virgin Islands;0;3;0;0;0.0
2020-08-09;VG;British Virgin Islands;1;9;0;1;11.11111111111111
2020-08-16;VG;British Virgin Islands;0;9;0;1;11.11111111111111
2020-08-23;VG;British Virgin Islands;12;21;0;1;4.761904761904762
2020-08-30;VG;British Virgin Islands;14;35;0;1;2.857142857142857
2020-09-06;VG;British Virgin Islands;28;63;0;1;1.5873015873015872
2020-09-13;VG;British Virgin Islands;3;66;0;1;1.5151515151515151
2020-09-20;VG;British Virgin Islands;5;71;0;1;1.4084507042253522
2020-09-27;VG;British Virgin Islands;0;71;0;1;1.4084507042253522
2020-10-04;VG;British Virgin Islands;0;71;0;1;1.4084507042253522
2020-10-11;VG;British Virgin Islands;0;71;0;1;1.4084507042253522
2020-10-18;VG;British Virgin Islands;1;72;0;1;1.3888888888888888
2020-10-25;VG;British Virgin Islands;0;72;0;1;1.3888888888888888
2020-11-01;VG;British Virgin Islands;0;72;0;1;1.3888888888888888
2020-11-08;VG;British Virgin Islands;0;72;0;1;1.3888888888888888
2020-11-15;VG;British Virgin Islands;0;72;0;1;1.3888888888888888
2020-11-22;VG;British Virgin Islands;0;72;0;1;1.3888888888888888
2020-11-29;VG;British Virgin Islands;0;72;0;1;1.3888888888888888
2020-12-06;VG;British Virgin Islands;1;73;0;1;1.36986301369863
2020-12-13;VG;British Virgin Islands;3;76;0;1;1.3157894736842104
2020-12-20;VG;British Virgin Islands;10;86;0;1;1.1627906976744187
2020-12-27;VG;British Virgin Islands;7;93;0;1;1.0752688172043012
2021-01-03;VG;British Virgin Islands;0;93;0;1;1.0752688172043012
2021-01-10;VG;British Virgin Islands;21;114;0;1;0.8771929824561403
2021-01-17;VG;British Virgin Islands;7;121;0;1;0.8264462809917356
2021-01-24;VG;British Virgin Islands;16;137;0;1;0.7299270072992701
2021-01-31;VG;British Virgin Islands;4;141;0;1;0.7092198581560284
2021-02-07;VG;British Virgin Islands;0;141;0;1;0.7092198581560284
2021-02-14;VG;British Virgin Islands;10;151;0;1;0.6622516556291391
2021-02-21;VG;British Virgin Islands;2;153;0;1;0.6535947712418301
2021-02-28;VG;British Virgin Islands;0;153;0;1;0.6535947712418301
2021-03-07;VG;British Virgin Islands;1;154;0;1;0.6493506493506493
2021-03-14;VG;British Virgin Islands;0;154;0;1;0.6493506493506493
2021-03-21;VG;British Virgin Islands;0;154;0;1;0.6493506493506493
2021-03-28;VG;British Virgin Islands;0;154;0;1;0.6493506493506493
2021-04-04;VG;British Virgin Islands;0;154;0;1;0.6493506493506493
2021-04-11;VG;British Virgin Islands;24;178;0;1;0.5617977528089888
2021-04-18;VG;British Virgin Islands;9;187;0;1;0.53475935828877
2021-04-25;VG;British Virgin Islands;7;194;0;1;0.5154639175257731
2021-05-02;VG;British Virgin Islands;0;194;0;1;0.5154639175257731
2021-05-09;VG;British Virgin Islands;25;219;0;1;0.45662100456621
2021-05-16;VG;British Virgin Islands;29;248;0;1;0.4032258064516129
2021-05-23;VG;British Virgin Islands;0;248;0;1;0.4032258064516129
2021-05-30;VG;British Virgin Islands;41;289;0;1;0.34602076124567477
2021-06-06;VG;British Virgin Islands;0;289;0;1;0.34602076124567477
2021-06-13;VG;British Virgin Islands;6;295;0;1;0.3389830508474576
2021-06-20;VG;British Virgin Islands;0;295;0;1;0.3389830508474576
2021-06-27;VG;British Virgin Islands;3;298;0;1;0.33557046979865773
2021-07-04;VG;British Virgin Islands;158;456;0;1;0.21929824561403508
2021-07-11;VG;British Virgin Islands;691;1147;2;3;0.26155187445510025
2021-07-18;VG;British Virgin Islands;877;2024;9;12;0.592885375494071
2021-07-25;VG;British Virgin Islands;365;2389;13;25;1.0464629552113855
2021-08-01;VG;British Virgin Islands;111;2500;6;31;1.24
2021-08-08;VG;British Virgin Islands;32;2532;6;37;1.4612954186413902
2021-08-15;VG;British Virgin Islands;20;2552;0;37;1.4498432601880877
2021-08-22;VG;British Virgin Islands;16;2568;0;37;1.440809968847352
2021-08-29;VG;British Virgin Islands;0;2568;0;37;1.440809968847352
2021-09-05;VG;British Virgin Islands;72;2640;0;37;1.4015151515151516
2021-09-12;VG;British Virgin Islands;2;2642;0;37;1.4004542013626042
2021-09-19;VG;British Virgin Islands;0;2642;0;37;1.4004542013626042
2021-09-26;VG;British Virgin Islands;34;2676;0;37;1.3826606875934229
2021-10-03;VG;British Virgin Islands;42;2718;0;37;1.3612950699043413
2021-10-10;VG;British Virgin Islands;7;2725;0;37;1.3577981651376148
2021-10-17;VG;British Virgin Islands;0;2725;0;37;1.3577981651376148
2021-10-24;VG;British Virgin Islands;0;2725;0;37;1.3577981651376148
2021-10-31;VG;British Virgin Islands;0;2725;0;37;1.3577981651376148
2021-11-07;VG;British Virgin Islands;0;2725;0;37;1.3577981651376148
2021-11-14;VG;British Virgin Islands;20;2745;1;38;1.384335154826958
2021-11-21;VG;British Virgin Islands;20;2765;0;38;1.3743218806509945
2021-11-28;VG;British Virgin Islands;8;2773;0;38;1.3703570140641905
2021-12-05;VG;British Virgin Islands;43;2816;0;38;1.3494318181818181
2021-12-12;VG;British Virgin Islands;26;2842;1;39;1.3722730471498945
2021-12-19;VG;British Virgin Islands;44;2886;0;39;1.3513513513513513
2021-12-26;VG;British Virgin Islands;185;3071;0;39;1.2699446434386192
2022-01-02;VG;British Virgin Islands;421;3492;0;39;1.1168384879725086
2022-01-09;VG;British Virgin Islands;715;4207;1;40;0.9507962918944617
2022-01-16;VG;British Virgin Islands;1048;5255;2;42;0.7992388201712655
2022-01-23;VG;British Virgin Islands;394;5649;5;47;0.8320056647194194
2022-01-30;VG;British Virgin Islands;226;5875;2;49;0.8340425531914895
2022-02-06;VG;British Virgin Islands;53;5928;2;51;0.8603238866396761
2022-02-13;VG;British Virgin Islands;69;5997;10;61;1.0171752542938137
2022-02-20;VG;British Virgin Islands;53;6050;1;62;1.0247933884297522
2022-02-27;VG;British Virgin Islands;35;6085;0;62;1.018898931799507
2022-03-06;VG;British Virgin Islands;6;6091;0;62;1.0178952552946972
2022-03-13;VG;British Virgin Islands;0;6091;0;62;1.0178952552946972
2022-03-20;VG;British Virgin Islands;13;6104;0;62;1.0157273918741807
2022-03-27;VG;British Virgin Islands;0;6104;0;62;1.0157273918741807
2022-04-03;VG;British Virgin Islands;37;6141;0;62;1.0096075557726756
2022-04-10;VG;British Virgin Islands;21;6162;0;62;1.006166828951639
2022-04-17;VG;British Virgin Islands;0;6162;0;62;1.006166828951639
2022-04-24;VG;British Virgin Islands;134;6296;0;62;0.9847522236340533
2022-05-01;VG;British Virgin Islands;59;6355;0;62;0.975609756097561
2022-05-08;VG;British Virgin Islands;0;6355;0;62;0.975609756097561
2022-05-15;VG;British Virgin Islands;218;6573;0;62;0.9432527004411988
2022-05-22;VG;British Virgin Islands;117;6690;0;62;0.9267563527653214
2022-05-29;VG;British Virgin Islands;0;6690;0;62;0.9267563527653214
2022-06-05;VG;British Virgin Islands;75;6765;0;62;0.9164818920916482
2022-06-12;VG;British Virgin Islands;137;6902;1;63;0.9127789046653144
2022-06-19;VG;British Virgin Islands;0;6902;0;63;0.9127789046653144
2022-06-26;VG;British Virgin Islands;39;6941;0;63;0.9076501944964702
2022-07-03;VG;British Virgin Islands;0;6941;0;63;0.9076501944964702
2022-07-10;VG;British Virgin Islands;0;6941;0;63;0.9076501944964702
2022-07-17;VG;British Virgin Islands;190;7131;0;63;0.8834665544804375
2022-07-24;VG;British Virgin Islands;0;7131;0;63;0.8834665544804375
2022-07-31;VG;British Virgin Islands;0;7131;0;63;0.8834665544804375
2022-08-07;VG;British Virgin Islands;0;7131;0;63;0.8834665544804375
2022-08-14;VG;British Virgin Islands;0;7131;0;63;0.8834665544804375
2022-08-21;VG;British Virgin Islands;0;7131;0;63;0.8834665544804375
2022-08-28;VG;British Virgin Islands;0;7131;0;63;0.8834665544804375
2022-09-04;VG;British Virgin Islands;160;7291;1;64;0.8777945412151967
2022-09-11;VG;British Virgin Islands;14;7305;0;64;0.8761122518822724
2022-09-18;VG;British Virgin Islands;0;7305;0;64;0.8761122518822724
2022-09-25;VG;British Virgin Islands;0;7305;0;64;0.8761122518822724
2022-10-02;VG;British Virgin Islands;0;7305;0;64;0.8761122518822724
2022-10-09;VG;British Virgin Islands;0;7305;0;64;0.8761122518822724
2022-10-16;VG;British Virgin Islands;0;7305;0;64;0.8761122518822724
2022-10-23;VG;British Virgin Islands;0;7305;0;64;0.8761122518822724
2022-10-30;VG;British Virgin Islands;0;7305;0;64;0.8761122518822724
2022-11-06;VG;British Virgin Islands;0;7305;0;64;0.8761122518822724
2022-11-13;VG;British Virgin Islands;0;7305;0;64;0.8761122518822724
2022-11-20;VG;British Virgin Islands;0;7305;0;64;0.8761122518822724
2022-11-27;VG;British Virgin Islands;0;7305;0;64;0.8761122518822724
2022-12-04;VG;British Virgin Islands;0;7305;0;64;0.8761122518822724
2022-12-11;VG;British Virgin Islands;0;7305;0;64;0.8761122518822724
2022-12-18;VG;British Virgin Islands;0;7305;0;64;0.8761122518822724
2022-12-25;VG;British Virgin Islands;0;7305;0;64;0.8761122518822724
2023-01-01;VG;British Virgin Islands;0;7305;0;64;0.8761122518822724
2023-01-08;VG;British Virgin Islands;0;7305;0;64;0.8761122518822724
2023-01-15;VG;British Virgin Islands;0;7305;0;64;0.8761122518822724
2023-01-22;VG;British Virgin Islands;0;7305;0;64;0.8761122518822724
2023-01-29;VG;British Virgin Islands;0;7305;0;64;0.8761122518822724
2023-02-05;VG;British Virgin Islands;0;7305;0;64;0.8761122518822724
2023-02-12;VG;British Virgin Islands;0;7305;0;64;0.8761122518822724
2023-02-19;VG;British Virgin Islands;0;7305;0;64;0.8761122518822724
2023-02-26;VG;British Virgin Islands;0;7305;0;64;0.8761122518822724
2023-03-05;VG;British Virgin Islands;0;7305;0;64;0.8761122518822724
2023-03-12;VG;British Virgin Islands;0;7305;0;64;0.8761122518822724
2023-03-19;VG;British Virgin Islands;0;7305;0;64;0.8761122518822724
2023-03-26;VG;British Virgin Islands;0;7305;0;64;0.8761122518822724
2023-04-02;VG;British Virgin Islands;0;7305;0;64;0.8761122518822724
2023-04-09;VG;British Virgin Islands;0;7305;0;64;0.8761122518822724
2023-04-16;VG;British Virgin Islands;0;7305;0;64;0.8761122518822724
2023-04-23;VG;British Virgin Islands;0;7305;0;64;0.8761122518822724
2023-04-30;VG;British Virgin Islands;0;7305;0;64;0.8761122518822724
2023-05-07;VG;British Virgin Islands;0;7305;0;64;0.8761122518822724
2023-05-14;VG;British Virgin Islands;0;7305;0;64;0.8761122518822724
2023-05-21;VG;British Virgin Islands;1;7306;0;64;0.8759923350670681
2023-05-28;VG;British Virgin Islands;0;7306;0;64;0.8759923350670681
2023-06-04;VG;British Virgin Islands;0;7306;0;64;0.8759923350670681
2023-06-11;VG;British Virgin Islands;13;7319;0;64;0.874436398415084
2023-06-18;VG;British Virgin Islands;4;7323;0;64;0.8739587600710091
2023-06-25;VG;British Virgin Islands;7;7330;0;64;0.8731241473396999
2023-07-02;VG;British Virgin Islands;2;7332;0;64;0.872885979268958
2023-07-09;VG;British Virgin Islands;0;7332;0;64;0.872885979268958
2023-07-16;VG;British Virgin Islands;8;7340;0;64;0.8719346049046321
2023-07-23;VG;British Virgin Islands;5;7345;0;64;0.8713410483321988
2023-07-30;VG;British Virgin Islands;2;7347;0;64;0.8711038519123452
2023-08-06;VG;British Virgin Islands;3;7350;0;64;0.8707482993197279
2023-08-13;VG;British Virgin Islands;0;7350;0;64;0.8707482993197279
2023-08-20;VG;British Virgin Islands;12;7362;0;64;0.8693289866883999
2023-08-27;VG;British Virgin Islands;1;7363;0;64;0.8692109194621758
2023-09-03;VG;British Virgin Islands;9;7372;0;64;0.8681497558328812
2023-09-10;VG;British Virgin Islands;1;7373;0;64;0.86803200868032
2023-09-17;VG;British Virgin Islands;8;7381;0;64;0.8670911800569029
2023-09-24;VG;British Virgin Islands;6;7387;0;64;0.8663868958981996
2023-10-01;VG;British Virgin Islands;3;7390;0;64;0.8660351826792965
2023-10-08;VG;British Virgin Islands;1;7391;0;64;0.8659180083885807
2023-10-15;VG;British Virgin Islands;1;7392;0;64;0.8658008658008658
2023-10-22;VG;British Virgin Islands;0;7392;0;64;0.8658008658008658
2023-10-29;VG;British Virgin Islands;0;7392;0;64;0.8658008658008658
2023-11-05;VG;British Virgin Islands;0;7392;0;64;0.8658008658008658
2023-11-12;VG;British Virgin Islands;0;7392;0;64;0.8658008658008658
2023-11-19;VG;British Virgin Islands;0;7392;0;64;0.8658008658008658
2023-11-26;VG;British Virgin Islands;0;7392;0;64;0.8658008658008658
2023-12-03;VG;British Virgin Islands;0;7392;0;64;0.8658008658008658
2023-12-10;VG;British Virgin Islands;0;7392;0;64;0.8658008658008658
2023-12-17;VG;British Virgin Islands;0;7392;0;64;0.8658008658008658
2023-12-24;VG;British Virgin Islands;0;7392;0;64;0.8658008658008658
2023-12-31;VG;British Virgin Islands;0;7392;0;64;0.8658008658008658
2024-01-07;VG;British Virgin Islands;0;7392;0;64;0.8658008658008658
2024-01-14;VG;British Virgin Islands;0;7392;0;64;0.8658008658008658
2024-01-21;VG;British Virgin Islands;0;7392;0;64;0.8658008658008658
2020-01-05;BN;Brunei Darussalam;0;0;0;0;0.0
2020-01-12;BN;Brunei Darussalam;0;0;0;0;0.0
2020-01-19;BN;Brunei Darussalam;0;0;0;0;0.0
2020-01-26;BN;Brunei Darussalam;0;0;0;0;0.0
2020-02-02;BN;Brunei Darussalam;0;0;0;0;0.0
2020-02-09;BN;Brunei Darussalam;0;0;0;0;0.0
2020-02-16;BN;Brunei Darussalam;0;0;0;0;0.0
2020-02-23;BN;Brunei Darussalam;0;0;0;0;0.0
2020-03-01;BN;Brunei Darussalam;0;0;0;0;0.0
2020-03-08;BN;Brunei Darussalam;0;0;0;0;0.0
2020-03-15;BN;Brunei Darussalam;40;40;0;0;0.0
2020-03-22;BN;Brunei Darussalam;43;83;0;0;0.0
2020-03-29;BN;Brunei Darussalam;37;120;1;1;0.8333333333333334
2020-04-05;BN;Brunei Darussalam;15;135;0;1;0.7407407407407408
2020-04-12;BN;Brunei Darussalam;1;136;0;1;0.7352941176470588
2020-04-19;BN;Brunei Darussalam;1;137;0;1;0.7299270072992701
2020-04-26;BN;Brunei Darussalam;1;138;0;1;0.7246376811594203
2020-05-03;BN;Brunei Darussalam;0;138;0;1;0.7246376811594203
2020-05-10;BN;Brunei Darussalam;3;141;0;1;0.7092198581560284
2020-05-17;BN;Brunei Darussalam;0;141;0;1;0.7092198581560284
2020-05-24;BN;Brunei Darussalam;0;141;0;1;0.7092198581560284
2020-05-31;BN;Brunei Darussalam;0;141;1;2;1.4184397163120568
2020-06-07;BN;Brunei Darussalam;0;141;0;2;1.4184397163120568
2020-06-14;BN;Brunei Darussalam;0;141;0;2;1.4184397163120568
2020-06-21;BN;Brunei Darussalam;0;141;1;3;2.127659574468085
2020-06-28;BN;Brunei Darussalam;0;141;0;3;2.127659574468085
2020-07-05;BN;Brunei Darussalam;0;141;0;3;2.127659574468085
2020-07-12;BN;Brunei Darussalam;0;141;0;3;2.127659574468085
2020-07-19;BN;Brunei Darussalam;0;141;0;3;2.127659574468085
2020-07-26;BN;Brunei Darussalam;0;141;0;3;2.127659574468085
2020-08-02;BN;Brunei Darussalam;0;141;0;3;2.127659574468085
2020-08-09;BN;Brunei Darussalam;1;142;0;3;2.112676056338028
2020-08-16;BN;Brunei Darussalam;0;142;0;3;2.112676056338028
2020-08-23;BN;Brunei Darussalam;1;143;0;3;2.097902097902098
2020-08-30;BN;Brunei Darussalam;1;144;0;3;2.083333333333333
2020-09-06;BN;Brunei Darussalam;1;145;0;3;2.0689655172413794
2020-09-13;BN;Brunei Darussalam;0;145;0;3;2.0689655172413794
2020-09-20;BN;Brunei Darussalam;0;145;0;3;2.0689655172413794
2020-09-27;BN;Brunei Darussalam;1;146;0;3;2.054794520547945
2020-10-04;BN;Brunei Darussalam;0;146;0;3;2.054794520547945
2020-10-11;BN;Brunei Darussalam;0;146;0;3;2.054794520547945
2020-10-18;BN;Brunei Darussalam;1;147;0;3;2.0408163265306123
2020-10-25;BN;Brunei Darussalam;1;148;0;3;2.027027027027027
2020-11-01;BN;Brunei Darussalam;0;148;0;3;2.027027027027027
2020-11-08;BN;Brunei Darussalam;0;148;0;3;2.027027027027027
2020-11-15;BN;Brunei Darussalam;0;148;0;3;2.027027027027027
2020-11-22;BN;Brunei Darussalam;0;148;0;3;2.027027027027027
2020-11-29;BN;Brunei Darussalam;2;150;0;3;2.0
2020-12-06;BN;Brunei Darussalam;1;151;0;3;1.9867549668874174
2020-12-13;BN;Brunei Darussalam;1;152;0;3;1.9736842105263157
2020-12-20;BN;Brunei Darussalam;0;152;0;3;1.9736842105263157
2020-12-27;BN;Brunei Darussalam;0;152;0;3;1.9736842105263157
2021-01-03;BN;Brunei Darussalam;20;172;0;3;1.744186046511628
2021-01-10;BN;Brunei Darussalam;1;173;0;3;1.7341040462427744
2021-01-17;BN;Brunei Darussalam;1;174;0;3;1.7241379310344827
2021-01-24;BN;Brunei Darussalam;1;175;0;3;1.7142857142857144
2021-01-31;BN;Brunei Darussalam;5;180;0;3;1.6666666666666667
2021-02-07;BN;Brunei Darussalam;1;181;0;3;1.6574585635359116
2021-02-14;BN;Brunei Darussalam;3;184;0;3;1.6304347826086956
2021-02-21;BN;Brunei Darussalam;1;185;0;3;1.6216216216216217
2021-02-28;BN;Brunei Darussalam;1;186;0;3;1.6129032258064515
2021-03-07;BN;Brunei Darussalam;4;190;0;3;1.5789473684210527
2021-03-14;BN;Brunei Darussalam;9;199;0;3;1.507537688442211
2021-03-21;BN;Brunei Darussalam;7;206;0;3;1.4563106796116505
2021-03-28;BN;Brunei Darussalam;1;207;0;3;1.4492753623188406
2021-04-04;BN;Brunei Darussalam;7;214;0;3;1.4018691588785046
2021-04-11;BN;Brunei Darussalam;5;219;0;3;1.36986301369863
2021-04-18;BN;Brunei Darussalam;2;221;0;3;1.3574660633484164
2021-04-25;BN;Brunei Darussalam;2;223;0;3;1.345291479820628
2021-05-02;BN;Brunei Darussalam;4;227;0;3;1.3215859030837005
2021-05-09;BN;Brunei Darussalam;3;230;0;3;1.3043478260869565
2021-05-16;BN;Brunei Darussalam;2;232;0;3;1.293103448275862
2021-05-23;BN;Brunei Darussalam;4;236;0;3;1.2711864406779663
2021-05-30;BN;Brunei Darussalam;6;242;0;3;1.2396694214876034
2021-06-06;BN;Brunei Darussalam;2;244;0;3;1.2295081967213115
2021-06-13;BN;Brunei Darussalam;6;250;0;3;1.2
2021-06-20;BN;Brunei Darussalam;5;255;0;3;1.1764705882352942
2021-06-27;BN;Brunei Darussalam;4;259;0;3;1.1583011583011582
2021-07-04;BN;Brunei Darussalam;3;262;0;3;1.1450381679389312
2021-07-11;BN;Brunei Darussalam;13;275;0;3;1.090909090909091
2021-07-18;BN;Brunei Darussalam;16;291;0;3;1.0309278350515463
2021-07-25;BN;Brunei Darussalam;30;321;0;3;0.9345794392523363
2021-08-01;BN;Brunei Darussalam;17;338;0;3;0.8875739644970414
2021-08-08;BN;Brunei Darussalam;26;364;0;3;0.8241758241758242
2021-08-15;BN;Brunei Darussalam;359;723;1;4;0.5532503457814661
2021-08-22;BN;Brunei Darussalam;1046;1769;7;11;0.6218202374222724
2021-08-29;BN;Brunei Darussalam;796;2565;5;16;0.6237816764132553
2021-09-05;BN;Brunei Darussalam;764;3329;4;20;0.6007810153199159
2021-09-12;BN;Brunei Darussalam;834;4163;5;25;0.6005284650492433
2021-09-19;BN;Brunei Darussalam;884;5047;7;32;0.6340400237765008
2021-09-26;BN;Brunei Darussalam;1493;6540;6;38;0.581039755351682
2021-10-03;BN;Brunei Darussalam;1176;7716;6;44;0.5702436495593572
2021-10-10;BN;Brunei Darussalam;1264;8980;5;49;0.5456570155902005
2021-10-17;BN;Brunei Darussalam;1880;10860;7;56;0.5156537753222836
2021-10-24;BN;Brunei Darussalam;1253;12113;1;57;0.47056881036902504
2021-10-31;BN;Brunei Darussalam;1017;13130;1;58;0.44173648134044174
2021-11-07;BN;Brunei Darussalam;652;13782;3;61;0.44260629806994634
2021-11-14;BN;Brunei Darussalam;433;14215;0;61;0.4291241646148435
2021-11-21;BN;Brunei Darussalam;376;14591;0;61;0.4180659310533891
2021-11-28;BN;Brunei Darussalam;445;15036;0;61;0.4056930034583666
2021-12-05;BN;Brunei Darussalam;150;15186;0;61;0.40168576320295013
2021-12-12;BN;Brunei Darussalam;162;15348;0;61;0.39744592129267664
2021-12-19;BN;Brunei Darussalam;54;15402;0;61;0.39605246071938704
2021-12-26;BN;Brunei Darussalam;45;15447;0;61;0.39489868582896354
2022-01-02;BN;Brunei Darussalam;52;15499;1;62;0.4000258081166527
2022-01-09;BN;Brunei Darussalam;135;15634;0;62;0.3965715747729308
2022-01-16;BN;Brunei Darussalam;247;15881;0;62;0.39040362697563125
2022-01-23;BN;Brunei Darussalam;251;16132;0;62;0.38432928341185224
2022-01-30;BN;Brunei Darussalam;281;16413;0;62;0.3777493450313776
2022-02-06;BN;Brunei Darussalam;1371;17784;0;62;0.3486279802069276
2022-02-13;BN;Brunei Darussalam;4731;22515;2;64;0.2842549411503442
2022-02-20;BN;Brunei Darussalam;12464;34979;3;67;0.19154349752708769
2022-02-27;BN;Brunei Darussalam;24468;59447;6;73;0.12279845913166351
2022-03-06;BN;Brunei Darussalam;29402;88849;11;84;0.09454242591362874
2022-03-13;BN;Brunei Darussalam;23244;112093;8;92;0.08207470582462777
2022-03-20;BN;Brunei Darussalam;12623;124716;2;94;0.07537124346515282
2022-03-27;BN;Brunei Darussalam;6687;131403;6;100;0.07610176327785514
2022-04-03;BN;Brunei Darussalam;4571;135974;0;100;0.07354347154603086
2022-04-10;BN;Brunei Darussalam;2556;138530;1;101;0.07290839529343825
2022-04-17;BN;Brunei Darussalam;1493;140023;0;101;0.07213100704884197
2022-04-24;BN;Brunei Darussalam;1096;141119;0;101;0.0715708019472927
2022-05-01;BN;Brunei Darussalam;792;141911;0;101;0.07117136797006574
2022-05-08;BN;Brunei Darussalam;947;142858;0;101;0.07069957580254518
2022-05-15;BN;Brunei Darussalam;1801;144659;0;101;0.06981936830753703
2022-05-22;BN;Brunei Darussalam;1827;146486;0;101;0.0689485684638805
2022-05-29;BN;Brunei Darussalam;1603;148089;0;101;0.06820222974022379
2022-06-05;BN;Brunei Darussalam;2313;150402;0;101;0.06715336232230953
2022-06-12;BN;Brunei Darussalam;2691;153093;0;101;0.06597297067795392
2022-06-19;BN;Brunei Darussalam;3930;157023;0;101;0.06432178725409653
2022-06-26;BN;Brunei Darussalam;0;157023;1;102;0.06495863663284997
2022-07-03;BN;Brunei Darussalam;6504;163527;5;107;0.06543261968971484
2022-07-10;BN;Brunei Darussalam;9610;173137;10;117;0.06757654343092463
2022-07-17;BN;Brunei Darussalam;11858;184995;4;121;0.06540717316684234
2022-07-24;BN;Brunei Darussalam;12420;197415;1;122;0.061798748828609786
2022-07-31;BN;Brunei Darussalam;8745;206160;0;122;0.05917733798991075
2022-08-07;BN;Brunei Darussalam;9123;215283;6;128;0.05945662221355147
2022-08-14;BN;Brunei Darussalam;2976;218259;0;128;0.058645920672228874
2022-08-21;BN;Brunei Darussalam;1986;220245;0;128;0.058117096869395445
2022-08-28;BN;Brunei Darussalam;1454;221699;1;129;0.05818700129454801
2022-09-04;BN;Brunei Darussalam;1360;223059;1;130;0.058280544609273774
2022-09-11;BN;Brunei Darussalam;1551;224610;1;131;0.05832331596990339
2022-09-18;BN;Brunei Darussalam;1627;226237;0;131;0.05790387955993051
2022-09-25;BN;Brunei Darussalam;1519;227756;0;131;0.057517694374681676
2022-10-02;BN;Brunei Darussalam;1909;229665;2;133;0.05791043476367753
2022-10-09;BN;Brunei Darussalam;2168;231833;1;134;0.057800226887457784
2022-10-16;BN;Brunei Darussalam;2749;234582;1;135;0.057549172570785484
2022-10-23;BN;Brunei Darussalam;3074;237656;1;136;0.05722556973103982
2022-10-30;BN;Brunei Darussalam;3388;241044;0;136;0.05642123429747266
2022-11-06;BN;Brunei Darussalam;3555;244599;1;137;0.05601004092412479
2022-11-13;BN;Brunei Darussalam;4262;248861;0;137;0.05505081149718116
2022-11-20;BN;Brunei Darussalam;4545;253406;6;143;0.05643118158212512
2022-11-27;BN;Brunei Darussalam;4515;257921;1;144;0.05583104904214856
2022-12-04;BN;Brunei Darussalam;3519;261440;1;145;0.05546205630354958
2022-12-11;BN;Brunei Darussalam;3050;264490;1;146;0.05520057469091459
2022-12-18;BN;Brunei Darussalam;2329;266819;1;147;0.05509352782223155
2022-12-25;BN;Brunei Darussalam;1796;268615;1;148;0.055097444297600655
2023-01-01;BN;Brunei Darussalam;1584;270199;0;148;0.05477444402088831
2023-01-08;BN;Brunei Darussalam;2447;272646;0;148;0.054282842953866914
2023-01-15;BN;Brunei Darussalam;0;272646;0;148;0.054282842953866914
2023-01-22;BN;Brunei Darussalam;1571;274217;0;148;0.053971854407276
2023-01-29;BN;Brunei Darussalam;1003;275220;0;148;0.05377516168883075
2023-02-05;BN;Brunei Darussalam;847;276067;0;148;0.05361017434173588
2023-02-12;BN;Brunei Darussalam;758;276825;1;149;0.0538246184412535
2023-02-19;BN;Brunei Darussalam;616;277441;1;150;0.054065549071694516
2023-02-26;BN;Brunei Darussalam;551;277992;0;150;0.05395838729172062
2023-03-05;BN;Brunei Darussalam;706;278698;0;150;0.05382169947398259
2023-03-12;BN;Brunei Darussalam;963;279661;0;150;0.05363636688705253
2023-03-19;BN;Brunei Darussalam;1129;280790;1;151;0.05377684390469747
2023-03-26;BN;Brunei Darussalam;1166;281956;2;153;0.05426378583892522
2023-04-02;BN;Brunei Darussalam;1389;283345;0;153;0.05399777656214156
2023-04-09;BN;Brunei Darussalam;1287;284632;0;153;0.05375361870766463
2023-04-16;BN;Brunei Darussalam;1108;285740;2;155;0.05424511793938546
2023-04-23;BN;Brunei Darussalam;1070;286810;0;155;0.05404274606882606
2023-04-30;BN;Brunei Darussalam;1241;288051;2;157;0.05450423709690298
2023-05-07;BN;Brunei Darussalam;4593;292644;3;160;0.05467393830046063
2023-05-14;BN;Brunei Darussalam;6861;299505;0;160;0.05342147877330929
2023-05-21;BN;Brunei Darussalam;4214;303719;1;161;0.05300952525195987
2023-05-28;BN;Brunei Darussalam;2614;306333;0;161;0.05255718450183297
2023-06-04;BN;Brunei Darussalam;1353;307686;0;161;0.052326072684490035
2023-06-11;BN;Brunei Darussalam;1091;308777;0;161;0.05214118927251706
2023-06-18;BN;Brunei Darussalam;338;309115;0;161;0.05208417579218091
2023-06-25;BN;Brunei Darussalam;275;309390;0;161;0.052037880991628684
2023-07-02;BN;Brunei Darussalam;171;309561;1;162;0.05233217362652272
2023-07-09;BN;Brunei Darussalam;252;309813;0;162;0.05228960695645438
2023-07-16;BN;Brunei Darussalam;117;309930;0;162;0.052269867389410515
2023-07-23;BN;Brunei Darussalam;89;310019;1;163;0.05257742267409417
2023-07-30;BN;Brunei Darussalam;87;310106;0;163;0.05256267211856591
2023-08-06;BN;Brunei Darussalam;119;310225;0;163;0.05254250946893384
2023-08-13;BN;Brunei Darussalam;154;310379;0;163;0.05251643957870861
2023-08-20;BN;Brunei Darussalam;0;310379;0;163;0.05251643957870861
2023-08-27;BN;Brunei Darussalam;173;310552;0;163;0.05248718411087354
2023-09-03;BN;Brunei Darussalam;78;310630;0;163;0.05247400444258443
2023-09-10;BN;Brunei Darussalam;146;310776;0;163;0.05244935258835946
2023-09-17;BN;Brunei Darussalam;244;311020;0;163;0.05240820526011189
2023-09-24;BN;Brunei Darussalam;216;311236;0;163;0.05237183359251501
2023-10-01;BN;Brunei Darussalam;213;311449;0;163;0.05233601649066139
2023-10-08;BN;Brunei Darussalam;165;311614;0;163;0.05230830450493239
2023-10-15;BN;Brunei Darussalam;291;311905;0;163;0.052259502091983136
2023-10-22;BN;Brunei Darussalam;289;312194;0;163;0.05221112513373095
2023-10-29;BN;Brunei Darussalam;330;312524;0;163;0.05215599441962857
2023-11-05;BN;Brunei Darussalam;368;312892;0;163;0.052094652467944216
2023-11-12;BN;Brunei Darussalam;488;313380;0;163;0.05201352989980216
2023-11-19;BN;Brunei Darussalam;539;313919;0;163;0.051924222490515065
2023-11-26;BN;Brunei Darussalam;691;314610;0;163;0.0518101776803026
2023-12-03;BN;Brunei Darussalam;1123;315733;1;164;0.0519426224056402
2023-12-10;BN;Brunei Darussalam;1854;317587;2;166;0.05226914199888534
2023-12-17;BN;Brunei Darussalam;3648;321235;2;168;0.05229816178187308
2023-12-24;BN;Brunei Darussalam;5040;326275;2;170;0.05210328710443644
2023-12-31;BN;Brunei Darussalam;4501;330776;1;171;0.05169661644133795
2024-01-07;BN;Brunei Darussalam;3459;334235;5;176;0.05265756129669245
2024-01-14;BN;Brunei Darussalam;4334;338569;1;177;0.05227885600867179
2024-01-21;BN;Brunei Darussalam;2373;340942;1;178;0.05220829349273483
2020-01-05;BG;Bulgaria;0;0;0;0;0.0
2020-01-12;BG;Bulgaria;0;0;0;0;0.0
2020-01-19;BG;Bulgaria;0;0;0;0;0.0
2020-01-26;BG;Bulgaria;0;0;0;0;0.0
2020-02-02;BG;Bulgaria;0;0;0;0;0.0
2020-02-09;BG;Bulgaria;0;0;0;0;0.0
2020-02-16;BG;Bulgaria;0;0;0;0;0.0
2020-02-23;BG;Bulgaria;0;0;0;0;0.0
2020-03-01;BG;Bulgaria;0;0;0;0;0.0
2020-03-08;BG;Bulgaria;4;4;0;0;0.0
2020-03-15;BG;Bulgaria;47;51;2;2;3.9215686274509802
2020-03-22;BG;Bulgaria;134;185;1;3;1.6216216216216217
2020-03-29;BG;Bulgaria;161;346;5;8;2.312138728323699
2020-04-05;BG;Bulgaria;185;531;12;20;3.766478342749529
2020-04-12;BG;Bulgaria;144;675;9;29;4.296296296296296
2020-04-19;BG;Bulgaria;219;894;13;42;4.697986577181208
2020-04-26;BG;Bulgaria;406;1300;14;56;4.3076923076923075
2020-05-03;BG;Bulgaria;318;1618;17;73;4.511742892459827
2020-05-10;BG;Bulgaria;347;1965;18;91;4.631043256997455
2020-05-17;BG;Bulgaria;246;2211;17;108;4.884667571234735
2020-05-24;BG;Bulgaria;216;2427;22;130;5.356407086938607
2020-05-31;BG;Bulgaria;86;2513;10;140;5.571030640668524
2020-06-07;BG;Bulgaria;198;2711;20;160;5.901881224640354
2020-06-14;BG;Bulgaria;555;3266;12;172;5.2663808940600125
2020-06-21;BG;Bulgaria;606;3872;27;199;5.139462809917355
2020-06-28;BG;Bulgaria;753;4625;17;216;4.67027027027027
2020-07-05;BG;Bulgaria;1052;5677;25;241;4.24519992954025
2020-07-12;BG;Bulgaria;1498;7175;26;267;3.7212543554006965
2020-07-19;BG;Bulgaria;1463;8638;32;299;3.461449409585552
2020-07-26;BG;Bulgaria;1674;10312;39;338;3.277734678044996
2020-08-02;BG;Bulgaria;1524;11836;47;385;3.2527881040892193
2020-08-09;BG;Bulgaria;1507;13343;60;445;3.335082065502511
2020-08-16;BG;Bulgaria;990;14333;50;495;3.453568687643899
2020-08-23;BG;Bulgaria;894;15227;50;545;3.5791685821238586
2020-08-30;BG;Bulgaria;937;16164;60;605;3.7428854243999012
2020-09-06;BG;Bulgaria;886;17050;66;671;3.9354838709677415
2020-09-13;BG;Bulgaria;841;17891;46;717;4.007601587390308
2020-09-20;BG;Bulgaria;928;18819;38;755;4.0119028641266805
2020-09-27;BG;Bulgaria;1178;19997;34;789;3.9455918387758167
2020-10-04;BG;Bulgaria;1521;21518;52;841;3.908355795148248
2020-10-11;BG;Bulgaria;2801;24319;50;891;3.663801965541346
2020-10-18;BG;Bulgaria;4789;29108;77;968;3.32554624158307
2020-10-25;BG;Bulgaria;8454;37562;116;1084;2.885895319738033
2020-11-01;BG;Bulgaria;15282;52844;195;1279;2.420331541896904
2020-11-08;BG;Bulgaria;21641;74485;353;1632;2.191045176881251
2020-11-15;BG;Bulgaria;22950;97435;459;2091;2.146046082003387
2020-11-22;BG;Bulgaria;23262;120697;729;2820;2.336429240163384
2020-11-29;BG;Bulgaria;21050;141747;929;3749;2.6448531538586355
2020-12-06;BG;Bulgaria;19097;160844;980;4729;2.940115888687175
2020-12-13;BG;Bulgaria;18108;178952;897;5626;3.143859805981492
2020-12-20;BG;Bulgaria;12077;191029;925;6551;3.429322249501385
2020-12-27;BG;Bulgaria;6355;197384;572;7123;3.6087018198030236
2021-01-03;BG;Bulgaria;5496;202880;521;7644;3.7677444794952684
2021-01-10;BG;Bulgaria;5526;208406;453;8097;3.8852048405516157
2021-01-17;BG;Bulgaria;3330;211736;377;8474;4.002153625269203
2021-01-24;BG;Bulgaria;2960;214696;337;8811;4.103942318440958
2021-01-31;BG;Bulgaria;3922;218618;217;9028;4.129577619409198
2021-02-07;BG;Bulgaria;4934;223552;283;9311;4.165026481534498
2021-02-14;BG;Bulgaria;5964;229516;297;9608;4.186200526324963
2021-02-21;BG;Bulgaria;6923;236439;231;9839;4.1613270230376544
2021-02-28;BG;Bulgaria;10267;246706;328;10167;4.121099608440816
2021-03-07;BG;Bulgaria;13105;259811;426;10593;4.077194576057211
2021-03-14;BG;Bulgaria;18067;277878;641;11234;4.0427813644836945
2021-03-21;BG;Bulgaria;24602;302480;732;11966;3.955964030679714
2021-03-28;BG;Bulgaria;25290;327770;684;12650;3.8594136132043815
2021-04-04;BG;Bulgaria;24489;352259;857;13507;3.8343945789887557
2021-04-11;BG;Bulgaria;19272;371531;844;14351;3.8626655649192125
2021-04-18;BG;Bulgaria;14432;385963;787;15138;3.92213761422727
2021-04-25;BG;Bulgaria;11137;397100;721;15859;3.9937043565852433
2021-05-02;BG;Bulgaria;7746;404846;585;16444;4.061791397222648
2021-05-09;BG;Bulgaria;5115;409961;458;16902;4.122831196138169
2021-05-16;BG;Bulgaria;4080;414041;348;17250;4.166254066626252
2021-05-23;BG;Bulgaria;2524;416565;237;17487;4.19790428864643
2021-05-30;BG;Bulgaria;1656;418221;170;17657;4.221930510423914
2021-06-06;BG;Bulgaria;1205;419426;156;17813;4.246994702283597
2021-06-13;BG;Bulgaria;868;420294;85;17898;4.258447658067924
2021-06-20;BG;Bulgaria;711;421005;91;17989;4.272870868517001
2021-06-27;BG;Bulgaria;510;421515;38;18027;4.276716131098538
2021-07-04;BG;Bulgaria;519;422034;57;18084;4.284962822900525
2021-07-11;BG;Bulgaria;412;422446;56;18140;4.2940399483010845
2021-07-18;BG;Bulgaria;484;422930;29;18169;4.295982786749581
2021-07-25;BG;Bulgaria;699;423629;24;18193;4.2945596264656105
2021-08-01;BG;Bulgaria;1425;425054;20;18213;4.284867334503381
2021-08-08;BG;Bulgaria;2819;427873;39;18252;4.265751753440857
2021-08-15;BG;Bulgaria;5089;432962;87;18339;4.23570659780766
2021-08-22;BG;Bulgaria;7949;440911;128;18467;4.188373617351347
2021-08-29;BG;Bulgaria;10237;451148;238;18705;4.146089531594954
2021-09-05;BG;Bulgaria;10397;461545;378;19083;4.134591426621456
2021-09-12;BG;Bulgaria;9290;470835;386;19469;4.134994212409867
2021-09-19;BG;Bulgaria;10893;481728;516;19985;4.148606682609273
2021-09-26;BG;Bulgaria;10637;492365;464;20449;4.153219664273456
2021-10-03;BG;Bulgaria;13116;505481;546;20995;4.153469665526498
2021-10-10;BG;Bulgaria;14760;520241;621;21616;4.154997395437884
2021-10-17;BG;Bulgaria;19378;539619;615;22231;4.119758570398744
2021-10-24;BG;Bulgaria;28454;568073;802;23033;4.054584534029957
2021-10-31;BG;Bulgaria;32962;601035;885;23918;3.9794687497400316
2021-11-07;BG;Bulgaria;30471;631506;1087;25005;3.9595823317593184
2021-11-14;BG;Bulgaria;23313;654819;1186;26191;3.999731223437316
2021-11-21;BG;Bulgaria;17736;672555;989;27180;4.0413051720677124
2021-11-28;BG;Bulgaria;16073;688628;863;28043;4.072300284043054
2021-12-05;BG;Bulgaria;13826;702454;762;28805;4.100624382521845
2021-12-12;BG;Bulgaria;11702;714156;681;29486;4.128789788225542
2021-12-19;BG;Bulgaria;10181;724337;561;30047;4.148207257119269
2021-12-26;BG;Bulgaria;9545;733882;481;30528;4.159796806571084
2022-01-02;BG;Bulgaria;14302;748184;455;30983;4.141093634720871
2022-01-09;BG;Bulgaria;30517;778701;533;31516;4.04725305348266
2022-01-16;BG;Bulgaria;39528;818229;526;32042;3.9160186207039835
2022-01-23;BG;Bulgaria;59152;877381;594;32636;3.7197067180620507
2022-01-30;BG;Bulgaria;61831;939212;485;33121;3.526466867970171
2022-02-06;BG;Bulgaria;54043;993255;607;33728;3.395704023639448
2022-02-13;BG;Bulgaria;42030;1035285;631;34359;3.318796273489909
2022-02-20;BG;Bulgaria;31128;1066413;639;34998;3.2818429632797046
2022-02-27;BG;Bulgaria;21383;1087796;460;35458;3.2596185314158173
2022-03-06;BG;Bulgaria;13015;1100811;353;35811;3.2531469979860304
2022-03-13;BG;Bulgaria;11365;1112176;273;36084;3.2444505186229518
2022-03-20;BG;Bulgaria;11538;1123714;188;36272;3.2278675890840556
2022-03-27;BG;Bulgaria;9388;1133102;157;36429;3.2149797635164354
2022-04-03;BG;Bulgaria;7351;1140453;136;36565;3.2061821048302734
2022-04-10;BG;Bulgaria;4690;1145143;127;36692;3.2041413168486383
2022-04-17;BG;Bulgaria;4082;1149225;90;36782;3.2005917031042657
2022-04-24;BG;Bulgaria;3667;1152892;67;36849;3.1962230633918876
2022-05-01;BG;Bulgaria;3837;1156729;64;36913;3.191153675580019
2022-05-08;BG;Bulgaria;2421;1159150;53;36966;3.18906094983393
2022-05-15;BG;Bulgaria;2354;1161504;79;37045;3.1893992616469684
2022-05-22;BG;Bulgaria;1813;1163317;45;37090;3.188296913051215
2022-05-29;BG;Bulgaria;1342;1164659;43;37133;3.1883152064252283
2022-06-05;BG;Bulgaria;1148;1165807;30;37163;3.187748915558064
2022-06-12;BG;Bulgaria;1052;1166859;33;37196;3.187703055810513
2022-06-19;BG;Bulgaria;1179;1168038;28;37224;3.1868826185449444
2022-06-26;BG;Bulgaria;1933;1169971;22;37246;3.1834977106270155
2022-07-03;BG;Bulgaria;3123;1173094;11;37257;3.1759603237251235
2022-07-10;BG;Bulgaria;4842;1177936;9;37266;3.1636693334782198
2022-07-17;BG;Bulgaria;6496;1184432;25;37291;3.148428951598741
2022-07-24;BG;Bulgaria;10454;1194886;38;37329;3.1240637182124487
2022-07-31;BG;Bulgaria;11805;1206691;48;37377;3.097478973490314
2022-08-07;BG;Bulgaria;6211;1212902;44;37421;3.085245139343492
2022-08-14;BG;Bulgaria;8910;1221812;55;37476;3.0672476616697164
2022-08-21;BG;Bulgaria;7406;1229218;55;37531;3.0532419798603665
2022-08-28;BG;Bulgaria;0;1229218;0;37531;3.0532419798603665
2022-09-04;BG;Bulgaria;4874;1234092;26;37557;3.04329012747834
2022-09-11;BG;Bulgaria;3480;1237572;35;37592;3.03756064293633
2022-09-18;BG;Bulgaria;3494;1241066;30;37622;3.0314262094038513
2022-09-25;BG;Bulgaria;3422;1244488;21;37643;3.0247780613392816
2022-10-02;BG;Bulgaria;4818;1249306;21;37664;3.0147938135252694
2022-10-09;BG;Bulgaria;4846;1254152;28;37692;3.005377338632
2022-10-16;BG;Bulgaria;5177;1259329;38;37730;2.9960399546107492
2022-10-23;BG;Bulgaria;4377;1263706;37;37767;2.9885907006851276
2022-10-30;BG;Bulgaria;3946;1267652;39;37806;2.9823642450767243
2022-11-06;BG;Bulgaria;2893;1270545;56;37862;2.97998103176196
2022-11-13;BG;Bulgaria;2340;1272885;37;37899;2.977409585312106
2022-11-20;BG;Bulgaria;1702;1274587;44;37943;2.976885846160364
2022-11-27;BG;Bulgaria;1341;1275928;30;37973;2.9761083697512714
2022-12-04;BG;Bulgaria;1114;1277042;22;37995;2.9752349570335195
2022-12-11;BG;Bulgaria;1201;1278243;12;38007;2.973378301308906
2022-12-18;BG;Bulgaria;1287;1279530;20;38027;2.9719506381249365
2022-12-25;BG;Bulgaria;1087;1280617;9;38036;2.970130804135819
2023-01-01;BG;Bulgaria;877;1281494;18;38054;2.9695027834699186
2023-01-08;BG;Bulgaria;1112;1282606;14;38068;2.96801979719415
2023-01-15;BG;Bulgaria;900;1283506;16;38084;2.9671851943037275
2023-01-22;BG;Bulgaria;732;1284238;22;38106;2.967207013030295
2023-01-29;BG;Bulgaria;407;1284645;14;38120;2.9673567405781363
2023-02-05;BG;Bulgaria;330;1284975;10;38130;2.9673729060876672
2023-02-12;BG;Bulgaria;269;1285244;10;38140;2.967529900937098
2023-02-19;BG;Bulgaria;335;1285579;10;38150;2.9675344727939708
2023-02-26;BG;Bulgaria;453;1286032;7;38157;2.9670334797267874
2023-03-05;BG;Bulgaria;395;1286427;8;38165;2.96674432361883
2023-03-12;BG;Bulgaria;627;1287054;12;38177;2.9662314090939463
2023-03-19;BG;Bulgaria;713;1287767;5;38182;2.964977360034851
2023-03-26;BG;Bulgaria;885;1288652;12;38194;2.9638723254998247
2023-04-02;BG;Bulgaria;906;1289558;12;38206;2.962720560067868
2023-04-09;BG;Bulgaria;1015;1290573;16;38222;2.9616302216147403
2023-04-16;BG;Bulgaria;963;1291536;12;38234;2.960351085838877
2023-04-23;BG;Bulgaria;1150;1292686;18;38252;2.95910994626692
2023-04-30;BG;Bulgaria;1024;1293710;21;38273;2.9583909840690725
2023-05-07;BG;Bulgaria;884;1294594;14;38287;2.957452297786024
2023-05-14;BG;Bulgaria;718;1295312;12;38299;2.9567393801647786
2023-05-21;BG;Bulgaria;740;1296052;15;38314;2.9562085471879214
2023-05-28;BG;Bulgaria;589;1296641;10;38324;2.9556369110648206
2023-06-04;BG;Bulgaria;542;1297183;13;38337;2.9554041334183383
2023-06-11;BG;Bulgaria;422;1297605;12;38349;2.955367773706174
2023-06-18;BG;Bulgaria;389;1297994;5;38354;2.9548672798179343
2023-06-25;BG;Bulgaria;276;1298270;12;38366;2.955163409768384
2023-07-02;BG;Bulgaria;205;1298475;5;38371;2.9550819230250873
2023-07-09;BG;Bulgaria;172;1298647;17;38388;2.955999590342872
2023-07-16;BG;Bulgaria;139;1298786;5;38393;2.956068205231655
2023-07-23;BG;Bulgaria;123;1298909;3;38396;2.9560192438423325
2023-07-30;BG;Bulgaria;115;1299024;1;38397;2.9558345342349335
2023-08-06;BG;Bulgaria;177;1299201;0;38397;2.9554318384915037
2023-08-13;BG;Bulgaria;203;1299404;1;38398;2.9550470831242635
2023-08-20;BG;Bulgaria;221;1299625;2;38400;2.9546984707127057
2023-08-27;BG;Bulgaria;305;1299930;3;38403;2.954235997322933
2023-09-03;BG;Bulgaria;356;1300286;3;38406;2.9536578875724264
2023-09-10;BG;Bulgaria;434;1300720;4;38410;2.9529798880619964
2023-09-17;BG;Bulgaria;620;1301340;3;38413;2.951803525596693
2023-09-24;BG;Bulgaria;848;1302188;1;38414;2.9499580705704553
2023-10-01;BG;Bulgaria;1593;1303781;6;38420;2.946813920436024
2023-10-08;BG;Bulgaria;1698;1305479;12;38432;2.943900284876279
2023-10-15;BG;Bulgaria;2209;1307688;24;38456;2.9407626283945403
2023-10-22;BG;Bulgaria;2137;1309825;16;38472;2.93718626534079
2023-10-29;BG;Bulgaria;2277;1312102;22;38494;2.9337658200353327
2023-11-05;BG;Bulgaria;1864;1313966;22;38516;2.9312782826952906
2023-11-12;BG;Bulgaria;1357;1315323;24;38540;2.930078771526081
2023-11-19;BG;Bulgaria;1148;1316471;19;38559;2.928966912298106
2023-11-26;BG;Bulgaria;1102;1317573;12;38571;2.9274279299894577
2023-12-03;BG;Bulgaria;1089;1318662;17;38588;2.926299536954883
2023-12-10;BG;Bulgaria;1128;1319790;16;38604;2.9250107971722774
2023-12-17;BG;Bulgaria;1330;1321120;9;38613;2.922747365871382
2023-12-24;BG;Bulgaria;1334;1322454;6;38619;2.9202528027439896
2023-12-31;BG;Bulgaria;1124;1323578;11;38630;2.918603965916629
2024-01-07;BG;Bulgaria;1489;1325067;20;38650;2.9168336393555947
2024-01-14;BG;Bulgaria;1077;1326144;10;38660;2.9152188600936246
2024-01-21;BG;Bulgaria;856;1327000;11;38671;2.9141672946495856
2020-01-05;BF;Burkina Faso;0;0;0;0;0.0
2020-01-12;BF;Burkina Faso;0;0;0;0;0.0
2020-01-19;BF;Burkina Faso;0;0;0;0;0.0
2020-01-26;BF;Burkina Faso;0;0;0;0;0.0
2020-02-02;BF;Burkina Faso;0;0;0;0;0.0
2020-02-09;BF;Burkina Faso;0;0;0;0;0.0
2020-02-16;BF;Burkina Faso;0;0;0;0;0.0
2020-02-23;BF;Burkina Faso;0;0;0;0;0.0
2020-03-01;BF;Burkina Faso;0;0;0;0;0.0
2020-03-08;BF;Burkina Faso;0;0;0;0;0.0
2020-03-15;BF;Burkina Faso;7;7;0;0;0.0
2020-03-22;BF;Burkina Faso;68;75;6;6;8.0
2020-03-29;BF;Burkina Faso;147;222;9;15;6.756756756756757
2020-04-05;BF;Burkina Faso;142;364;2;17;4.670329670329671
2020-04-12;BF;Burkina Faso;120;484;1;18;3.71900826446281
2020-04-19;BF;Burkina Faso;92;576;18;36;6.25
2020-04-26;BF;Burkina Faso;56;632;6;42;6.645569620253164
2020-05-03;BF;Burkina Faso;20;652;3;45;6.901840490797547
2020-05-10;BF;Burkina Faso;96;748;3;48;6.417112299465241
2020-05-17;BF;Burkina Faso;34;782;3;51;6.521739130434782
2020-05-24;BF;Burkina Faso;59;841;1;52;6.183115338882283
2020-05-31;BF;Burkina Faso;14;855;1;53;6.1988304093567255
2020-06-07;BF;Burkina Faso;34;889;0;53;5.961754780652419
2020-06-14;BF;Burkina Faso;5;894;0;53;5.9284116331096195
2020-06-21;BF;Burkina Faso;7;901;0;53;5.88235294117647
2020-06-28;BF;Burkina Faso;58;959;0;53;5.526590198123045
2020-07-05;BF;Burkina Faso;41;1000;0;53;5.3
2020-07-12;BF;Burkina Faso;36;1036;0;53;5.115830115830116
2020-07-19;BF;Burkina Faso;29;1065;0;53;4.976525821596244
2020-07-26;BF;Burkina Faso;35;1100;0;53;4.818181818181818
2020-08-02;BF;Burkina Faso;50;1150;0;53;4.608695652173913
2020-08-09;BF;Burkina Faso;54;1204;1;54;4.485049833887043
2020-08-16;BF;Burkina Faso;63;1267;1;55;4.3409629044988165
2020-08-23;BF;Burkina Faso;61;1328;0;55;4.141566265060241
2020-08-30;BF;Burkina Faso;40;1368;0;55;4.02046783625731
2020-09-06;BF;Burkina Faso;84;1452;0;55;3.787878787878788
2020-09-13;BF;Burkina Faso;255;1707;1;56;3.2806092560046864
2020-09-20;BF;Burkina Faso;139;1846;0;56;3.0335861321776814
2020-09-27;BF;Burkina Faso;162;2008;0;56;2.788844621513944
2020-10-04;BF;Burkina Faso;159;2167;3;59;2.722658052607291
2020-10-11;BF;Burkina Faso;113;2280;4;63;2.763157894736842
2020-10-18;BF;Burkina Faso;101;2381;2;65;2.729945401091978
2020-10-25;BF;Burkina Faso;70;2451;0;65;2.6519787841697267
2020-11-01;BF;Burkina Faso;57;2508;2;67;2.671451355661882
2020-11-08;BF;Burkina Faso;61;2569;0;67;2.6080186843129622
2020-11-15;BF;Burkina Faso;72;2641;1;68;2.5747822794396065
2020-11-22;BF;Burkina Faso;94;2735;0;68;2.486288848263254
2020-11-29;BF;Burkina Faso;121;2856;0;68;2.380952380952381
2020-12-06;BF;Burkina Faso;356;3212;0;68;2.1170610211706102
2020-12-13;BF;Burkina Faso;818;4030;3;71;1.7617866004962779
2020-12-20;BF;Burkina Faso;1130;5160;5;76;1.4728682170542635
2020-12-27;BF;Burkina Faso;1184;6344;2;78;1.2295081967213115
2021-01-03;BF;Burkina Faso;707;7051;8;86;1.2196851510424054
2021-01-10;BF;Burkina Faso;1031;8082;3;89;1.101212571145756
2021-01-17;BF;Burkina Faso;1106;9188;13;102;1.110143665650849
2021-01-24;BF;Burkina Faso;850;10038;10;112;1.1157601115760112
2021-01-31;BF;Burkina Faso;644;10682;8;120;1.1233851338700618
2021-02-07;BF;Burkina Faso;603;11285;14;134;1.1874169251218432
2021-02-14;BF;Burkina Faso;329;11614;4;138;1.188221112450491
2021-02-21;BF;Burkina Faso;183;11797;1;139;1.1782656607612105
2021-02-28;BF;Burkina Faso;227;12024;3;142;1.1809713905522288
2021-03-07;BF;Burkina Faso;157;12181;1;143;1.1739594450373532
2021-03-14;BF;Burkina Faso;191;12372;1;144;1.1639185257032008
2021-03-21;BF;Burkina Faso;163;12535;1;145;1.156761069006781
2021-03-28;BF;Burkina Faso;157;12692;0;145;1.1424519382288054
2021-04-04;BF;Burkina Faso;125;12817;5;150;1.1703206678629945
2021-04-11;BF;Burkina Faso;162;12979;2;152;1.1711225826334848
2021-04-18;BF;Burkina Faso;150;13129;2;154;1.1729758549775307
2021-04-25;BF;Burkina Faso;134;13263;2;156;1.1762044786247454
2021-05-02;BF;Burkina Faso;61;13324;1;157;1.1783248273791653
2021-05-09;BF;Burkina Faso;55;13379;5;162;1.2108528290604679
2021-05-16;BF;Burkina Faso;18;13397;2;164;1.2241546614913787
2021-05-23;BF;Burkina Faso;18;13415;1;165;1.2299664554603056
2021-05-30;BF;Burkina Faso;16;13431;1;166;1.235946690492145
2021-06-06;BF;Burkina Faso;22;13453;1;167;1.24135880472757
2021-06-13;BF;Burkina Faso;6;13459;0;167;1.2408054090199867
2021-06-20;BF;Burkina Faso;10;13469;0;167;1.239884178483926
2021-06-27;BF;Burkina Faso;9;13478;1;168;1.2464757382400948
2021-07-04;BF;Burkina Faso;16;13494;0;168;1.2449977767896843
2021-07-11;BF;Burkina Faso;23;13517;0;168;1.2428793371310203
2021-07-18;BF;Burkina Faso;19;13536;1;169;1.2485224586288417
2021-07-25;BF;Burkina Faso;7;13543;0;169;1.2478771320977626
2021-08-01;BF;Burkina Faso;45;13588;0;169;1.2437444804239033
2021-08-08;BF;Burkina Faso;37;13625;0;169;1.2403669724770643
2021-08-15;BF;Burkina Faso;52;13677;1;170;1.2429626380054106
2021-08-22;BF;Burkina Faso;38;13715;1;171;1.2468100619759388
2021-08-29;BF;Burkina Faso;47;13762;0;171;1.2425519546577533
2021-09-05;BF;Burkina Faso;89;13851;0;171;1.2345679012345678
2021-09-12;BF;Burkina Faso;99;13950;0;171;1.2258064516129032
2021-09-19;BF;Burkina Faso;102;14052;1;172;1.224025049814973
2021-09-26;BF;Burkina Faso;131;14183;9;181;1.2761757033067758
2021-10-03;BF;Burkina Faso;158;14341;6;187;1.3039536991841574
2021-10-10;BF;Burkina Faso;175;14516;8;195;1.343345274180215
2021-10-17;BF;Burkina Faso;236;14752;8;203;1.3760845986984815
2021-10-24;BF;Burkina Faso;41;14793;11;214;1.446630162914892
2021-10-31;BF;Burkina Faso;108;14901;2;216;1.4495671431447554
2021-11-07;BF;Burkina Faso;202;15103;5;221;1.4632854399788122
2021-11-14;BF;Burkina Faso;178;15281;13;234;1.5313133957201752
2021-11-21;BF;Burkina Faso;233;15514;31;265;1.7081345881139618
2021-11-28;BF;Burkina Faso;197;15711;16;281;1.788555788937687
2021-12-05;BF;Burkina Faso;289;16000;5;286;1.7874999999999999
2021-12-12;BF;Burkina Faso;334;16334;4;290;1.7754377372352148
2021-12-19;BF;Burkina Faso;338;16672;6;296;1.7754318618042226
2021-12-26;BF;Burkina Faso;368;17040;21;317;1.8603286384976527
2022-01-02;BF;Burkina Faso;592;17632;1;318;1.8035390199637025
2022-01-09;BF;Burkina Faso;2004;19636;15;333;1.6958647382358933
2022-01-16;BF;Burkina Faso;613;20249;6;339;1.6741567484814066
2022-01-23;BF;Burkina Faso;265;20514;14;353;1.7207760553768159
2022-01-30;BF;Burkina Faso;110;20624;13;366;1.774631497284717
2022-02-06;BF;Burkina Faso;59;20683;6;372;1.798578542764589
2022-02-13;BF;Burkina Faso;38;20721;3;375;1.809758216302302
2022-02-20;BF;Burkina Faso;30;20751;0;375;1.807141824490386
2022-02-27;BF;Burkina Faso;0;20751;0;375;1.807141824490386
2022-03-06;BF;Burkina Faso;40;20791;3;378;1.8180943677552786
2022-03-13;BF;Burkina Faso;15;20806;1;379;1.8215899259828896
2022-03-20;BF;Burkina Faso;7;20813;0;379;1.8209772738192476
2022-03-27;BF;Burkina Faso;0;20813;0;379;1.8209772738192476
2022-04-03;BF;Burkina Faso;45;20858;3;382;1.8314315850033558
2022-04-10;BF;Burkina Faso;7;20865;1;383;1.8356098729930506
2022-04-17;BF;Burkina Faso;0;20865;0;383;1.8356098729930506
2022-04-24;BF;Burkina Faso;0;20865;0;383;1.8356098729930506
2022-05-01;BF;Burkina Faso;20;20885;1;384;1.8386401723725163
2022-05-08;BF;Burkina Faso;14;20899;0;384;1.8374084884444233
2022-05-15;BF;Burkina Faso;0;20899;0;384;1.8374084884444233
2022-05-22;BF;Burkina Faso;0;20899;0;384;1.8374084884444233
2022-05-29;BF;Burkina Faso;0;20899;0;384;1.8374084884444233
2022-06-05;BF;Burkina Faso;0;20899;0;384;1.8374084884444233
2022-06-12;BF;Burkina Faso;0;20899;0;384;1.8374084884444233
2022-06-19;BF;Burkina Faso;145;21044;3;387;1.839003991636571
2022-06-26;BF;Burkina Faso;0;21044;0;387;1.839003991636571
2022-07-03;BF;Burkina Faso;84;21128;0;387;1.8316925407042786
2022-07-10;BF;Burkina Faso;0;21128;0;387;1.8316925407042786
2022-07-17;BF;Burkina Faso;0;21128;0;387;1.8316925407042786
2022-07-24;BF;Burkina Faso;0;21128;0;387;1.8316925407042786
2022-07-31;BF;Burkina Faso;0;21128;0;387;1.8316925407042786
2022-08-07;BF;Burkina Faso;0;21128;0;387;1.8316925407042786
2022-08-14;BF;Burkina Faso;0;21128;0;387;1.8316925407042786
2022-08-21;BF;Burkina Faso;0;21128;0;387;1.8316925407042786
2022-08-28;BF;Burkina Faso;0;21128;0;387;1.8316925407042786
2022-09-04;BF;Burkina Faso;0;21128;0;387;1.8316925407042786
2022-09-11;BF;Burkina Faso;351;21479;0;387;1.8017598584664092
2022-09-18;BF;Burkina Faso;83;21562;0;387;1.794824227808181
2022-09-25;BF;Burkina Faso;69;21631;0;387;1.7890989783181543
2022-10-02;BF;Burkina Faso;0;21631;0;387;1.7890989783181543
2022-10-09;BF;Burkina Faso;0;21631;0;387;1.7890989783181543
2022-10-16;BF;Burkina Faso;0;21631;0;387;1.7890989783181543
2022-10-23;BF;Burkina Faso;0;21631;0;387;1.7890989783181543
2022-10-30;BF;Burkina Faso;0;21631;0;387;1.7890989783181543
2022-11-06;BF;Burkina Faso;0;21631;0;387;1.7890989783181543
2022-11-13;BF;Burkina Faso;0;21631;0;387;1.7890989783181543
2022-11-20;BF;Burkina Faso;0;21631;0;387;1.7890989783181543
2022-11-27;BF;Burkina Faso;0;21631;0;387;1.7890989783181543
2022-12-04;BF;Burkina Faso;0;21631;0;387;1.7890989783181543
2022-12-11;BF;Burkina Faso;375;22006;8;395;1.794965009542852
2022-12-18;BF;Burkina Faso;0;22006;0;395;1.794965009542852
2022-12-25;BF;Burkina Faso;0;22006;0;395;1.794965009542852
2023-01-01;BF;Burkina Faso;17;22023;0;395;1.7935794396767017
2023-01-08;BF;Burkina Faso;2;22025;1;396;1.7979568671963677
2023-01-15;BF;Burkina Faso;6;22031;0;396;1.7974672053016203
2023-01-22;BF;Burkina Faso;3;22034;0;396;1.7972224743578107
2023-01-29;BF;Burkina Faso;6;22040;0;396;1.7967332123411976
2023-02-05;BF;Burkina Faso;7;22047;0;396;1.7961627432303715
2023-02-12;BF;Burkina Faso;9;22056;0;396;1.7954298150163224
2023-02-19;BF;Burkina Faso;0;22056;0;396;1.7954298150163224
2023-02-26;BF;Burkina Faso;0;22056;0;396;1.7954298150163224
2023-03-05;BF;Burkina Faso;0;22056;0;396;1.7954298150163224
2023-03-12;BF;Burkina Faso;0;22056;0;396;1.7954298150163224
2023-03-19;BF;Burkina Faso;0;22056;0;396;1.7954298150163224
2023-03-26;BF;Burkina Faso;0;22056;0;396;1.7954298150163224
2023-04-02;BF;Burkina Faso;0;22056;0;396;1.7954298150163224
2023-04-09;BF;Burkina Faso;0;22056;0;396;1.7954298150163224
2023-04-16;BF;Burkina Faso;0;22056;0;396;1.7954298150163224
2023-04-23;BF;Burkina Faso;0;22056;0;396;1.7954298150163224
2023-04-30;BF;Burkina Faso;0;22056;0;396;1.7954298150163224
2023-05-07;BF;Burkina Faso;0;22056;0;396;1.7954298150163224
2023-05-14;BF;Burkina Faso;0;22056;0;396;1.7954298150163224
2023-05-21;BF;Burkina Faso;0;22056;0;396;1.7954298150163224
2023-05-28;BF;Burkina Faso;0;22056;0;396;1.7954298150163224
2023-06-04;BF;Burkina Faso;0;22056;0;396;1.7954298150163224
2023-06-11;BF;Burkina Faso;0;22056;0;396;1.7954298150163224
2023-06-18;BF;Burkina Faso;0;22056;0;396;1.7954298150163224
2023-06-25;BF;Burkina Faso;0;22056;0;396;1.7954298150163224
2023-07-02;BF;Burkina Faso;0;22056;0;396;1.7954298150163224
2023-07-09;BF;Burkina Faso;0;22056;0;396;1.7954298150163224
2023-07-16;BF;Burkina Faso;0;22056;0;396;1.7954298150163224
2023-07-23;BF;Burkina Faso;0;22056;0;396;1.7954298150163224
2023-07-30;BF;Burkina Faso;0;22056;0;396;1.7954298150163224
2023-08-06;BF;Burkina Faso;0;22056;0;396;1.7954298150163224
2023-08-13;BF;Burkina Faso;0;22056;0;396;1.7954298150163224
2023-08-20;BF;Burkina Faso;0;22056;0;396;1.7954298150163224
2023-08-27;BF;Burkina Faso;0;22056;0;396;1.7954298150163224
2023-09-03;BF;Burkina Faso;0;22056;0;396;1.7954298150163224
2023-09-10;BF;Burkina Faso;0;22056;0;396;1.7954298150163224
2023-09-17;BF;Burkina Faso;0;22056;0;396;1.7954298150163224
2023-09-24;BF;Burkina Faso;0;22056;0;396;1.7954298150163224
2023-10-01;BF;Burkina Faso;0;22056;0;396;1.7954298150163224
2023-10-08;BF;Burkina Faso;2;22058;0;396;1.7952670233022032
2023-10-15;BF;Burkina Faso;3;22061;0;396;1.7950228910747472
2023-10-22;BF;Burkina Faso;4;22065;0;396;1.794697484704283
2023-10-29;BF;Burkina Faso;2;22067;0;396;1.794534825757919
2023-11-05;BF;Burkina Faso;6;22073;0;396;1.7940470257780998
2023-11-12;BF;Burkina Faso;8;22081;0;396;1.7933970381776188
2023-11-19;BF;Burkina Faso;17;22098;2;398;1.8010679699520318
2023-11-26;BF;Burkina Faso;7;22105;1;399;1.8050214883510516
2023-12-03;BF;Burkina Faso;1;22106;0;399;1.804939835338822
2023-12-10;BF;Burkina Faso;1;22107;1;400;1.8093816438232233
2023-12-17;BF;Burkina Faso;2;22109;0;400;1.8092179655343976
2023-12-24;BF;Burkina Faso;0;22109;0;400;1.8092179655343976
2023-12-31;BF;Burkina Faso;0;22109;0;400;1.8092179655343976
2024-01-07;BF;Burkina Faso;0;22109;0;400;1.8092179655343976
2024-01-14;BF;Burkina Faso;0;22109;0;400;1.8092179655343976
2024-01-21;BF;Burkina Faso;0;22109;0;400;1.8092179655343976
2020-01-05;BI;Burundi;0;0;0;0;0.0
2020-01-12;BI;Burundi;0;0;0;0;0.0
2020-01-19;BI;Burundi;0;0;0;0;0.0
2020-01-26;BI;Burundi;0;0;0;0;0.0
2020-02-02;BI;Burundi;0;0;0;0;0.0
2020-02-09;BI;Burundi;0;0;0;0;0.0
2020-02-16;BI;Burundi;0;0;0;0;0.0
2020-02-23;BI;Burundi;0;0;0;0;0.0
2020-03-01;BI;Burundi;0;0;0;0;0.0
2020-03-08;BI;Burundi;0;0;0;0;0.0
2020-03-15;BI;Burundi;0;0;0;0;0.0
2020-03-22;BI;Burundi;0;0;0;0;0.0
2020-03-29;BI;Burundi;0;0;0;0;0.0
2020-04-05;BI;Burundi;3;3;0;0;0.0
2020-04-12;BI;Burundi;2;5;0;0;0.0
2020-04-26;BI;Burundi;10;15;0;1;6.666666666666667
2020-05-03;BI;Burundi;4;19;0;1;5.263157894736842
2020-05-10;BI;Burundi;8;27;0;1;3.7037037037037033
2020-05-17;BI;Burundi;15;42;0;1;2.380952380952381
2020-05-24;BI;Burundi;0;42;0;1;2.380952380952381
2020-05-31;BI;Burundi;21;63;0;1;1.5873015873015872
2020-06-07;BI;Burundi;20;83;0;1;1.2048192771084338
2020-06-14;BI;Burundi;11;94;0;1;1.0638297872340425
2020-06-21;BI;Burundi;50;144;0;1;0.6944444444444444
2020-06-28;BI;Burundi;26;170;0;1;0.5882352941176471
2020-07-05;BI;Burundi;21;191;0;1;0.5235602094240838
2020-07-12;BI;Burundi;66;257;0;1;0.38910505836575876
2020-07-19;BI;Burundi;65;322;0;1;0.3105590062111801
2020-07-26;BI;Burundi;23;345;0;1;0.2898550724637681
2020-08-02;BI;Burundi;42;387;0;1;0.2583979328165375
2020-08-09;BI;Burundi;18;405;0;1;0.24691358024691357
2020-08-16;BI;Burundi;8;413;0;1;0.24213075060532688
2020-08-23;BI;Burundi;17;430;0;1;0.23255813953488372
2020-08-30;BI;Burundi;15;445;0;1;0.22471910112359553
2020-09-06;BI;Burundi;17;462;0;1;0.21645021645021645
2020-09-13;BI;Burundi;10;472;0;1;0.211864406779661
2020-09-20;BI;Burundi;1;473;0;1;0.21141649048625794
2020-09-27;BI;Burundi;11;484;0;1;0.2066115702479339
2020-10-04;BI;Burundi;29;513;0;1;0.1949317738791423
2020-10-11;BI;Burundi;12;525;0;1;0.19047619047619047
2020-10-18;BI;Burundi;17;542;0;1;0.18450184501845018
2020-10-25;BI;Burundi;14;556;0;1;0.1798561151079137
2020-11-01;BI;Burundi;33;589;0;1;0.1697792869269949
2020-11-08;BI;Burundi;25;614;0;1;0.16286644951140067
2020-11-15;BI;Burundi;14;628;0;1;0.15923566878980894
2020-11-22;BI;Burundi;34;662;0;1;0.1510574018126888
2020-11-29;BI;Burundi;26;688;0;1;0.14534883720930233
2020-12-06;BI;Burundi;6;694;0;1;0.1440922190201729
2020-12-13;BI;Burundi;35;729;0;1;0.1371742112482853
2020-12-20;BI;Burundi;32;761;1;2;0.2628120893561104
2020-12-27;BI;Burundi;48;809;0;2;0.2472187886279357
2021-01-03;BI;Burundi;24;833;0;2;0.24009603841536614
2021-01-10;BI;Burundi;153;986;0;2;0.2028397565922921
2021-01-17;BI;Burundi;250;1236;0;2;0.16181229773462785
2021-01-24;BI;Burundi;236;1472;0;2;0.1358695652173913
2021-01-31;BI;Burundi;163;1635;0;2;0.12232415902140673
2021-02-07;BI;Burundi;93;1728;1;3;0.1736111111111111
2021-02-14;BI;Burundi;121;1849;0;3;0.16224986479177933
2021-02-21;BI;Burundi;185;2034;0;3;0.14749262536873156
2021-02-28;BI;Burundi;183;2217;0;3;0.13531799729364005
2021-03-07;BI;Burundi;117;2334;0;3;0.12853470437017994
2021-03-14;BI;Burundi;147;2481;0;3;0.12091898428053204
2021-03-21;BI;Burundi;137;2618;3;6;0.2291825821237586
2021-03-28;BI;Burundi;149;2767;0;6;0.21684134441633537
2021-04-04;BI;Burundi;197;2964;0;6;0.20242914979757085
2021-04-11;BI;Burundi;223;3187;0;6;0.1882648258550361
2021-04-18;BI;Burundi;444;3631;0;6;0.16524373450839988
2021-04-25;BI;Burundi;243;3874;0;6;0.15487867836861124
2021-05-02;BI;Burundi;172;4046;0;6;0.14829461196243204
2021-05-09;BI;Burundi;154;4200;0;6;0.14285714285714285
2021-05-16;BI;Burundi;147;4347;0;6;0.13802622498274672
2021-05-23;BI;Burundi;199;4546;0;6;0.13198416190057194
2021-05-30;BI;Burundi;244;4790;0;6;0.12526096033402923
2021-06-06;BI;Burundi;135;4925;2;8;0.16243654822335024
2021-06-13;BI;Burundi;101;5026;0;8;0.15917230401910068
2021-06-20;BI;Burundi;216;5242;0;8;0.15261350629530715
2021-06-27;BI;Burundi;181;5423;0;8;0.14751982297621244
2021-07-04;BI;Burundi;98;5521;0;8;0.14490128599891325
2021-07-11;BI;Burundi;165;5686;0;8;0.14069644741470277
2021-07-18;BI;Burundi;208;5894;0;8;0.1357312521208008
2021-07-25;BI;Burundi;679;6573;0;8;0.12171002586338049
2021-08-01;BI;Burundi;932;7505;1;9;0.11992005329780146
2021-08-08;BI;Burundi;1295;8800;1;10;0.11363636363636363
2021-08-15;BI;Burundi;1303;10103;0;10;0.09898050084133425
2021-08-22;BI;Burundi;1230;11333;0;10;0.08823788934968677
2021-08-29;BI;Burundi;1196;12529;0;10;0.07981482959533881
2021-09-05;BI;Burundi;1047;13576;2;12;0.0883912787271656
2021-09-12;BI;Burundi;1801;15377;0;12;0.0780386291214151
2021-09-19;BI;Burundi;1355;16732;2;14;0.08367200573750896
2021-09-26;BI;Burundi;773;17505;0;14;0.07997714938588975
2021-10-03;BI;Burundi;1095;18600;0;14;0.07526881720430108
2021-10-10;BI;Burundi;657;19257;0;14;0.07270083605961468
2021-10-17;BI;Burundi;473;19730;0;14;0.07095793208312215
2021-10-24;BI;Burundi;215;19945;0;14;0.0701930308347957
2021-10-31;BI;Burundi;142;20087;0;14;0.06969681883805447
2021-11-07;BI;Burundi;78;20165;0;14;0.06942722539052815
2021-11-14;BI;Burundi;111;20276;0;14;0.06904714933912014
2021-11-21;BI;Burundi;62;20338;0;14;0.06883666043858787
2021-11-28;BI;Burundi;64;20402;0;14;0.06862072345848445
2021-12-05;BI;Burundi;89;20491;0;14;0.06832267824898736
2021-12-12;BI;Burundi;355;20846;0;14;0.0671591672263264
2021-12-19;BI;Burundi;1793;22639;0;14;0.06184018728742435
2021-12-26;BI;Burundi;4360;26999;0;14;0.051853772361939325
2022-01-02;BI;Burundi;5077;32076;0;14;0.04364633994263624
2022-01-09;BI;Burundi;3424;35500;0;14;0.039436619718309855
2022-01-16;BI;Burundi;1236;36736;0;14;0.038109756097560975
2022-01-23;BI;Burundi;306;37042;0;14;0.03779493547864586
2022-01-30;BI;Burundi;337;37379;0;14;0.03745418550523021
2022-02-06;BI;Burundi;377;37756;1;15;0.03972878482890137
2022-02-13;BI;Burundi;146;37902;0;15;0.03957574798163686
2022-02-20;BI;Burundi;109;38011;0;15;0.03946226092446923
2022-02-27;BI;Burundi;91;38102;0;15;0.03936801217783843
2022-03-06;BI;Burundi;107;38209;0;15;0.03925776649480489
2022-03-13;BI;Burundi;65;38274;0;15;0.039191095783038095
2022-03-20;BI;Burundi;98;38372;0;15;0.03909100385697905
2022-03-27;BI;Burundi;91;38463;0;15;0.03899851805631386
2022-04-03;BI;Burundi;125;38588;0;15;0.03887218824505028
2022-04-10;BI;Burundi;110;38698;0;15;0.03876169311075508
2022-04-17;BI;Burundi;103;38801;0;15;0.03865879745367387
2022-04-24;BI;Burundi;343;39144;0;15;0.03832004904966278
2022-05-01;BI;Burundi;1253;40397;0;15;0.03713147015867515
2022-05-08;BI;Burundi;676;41073;0;15;0.03652034183039953
2022-05-15;BI;Burundi;268;41341;0;15;0.03628359255944462
2022-05-22;BI;Burundi;509;41850;0;15;0.035842293906810034
2022-05-29;BI;Burundi;184;42034;0;15;0.035685397535328546
2022-06-05;BI;Burundi;171;42205;0;15;0.035540812699917074
2022-06-12;BI;Burundi;125;42330;0;15;0.03543586109142452
2022-06-19;BI;Burundi;142;42472;0;15;0.035317385571670745
2022-06-26;BI;Burundi;121;42593;0;15;0.03521705444556617
2022-07-03;BI;Burundi;201;42794;0;15;0.035051642753657054
2022-07-10;BI;Burundi;169;42963;0;15;0.03491376300537672
2022-07-17;BI;Burundi;451;43414;0;15;0.0345510664762519
2022-07-24;BI;Burundi;1023;44437;0;15;0.033755654072057065
2022-07-31;BI;Burundi;1714;46151;0;15;0.03250200429026456
2022-08-07;BI;Burundi;1096;47247;0;15;0.031748047495079056
2022-08-14;BI;Burundi;755;48002;0;15;0.03124869797091788
2022-08-21;BI;Burundi;973;48975;0;15;0.030627871362940276
2022-08-28;BI;Burundi;283;49258;0;15;0.030451906289333714
2022-09-04;BI;Burundi;112;49370;0;15;0.030382823577071096
2022-09-11;BI;Burundi;229;49599;0;15;0.030242545212605096
2022-09-18;BI;Burundi;427;50026;0;15;0.029984408107783956
2022-09-25;BI;Burundi;103;50129;0;15;0.02992279917812045
2022-10-02;BI;Burundi;96;50225;0;15;0.029865604778496768
2022-10-09;BI;Burundi;0;50225;0;15;0.029865604778496768
2022-10-16;BI;Burundi;147;50372;0;15;0.02977844834431827
2022-10-23;BI;Burundi;80;50452;0;15;0.029731229683659717
2022-10-30;BI;Burundi;18;50470;0;15;0.029720626114523477
2022-11-06;BI;Burundi;47;50517;0;15;0.029692974642199655
2022-11-13;BI;Burundi;122;50639;0;15;0.029621438022077846
2022-11-20;BI;Burundi;139;50778;0;15;0.02954035212099728
2022-11-27;BI;Burundi;240;51018;0;15;0.029401387745501585
2022-12-04;BI;Burundi;258;51276;0;15;0.029253451907325062
2022-12-11;BI;Burundi;205;51481;0;15;0.02913696315145393
2022-12-18;BI;Burundi;241;51722;0;15;0.0290011987162136
2022-12-25;BI;Burundi;329;52051;0;15;0.028817890146202764
2023-01-01;BI;Burundi;111;52162;0;15;0.028756566082588857
2023-01-08;BI;Burundi;218;52380;0;15;0.028636884306987402
2023-01-15;BI;Burundi;49;52429;0;15;0.02861012035323962
2023-01-22;BI;Burundi;0;52429;0;15;0.02861012035323962
2023-01-29;BI;Burundi;1063;53492;0;15;0.02804157631047633
2023-02-05;BI;Burundi;82;53574;0;15;0.027998656064508902
2023-02-12;BI;Burundi;35;53609;0;15;0.027980376429330895
2023-02-19;BI;Burundi;0;53609;0;15;0.027980376429330895
2023-02-26;BI;Burundi;37;53646;0;15;0.02796107817917459
2023-03-05;BI;Burundi;15;53661;0;15;0.027953262145692406
2023-03-12;BI;Burundi;0;53661;0;15;0.027953262145692406
2023-03-19;BI;Burundi;13;53674;0;15;0.027946491783731417
2023-03-26;BI;Burundi;12;53686;0;15;0.027940245129083933
2023-04-02;BI;Burundi;20;53706;0;15;0.02792984024131382
2023-04-09;BI;Burundi;13;53719;0;15;0.02792308121893557
2023-04-16;BI;Burundi;7;53726;0;15;0.02791944310017496
2023-04-23;BI;Burundi;0;53726;0;15;0.02791944310017496
2023-04-30;BI;Burundi;5;53731;0;15;0.027916845024287654
2023-05-07;BI;Burundi;9;53740;0;15;0.02791216970599181
2023-05-14;BI;Burundi;9;53749;0;15;0.02790749595341309
2023-05-21;BI;Burundi;13;53762;0;15;0.027900747740039436
2023-05-28;BI;Burundi;0;53762;0;15;0.027900747740039436
2023-06-04;BI;Burundi;74;53836;0;15;0.027862396909131434
2023-06-11;BI;Burundi;118;53954;0;15;0.02780146050339178
2023-06-18;BI;Burundi;82;54036;0;15;0.027759271596713302
2023-06-25;BI;Burundi;106;54142;0;15;0.027704924088508
2023-07-02;BI;Burundi;16;54158;0;15;0.027696739170574986
2023-07-09;BI;Burundi;163;54321;0;15;0.027613630087811345
2023-07-16;BI;Burundi;-105;54216;0;15;0.02766710934041611
2023-07-23;BI;Burundi;13;54229;0;15;0.02766047686662118
2023-07-30;BI;Burundi;5;54234;0;15;0.027657926761809934
2023-08-06;BI;Burundi;4;54238;0;15;0.027655887016482906
2023-08-13;BI;Burundi;1;54239;0;15;0.027655377127159424
2023-08-20;BI;Burundi;0;54239;0;15;0.027655377127159424
2023-08-27;BI;Burundi;0;54239;0;15;0.027655377127159424
2023-09-03;BI;Burundi;2;54241;0;15;0.027654357404915102
2023-09-10;BI;Burundi;125;54366;0;15;0.027590773645293016
2023-09-17;BI;Burundi;0;54366;0;15;0.027590773645293016
2023-09-24;BI;Burundi;0;54366;0;15;0.027590773645293016
2023-10-01;BI;Burundi;0;54366;0;15;0.027590773645293016
2023-10-08;BI;Burundi;0;54366;0;15;0.027590773645293016
2023-10-15;BI;Burundi;0;54366;0;15;0.027590773645293016
2023-10-22;BI;Burundi;0;54366;0;15;0.027590773645293016
2023-10-29;BI;Burundi;0;54366;0;15;0.027590773645293016
2023-11-05;BI;Burundi;1;54367;0;15;0.027590266154100835
2023-11-12;BI;Burundi;1;54368;0;15;0.027589758681577398
2023-11-19;BI;Burundi;0;54368;0;15;0.027589758681577398
2023-11-26;BI;Burundi;14;54382;0;15;0.027582656025890922
2023-12-03;BI;Burundi;12;54394;0;15;0.02757657094532485
2023-12-10;BI;Burundi;25;54419;0;15;0.0275639023135302
2023-12-17;BI;Burundi;32;54451;0;15;0.027547703439789902
2023-12-24;BI;Burundi;4;54455;0;15;0.027545679919199338
2023-12-31;BI;Burundi;6;54461;0;15;0.027542645195644592
2024-01-07;BI;Burundi;0;54461;0;15;0.027542645195644592
2024-01-14;BI;Burundi;0;54461;0;15;0.027542645195644592
2024-01-21;BI;Burundi;0;54461;0;15;0.027542645195644592
2020-01-05;CV;Cabo Verde;0;0;0;0;0.0
2020-01-12;CV;Cabo Verde;0;0;0;0;0.0
2020-01-19;CV;Cabo Verde;0;0;0;0;0.0
2020-01-26;CV;Cabo Verde;0;0;0;0;0.0
2020-02-02;CV;Cabo Verde;0;0;0;0;0.0
2020-02-09;CV;Cabo Verde;0;0;0;0;0.0
2020-02-16;CV;Cabo Verde;0;0;0;0;0.0
2020-02-23;CV;Cabo Verde;0;0;0;0;0.0
2020-03-01;CV;Cabo Verde;0;0;0;0;0.0
2020-03-08;CV;Cabo Verde;0;0;0;0;0.0
2020-03-15;CV;Cabo Verde;0;0;0;0;0.0
2020-03-22;CV;Cabo Verde;3;3;0;0;0.0
2020-03-29;CV;Cabo Verde;2;5;0;0;0.0
2020-04-05;CV;Cabo Verde;0;5;0;0;0.0
2020-04-12;CV;Cabo Verde;2;7;0;0;0.0
2020-04-19;CV;Cabo Verde;48;55;0;0;0.0
2020-04-26;CV;Cabo Verde;35;90;0;0;0.0
2020-05-03;CV;Cabo Verde;62;152;2;2;1.3157894736842104
2020-05-10;CV;Cabo Verde;84;236;0;2;0.847457627118644
2020-05-17;CV;Cabo Verde;92;328;1;3;0.9146341463414633
2020-05-24;CV;Cabo Verde;43;371;0;3;0.8086253369272237
2020-05-31;CV;Cabo Verde;50;421;1;4;0.9501187648456058
2020-06-07;CV;Cabo Verde;121;542;1;5;0.9225092250922509
2020-06-14;CV;Cabo Verde;184;726;1;6;0.8264462809917356
2020-06-21;CV;Cabo Verde;137;863;2;8;0.9269988412514484
2020-06-28;CV;Cabo Verde;228;1091;4;12;1.0999083409715857
2020-07-05;CV;Cabo Verde;329;1420;4;16;1.1267605633802817
2020-07-12;CV;Cabo Verde;203;1623;3;19;1.1706715958102278
2020-07-19;CV;Cabo Verde;391;2014;2;21;1.0427010923535254
2020-07-26;CV;Cabo Verde;244;2258;1;22;0.9743135518157661
2020-08-02;CV;Cabo Verde;222;2480;2;24;0.967741935483871
2020-08-09;CV;Cabo Verde;355;2835;8;32;1.1287477954144622
2020-08-16;CV;Cabo Verde;328;3163;2;34;1.0749288650015807
2020-08-23;CV;Cabo Verde;292;3455;3;37;1.0709117221418234
2020-08-30;CV;Cabo Verde;323;3778;2;39;1.0322922181048173
2020-09-06;CV;Cabo Verde;497;4275;3;42;0.9824561403508772
2020-09-13;CV;Cabo Verde;436;4711;2;44;0.9339842920823604
2020-09-20;CV;Cabo Verde;475;5186;6;50;0.9641342074816814
2020-09-27;CV;Cabo Verde;515;5701;6;56;0.9822838098579197
2020-10-04;CV;Cabo Verde;595;6296;6;62;0.9847522236340533
2020-10-11;CV;Cabo Verde;617;6913;12;74;1.0704469839432953
2020-10-18;CV;Cabo Verde;725;7638;11;85;1.1128567687876407
2020-10-25;CV;Cabo Verde;684;8322;9;94;1.1295361691900985
2020-11-01;CV;Cabo Verde;471;8793;1;95;1.0804048675082452
2020-11-08;CV;Cabo Verde;498;9291;5;100;1.0763104079216446
2020-11-15;CV;Cabo Verde;489;9780;2;102;1.0429447852760736
2020-11-22;CV;Cabo Verde;454;10234;2;104;1.0162204416650382
2020-11-29;CV;Cabo Verde;466;10700;0;104;0.9719626168224299
2020-12-06;CV;Cabo Verde;336;11036;1;105;0.9514316781442551
2020-12-13;CV;Cabo Verde;266;11302;5;110;0.973279065652097
2020-12-20;CV;Cabo Verde;265;11567;1;111;0.9596265237313045
2020-12-27;CV;Cabo Verde;131;11698;1;112;0.9574286202769703
2021-01-03;CV;Cabo Verde;185;11883;1;113;0.9509383152402592
2021-01-10;CV;Cabo Verde;433;12316;1;114;0.9256252029879831
2021-01-17;CV;Cabo Verde;585;12901;5;119;0.9224091155724362
2021-01-24;CV;Cabo Verde;513;13414;5;124;0.924407335619502
2021-01-31;CV;Cabo Verde;567;13981;9;133;0.9512910378370647
2021-02-07;CV;Cabo Verde;399;14380;2;135;0.9388038942976357
2021-02-14;CV;Cabo Verde;320;14700;4;139;0.945578231292517
2021-02-21;CV;Cabo Verde;299;14999;4;143;0.9533968931262083
2021-02-28;CV;Cabo Verde;325;15324;4;147;0.9592795614722005
2021-03-07;CV;Cabo Verde;400;15724;5;152;0.9666751462732129
2021-03-14;CV;Cabo Verde;311;16035;4;156;0.9728718428437793
2021-03-21;CV;Cabo Verde;405;16440;3;159;0.9671532846715328
2021-03-28;CV;Cabo Verde;578;17018;6;165;0.9695616406158186
2021-04-04;CV;Cabo Verde;803;17821;6;171;0.9595421132371921
2021-04-11;CV;Cabo Verde;1015;18836;10;181;0.9609258866001275
2021-04-18;CV;Cabo Verde;1418;20254;9;190;0.9380863039399625
2021-04-25;CV;Cabo Verde;1840;22094;11;201;0.9097492531909116
2021-05-02;CV;Cabo Verde;2033;24127;19;220;0.9118415053674308
2021-05-09;CV;Cabo Verde;1984;26111;12;232;0.8885144192102946
2021-05-16;CV;Cabo Verde;1840;27951;14;246;0.8801116239132769
2021-05-23;CV;Cabo Verde;1247;29198;10;256;0.8767723816699774
2021-05-30;CV;Cabo Verde;1075;30273;7;263;0.8687609420936148
2021-06-06;CV;Cabo Verde;730;31003;4;267;0.8612069799696803
2021-06-13;CV;Cabo Verde;568;31571;6;273;0.8647176206011846
2021-06-20;CV;Cabo Verde;393;31964;8;281;0.8791140032536603
2021-06-27;CV;Cabo Verde;380;32344;5;286;0.8842443729903537
2021-07-04;CV;Cabo Verde;361;32705;1;287;0.8775416602965908
2021-07-11;CV;Cabo Verde;264;32969;2;289;0.8765810306651702
2021-07-18;CV;Cabo Verde;301;33270;6;295;0.8866847009317703
2021-07-25;CV;Cabo Verde;271;33541;2;297;0.8854834381801377
2021-08-01;CV;Cabo Verde;250;33791;1;298;0.8818916279482703
2021-08-08;CV;Cabo Verde;219;34010;0;298;0.876212878565128
2021-08-15;CV;Cabo Verde;334;34344;1;299;0.8706033077102259
2021-08-22;CV;Cabo Verde;342;34686;3;302;0.8706682811508967
2021-08-29;CV;Cabo Verde;461;35147;6;308;0.876319458275244
2021-09-05;CV;Cabo Verde;709;35856;7;315;0.8785140562248996
2021-09-12;CV;Cabo Verde;663;36519;5;320;0.8762561954051316
2021-09-19;CV;Cabo Verde;533;37052;9;329;0.8879412717262227
2021-09-26;CV;Cabo Verde;348;37400;5;334;0.893048128342246
2021-10-03;CV;Cabo Verde;235;37635;6;340;0.9034143749169656
2021-10-10;CV;Cabo Verde;235;37870;6;346;0.9136519672564035
2021-10-17;CV;Cabo Verde;165;38035;1;347;0.9123176022084922
2021-10-24;CV;Cabo Verde;95;38130;2;349;0.9152897980592709
2021-10-31;CV;Cabo Verde;77;38207;0;349;0.9134451802025807
2021-11-07;CV;Cabo Verde;46;38253;0;349;0.9123467440462185
2021-11-14;CV;Cabo Verde;40;38293;0;349;0.9113937273130859
2021-11-21;CV;Cabo Verde;31;38324;0;349;0.910656507671433
2021-11-28;CV;Cabo Verde;34;38358;0;349;0.9098493143542417
2021-12-05;CV;Cabo Verde;81;38439;2;351;0.9131350971669397
2021-12-12;CV;Cabo Verde;57;38496;0;351;0.9117830423940149
2021-12-19;CV;Cabo Verde;77;38573;1;352;0.9125554144090426
2021-12-26;CV;Cabo Verde;440;39013;0;352;0.902263348114731
2022-01-02;CV;Cabo Verde;3450;42463;1;353;0.8313119657113252
2022-01-09;CV;Cabo Verde;7387;49850;10;363;0.728184553660983
2022-01-16;CV;Cabo Verde;4137;53987;13;376;0.6964639635467798
2022-01-23;CV;Cabo Verde;1269;55256;11;387;0.7003764297089909
2022-01-30;CV;Cabo Verde;402;55658;8;395;0.7096913291889755
2022-02-06;CV;Cabo Verde;114;55772;1;396;0.7100337086710177
2022-02-13;CV;Cabo Verde;70;55842;4;400;0.716306722538591
2022-02-20;CV;Cabo Verde;18;55860;0;400;0.7160759040458289
2022-02-27;CV;Cabo Verde;22;55882;1;401;0.7175834794746072
2022-03-06;CV;Cabo Verde;13;55895;0;401;0.7174165846676804
2022-03-13;CV;Cabo Verde;11;55906;0;401;0.7172754266089507
2022-03-20;CV;Cabo Verde;19;55925;0;401;0.7170317389360751
2022-03-27;CV;Cabo Verde;23;55948;0;401;0.7167369700436119
2022-04-03;CV;Cabo Verde;12;55960;0;401;0.7165832737669764
2022-04-10;CV;Cabo Verde;12;55972;0;401;0.7164296433931252
2022-04-17;CV;Cabo Verde;18;55990;0;401;0.7161993213073763
2022-04-24;CV;Cabo Verde;14;56004;0;401;0.7160202842654095
2022-05-01;CV;Cabo Verde;21;56025;0;401;0.715751896474788
2022-05-08;CV;Cabo Verde;40;56065;0;401;0.7152412378489253
2022-05-15;CV;Cabo Verde;50;56115;0;401;0.7146039383409071
2022-05-22;CV;Cabo Verde;57;56172;0;401;0.7138788008260343
2022-05-29;CV;Cabo Verde;118;56290;0;401;0.7123823059157932
2022-06-05;CV;Cabo Verde;266;56556;1;402;0.7107999151283684
2022-06-12;CV;Cabo Verde;540;57096;0;402;0.7040773434216058
2022-06-19;CV;Cabo Verde;1080;58176;0;402;0.691006600660066
2022-06-26;CV;Cabo Verde;1357;59533;1;403;0.6769354811617087
2022-07-03;CV;Cabo Verde;1469;61002;2;405;0.6639126586013573
2022-07-10;CV;Cabo Verde;621;61623;4;409;0.6637132239585869
2022-07-17;CV;Cabo Verde;299;61922;0;409;0.660508381512225
2022-07-24;CV;Cabo Verde;150;62072;0;409;0.6589122309575977
2022-07-31;CV;Cabo Verde;87;62159;1;410;0.6595987708939977
2022-08-07;CV;Cabo Verde;48;62207;0;410;0.6590898130435482
2022-08-14;CV;Cabo Verde;46;62253;0;410;0.6586027982587185
2022-08-21;CV;Cabo Verde;35;62288;0;410;0.6582327254045723
2022-08-28;CV;Cabo Verde;22;62310;0;410;0.6580003209757663
2022-09-04;CV;Cabo Verde;18;62328;0;410;0.6578102939288923
2022-09-11;CV;Cabo Verde;13;62341;0;410;0.6576731204183442
2022-09-18;CV;Cabo Verde;11;62352;0;410;0.657557095201437
2022-09-25;CV;Cabo Verde;7;62359;0;410;0.6574832822848345
2022-10-02;CV;Cabo Verde;17;62376;0;410;0.6573040913171733
2022-10-09;CV;Cabo Verde;13;62389;0;410;0.6571671288207858
2022-10-16;CV;Cabo Verde;8;62397;0;410;0.6570828725740019
2022-10-23;CV;Cabo Verde;0;62397;0;410;0.6570828725740019
2022-10-30;CV;Cabo Verde;0;62397;0;410;0.6570828725740019
2022-11-06;CV;Cabo Verde;164;62561;0;410;0.6553603682805582
2022-11-13;CV;Cabo Verde;119;62680;0;410;0.6541161455009573
2022-11-20;CV;Cabo Verde;139;62819;1;411;0.6542606536239036
2022-11-27;CV;Cabo Verde;150;62969;1;412;0.654290206291985
2022-12-04;CV;Cabo Verde;111;63080;0;412;0.653138871274572
2022-12-11;CV;Cabo Verde;49;63129;0;412;0.6526319124332716
2022-12-18;CV;Cabo Verde;35;63164;0;412;0.6522702805395478
2022-12-25;CV;Cabo Verde;26;63190;0;412;0.6520018990346573
2023-01-01;CV;Cabo Verde;10;63200;0;412;0.6518987341772152
2023-01-08;CV;Cabo Verde;7;63207;0;412;0.6518265381998829
2023-01-15;CV;Cabo Verde;14;63221;0;412;0.6516821942076209
2023-01-22;CV;Cabo Verde;3;63224;0;412;0.6516512716689865
2023-01-29;CV;Cabo Verde;3;63227;1;413;0.6532019548610561
2023-02-05;CV;Cabo Verde;2;63229;0;413;0.6531812933938541
2023-02-12;CV;Cabo Verde;6;63235;0;413;0.6531193168340318
2023-02-19;CV;Cabo Verde;4;63239;0;413;0.6530780056610637
2023-02-26;CV;Cabo Verde;2;63241;0;413;0.6530573520342815
2023-03-05;CV;Cabo Verde;4;63245;0;413;0.6530160486995019
2023-03-12;CV;Cabo Verde;0;63245;0;413;0.6530160486995019
2023-03-19;CV;Cabo Verde;7;63252;0;413;0.6529437804338203
2023-03-26;CV;Cabo Verde;5;63257;0;413;0.6528921700365178
2023-04-02;CV;Cabo Verde;3;63260;0;413;0.6528612077141954
2023-04-09;CV;Cabo Verde;18;63278;0;413;0.6526754954328519
2023-04-16;CV;Cabo Verde;3;63281;0;413;0.652644553657496
2023-04-23;CV;Cabo Verde;72;63353;0;413;0.6519028301737881
2023-04-30;CV;Cabo Verde;114;63467;0;413;0.6507318764082121
2023-05-07;CV;Cabo Verde;146;63613;0;413;0.6492383632276422
2023-05-14;CV;Cabo Verde;128;63741;1;414;0.6495034593119029
2023-05-21;CV;Cabo Verde;106;63847;0;414;0.6484251413535483
2023-05-28;CV;Cabo Verde;64;63911;0;414;0.6477758132402872
2023-06-04;CV;Cabo Verde;43;63954;0;414;0.647340275823248
2023-06-11;CV;Cabo Verde;24;63978;0;414;0.6470974397449123
2023-06-18;CV;Cabo Verde;7;63985;0;414;0.6470266468703603
2023-06-25;CV;Cabo Verde;45;64030;0;414;0.6465719194127753
2023-07-02;CV;Cabo Verde;50;64080;0;414;0.646067415730337
2023-07-09;CV;Cabo Verde;45;64125;0;414;0.6456140350877193
2023-07-16;CV;Cabo Verde;36;64161;0;414;0.645251788469631
2023-07-23;CV;Cabo Verde;11;64172;0;414;0.6451411830704981
2023-07-30;CV;Cabo Verde;10;64182;0;414;0.6450406656071795
2023-08-06;CV;Cabo Verde;7;64189;0;414;0.6449703220177911
2023-08-13;CV;Cabo Verde;37;64226;0;414;0.6445987606265375
2023-08-20;CV;Cabo Verde;12;64238;1;415;0.6460350571312931
2023-08-27;CV;Cabo Verde;34;64272;0;415;0.6456933034602937
2023-09-03;CV;Cabo Verde;34;64306;0;415;0.645351911174696
2023-09-10;CV;Cabo Verde;49;64355;0;415;0.6448605391966437
2023-09-17;CV;Cabo Verde;49;64404;0;415;0.6443699149121173
2023-09-24;CV;Cabo Verde;26;64430;0;415;0.6441098866987428
2023-10-01;CV;Cabo Verde;21;64451;2;417;0.6470031496796016
2023-10-08;CV;Cabo Verde;5;64456;0;417;0.646952960158868
2023-10-15;CV;Cabo Verde;14;64470;0;417;0.6468124709167055
2023-10-22;CV;Cabo Verde;1;64471;0;417;0.6468024383055947
2023-10-29;CV;Cabo Verde;3;64474;0;417;0.6467723423395477
2023-11-05;CV;Cabo Verde;0;64474;0;417;0.6467723423395477
2023-11-12;CV;Cabo Verde;0;64474;0;417;0.6467723423395477
2023-11-19;CV;Cabo Verde;0;64474;0;417;0.6467723423395477
2023-11-26;CV;Cabo Verde;0;64474;0;417;0.6467723423395477
2023-12-03;CV;Cabo Verde;0;64474;0;417;0.6467723423395477
2023-12-10;CV;Cabo Verde;0;64474;0;417;0.6467723423395477
2023-12-17;CV;Cabo Verde;0;64474;0;417;0.6467723423395477
2023-12-24;CV;Cabo Verde;0;64474;0;417;0.6467723423395477
2023-12-31;CV;Cabo Verde;0;64474;0;417;0.6467723423395477
2024-01-07;CV;Cabo Verde;0;64474;0;417;0.6467723423395477
2024-01-14;CV;Cabo Verde;0;64474;0;417;0.6467723423395477
2024-01-21;CV;Cabo Verde;0;64474;0;417;0.6467723423395477
2020-01-05;KH;Cambodia;0;0;0;0;0.0
2020-01-12;KH;Cambodia;0;0;0;0;0.0
2020-01-19;KH;Cambodia;0;0;0;0;0.0
2020-01-26;KH;Cambodia;0;0;0;0;0.0
2020-02-02;KH;Cambodia;1;1;0;0;0.0
2020-02-09;KH;Cambodia;0;1;0;0;0.0
2020-02-16;KH;Cambodia;0;1;0;0;0.0
2020-02-23;KH;Cambodia;0;1;0;0;0.0
2020-03-01;KH;Cambodia;0;1;0;0;0.0
2020-03-08;KH;Cambodia;1;2;0;0;0.0
2020-03-15;KH;Cambodia;5;7;0;0;0.0
2020-03-22;KH;Cambodia;46;53;0;0;0.0
2020-03-29;KH;Cambodia;49;102;0;0;0.0
2020-04-05;KH;Cambodia;12;114;0;0;0.0
2020-04-12;KH;Cambodia;8;122;0;0;0.0
2020-04-19;KH;Cambodia;0;122;0;0;0.0
2020-04-26;KH;Cambodia;0;122;0;0;0.0
2020-05-03;KH;Cambodia;0;122;0;0;0.0
2020-05-10;KH;Cambodia;0;122;0;0;0.0
2020-05-17;KH;Cambodia;0;122;0;0;0.0
2020-05-24;KH;Cambodia;2;124;0;0;0.0
2020-05-31;KH;Cambodia;1;125;0;0;0.0
2020-06-07;KH;Cambodia;1;126;0;0;0.0
2020-06-14;KH;Cambodia;0;126;0;0;0.0
2020-06-21;KH;Cambodia;3;129;0;0;0.0
2020-06-28;KH;Cambodia;10;139;0;0;0.0
2020-07-05;KH;Cambodia;2;141;0;0;0.0
2020-07-12;KH;Cambodia;15;156;0;0;0.0
2020-07-19;KH;Cambodia;15;171;0;0;0.0
2020-07-26;KH;Cambodia;54;225;0;0;0.0
2020-08-02;KH;Cambodia;15;240;0;0;0.0
2020-08-09;KH;Cambodia;8;248;0;0;0.0
2020-08-16;KH;Cambodia;25;273;0;0;0.0
2020-08-23;KH;Cambodia;0;273;0;0;0.0
2020-08-30;KH;Cambodia;0;273;0;0;0.0
2020-09-06;KH;Cambodia;1;274;0;0;0.0
2020-09-13;KH;Cambodia;1;275;0;0;0.0
2020-09-20;KH;Cambodia;0;275;0;0;0.0
2020-09-27;KH;Cambodia;1;276;0;0;0.0
2020-10-04;KH;Cambodia;2;278;0;0;0.0
2020-10-11;KH;Cambodia;5;283;0;0;0.0
2020-10-18;KH;Cambodia;0;283;0;0;0.0
2020-10-25;KH;Cambodia;4;287;0;0;0.0
2020-11-01;KH;Cambodia;4;291;0;0;0.0
2020-11-08;KH;Cambodia;4;295;0;0;0.0
2020-11-15;KH;Cambodia;7;302;0;0;0.0
2020-11-22;KH;Cambodia;4;306;0;0;0.0
2020-11-29;KH;Cambodia;9;315;0;0;0.0
2020-12-06;KH;Cambodia;31;346;0;0;0.0
2020-12-13;KH;Cambodia;13;359;0;0;0.0
2020-12-20;KH;Cambodia;3;362;0;0;0.0
2020-12-27;KH;Cambodia;2;364;0;0;0.0
2021-01-03;KH;Cambodia;18;382;0;0;0.0
2021-01-10;KH;Cambodia;10;392;0;0;0.0
2021-01-17;KH;Cambodia;47;439;0;0;0.0
2021-01-24;KH;Cambodia;19;458;0;0;0.0
2021-01-31;KH;Cambodia;8;466;0;0;0.0
2021-02-07;KH;Cambodia;8;474;0;0;0.0
2021-02-14;KH;Cambodia;5;479;0;0;0.0
2021-02-21;KH;Cambodia;89;568;0;0;0.0
2021-02-28;KH;Cambodia;252;820;0;0;0.0
2021-03-07;KH;Cambodia;191;1011;0;0;0.0
2021-03-14;KH;Cambodia;314;1325;1;1;0.07547169811320754
2021-03-21;KH;Cambodia;428;1753;2;3;0.17113519680547634
2021-03-28;KH;Cambodia;520;2273;7;10;0.43994720633523976
2021-04-04;KH;Cambodia;479;2752;9;19;0.690406976744186
2021-04-11;KH;Cambodia;1763;4515;10;29;0.6423034330011074
2021-04-18;KH;Cambodia;2498;7013;14;43;0.6131470126907173
2021-04-25;KH;Cambodia;3542;10555;31;74;0.7010895310279488
2021-05-02;KH;Cambodia;4806;15361;32;106;0.690059240934835
2021-05-09;KH;Cambodia;4382;19743;20;126;0.6382008813250265
2021-05-16;KH;Cambodia;2801;22544;28;154;0.6831085876508162
2021-05-23;KH;Cambodia;3217;25761;25;179;0.6948488024533209
2021-05-30;KH;Cambodia;4333;30094;35;214;0.7111052036950888
2021-06-06;KH;Cambodia;4150;34244;49;263;0.7680177549351711
2021-06-13;KH;Cambodia;4183;38427;72;335;0.8717828610091862
2021-06-20;KH;Cambodia;4284;42711;96;431;1.0091077240055255
2021-06-27;KH;Cambodia;4938;47649;109;540;1.1332871623748662
2021-07-04;KH;Cambodia;6642;54291;180;720;1.3261866607725037
2021-07-11;KH;Cambodia;6668;60959;182;902;1.4796830656670878
2021-07-18;KH;Cambodia;6222;67181;204;1106;1.646298804721573
2021-07-25;KH;Cambodia;5742;72923;177;1283;1.7593900415506767
2021-08-01;KH;Cambodia;4991;77914;137;1420;1.8225222681417974
2021-08-08;KH;Cambodia;3977;81891;142;1562;1.907413513084466
2021-08-15;KH;Cambodia;3557;85448;121;1683;1.9696189495365601
2021-08-22;KH;Cambodia;3783;89231;109;1792;2.008270668265513
2021-08-29;KH;Cambodia;2977;92208;89;1881;2.039953149401353
2021-09-05;KH;Cambodia;3092;95300;76;1957;2.0535152151101785
2021-09-12;KH;Cambodia;4204;99504;83;2040;2.050168837433671
2021-09-19;KH;Cambodia;4590;104094;69;2109;2.026053374834284
2021-09-26;KH;Cambodia;4993;109087;134;2243;2.0561570122929402
2021-10-03;KH;Cambodia;4169;113256;140;2383;2.104082785900968
2021-10-10;KH;Cambodia;1554;114810;123;2506;2.1827366954098077
2021-10-17;KH;Cambodia;1855;116665;152;2658;2.278318261689453
2021-10-24;KH;Cambodia;1107;117772;76;2734;2.321434636416126
2021-10-31;KH;Cambodia;750;118522;54;2788;2.352305901014158
2021-11-07;KH;Cambodia;570;119092;41;2829;2.375474423135055
2021-11-14;KH;Cambodia;444;119536;38;2867;2.398440637130237
2021-11-21;KH;Cambodia;331;119867;33;2900;2.4193481108228285
2021-11-28;KH;Cambodia;220;120087;31;2931;2.4407304704089534
2021-12-05;KH;Cambodia;169;120256;29;2960;2.461415646620543
2021-12-12;KH;Cambodia;99;120355;25;2985;2.4801628515641228
2021-12-19;KH;Cambodia;61;120416;20;3005;2.4955155461068297
2021-12-26;KH;Cambodia;33;120449;3;3008;2.497322518244236
2022-01-02;KH;Cambodia;61;120510;5;3013;2.5002074516637625
2022-01-09;KH;Cambodia;111;120621;2;3015;2.499564752406297
2022-01-16;KH;Cambodia;175;120796;0;3015;2.4959435742905396
2022-01-23;KH;Cambodia;230;121026;0;3015;2.491200237965396
2022-01-30;KH;Cambodia;273;121299;0;3015;2.4855934508940716
2022-02-06;KH;Cambodia;474;121773;0;3015;2.47591830701387
2022-02-13;KH;Cambodia;1670;123443;0;3015;2.442422818628841
2022-02-20;KH;Cambodia;3046;126489;2;3017;2.385187644775435
2022-02-27;KH;Cambodia;3431;129920;15;3032;2.333743842364532
2022-03-06;KH;Cambodia;2482;132402;9;3041;2.2967930998021178
2022-03-13;KH;Cambodia;1666;134068;6;3047;2.272727272727273
2022-03-20;KH;Cambodia;918;134986;4;3051;2.2602343946779664
2022-03-27;KH;Cambodia;475;135461;3;3054;2.2545234421715477
2022-04-03;KH;Cambodia;286;135747;0;3054;2.2497734756569203
2022-04-10;KH;Cambodia;200;135947;1;3055;2.2471992761885144
2022-04-17;KH;Cambodia;113;136060;0;3055;2.2453329413494045
2022-04-24;KH;Cambodia;156;136216;1;3056;2.2434956245962296
2022-05-01;KH;Cambodia;36;136252;0;3056;2.2429028564718316
2022-05-08;KH;Cambodia;10;136262;0;3056;2.2427382542454977
2022-05-15;KH;Cambodia;0;136262;0;3056;2.2427382542454977
2022-05-22;KH;Cambodia;0;136262;0;3056;2.2427382542454977
2022-05-29;KH;Cambodia;0;136262;0;3056;2.2427382542454977
2022-06-05;KH;Cambodia;0;136262;0;3056;2.2427382542454977
2022-06-12;KH;Cambodia;0;136262;0;3056;2.2427382542454977
2022-06-19;KH;Cambodia;0;136262;0;3056;2.2427382542454977
2022-06-26;KH;Cambodia;0;136262;0;3056;2.2427382542454977
2022-07-03;KH;Cambodia;28;136290;0;3056;2.2422774965147845
2022-07-10;KH;Cambodia;53;136343;0;3056;2.2414058660877347
2022-07-17;KH;Cambodia;94;136437;0;3056;2.239861621114507
2022-07-24;KH;Cambodia;128;136565;0;3056;2.237762237762238
2022-07-31;KH;Cambodia;188;136753;0;3056;2.234685893545297
2022-08-07;KH;Cambodia;224;136977;0;3056;2.23103148703797
2022-08-14;KH;Cambodia;230;137207;0;3056;2.2272916104863456
2022-08-21;KH;Cambodia;187;137394;0;3056;2.224260156920972
2022-08-28;KH;Cambodia;144;137538;0;3056;2.2219313935057947
2022-09-04;KH;Cambodia;112;137650;0;3056;2.22012350163458
2022-09-11;KH;Cambodia;55;137705;0;3056;2.2192367742638246
2022-09-18;KH;Cambodia;50;137755;0;3056;2.218431272912054
2022-09-25;KH;Cambodia;78;137833;0;3056;2.2171758577408895
2022-10-02;KH;Cambodia;48;137881;0;3056;2.2164040005512
2022-10-09;KH;Cambodia;40;137921;0;3056;2.2157611966270547
2022-10-16;KH;Cambodia;42;137963;0;3056;2.2150866536680125
2022-10-23;KH;Cambodia;16;137979;0;3056;2.214829792939505
2022-10-30;KH;Cambodia;6;137985;0;3056;2.214733485523789
2022-11-06;KH;Cambodia;11;137996;0;3056;2.214556943679527
2022-11-13;KH;Cambodia;0;137996;0;3056;2.214556943679527
2022-11-20;KH;Cambodia;28;138024;0;3056;2.2141076914159856
2022-11-27;KH;Cambodia;35;138059;0;3056;2.2135463823437806
2022-12-04;KH;Cambodia;72;138131;0;3056;2.2123925838515612
2022-12-11;KH;Cambodia;107;138238;0;3056;2.210680131367641
2022-12-18;KH;Cambodia;141;138379;0;3056;2.2084275793292334
2022-12-25;KH;Cambodia;116;138495;0;3056;2.206577854796202
2023-01-01;KH;Cambodia;89;138584;0;3056;2.205160768919933
2023-01-08;KH;Cambodia;38;138622;0;3056;2.204556275338691
2023-01-15;KH;Cambodia;37;138659;0;3056;2.2039680078465875
2023-01-22;KH;Cambodia;17;138676;0;3056;2.2036978280308057
2023-01-29;KH;Cambodia;9;138685;0;3056;2.203554818473519
2023-02-05;KH;Cambodia;12;138697;0;3056;2.203364167934418
2023-02-12;KH;Cambodia;6;138703;0;3056;2.2032688550355797
2023-02-19;KH;Cambodia;3;138706;0;3056;2.20322120167837
2023-02-26;KH;Cambodia;8;138714;0;3056;2.203094136136223
2023-03-05;KH;Cambodia;5;138719;0;3056;2.203014727614818
2023-03-12;KH;Cambodia;0;138719;0;3056;2.203014727614818
2023-03-19;KH;Cambodia;2;138721;0;3056;2.20298296580907
2023-03-26;KH;Cambodia;2;138723;0;3056;2.2029512049191555
2023-04-02;KH;Cambodia;2;138725;0;3056;2.202919444945035
2023-04-09;KH;Cambodia;1;138726;0;3056;2.2029035653013853
2023-04-16;KH;Cambodia;0;138726;0;3056;2.2029035653013853
2023-04-23;KH;Cambodia;5;138731;0;3056;2.2028241705170437
2023-04-30;KH;Cambodia;2;138733;0;3056;2.2027924142057045
2023-05-07;KH;Cambodia;2;138735;0;3056;2.2027606588099617
2023-05-14;KH;Cambodia;1;138736;0;3056;2.202744781455426
2023-05-21;KH;Cambodia;3;138739;0;3056;2.2026971507651054
2023-05-28;KH;Cambodia;28;138767;0;3056;2.202252696966858
2023-06-04;KH;Cambodia;36;138803;0;3056;2.2016815198518764
2023-06-11;KH;Cambodia;39;138842;0;3056;2.201063078895435
2023-06-18;KH;Cambodia;40;138882;0;3056;2.2004291412854076
2023-06-25;KH;Cambodia;13;138895;0;3056;2.2002231901796323
2023-07-02;KH;Cambodia;23;138918;0;3056;2.1998589095725536
2023-07-09;KH;Cambodia;13;138931;0;3056;2.1996530651906343
2023-07-16;KH;Cambodia;4;138935;0;3056;2.199589736207579
2023-07-23;KH;Cambodia;2;138937;0;3056;2.199558073083484
2023-07-30;KH;Cambodia;0;138937;0;3056;2.199558073083484
2023-08-06;KH;Cambodia;3;138940;0;3056;2.1995105801065207
2023-08-13;KH;Cambodia;0;138940;0;3056;2.1995105801065207
2023-08-20;KH;Cambodia;0;138940;0;3056;2.1995105801065207
2023-08-27;KH;Cambodia;0;138940;0;3056;2.1995105801065207
2023-09-03;KH;Cambodia;0;138940;0;3056;2.1995105801065207
2023-09-10;KH;Cambodia;0;138940;0;3056;2.1995105801065207
2023-09-17;KH;Cambodia;1;138941;0;3056;2.1994947495699613
2023-09-24;KH;Cambodia;0;138941;0;3056;2.1994947495699613
2023-10-01;KH;Cambodia;0;138941;0;3056;2.1994947495699613
2023-10-08;KH;Cambodia;0;138941;0;3056;2.1994947495699613
2023-10-15;KH;Cambodia;0;138941;0;3056;2.1994947495699613
2023-10-22;KH;Cambodia;0;138941;0;3056;2.1994947495699613
2023-10-29;KH;Cambodia;2;138943;0;3056;2.199463089180455
2023-11-05;KH;Cambodia;2;138945;0;3056;2.1994314297024005
2023-11-12;KH;Cambodia;2;138947;0;3056;2.1993997711357567
2023-11-19;KH;Cambodia;3;138950;0;3056;2.1993522849946023
2023-11-26;KH;Cambodia;4;138954;0;3056;2.199288973329303
2023-12-03;KH;Cambodia;2;138956;0;3056;2.199257318863525
2023-12-10;KH;Cambodia;7;138963;0;3056;2.199146535408706
2023-12-17;KH;Cambodia;14;138977;0;3056;2.1989250019787447
2023-12-24;KH;Cambodia;14;138991;0;3056;2.198703513177112
2023-12-31;KH;Cambodia;23;139014;0;3056;2.198339735566202
2024-01-07;KH;Cambodia;25;139039;0;3056;2.1979444616258745
2024-01-14;KH;Cambodia;15;139054;0;3056;2.1977073654839128
2024-01-21;KH;Cambodia;9;139063;0;3056;2.197565132350086
2020-01-05;CM;Cameroon;0;0;0;0;0.0
2020-01-12;CM;Cameroon;0;0;0;0;0.0
2020-01-19;CM;Cameroon;0;0;0;0;0.0
2020-01-26;CM;Cameroon;0;0;0;0;0.0
2020-02-02;CM;Cameroon;0;0;0;0;0.0
2020-02-09;CM;Cameroon;0;0;0;0;0.0
2020-02-16;CM;Cameroon;0;0;0;0;0.0
2020-02-23;CM;Cameroon;0;0;0;0;0.0
2020-03-01;CM;Cameroon;0;0;0;0;0.0
2020-03-08;CM;Cameroon;2;2;0;0;0.0
2020-03-15;CM;Cameroon;1;3;0;0;0.0
2020-03-22;CM;Cameroon;23;26;0;0;0.0
2020-03-29;CM;Cameroon;64;90;6;6;6.666666666666667
2020-04-05;CM;Cameroon;465;555;7;13;2.3423423423423424
2020-04-12;CM;Cameroon;267;822;2;15;1.824817518248175
2020-04-19;CM;Cameroon;194;1016;30;45;4.429133858267717
2020-04-26;CM;Cameroon;605;1621;13;58;3.5780382479950648
2020-05-03;CM;Cameroon;456;2077;8;66;3.1776600866634572
2020-05-10;CM;Cameroon;258;2335;46;112;4.796573875802998
2020-05-17;CM;Cameroon;712;3047;30;142;4.660321627830653
2020-05-24;CM;Cameroon;1353;4400;20;162;3.681818181818182
2020-05-31;CM;Cameroon;1504;5904;32;194;3.2859078590785904
2020-06-07;CM;Cameroon;2054;7958;21;215;2.7016838401608445
2020-06-14;CM;Cameroon;1614;9572;61;276;2.8834099456748854
2020-06-21;CM;Cameroon;2170;11742;24;300;2.5549310168625445
2020-06-28;CM;Cameroon;1603;13345;25;325;2.43536905207943
2020-07-05;CM;Cameroon;1179;14524;15;340;2.3409529055356653
2020-07-12;CM;Cameroon;649;15173;17;357;2.3528636393593887
2020-07-19;CM;Cameroon;1349;16522;23;380;2.299963684783924
2020-07-26;CM;Cameroon;186;16708;3;383;2.2923150586545367
2020-08-02;CM;Cameroon;547;17255;6;389;2.2544190089829037
2020-08-09;CM;Cameroon;958;18213;7;396;2.1742711250205895
2020-08-16;CM;Cameroon;369;18582;3;399;2.147239263803681
2020-08-23;CM;Cameroon;180;18762;9;408;2.1746082507195394
2020-08-30;CM;Cameroon;380;19142;3;411;2.147111064674538
2020-09-06;CM;Cameroon;462;19604;4;415;2.1169149153234033
2020-09-13;CM;Cameroon;624;20228;0;415;2.051611627447103
2020-09-20;CM;Cameroon;370;20598;1;416;2.01961355471405
2020-09-27;CM;Cameroon;240;20838;2;418;2.005950667050581
2020-10-04;CM;Cameroon;299;21137;2;420;1.9870369494251787
2020-10-11;CM;Cameroon;196;21333;3;423;1.9828434819294052
2020-10-18;CM;Cameroon;210;21543;2;425;1.9727985888687742
2020-10-25;CM;Cameroon;250;21793;1;426;1.954756114348644
2020-11-01;CM;Cameroon;296;22089;3;429;1.942143148173299
2020-11-08;CM;Cameroon;291;22380;2;431;1.9258266309204648
2020-11-15;CM;Cameroon;470;22850;2;433;1.8949671772428882
2020-11-22;CM;Cameroon;992;23842;2;435;1.8245113664960992
2020-11-29;CM;Cameroon;603;24445;6;441;1.8040499079566372
2020-12-06;CM;Cameroon;307;24752;2;443;1.789754363283775
2020-12-13;CM;Cameroon;590;25342;4;447;1.763870254912793
2020-12-20;CM;Cameroon;507;25849;1;448;1.733142481333901
2020-12-27;CM;Cameroon;428;26277;0;448;1.704913041823648
2021-01-03;CM;Cameroon;571;26848;0;448;1.66865315852205
2021-01-10;CM;Cameroon;488;27336;3;451;1.6498390400936493
2021-01-17;CM;Cameroon;674;28010;4;455;1.6244198500535525
2021-01-24;CM;Cameroon;1607;29617;7;462;1.559914913731978
2021-01-31;CM;Cameroon;696;30313;12;474;1.5636855474548874
2021-02-07;CM;Cameroon;1081;31394;0;474;1.5098426450914189
2021-02-14;CM;Cameroon;1287;32681;26;500;1.5299409442795509
2021-02-21;CM;Cameroon;1068;33749;23;523;1.5496755459421019
2021-02-28;CM;Cameroon;1965;35714;28;551;1.5428123424987399
2021-03-07;CM;Cameroon;3274;38988;37;588;1.5081563558017852
2021-03-14;CM;Cameroon;0;38988;0;588;1.5081563558017852
2021-03-21;CM;Cameroon;8681;47669;133;721;1.5125133734712286
2021-03-28;CM;Cameroon;6251;53920;58;779;1.44473293768546
2021-04-04;CM;Cameroon;3417;57337;72;851;1.4842074053403562
2021-04-11;CM;Cameroon;4394;61731;68;919;1.488717176135167
2021-04-18;CM;Cameroon;4267;65998;72;991;1.5015606533531318
2021-04-25;CM;Cameroon;4609;70607;73;1064;1.506932740379849
2021-05-02;CM;Cameroon;4126;74733;80;1144;1.5307829205304218
2021-05-09;CM;Cameroon;213;74946;8;1152;1.5371067168361219
2021-05-16;CM;Cameroon;1810;76756;78;1230;1.6024805878367816
2021-05-23;CM;Cameroon;1226;77982;40;1270;1.6285809545792618
2021-05-30;CM;Cameroon;947;78929;5;1275;1.6153758441130637
2021-06-06;CM;Cameroon;975;79904;27;1302;1.6294553464156987
2021-06-13;CM;Cameroon;186;80090;8;1310;1.635659882632039
2021-06-20;CM;Cameroon;397;80487;10;1320;1.6400164001640016
2021-06-27;CM;Cameroon;371;80858;4;1324;1.637438472383685
2021-07-04;CM;Cameroon;0;80858;0;1324;1.637438472383685
2021-07-11;CM;Cameroon;609;81467;6;1330;1.6325628782206292
2021-07-18;CM;Cameroon;404;81871;2;1332;1.626949713573793
2021-07-25;CM;Cameroon;193;82064;2;1334;1.6255605381165918
2021-08-01;CM;Cameroon;0;82064;0;1334;1.6255605381165918
2021-08-08;CM;Cameroon;390;82454;4;1338;1.6227229728090813
2021-08-15;CM;Cameroon;359;82813;4;1342;1.6205185176240446
2021-08-22;CM;Cameroon;612;83425;8;1350;1.6182199580461494
2021-08-29;CM;Cameroon;785;84210;7;1357;1.6114475715473222
2021-09-05;CM;Cameroon;710;84920;7;1364;1.6062176165803108
2021-09-12;CM;Cameroon;494;85414;4;1368;1.6016109771231881
2021-09-19;CM;Cameroon;2769;88183;43;1411;1.6000816483902793
2021-09-26;CM;Cameroon;4120;92303;48;1459;1.5806636837372565
2021-10-03;CM;Cameroon;3096;95399;58;1517;1.5901634189037621
2021-10-10;CM;Cameroon;3003;98402;33;1550;1.5751712363569845
2021-10-17;CM;Cameroon;1887;100289;50;1600;1.5953893248511801
2021-10-24;CM;Cameroon;2210;102499;86;1686;1.644894096527771
2021-10-31;CM;Cameroon;1849;104348;45;1731;1.6588722352129412
2021-11-07;CM;Cameroon;1371;105719;27;1758;1.6628988166743914
2021-11-14;CM;Cameroon;471;106190;12;1770;1.6668236180431302
2021-11-21;CM;Cameroon;604;106794;21;1791;1.6770605090173605
2021-11-28;CM;Cameroon;354;107148;13;1804;1.6836525180124688
2021-12-05;CM;Cameroon;401;107549;19;1823;1.6950413299984195
2021-12-12;CM;Cameroon;113;107662;13;1836;1.7053370734335234
2021-12-19;CM;Cameroon;364;108026;5;1841;1.7042193545998185
2021-12-26;CM;Cameroon;650;108676;10;1851;1.7032279436122053
2022-01-02;CM;Cameroon;990;109666;2;1853;1.6896759250816116
2022-01-09;CM;Cameroon;1766;111432;4;1857;1.666487185009692
2022-01-16;CM;Cameroon;2681;114113;10;1867;1.636097552426104
2022-01-23;CM;Cameroon;2605;116718;13;1880;1.6107198546925068
2022-01-30;CM;Cameroon;958;117676;27;1907;1.6205513443692852
2022-02-06;CM;Cameroon;999;118675;8;1915;1.613650726774805
2022-02-13;CM;Cameroon;258;118933;3;1918;1.6126726812575147
2022-02-20;CM;Cameroon;174;119107;2;1920;1.6119959364269105
2022-02-27;CM;Cameroon;133;119240;3;1923;1.6127138544112714
2022-03-06;CM;Cameroon;82;119322;3;1926;1.614119776738573
2022-03-13;CM;Cameroon;92;119414;0;1926;1.6128762121694273
2022-03-20;CM;Cameroon;130;119544;1;1927;1.6119587766847354
2022-03-27;CM;Cameroon;93;119637;0;1927;1.6107057181306788
2022-04-03;CM;Cameroon;88;119725;0;1927;1.6095218208394237
2022-04-10;CM;Cameroon;55;119780;0;1927;1.6087827684087495
2022-04-17;CM;Cameroon;33;119813;0;1927;1.6083396626409487
2022-04-24;CM;Cameroon;37;119850;0;1927;1.607843137254902
2022-05-01;CM;Cameroon;40;119890;2;1929;1.6089748936525146
2022-05-08;CM;Cameroon;34;119924;1;1930;1.60935258997365
2022-05-15;CM;Cameroon;23;119947;0;1930;1.6090439944308736
2022-05-22;CM;Cameroon;26;119973;0;1930;1.6086952897735325
2022-05-29;CM;Cameroon;29;120002;0;1930;1.6083065282245297
2022-06-05;CM;Cameroon;26;120028;1;1931;1.6087912820341919
2022-06-12;CM;Cameroon;40;120068;0;1931;1.6082553219842088
2022-06-19;CM;Cameroon;53;120121;0;1931;1.6075457247275664
2022-06-26;CM;Cameroon;33;120154;0;1931;1.6071042162558051
2022-07-03;CM;Cameroon;43;120197;0;1931;1.6065292810968659
2022-07-10;CM;Cameroon;18;120215;0;1931;1.6062887326872686
2022-07-17;CM;Cameroon;52;120267;0;1931;1.6055942195282165
2022-07-24;CM;Cameroon;95;120362;1;1932;1.6051577740482876
2022-07-31;CM;Cameroon;162;120524;1;1933;1.6038299425840497
2022-08-07;CM;Cameroon;443;120967;0;1933;1.5979564674663338
2022-08-14;CM;Cameroon;685;121652;2;1935;1.5906027027915695
2022-08-21;CM;Cameroon;0;121652;0;1935;1.5906027027915695
2022-08-28;CM;Cameroon;1337;122989;14;1949;1.5846945661807152
2022-09-04;CM;Cameroon;319;123308;3;1952;1.5830278651831187
2022-09-11;CM;Cameroon;172;123480;5;1957;1.5848720440557174
2022-09-18;CM;Cameroon;149;123629;3;1960;1.585388541523429
2022-09-25;CM;Cameroon;72;123701;0;1960;1.5844657682637975
2022-10-02;CM;Cameroon;84;123785;0;1960;1.5833905562063255
2022-10-09;CM;Cameroon;80;123865;4;1964;1.5855972227828685
2022-10-16;CM;Cameroon;62;123927;0;1964;1.584803957168333
2022-10-23;CM;Cameroon;66;123993;1;1965;1.5847668820014034
2022-10-30;CM;Cameroon;0;123993;0;1965;1.5847668820014034
2022-11-06;CM;Cameroon;0;123993;0;1965;1.5847668820014034
2022-11-13;CM;Cameroon;0;123993;0;1965;1.5847668820014034
2022-11-20;CM;Cameroon;0;123993;0;1965;1.5847668820014034
2022-11-27;CM;Cameroon;0;123993;0;1965;1.5847668820014034
2022-12-04;CM;Cameroon;0;123993;0;1965;1.5847668820014034
2022-12-11;CM;Cameroon;0;123993;0;1965;1.5847668820014034
2022-12-18;CM;Cameroon;0;123993;0;1965;1.5847668820014034
2022-12-25;CM;Cameroon;0;123993;0;1965;1.5847668820014034
2023-01-01;CM;Cameroon;0;123993;0;1965;1.5847668820014034
2023-01-08;CM;Cameroon;0;123993;0;1965;1.5847668820014034
2023-01-15;CM;Cameroon;0;123993;0;1965;1.5847668820014034
2023-01-22;CM;Cameroon;296;124289;0;1965;1.5809926864002444
2023-01-29;CM;Cameroon;6;124295;0;1965;1.5809163683173095
2023-02-05;CM;Cameroon;14;124309;0;1965;1.5807383214409256
2023-02-12;CM;Cameroon;19;124328;0;1965;1.5804967505308538
2023-02-19;CM;Cameroon;64;124392;0;1965;1.5796835809376808
2023-02-26;CM;Cameroon;93;124485;0;1965;1.5785034341486925
2023-03-05;CM;Cameroon;120;124605;1;1966;1.577785803137916
2023-03-12;CM;Cameroon;74;124679;2;1968;1.5784534685071263
2023-03-19;CM;Cameroon;62;124741;0;1968;1.5776689300230078
2023-03-26;CM;Cameroon;44;124785;1;1969;1.5779140121008135
2023-04-02;CM;Cameroon;49;124834;1;1970;1.5780957111043463
2023-04-09;CM;Cameroon;49;124883;0;1970;1.5774765180208674
2023-04-16;CM;Cameroon;12;124895;1;1971;1.5781256255254414
2023-04-23;CM;Cameroon;88;124983;0;1971;1.5770144739684597
2023-04-30;CM;Cameroon;28;125011;1;1972;1.5774611834158594
2023-05-07;CM;Cameroon;25;125036;0;1972;1.5771457820147796
2023-05-14;CM;Cameroon;0;125036;0;1972;1.5771457820147796
2023-05-21;CM;Cameroon;22;125058;0;1972;1.5768683330934445
2023-05-28;CM;Cameroon;7;125065;0;1972;1.5767800743613323
2023-06-04;CM;Cameroon;16;125081;0;1972;1.576578377211567
2023-06-11;CM;Cameroon;9;125090;2;1974;1.578063794068271
2023-06-18;CM;Cameroon;0;125090;0;1974;1.578063794068271
2023-06-25;CM;Cameroon;0;125090;0;1974;1.578063794068271
2023-07-02;CM;Cameroon;0;125090;0;1974;1.578063794068271
2023-07-09;CM;Cameroon;0;125090;0;1974;1.578063794068271
2023-07-16;CM;Cameroon;0;125090;0;1974;1.578063794068271
2023-07-23;CM;Cameroon;0;125090;0;1974;1.578063794068271
2023-07-30;CM;Cameroon;0;125090;0;1974;1.578063794068271
2023-08-06;CM;Cameroon;0;125090;0;1974;1.578063794068271
2023-08-13;CM;Cameroon;0;125090;0;1974;1.578063794068271
2023-08-20;CM;Cameroon;0;125090;0;1974;1.578063794068271
2023-08-27;CM;Cameroon;0;125090;0;1974;1.578063794068271
2023-09-03;CM;Cameroon;0;125090;0;1974;1.578063794068271
2023-09-10;CM;Cameroon;0;125090;0;1974;1.578063794068271
2023-09-17;CM;Cameroon;0;125090;0;1974;1.578063794068271
2023-09-24;CM;Cameroon;0;125090;0;1974;1.578063794068271
2023-10-01;CM;Cameroon;0;125090;0;1974;1.578063794068271
2023-10-08;CM;Cameroon;4;125094;0;1974;1.5780133339728524
2023-10-15;CM;Cameroon;12;125106;0;1974;1.5778619730468562
2023-10-22;CM;Cameroon;3;125109;0;1974;1.5778241373522288
2023-10-29;CM;Cameroon;0;125109;0;1974;1.5778241373522288
2023-11-05;CM;Cameroon;8;125117;0;1974;1.5777232510370294
2023-11-12;CM;Cameroon;10;125127;0;1974;1.5775971612841353
2023-11-19;CM;Cameroon;5;125132;0;1974;1.5775341239650928
2023-11-26;CM;Cameroon;3;125135;0;1974;1.577496303991689
2023-12-03;CM;Cameroon;1;125136;0;1974;1.5774836977368625
2023-12-10;CM;Cameroon;1;125137;0;1974;1.577471091683515
2023-12-17;CM;Cameroon;0;125137;0;1974;1.577471091683515
2023-12-24;CM;Cameroon;0;125137;0;1974;1.577471091683515
2023-12-31;CM;Cameroon;0;125137;0;1974;1.577471091683515
2024-01-07;CM;Cameroon;0;125137;0;1974;1.577471091683515
2024-01-14;CM;Cameroon;0;125137;0;1974;1.577471091683515
2024-01-21;CM;Cameroon;0;125137;0;1974;1.577471091683515
2020-01-05;CA;Canada;0;0;0;0;0.0
2020-01-12;CA;Canada;0;0;0;0;0.0
2020-01-19;CA;Canada;0;0;0;0;0.0
2020-01-26;CA;Canada;1;1;0;0;0.0
2020-02-02;CA;Canada;3;4;0;0;0.0
2020-02-09;CA;Canada;3;7;0;0;0.0
2020-02-16;CA;Canada;0;7;0;0;0.0
2020-02-23;CA;Canada;2;9;0;0;0.0
2020-03-01;CA;Canada;6;15;0;0;0.0
2020-03-08;CA;Canada;36;51;0;0;0.0
2020-03-15;CA;Canada;125;176;1;1;0.5681818181818182
2020-03-22;CA;Canada;795;971;10;11;1.132852729145211
2020-03-29;CA;Canada;3704;4675;24;35;0.7486631016042781
2020-04-05;CA;Canada;7844;12519;152;187;1.4937295311127088
2020-04-12;CA;Canada;9614;22133;381;568;2.5663037093932135
2020-04-19;CA;Canada;9739;31872;738;1306;4.097640562248996
2020-04-26;CA;Canada;12005;43877;993;2299;5.239647195569433
2020-05-03;CA;Canada;11173;55050;1083;3382;6.143505903723887
2020-05-10;CA;Canada;11372;66422;1174;4556;6.859173165517449
2020-05-17;CA;Canada;8180;74602;990;5546;7.434117047800328
2020-05-24;CA;Canada;7867;82469;686;6232;7.556778910863477
2020-05-31;CA;Canada;6938;89407;727;6959;7.783506884248437
2020-06-07;CA;Canada;4917;94324;724;7683;8.145328866460286
2020-06-14;CA;Canada;3608;97932;338;8021;8.190376996283137
2020-06-21;CA;Canada;2686;100618;297;8318;8.266910493152318
2020-06-28;CA;Canada;2165;102783;157;8475;8.245526984034326
2020-07-05;CA;Canada;2296;105079;152;8627;8.210013418475622
2020-07-12;CA;Canada;2035;107114;96;8723;8.14366002576694
2020-07-19;CA;Canada;2544;109658;79;8802;8.026774152364624
2020-07-26;CA;Canada;3535;113193;42;8844;7.813203996713577
2020-08-02;CA;Canada;3105;116298;53;8897;7.650174551583003
2020-08-09;CA;Canada;2672;118970;35;8932;7.507775069345213
2020-08-16;CA;Canada;2682;121652;50;8982;7.383355801795285
2020-08-23;CA;Canada;2720;124372;44;9026;7.257260476634612
2020-08-30;CA;Canada;2938;127310;49;9075;7.128269578194956
2020-09-06;CA;Canada;3814;131124;29;9104;6.943046276806688
2020-09-13;CA;Canada;4502;135626;22;9126;6.728798313007831
2020-09-20;CA;Canada;6285;141911;41;9167;6.459682477045472
2020-09-27;CA;Canada;8545;150456;50;9217;6.126043494443558
2020-10-04;CA;Canada;12203;162659;153;9370;5.760517401434904
2020-10-11;CA;Canada;15458;178117;175;9545;5.358837168827232
2020-10-18;CA;Canada;15989;194106;136;9681;4.987481067045841
2020-10-25;CA;Canada;17626;211732;163;9844;4.649273610035327
2020-11-01;CA;Canada;20267;231999;216;10060;4.336225587179255
2020-11-08;CA;Canada;23810;255809;320;10380;4.0577149357528475
2020-11-15;CA;Canada;31509;287318;391;10771;3.748807941027015
2020-11-22;CA;Canada;33401;320719;500;11271;3.514291326675376
2020-11-29;CA;Canada;38345;359064;551;11822;3.2924492569569774
2020-12-06;CA;Canada;43504;402568;596;12418;3.0846962500745216
2020-12-13;CA;Canada;46271;448839;748;13166;2.9333458099674936
2020-12-20;CA;Canada;46504;495343;781;13947;2.8156247287233294
2020-12-27;CA;Canada;43898;539241;787;14734;2.7323590008919947
2021-01-03;CA;Canada;49698;588939;898;15632;2.654264703135639
2021-01-10;CA;Canada;55410;644349;958;16590;2.5746916655415
2021-01-17;CA;Canada;51355;695704;1016;17606;2.530673964789623
2021-01-24;CA;Canada;41703;737407;1091;18697;2.5355061723037617
2021-01-31;CA;Canada;33386;770793;965;19662;2.5508794189879773
2021-02-07;CA;Canada;26963;797756;797;20459;2.564568614964977
2021-02-14;CA;Canada;22550;820306;542;21001;2.560142190840979
2021-02-21;CA;Canada;20280;840586;406;21407;2.546675771426124
2021-02-28;CA;Canada;20961;861547;331;21738;2.5231357082086063
2021-03-07;CA;Canada;20207;881754;272;22010;2.496161060794734
2021-03-14;CA;Canada;21462;903216;207;22217;2.459765991745053
2021-03-21;CA;Canada;23846;927062;205;22422;2.4186084641588157
2021-03-28;CA;Canada;29593;956655;207;22629;2.3654295435658623
2021-04-04;CA;Canada;38181;994836;199;22828;2.29464957038145
2021-04-11;CA;Canada;50441;1045277;209;23037;2.2039134124256057
2021-04-18;CA;Canada;60788;1106065;285;23322;2.108556007106273
2021-04-25;CA;Canada;58515;1164580;333;23655;2.0312043826959076
2021-05-02;CA;Canada;54838;1219418;339;23994;1.9676599820570142
2021-05-09;CA;Canada;53748;1273166;303;24297;1.9083921499631629
2021-05-16;CA;Canada;45246;1318412;335;24632;1.8683082374857025
2021-05-23;CA;Canada;33709;1352121;290;24922;1.8431782362673164
2021-05-30;CA;Canada;22152;1374273;270;25192;1.8331146722667186
2021-06-06;CA;Canada;15229;1389502;235;25427;1.8299361929669764
2021-06-13;CA;Canada;10215;1399717;205;25632;1.831227312378145
2021-06-20;CA;Canada;7541;1407258;135;25767;1.8310075337997722
2021-06-27;CA;Canada;5043;1412301;176;25943;1.836931362365388
2021-07-04;CA;Canada;4015;1416316;138;26081;1.8414675820932616
2021-07-11;CA;Canada;3648;1419964;78;26159;1.8422298030090902
2021-07-18;CA;Canada;2677;1422641;66;26225;1.843402516868275
2021-07-25;CA;Canada;3070;1425711;49;26274;1.842869978558067
2021-08-01;CA;Canada;4772;1430483;47;26321;1.8400078854484814
2021-08-08;CA;Canada;7218;1437701;65;26386;1.8352912044994056
2021-08-15;CA;Canada;12150;1449851;42;26428;1.8228079988909205
2021-08-22;CA;Canada;16015;1465866;93;26521;1.8092376792967435
2021-08-29;CA;Canada;20570;1486436;100;26621;1.790928099157986
2021-09-05;CA;Canada;24776;1511212;115;26736;1.7691759991318228
2021-09-12;CA;Canada;26881;1538093;162;26898;1.7487889223863577
2021-09-19;CA;Canada;31093;1569186;198;27096;1.7267551456615085
2021-09-26;CA;Canada;29621;1598807;248;27344;1.7102752239638679
2021-10-03;CA;Canada;30335;1629142;298;27642;1.6967213416632803
2021-10-10;CA;Canada;26222;1655364;262;27904;1.6856715501847328
2021-10-17;CA;Canada;21482;1676846;282;28186;1.6808937731908595
2021-10-24;CA;Canada;19068;1695914;261;28447;1.67738458435982
2021-10-31;CA;Canada;16214;1712128;222;28669;1.6744659277811005
2021-11-07;CA;Canada;15555;1727683;178;28847;1.669692877686474
2021-11-14;CA;Canada;17666;1745349;175;29022;1.6628192986044625
2021-11-21;CA;Canada;17085;1762434;171;29193;1.656402452517371
2021-11-28;CA;Canada;19737;1782171;137;29330;1.6457455541583832
2021-12-05;CA;Canada;20188;1802359;138;29468;1.634968394198936
2021-12-12;CA;Canada;25396;1827755;142;29610;1.6200201887014396
2021-12-19;CA;Canada;39945;1867700;132;29742;1.5924398993414361
2021-12-26;CA;Canada;94023;1961723;109;29851;1.521672529709852
2022-01-02;CA;Canada;226586;2188309;173;30024;1.3720183027168467
2022-01-09;CA;Canada;293833;2482142;339;30363;1.2232579763768552
2022-01-16;CA;Canada;238269;2720411;623;30986;1.1390190673394573
2022-01-23;CA;Canada;171610;2892021;1015;32001;1.1065272347607435
2022-01-30;CA;Canada;124003;3016024;1118;33119;1.0981013413686362
2022-02-06;CA;Canada;94313;3110337;980;34099;1.0963120716501138
2022-02-13;CA;Canada;70502;3180839;817;34916;1.0976978086599165
2022-02-20;CA;Canada;53473;3234312;613;35529;1.0985025563396482
2022-02-27;CA;Canada;42675;3276987;465;35994;1.0983870244221292
2022-03-06;CA;Canada;40513;3317500;435;36429;1.0980859080633005
2022-03-13;CA;Canada;38996;3356496;420;36849;1.0978413202339583
2022-03-20;CA;Canada;37339;3393835;301;37150;1.094631883989646
2022-03-27;CA;Canada;42171;3436006;261;37411;1.0887932093250128
2022-04-03;CA;Canada;56397;3492403;260;37671;1.0786555847077213
2022-04-10;CA;Canada;68656;3561059;306;37977;1.0664524232819506
2022-04-17;CA;Canada;66946;3628005;324;38301;1.0557041679931534
2022-04-24;CA;Canada;63247;3691252;452;38753;1.049860589306826
2022-05-01;CA;Canada;54519;3745771;477;39230;1.0473144247205717
2022-05-08;CA;Canada;41069;3786840;486;39716;1.0487900201751328
2022-05-15;CA;Canada;32418;3819258;501;40217;1.0530055838071164
2022-05-22;CA;Canada;25055;3844313;447;40664;1.0577702700066307
2022-05-29;CA;Canada;18400;3862713;303;40967;1.060575818084336
2022-06-05;CA;Canada;17026;3879739;304;41271;1.0637571238683838
2022-06-12;CA;Canada;12670;3892409;77;41348;1.0622727467745552
2022-06-19;CA;Canada;23312;3915721;-331;41017;1.0474954676290777
2022-06-26;CA;Canada;15463;3931184;143;41160;1.0470128083549384
2022-07-03;CA;Canada;17752;3948936;140;41300;1.0458513381832473
2022-07-10;CA;Canada;22662;3971598;152;41452;1.0437108690255157
2022-07-17;CA;Canada;27557;3999155;174;41626;1.0408698837629449
2022-07-24;CA;Canada;32435;4031590;242;41868;1.0384984584245918
2022-07-31;CA;Canada;33319;4064909;291;42159;1.037144988977613
2022-08-07;CA;Canada;28849;4093758;263;42422;1.0362605703610228
2022-08-14;CA;Canada;25692;4119450;346;42768;1.0381968466664238
2022-08-21;CA;Canada;23906;4143356;259;43027;1.0384577139883708
2022-08-28;CA;Canada;23082;4166438;300;43327;1.039905069990241
2022-09-04;CA;Canada;21086;4187524;302;43629;1.041880595788824
2022-09-11;CA;Canada;18478;4206002;253;43882;1.0433185718884586
2022-09-18;CA;Canada;16726;4222728;227;44109;1.0445617146072397
2022-09-25;CA;Canada;17558;4240286;224;44333;1.0455190994192372
2022-10-02;CA;Canada;18643;4258929;210;44543;1.0458732700169455
2022-10-09;CA;Canada;19634;4278563;231;44774;1.0464728461401644
2022-10-16;CA;Canada;20412;4298975;287;45061;1.0481800894399247
2022-10-23;CA;Canada;21454;4320429;379;45440;1.0517474074912467
2022-10-30;CA;Canada;21359;4341788;380;45820;1.0553255939718844
2022-11-06;CA;Canada;20964;4362752;376;46196;1.0588729315808005
2022-11-13;CA;Canada;18396;4381148;344;46540;1.0622786539053235
2022-11-20;CA;Canada;15289;4396437;304;46844;1.0654991758098662
2022-11-27;CA;Canada;14582;4411019;322;47166;1.0692767362824782
2022-12-04;CA;Canada;15134;4426153;308;47474;1.0725792804722296
2022-12-11;CA;Canada;16209;4442362;285;47759;1.0750812293099932
2022-12-18;CA;Canada;16625;4458987;280;48039;1.077352322399684
2022-12-25;CA;Canada;17398;4476385;382;48421;1.081698736815533
2023-01-01;CA;Canada;16395;4492780;350;48771;1.0855416913358766
2023-01-08;CA;Canada;16691;4509471;258;49029;1.0872450449287732
2023-01-15;CA;Canada;16796;4526267;332;49361;1.090545475996003
2023-01-22;CA;Canada;13674;4539941;302;49663;1.0939128944627254
2023-01-29;CA;Canada;11455;4551396;278;49941;1.0972677393924852
2023-02-05;CA;Canada;10337;4561733;252;50193;1.1003055198539677
2023-02-12;CA;Canada;10333;4572066;226;50419;1.1027618586433354
2023-02-19;CA;Canada;10322;4582388;212;50631;1.1049042551612827
2023-02-26;CA;Canada;9670;4592058;168;50799;1.1062360275066212
2023-03-05;CA;Canada;9161;4601219;165;50964;1.1076195243043203
2023-03-12;CA;Canada;8947;4610166;161;51125;1.1089622369346352
2023-03-19;CA;Canada;8585;4618751;181;51306;1.1108197865613452
2023-03-26;CA;Canada;8346;4627097;151;51457;1.112079560899631
2023-04-02;CA;Canada;7850;4634947;131;51588;1.1130224358552536
2023-04-09;CA;Canada;7085;4642032;147;51735;1.1144903783515494
2023-04-16;CA;Canada;6293;4648325;146;51881;1.1161224742245863
2023-04-23;CA;Canada;6605;4654930;119;52000;1.1170952087356845
2023-04-30;CA;Canada;5770;4660700;150;52150;1.1189306327375717
2023-05-07;CA;Canada;5230;4665930;141;52291;1.1206983388091978
2023-05-14;CA;Canada;4633;4670563;120;52411;1.122155937089383
2023-05-21;CA;Canada;0;4670563;0;52411;1.122155937089383
2023-05-28;CA;Canada;0;4670563;0;52411;1.122155937089383
2023-06-04;CA;Canada;0;4670563;0;52411;1.122155937089383
2023-06-11;CA;Canada;0;4670563;0;52411;1.122155937089383
2023-06-18;CA;Canada;0;4670563;0;52411;1.122155937089383
2023-06-25;CA;Canada;0;4670563;0;52411;1.122155937089383
2023-07-02;CA;Canada;0;4670563;0;52411;1.122155937089383
2023-07-09;CA;Canada;0;4670563;0;52411;1.122155937089383
2023-07-16;CA;Canada;0;4670563;0;52411;1.122155937089383
2023-07-23;CA;Canada;0;4670563;0;52411;1.122155937089383
2023-07-30;CA;Canada;0;4670563;0;52411;1.122155937089383
2023-08-06;CA;Canada;0;4670563;0;52411;1.122155937089383
2023-08-13;CA;Canada;1078;4671641;21;52432;1.1223465159244899
2023-08-20;CA;Canada;1601;4673242;21;52453;1.1224113795091286
2023-08-27;CA;Canada;2091;4675333;25;52478;1.1224441125370106
2023-09-03;CA;Canada;2315;4677648;50;52528;1.122957520531686
2023-09-10;CA;Canada;2672;4680320;60;52588;1.1235983864351156
2023-09-17;CA;Canada;3235;4683555;56;52644;1.1240179735265199
2023-09-24;CA;Canada;4001;4687556;65;52709;1.1244452332942796
2023-10-01;CA;Canada;4750;4692306;78;52787;1.124969258185634
2023-10-08;CA;Canada;4661;4696967;102;52889;1.1260245175237553
2023-10-15;CA;Canada;4263;4701230;80;52969;1.1267051388679132
2023-10-22;CA;Canada;4861;4706091;97;53066;1.1276025049239378
2023-10-29;CA;Canada;4936;4711027;99;53165;1.1285225068758893
2023-11-05;CA;Canada;4943;4715970;86;53251;1.1291632474337199
2023-11-12;CA;Canada;5061;4721031;92;53343;1.1299014982108782
2023-11-19;CA;Canada;5938;4726969;101;53444;1.1306187961038034
2023-11-26;CA;Canada;6141;4733110;90;53534;1.1310533666025087
2023-12-03;CA;Canada;5619;4738729;104;53638;1.1319068889569335
2023-12-10;CA;Canada;5499;4744228;72;53710;1.13211253759305
2023-12-17;CA;Canada;5461;4749689;65;53775;1.1321793911138183
2023-12-24;CA;Canada;5252;4754941;56;53831;1.132106581343491
2023-12-31;CA;Canada;5103;4760044;67;53898;1.1323004577268614
2024-01-07;CA;Canada;4915;4764959;60;53958;1.1323916952905575
2024-01-14;CA;Canada;3778;4768737;34;53992;1.1322075425841267
2024-01-21;CA;Canada;2489;4771226;12;54004;1.1318684128565697
2020-01-05;KY;Cayman Islands;0;0;0;0;0.0
2020-01-12;KY;Cayman Islands;0;0;0;0;0.0
2020-01-19;KY;Cayman Islands;0;0;0;0;0.0
2020-01-26;KY;Cayman Islands;0;0;0;0;0.0
2020-02-02;KY;Cayman Islands;0;0;0;0;0.0
2020-02-09;KY;Cayman Islands;0;0;0;0;0.0
2020-02-16;KY;Cayman Islands;0;0;0;0;0.0
2020-02-23;KY;Cayman Islands;0;0;0;0;0.0
2020-03-01;KY;Cayman Islands;0;0;0;0;0.0
2020-03-08;KY;Cayman Islands;0;0;0;0;0.0
2020-04-05;KY;Cayman Islands;20;28;0;1;3.571428571428571
2020-04-12;KY;Cayman Islands;17;45;0;1;2.2222222222222223
2020-04-19;KY;Cayman Islands;16;61;0;1;1.639344262295082
2020-04-26;KY;Cayman Islands;9;70;0;1;1.4285714285714286
2020-05-03;KY;Cayman Islands;4;74;0;1;1.3513513513513513
2020-05-10;KY;Cayman Islands;7;81;0;1;1.2345679012345678
2020-05-17;KY;Cayman Islands;13;94;0;1;1.0638297872340425
2020-05-24;KY;Cayman Islands;35;129;0;1;0.7751937984496124
2020-05-31;KY;Cayman Islands;12;141;0;1;0.7092198581560284
2020-06-07;KY;Cayman Islands;23;164;0;1;0.6097560975609756
2020-06-14;KY;Cayman Islands;23;187;0;1;0.53475935828877
2020-06-21;KY;Cayman Islands;8;195;0;1;0.5128205128205128
2020-06-28;KY;Cayman Islands;1;196;0;1;0.5102040816326531
2020-07-05;KY;Cayman Islands;5;201;0;1;0.4975124378109453
2020-07-12;KY;Cayman Islands;0;201;0;1;0.4975124378109453
2020-07-19;KY;Cayman Islands;2;203;0;1;0.49261083743842365
2020-07-26;KY;Cayman Islands;0;203;0;1;0.49261083743842365
2020-08-02;KY;Cayman Islands;0;203;0;1;0.49261083743842365
2020-08-09;KY;Cayman Islands;0;203;0;1;0.49261083743842365
2020-08-16;KY;Cayman Islands;0;203;0;1;0.49261083743842365
2020-08-23;KY;Cayman Islands;2;205;0;1;0.4878048780487805
2020-08-30;KY;Cayman Islands;0;205;0;1;0.4878048780487805
2020-09-06;KY;Cayman Islands;0;205;0;1;0.4878048780487805
2020-09-13;KY;Cayman Islands;3;208;0;1;0.4807692307692308
2020-09-20;KY;Cayman Islands;0;208;0;1;0.4807692307692308
2020-09-27;KY;Cayman Islands;2;210;0;1;0.4761904761904762
2020-10-04;KY;Cayman Islands;3;213;0;1;0.4694835680751174
2020-10-11;KY;Cayman Islands;7;220;0;1;0.45454545454545453
2020-10-18;KY;Cayman Islands;13;233;0;1;0.4291845493562232
2020-10-25;KY;Cayman Islands;6;239;0;1;0.41841004184100417
2020-11-01;KY;Cayman Islands;1;240;0;1;0.4166666666666667
2020-11-08;KY;Cayman Islands;10;250;0;1;0.4
2020-11-15;KY;Cayman Islands;4;254;0;1;0.39370078740157477
2020-11-22;KY;Cayman Islands;7;261;1;2;0.7662835249042145
2020-11-29;KY;Cayman Islands;13;274;0;2;0.7299270072992701
2020-12-06;KY;Cayman Islands;14;288;0;2;0.6944444444444444
2020-12-13;KY;Cayman Islands;10;298;0;2;0.6711409395973155
2020-12-20;KY;Cayman Islands;13;311;0;2;0.6430868167202572
2020-12-27;KY;Cayman Islands;7;318;0;2;0.628930817610063
2021-01-03;KY;Cayman Islands;20;338;0;2;0.591715976331361
2021-01-10;KY;Cayman Islands;21;359;0;2;0.5571030640668524
2021-01-17;KY;Cayman Islands;15;374;0;2;0.53475935828877
2021-01-24;KY;Cayman Islands;9;383;0;2;0.5221932114882507
2021-01-31;KY;Cayman Islands;7;390;0;2;0.5128205128205128
2021-02-07;KY;Cayman Islands;15;405;0;2;0.49382716049382713
2021-02-14;KY;Cayman Islands;11;416;0;2;0.4807692307692308
2021-02-21;KY;Cayman Islands;12;428;0;2;0.46728971962616817
2021-02-28;KY;Cayman Islands;10;438;0;2;0.45662100456621
2021-03-07;KY;Cayman Islands;13;451;0;2;0.4434589800443459
2021-03-14;KY;Cayman Islands;17;468;0;2;0.4273504273504274
2021-03-21;KY;Cayman Islands;7;475;0;2;0.42105263157894735
2021-03-28;KY;Cayman Islands;12;487;0;2;0.41067761806981523
2021-04-04;KY;Cayman Islands;14;501;0;2;0.39920159680638717
2021-04-11;KY;Cayman Islands;15;516;0;2;0.3875968992248062
2021-04-18;KY;Cayman Islands;9;525;0;2;0.38095238095238093
2021-04-25;KY;Cayman Islands;9;534;0;2;0.37453183520599254
2021-05-02;KY;Cayman Islands;9;543;0;2;0.3683241252302026
2021-05-09;KY;Cayman Islands;5;548;0;2;0.36496350364963503
2021-05-16;KY;Cayman Islands;17;565;0;2;0.35398230088495575
2021-05-23;KY;Cayman Islands;9;574;0;2;0.34843205574912894
2021-05-30;KY;Cayman Islands;7;581;0;2;0.34423407917383825
2021-06-06;KY;Cayman Islands;6;587;0;2;0.34071550255536626
2021-06-13;KY;Cayman Islands;5;592;0;2;0.33783783783783783
2021-06-20;KY;Cayman Islands;16;608;0;2;0.3289473684210526
2021-06-27;KY;Cayman Islands;1;609;0;2;0.3284072249589491
2021-07-04;KY;Cayman Islands;5;614;0;2;0.32573289902280134
2021-07-11;KY;Cayman Islands;2;616;0;2;0.3246753246753247
2021-07-18;KY;Cayman Islands;6;622;0;2;0.3215434083601286
2021-07-25;KY;Cayman Islands;14;636;0;2;0.3144654088050315
2021-08-01;KY;Cayman Islands;7;643;0;2;0.3110419906687403
2021-08-08;KY;Cayman Islands;3;646;0;2;0.30959752321981426
2021-08-15;KY;Cayman Islands;5;651;0;2;0.30721966205837176
2021-08-22;KY;Cayman Islands;12;663;0;2;0.301659125188537
2021-08-29;KY;Cayman Islands;17;680;0;2;0.29411764705882354
2021-09-05;KY;Cayman Islands;11;691;0;2;0.2894356005788712
2021-09-12;KY;Cayman Islands;38;729;0;2;0.2743484224965706
2021-09-19;KY;Cayman Islands;45;774;0;2;0.2583979328165375
2021-09-26;KY;Cayman Islands;21;795;0;2;0.25157232704402516
2021-10-03;KY;Cayman Islands;58;853;0;2;0.23446658851113714
2021-10-10;KY;Cayman Islands;86;939;0;2;0.21299254526091588
2021-10-17;KY;Cayman Islands;72;1011;0;2;0.19782393669634024
2021-10-24;KY;Cayman Islands;185;1196;0;2;0.16722408026755853
2021-10-31;KY;Cayman Islands;454;1650;0;2;0.12121212121212122
2021-11-07;KY;Cayman Islands;1026;2676;0;2;0.07473841554559044
2021-11-14;KY;Cayman Islands;751;3427;0;2;0.05836008170411438
2021-11-21;KY;Cayman Islands;2105;5532;2;4;0.07230657989877079
2021-11-28;KY;Cayman Islands;1206;6738;0;4;0.05936479667557139
2021-12-05;KY;Cayman Islands;791;7529;3;7;0.09297383450657458
2021-12-12;KY;Cayman Islands;342;7871;2;9;0.11434379367297676
2021-12-19;KY;Cayman Islands;226;8097;0;9;0.11115227862171174
2021-12-26;KY;Cayman Islands;289;8386;2;11;0.13117099928452183
2022-01-02;KY;Cayman Islands;694;9080;1;12;0.13215859030837004
2022-01-09;KY;Cayman Islands;1538;10618;0;12;0.1130156338293464
2022-01-16;KY;Cayman Islands;1405;12023;2;14;0.1164434833236297
2022-01-23;KY;Cayman Islands;1711;13734;1;15;0.109217999126256
2022-01-30;KY;Cayman Islands;54;13788;0;15;0.10879025239338555
2022-02-06;KY;Cayman Islands;2146;15934;1;16;0.10041420861051839
2022-02-13;KY;Cayman Islands;1753;17687;0;16;0.09046192118505117
2022-02-20;KY;Cayman Islands;1041;18728;1;17;0.09077317385732593
2022-02-27;KY;Cayman Islands;645;19373;0;17;0.08775099365095751
2022-03-06;KY;Cayman Islands;0;19373;0;17;0.08775099365095751
2022-03-13;KY;Cayman Islands;700;20073;4;21;0.10461814377522044
2022-03-20;KY;Cayman Islands;263;20336;2;23;0.11309992132179386
2022-03-27;KY;Cayman Islands;270;20606;1;24;0.11647093079685529
2022-04-03;KY;Cayman Islands;0;20606;1;25;0.12132388624672426
2022-04-10;KY;Cayman Islands;515;21121;0;25;0.11836560768902987
2022-04-17;KY;Cayman Islands;285;21406;2;27;0.12613285994580958
2022-04-24;KY;Cayman Islands;349;21755;0;27;0.12410940013789934
2022-05-01;KY;Cayman Islands;468;22223;0;27;0.1214957476488323
2022-05-08;KY;Cayman Islands;605;22828;1;28;0.12265638689328894
2022-05-15;KY;Cayman Islands;750;23578;0;28;0.11875477139706506
2022-05-22;KY;Cayman Islands;899;24477;0;28;0.11439310373003227
2022-05-29;KY;Cayman Islands;0;24477;0;28;0.11439310373003227
2022-06-05;KY;Cayman Islands;1409;25886;0;28;0.1081665765278529
2022-06-12;KY;Cayman Islands;439;26325;0;28;0.1063627730294397
2022-06-19;KY;Cayman Islands;472;26797;0;28;0.10448930850468335
2022-06-26;KY;Cayman Islands;374;27171;0;28;0.10305104707224616
2022-07-03;KY;Cayman Islands;423;27594;1;29;0.10509531057476262
2022-07-10;KY;Cayman Islands;372;27966;0;29;0.10369734677823071
2022-07-17;KY;Cayman Islands;423;28389;0;29;0.10215224206558879
2022-07-24;KY;Cayman Islands;395;28784;0;29;0.10075041689827684
2022-07-31;KY;Cayman Islands;325;29109;0;29;0.09962554536397678
2022-08-07;KY;Cayman Islands;310;29419;0;29;0.09857575036541011
2022-08-14;KY;Cayman Islands;234;29653;0;29;0.09779786193639765
2022-08-21;KY;Cayman Islands;254;29907;0;29;0.0969672651887518
2022-08-28;KY;Cayman Islands;150;30057;0;29;0.09648334830488738
2022-09-04;KY;Cayman Islands;157;30214;0;29;0.09598199510160853
2022-09-11;KY;Cayman Islands;166;30380;0;29;0.09545753785385122
2022-09-18;KY;Cayman Islands;165;30545;2;31;0.10148960550008185
2022-09-25;KY;Cayman Islands;0;30545;0;31;0.10148960550008185
2022-10-02;KY;Cayman Islands;116;30661;1;32;0.10436711131404715
2022-10-09;KY;Cayman Islands;148;30809;2;34;0.11035736310818269
2022-10-16;KY;Cayman Islands;0;30809;0;34;0.11035736310818269
2022-10-23;KY;Cayman Islands;117;30926;0;34;0.10993985643148159
2022-10-30;KY;Cayman Islands;80;31006;0;34;0.10965619557504998
2022-11-06;KY;Cayman Islands;90;31096;1;35;0.1125546694108567
2022-11-13;KY;Cayman Islands;98;31194;1;36;0.1154068090017311
2022-11-20;KY;Cayman Islands;0;31194;0;36;0.1154068090017311
2022-11-27;KY;Cayman Islands;0;31194;0;36;0.1154068090017311
2022-12-04;KY;Cayman Islands;165;31359;0;36;0.11479957906821009
2022-12-11;KY;Cayman Islands;0;31359;0;36;0.11479957906821009
2022-12-18;KY;Cayman Islands;113;31472;1;37;0.1175648195221149
2022-12-25;KY;Cayman Islands;0;31472;0;37;0.1175648195221149
2023-01-01;KY;Cayman Islands;0;31472;0;37;0.1175648195221149
2023-01-08;KY;Cayman Islands;0;31472;0;37;0.1175648195221149
2023-01-15;KY;Cayman Islands;0;31472;0;37;0.1175648195221149
2023-01-22;KY;Cayman Islands;0;31472;0;37;0.1175648195221149
2023-01-29;KY;Cayman Islands;0;31472;0;37;0.1175648195221149
2023-02-05;KY;Cayman Islands;0;31472;0;37;0.1175648195221149
2023-02-12;KY;Cayman Islands;0;31472;0;37;0.1175648195221149
2023-02-19;KY;Cayman Islands;0;31472;0;37;0.1175648195221149
2023-02-26;KY;Cayman Islands;0;31472;0;37;0.1175648195221149
2023-03-05;KY;Cayman Islands;0;31472;0;37;0.1175648195221149
2023-03-12;KY;Cayman Islands;0;31472;0;37;0.1175648195221149
2023-03-19;KY;Cayman Islands;0;31472;0;37;0.1175648195221149
2023-03-26;KY;Cayman Islands;0;31472;0;37;0.1175648195221149
2023-04-02;KY;Cayman Islands;0;31472;0;37;0.1175648195221149
2023-04-09;KY;Cayman Islands;0;31472;0;37;0.1175648195221149
2023-04-16;KY;Cayman Islands;0;31472;0;37;0.1175648195221149
2023-04-23;KY;Cayman Islands;0;31472;0;37;0.1175648195221149
2023-04-30;KY;Cayman Islands;0;31472;0;37;0.1175648195221149
2023-05-07;KY;Cayman Islands;0;31472;0;37;0.1175648195221149
2023-05-14;KY;Cayman Islands;0;31472;0;37;0.1175648195221149
2023-05-21;KY;Cayman Islands;0;31472;0;37;0.1175648195221149
2023-05-28;KY;Cayman Islands;0;31472;0;37;0.1175648195221149
2023-06-04;KY;Cayman Islands;0;31472;0;37;0.1175648195221149
2023-06-11;KY;Cayman Islands;0;31472;0;37;0.1175648195221149
2023-06-18;KY;Cayman Islands;0;31472;0;37;0.1175648195221149
2023-06-25;KY;Cayman Islands;0;31472;0;37;0.1175648195221149
2023-07-02;KY;Cayman Islands;0;31472;0;37;0.1175648195221149
2023-07-09;KY;Cayman Islands;0;31472;0;37;0.1175648195221149
2023-07-16;KY;Cayman Islands;0;31472;0;37;0.1175648195221149
2023-07-23;KY;Cayman Islands;0;31472;0;37;0.1175648195221149
2023-07-30;KY;Cayman Islands;0;31472;0;37;0.1175648195221149
2023-08-06;KY;Cayman Islands;0;31472;0;37;0.1175648195221149
2023-08-13;KY;Cayman Islands;0;31472;0;37;0.1175648195221149
2023-08-20;KY;Cayman Islands;0;31472;0;37;0.1175648195221149
2023-08-27;KY;Cayman Islands;0;31472;0;37;0.1175648195221149
2023-09-03;KY;Cayman Islands;0;31472;0;37;0.1175648195221149
2023-09-10;KY;Cayman Islands;0;31472;0;37;0.1175648195221149
2023-09-17;KY;Cayman Islands;0;31472;0;37;0.1175648195221149
2023-09-24;KY;Cayman Islands;0;31472;0;37;0.1175648195221149
2023-10-01;KY;Cayman Islands;0;31472;0;37;0.1175648195221149
2023-10-08;KY;Cayman Islands;0;31472;0;37;0.1175648195221149
2023-10-15;KY;Cayman Islands;0;31472;0;37;0.1175648195221149
2023-10-22;KY;Cayman Islands;0;31472;0;37;0.1175648195221149
2023-10-29;KY;Cayman Islands;0;31472;0;37;0.1175648195221149
2023-11-05;KY;Cayman Islands;0;31472;0;37;0.1175648195221149
2023-11-12;KY;Cayman Islands;0;31472;0;37;0.1175648195221149
2023-11-19;KY;Cayman Islands;0;31472;0;37;0.1175648195221149
2023-11-26;KY;Cayman Islands;0;31472;0;37;0.1175648195221149
2023-12-03;KY;Cayman Islands;0;31472;0;37;0.1175648195221149
2023-12-10;KY;Cayman Islands;0;31472;0;37;0.1175648195221149
2023-12-17;KY;Cayman Islands;0;31472;0;37;0.1175648195221149
2023-12-24;KY;Cayman Islands;0;31472;0;37;0.1175648195221149
2023-12-31;KY;Cayman Islands;0;31472;0;37;0.1175648195221149
2024-01-07;KY;Cayman Islands;0;31472;0;37;0.1175648195221149
2024-01-14;KY;Cayman Islands;0;31472;0;37;0.1175648195221149
2024-01-21;KY;Cayman Islands;0;31472;0;37;0.1175648195221149
2020-01-05;CF;Central African Republic;0;0;0;0;0.0
2020-01-12;CF;Central African Republic;0;0;0;0;0.0
2020-01-19;CF;Central African Republic;0;0;0;0;0.0
2020-01-26;CF;Central African Republic;0;0;0;0;0.0
2020-02-02;CF;Central African Republic;0;0;0;0;0.0
2020-02-09;CF;Central African Republic;0;0;0;0;0.0
2020-02-16;CF;Central African Republic;0;0;0;0;0.0
2020-02-23;CF;Central African Republic;0;0;0;0;0.0
2020-03-01;CF;Central African Republic;0;0;0;0;0.0
2020-03-08;CF;Central African Republic;0;0;0;0;0.0
2020-03-15;CF;Central African Republic;3;3;0;0;0.0
2020-03-22;CF;Central African Republic;4;7;0;0;0.0
2020-03-29;CF;Central African Republic;6;13;0;0;0.0
2020-04-05;CF;Central African Republic;5;18;0;0;0.0
2020-04-12;CF;Central African Republic;2;20;0;0;0.0
2020-04-19;CF;Central African Republic;1;21;0;0;0.0
2020-04-26;CF;Central African Republic;9;30;0;0;0.0
2020-05-03;CF;Central African Republic;58;88;0;0;0.0
2020-05-10;CF;Central African Republic;82;170;0;0;0.0
2020-05-17;CF;Central African Republic;197;367;0;0;0.0
2020-05-24;CF;Central African Republic;237;604;1;1;0.16556291390728478
2020-05-31;CF;Central African Republic;448;1052;1;2;0.19011406844106463
2020-06-07;CF;Central African Republic;690;1742;3;5;0.28702640642939153
2020-06-14;CF;Central African Republic;715;2457;2;7;0.2849002849002849
2020-06-21;CF;Central African Republic;707;3164;16;23;0.7269279393173199
2020-06-28;CF;Central African Republic;872;4036;22;45;1.1149653121902874
2020-07-05;CF;Central African Republic;609;4645;6;51;1.0979547900968782
2020-07-12;CF;Central African Republic;346;4991;2;53;1.0619114405930674
2020-07-19;CF;Central African Republic;229;5220;2;55;1.053639846743295
2020-07-26;CF;Central African Republic;141;5361;4;59;1.1005409438537586
2020-08-02;CF;Central African Republic;24;5385;0;59;1.095636025998143
2020-08-09;CF;Central African Republic;50;5435;2;61;1.1223551057957681
2020-08-16;CF;Central African Republic;38;5473;0;61;1.1145623972227297
2020-08-23;CF;Central African Republic;26;5499;0;61;1.1092925986543007
2020-08-30;CF;Central African Republic;17;5516;0;61;1.1058738216098623
2020-09-06;CF;Central African Republic;35;5551;1;62;1.1169158710142317
2020-09-13;CF;Central African Republic;54;5605;0;62;1.1061552185548618
2020-09-20;CF;Central African Republic;32;5637;0;62;1.0998758204718824
2020-09-27;CF;Central African Republic;8;5645;0;62;1.0983170947741363
2020-10-04;CF;Central African Republic;44;5689;0;62;1.089822464404992
2020-10-11;CF;Central African Republic;3;5692;0;62;1.089248067463106
2020-10-18;CF;Central African Republic;5;5697;0;62;1.088292083552747
2020-10-25;CF;Central African Republic;6;5703;0;62;1.0871471155532175
2020-11-01;CF;Central African Republic;11;5714;0;62;1.0850542527126357
2020-11-08;CF;Central African Republic;10;5724;0;62;1.0831586303284415
2020-11-15;CF;Central African Republic;19;5743;1;63;1.0969876371234546
2020-11-22;CF;Central African Republic;8;5751;0;63;1.0954616588419406
2020-11-29;CF;Central African Republic;8;5759;0;63;1.0939399201250217
2020-12-06;CF;Central African Republic;15;5774;0;63;1.091098025632144
2020-12-13;CF;Central African Republic;10;5784;0;63;1.0892116182572613
2020-12-20;CF;Central African Republic;12;5796;0;63;1.0869565217391304
2020-12-27;CF;Central African Republic;18;5814;0;63;1.08359133126935
2021-01-03;CF;Central African Republic;30;5844;0;63;1.0780287474332648
2021-01-10;CF;Central African Republic;0;5844;0;63;1.0780287474332648
2021-01-17;CF;Central African Republic;2;5846;0;63;1.077659938419432
2021-01-24;CF;Central African Republic;15;5861;0;63;1.0749018938747654
2021-01-31;CF;Central African Republic;3;5864;0;63;1.0743519781718964
2021-02-07;CF;Central African Republic;13;5877;0;63;1.0719754977029097
2021-02-14;CF;Central African Republic;1;5878;0;63;1.0717931269139163
2021-02-21;CF;Central African Republic;12;5890;0;63;1.0696095076400678
2021-02-28;CF;Central African Republic;8;5898;0;63;1.0681586978636826
2021-03-07;CF;Central African Republic;35;5933;0;63;1.0618574077195349
2021-03-14;CF;Central African Republic;65;5998;1;64;1.06702234078026
2021-03-21;CF;Central African Republic;107;6105;2;66;1.0810810810810811
2021-03-28;CF;Central African Republic;180;6285;6;72;1.1455847255369929
2021-04-04;CF;Central African Republic;295;6580;1;73;1.1094224924012157
2021-04-11;CF;Central African Republic;487;7067;2;75;1.0612706947785482
2021-04-18;CF;Central African Republic;1227;8294;4;79;0.9524957800819869
2021-04-25;CF;Central African Republic;874;9168;8;87;0.9489528795811518
2021-05-02;CF;Central African Republic;702;9870;4;91;0.9219858156028369
2021-05-09;CF;Central African Republic;511;10381;4;95;0.915133416819189
2021-05-16;CF;Central African Republic;335;10716;1;96;0.8958566629339306
2021-05-23;CF;Central African Republic;164;10880;1;97;0.8915441176470588
2021-05-30;CF;Central African Republic;46;10926;1;98;0.8969430715723962
2021-06-06;CF;Central African Republic;58;10984;0;98;0.8922068463219228
2021-06-13;CF;Central African Republic;44;11028;0;98;0.8886470801595938
2021-06-20;CF;Central African Republic;14;11042;0;98;0.8875203767433436
2021-06-27;CF;Central African Republic;16;11058;0;98;0.8862362090793996
2021-07-04;CF;Central African Republic;7;11065;0;98;0.8856755535472209
2021-07-11;CF;Central African Republic;10;11075;0;98;0.8848758465011286
2021-07-18;CF;Central African Republic;27;11102;0;98;0.8827238335435058
2021-07-25;CF;Central African Republic;43;11145;0;98;0.879318079856438
2021-08-01;CF;Central African Republic;28;11173;0;98;0.8771144723887945
2021-08-08;CF;Central African Republic;53;11226;1;99;0.8818813468733298
2021-08-15;CF;Central African Republic;36;11262;0;99;0.8790623335109218
2021-08-22;CF;Central African Republic;9;11271;0;99;0.8783603939313283
2021-08-29;CF;Central African Republic;35;11306;1;100;0.8844861135680169
2021-09-05;CF;Central African Republic;3;11309;0;100;0.8842514811212309
2021-09-12;CF;Central African Republic;22;11331;0;100;0.8825346394845998
2021-09-19;CF;Central African Republic;28;11359;0;100;0.8803591865481117
2021-09-26;CF;Central African Republic;16;11375;0;100;0.8791208791208791
2021-10-03;CF;Central African Republic;26;11401;0;100;0.8771160424524164
2021-10-10;CF;Central African Republic;67;11468;0;100;0.8719916288803629
2021-10-17;CF;Central African Republic;20;11488;0;100;0.8704735376044569
2021-10-24;CF;Central African Republic;49;11537;0;100;0.8667764583513913
2021-10-31;CF;Central African Republic;55;11592;0;100;0.862663906142167
2021-11-07;CF;Central African Republic;31;11623;0;100;0.8603630732168975
2021-11-14;CF;Central African Republic;43;11666;1;101;0.8657637579290245
2021-11-21;CF;Central African Republic;42;11708;0;101;0.8626580116159891
2021-11-28;CF;Central African Republic;34;11742;0;101;0.8601601090103901
2021-12-05;CF;Central African Republic;129;11871;0;101;0.8508129053997137
2021-12-12;CF;Central African Republic;90;11961;0;101;0.8444110024245465
2021-12-19;CF;Central African Republic;202;12163;0;101;0.830387239990134
2021-12-26;CF;Central African Republic;105;12268;0;101;0.8232800782523638
2022-01-02;CF;Central African Republic;248;12516;5;106;0.8469159475870884
2022-01-09;CF;Central African Republic;803;13319;2;108;0.8108716870635934
2022-01-16;CF;Central African Republic;435;13754;1;109;0.7924967282245164
2022-01-23;CF;Central African Republic;144;13898;1;110;0.7914807886026767
2022-01-30;CF;Central African Republic;125;14023;0;110;0.7844255865364044
2022-02-06;CF;Central African Republic;131;14154;1;111;0.7842306061890632
2022-02-13;CF;Central African Republic;53;14207;2;113;0.7953825578939959
2022-02-20;CF;Central African Republic;18;14225;0;113;0.7943760984182776
2022-02-27;CF;Central African Republic;95;14320;0;113;0.7891061452513967
2022-03-06;CF;Central African Republic;6;14326;0;113;0.7887756526595003
2022-03-13;CF;Central African Republic;8;14334;0;113;0.7883354262592438
2022-03-20;CF;Central African Republic;5;14339;0;113;0.7880605342074064
2022-03-27;CF;Central African Republic;12;14351;0;113;0.7874015748031495
2022-04-03;CF;Central African Republic;1;14352;0;113;0.7873467112597548
2022-04-10;CF;Central African Republic;2;14354;0;113;0.7872370071060332
2022-04-17;CF;Central African Republic;0;14354;0;113;0.7872370071060332
2022-04-24;CF;Central African Republic;0;14354;0;113;0.7872370071060332
2022-05-01;CF;Central African Republic;4;14358;0;113;0.7870176904861401
2022-05-08;CF;Central African Republic;0;14358;0;113;0.7870176904861401
2022-05-15;CF;Central African Republic;11;14369;0;113;0.7864151993875705
2022-05-22;CF;Central African Republic;2;14371;0;113;0.7863057546447708
2022-05-29;CF;Central African Republic;0;14371;0;113;0.7863057546447708
2022-06-05;CF;Central African Republic;0;14371;0;113;0.7863057546447708
2022-06-12;CF;Central African Republic;0;14371;0;113;0.7863057546447708
2022-06-19;CF;Central African Republic;215;14586;0;113;0.7747154805978336
2022-06-26;CF;Central African Republic;76;14662;0;113;0.7706997681080343
2022-07-03;CF;Central African Republic;38;14700;0;113;0.7687074829931972
2022-07-10;CF;Central African Republic;33;14733;0;113;0.7669856784090138
2022-07-17;CF;Central African Republic;16;14749;0;113;0.7661536375347482
2022-07-24;CF;Central African Republic;21;14770;0;113;0.7650643195666892
2022-07-31;CF;Central African Republic;11;14781;0;113;0.7644949597456194
2022-08-07;CF;Central African Republic;21;14802;0;113;0.7634103499527092
2022-08-14;CF;Central African Republic;33;14835;0;113;0.7617121671722279
2022-08-21;CF;Central African Republic;35;14870;0;113;0.7599193006052454
2022-08-28;CF;Central African Republic;12;14882;0;113;0.7593065448192448
2022-09-04;CF;Central African Republic;6;14888;0;113;0.7590005373455132
2022-09-11;CF;Central African Republic;21;14909;0;113;0.7579314508015292
2022-09-18;CF;Central African Republic;3;14912;0;113;0.7577789699570815
2022-09-25;CF;Central African Republic;23;14935;0;113;0.7566119852695011
2022-10-02;CF;Central African Republic;21;14956;0;113;0.7555496121957742
2022-10-09;CF;Central African Republic;124;15080;0;113;0.7493368700265253
2022-10-16;CF;Central African Republic;96;15176;0;113;0.7445967316816026
2022-10-23;CF;Central African Republic;83;15259;0;113;0.7405465626843175
2022-10-30;CF;Central African Republic;32;15291;0;113;0.7389967955006213
2022-11-06;CF;Central African Republic;5;15296;0;113;0.738755230125523
2022-11-13;CF;Central African Republic;22;15318;0;113;0.7376942159550856
2022-11-20;CF;Central African Republic;6;15324;0;113;0.7374053771861132
2022-11-27;CF;Central African Republic;4;15328;0;113;0.7372129436325678
2022-12-04;CF;Central African Republic;2;15330;0;113;0.7371167645140249
2022-12-11;CF;Central African Republic;15;15345;0;113;0.736396220267188
2022-12-18;CF;Central African Republic;11;15356;0;113;0.7358687158114092
2022-12-25;CF;Central African Republic;4;15360;0;113;0.7356770833333334
2023-01-01;CF;Central African Republic;0;15360;0;113;0.7356770833333334
2023-01-08;CF;Central African Republic;4;15364;0;113;0.7354855506378547
2023-01-15;CF;Central African Republic;2;15366;0;113;0.7353898216842379
2023-01-22;CF;Central African Republic;1;15367;0;113;0.7353419665517017
2023-01-29;CF;Central African Republic;0;15367;0;113;0.7353419665517017
2023-02-05;CF;Central African Republic;0;15367;0;113;0.7353419665517017
2023-02-12;CF;Central African Republic;0;15367;0;113;0.7353419665517017
2023-02-19;CF;Central African Republic;0;15367;0;113;0.7353419665517017
2023-02-26;CF;Central African Republic;0;15367;0;113;0.7353419665517017
2023-03-05;CF;Central African Republic;0;15367;0;113;0.7353419665517017
2023-03-12;CF;Central African Republic;0;15367;0;113;0.7353419665517017
2023-03-19;CF;Central African Republic;0;15367;0;113;0.7353419665517017
2023-03-26;CF;Central African Republic;0;15367;0;113;0.7353419665517017
2023-04-02;CF;Central African Republic;0;15367;0;113;0.7353419665517017
2023-04-09;CF;Central African Republic;0;15367;0;113;0.7353419665517017
2023-04-16;CF;Central African Republic;0;15367;0;113;0.7353419665517017
2023-04-23;CF;Central African Republic;0;15367;0;113;0.7353419665517017
2023-04-30;CF;Central African Republic;0;15367;0;113;0.7353419665517017
2023-05-07;CF;Central African Republic;0;15367;0;113;0.7353419665517017
2023-05-14;CF;Central African Republic;0;15367;0;113;0.7353419665517017
2023-05-21;CF;Central African Republic;0;15367;0;113;0.7353419665517017
2023-05-28;CF;Central African Republic;0;15367;0;113;0.7353419665517017
2023-06-04;CF;Central African Republic;0;15367;0;113;0.7353419665517017
2023-06-11;CF;Central African Republic;0;15367;0;113;0.7353419665517017
2023-06-18;CF;Central African Republic;0;15367;0;113;0.7353419665517017
2023-06-25;CF;Central African Republic;0;15367;0;113;0.7353419665517017
2023-07-02;CF;Central African Republic;0;15367;0;113;0.7353419665517017
2023-07-09;CF;Central African Republic;0;15367;0;113;0.7353419665517017
2023-07-16;CF;Central African Republic;0;15367;0;113;0.7353419665517017
2023-07-23;CF;Central African Republic;0;15367;0;113;0.7353419665517017
2023-07-30;CF;Central African Republic;0;15367;0;113;0.7353419665517017
2023-08-06;CF;Central African Republic;0;15367;0;113;0.7353419665517017
2023-08-13;CF;Central African Republic;0;15367;0;113;0.7353419665517017
2023-08-20;CF;Central African Republic;0;15367;0;113;0.7353419665517017
2023-08-27;CF;Central African Republic;0;15367;0;113;0.7353419665517017
2023-09-03;CF;Central African Republic;0;15367;0;113;0.7353419665517017
2023-09-10;CF;Central African Republic;0;15367;0;113;0.7353419665517017
2023-09-17;CF;Central African Republic;0;15367;0;113;0.7353419665517017
2023-09-24;CF;Central African Republic;0;15367;0;113;0.7353419665517017
2023-10-01;CF;Central African Republic;0;15367;0;113;0.7353419665517017
2023-10-08;CF;Central African Republic;0;15367;0;113;0.7353419665517017
2023-10-15;CF;Central African Republic;0;15367;0;113;0.7353419665517017
2023-10-22;CF;Central African Republic;0;15367;0;113;0.7353419665517017
2023-10-29;CF;Central African Republic;0;15367;0;113;0.7353419665517017
2023-11-05;CF;Central African Republic;0;15367;0;113;0.7353419665517017
2023-11-12;CF;Central African Republic;0;15367;0;113;0.7353419665517017
2023-11-19;CF;Central African Republic;0;15367;0;113;0.7353419665517017
2023-11-26;CF;Central African Republic;43;15410;0;113;0.7332900713822194
2023-12-03;CF;Central African Republic;30;15440;0;113;0.7318652849740932
2023-12-10;CF;Central African Republic;0;15440;0;113;0.7318652849740932
2023-12-17;CF;Central African Republic;0;15440;0;113;0.7318652849740932
2023-12-24;CF;Central African Republic;0;15440;0;113;0.7318652849740932
2023-12-31;CF;Central African Republic;0;15440;0;113;0.7318652849740932
2024-01-07;CF;Central African Republic;0;15440;0;113;0.7318652849740932
2024-01-14;CF;Central African Republic;0;15440;0;113;0.7318652849740932
2024-01-21;CF;Central African Republic;0;15440;0;113;0.7318652849740932
2020-01-05;TD;Chad;0;0;0;0;0.0
2020-01-12;TD;Chad;0;0;0;0;0.0
2020-01-19;TD;Chad;0;0;0;0;0.0
2020-01-26;TD;Chad;0;0;0;0;0.0
2020-02-02;TD;Chad;0;0;0;0;0.0
2020-02-09;TD;Chad;0;0;0;0;0.0
2020-02-16;TD;Chad;0;0;0;0;0.0
2020-02-23;TD;Chad;0;0;0;0;0.0
2020-03-01;TD;Chad;0;0;0;0;0.0
2020-03-08;TD;Chad;0;0;0;0;0.0
2020-03-15;TD;Chad;0;0;0;0;0.0
2020-03-22;TD;Chad;1;1;0;0;0.0
2020-03-29;TD;Chad;4;5;0;0;0.0
2020-04-05;TD;Chad;4;9;0;0;0.0
2020-04-12;TD;Chad;9;18;0;0;0.0
2020-04-19;TD;Chad;15;33;0;0;0.0
2020-04-26;TD;Chad;13;46;0;0;0.0
2020-05-17;TD;Chad;181;503;14;55;10.934393638170974
2020-05-24;TD;Chad;172;675;7;62;9.185185185185185
2020-05-31;TD;Chad;103;778;5;67;8.611825192802057
2020-06-07;TD;Chad;59;837;4;71;8.482676224611708
2020-06-14;TD;Chad;11;848;3;74;8.726415094339622
2020-06-21;TD;Chad;10;858;2;76;8.857808857808857
2020-06-28;TD;Chad;7;865;0;76;8.786127167630058
2020-07-05;TD;Chad;6;871;0;76;8.725602755453501
2020-07-12;TD;Chad;3;874;0;76;8.695652173913043
2020-07-19;TD;Chad;15;889;1;77;8.661417322834646
2020-07-26;TD;Chad;26;915;0;77;8.415300546448087
2020-08-02;TD;Chad;21;936;0;77;8.226495726495726
2020-08-09;TD;Chad;6;942;1;78;8.280254777070063
2020-08-16;TD;Chad;10;952;0;78;8.193277310924369
2020-08-23;TD;Chad;30;982;0;78;7.942973523421588
2020-08-30;TD;Chad;26;1008;1;79;7.837301587301587
2020-09-06;TD;Chad;26;1034;0;79;7.640232108317215
2020-09-13;TD;Chad;49;1083;3;82;7.571560480147737
2020-09-20;TD;Chad;66;1149;1;83;7.2236727589208005
2020-09-27;TD;Chad;28;1177;2;85;7.221750212404418
2020-10-04;TD;Chad;37;1214;2;87;7.166392092257001
2020-10-11;TD;Chad;77;1291;6;93;7.203718048024788
2020-10-18;TD;Chad;74;1365;1;94;6.886446886446887
2020-10-25;TD;Chad;69;1434;3;97;6.764295676429567
2020-11-01;TD;Chad;64;1498;2;99;6.608811748998665
2020-11-08;TD;Chad;45;1543;1;100;6.480881399870382
2020-11-15;TD;Chad;48;1591;1;101;6.34820867379007
2020-11-22;TD;Chad;42;1633;1;102;6.246172688303735
2020-11-29;TD;Chad;30;1663;0;102;6.133493686109441
2020-12-06;TD;Chad;59;1722;1;103;5.981416957026713
2020-12-13;TD;Chad;29;1751;0;103;5.88235294117647
2020-12-20;TD;Chad;116;1867;0;103;5.516871987145152
2020-12-27;TD;Chad;119;1986;1;104;5.236656596173213
2021-01-03;TD;Chad;183;2169;1;105;4.840940525587829
2021-01-10;TD;Chad;341;2510;3;108;4.302788844621515
2021-01-17;TD;Chad;345;2855;4;112;3.9229422066549913
2021-01-24;TD;Chad;282;3137;4;116;3.6978004462862604
2021-01-31;TD;Chad;210;3347;3;119;3.555422766656707
2021-02-07;TD;Chad;126;3473;7;126;3.6279873308378923
2021-02-14;TD;Chad;149;3622;2;128;3.5339591385974605
2021-02-21;TD;Chad;172;3794;5;133;3.505535055350553
2021-02-28;TD;Chad;179;3973;7;140;3.5237855524792345
2021-03-07;TD;Chad;188;4161;0;140;3.3645758231194423
2021-03-14;TD;Chad;127;4288;13;153;3.5680970149253732
2021-03-21;TD;Chad;122;4410;4;157;3.5600907029478455
2021-03-28;TD;Chad;91;4501;3;160;3.5547656076427456
2021-04-04;TD;Chad;88;4589;4;164;3.573763347134452
2021-04-11;TD;Chad;36;4625;3;167;3.6108108108108103
2021-04-18;TD;Chad;66;4691;1;168;3.5813259432956728
2021-04-25;TD;Chad;61;4752;1;169;3.5563973063973062
2021-05-02;TD;Chad;72;4824;1;170;3.5240464344941955
2021-05-09;TD;Chad;50;4874;1;171;3.5084119819450144
2021-05-16;TD;Chad;27;4901;2;173;3.529891858804326
2021-05-23;TD;Chad;22;4923;0;173;3.5141174080845015
2021-05-30;TD;Chad;5;4928;0;173;3.510551948051948
2021-06-06;TD;Chad;11;4939;1;174;3.5229803603968413
2021-06-13;TD;Chad;3;4942;0;174;3.5208417644678267
2021-06-20;TD;Chad;4;4946;0;174;3.5179943388596846
2021-06-27;TD;Chad;5;4951;0;174;3.5144415269642493
2021-07-04;TD;Chad;0;4951;0;174;3.5144415269642493
2021-07-11;TD;Chad;3;4954;0;174;3.512313282196205
2021-07-18;TD;Chad;10;4964;0;174;3.5052377115229656
2021-07-25;TD;Chad;5;4969;0;174;3.5017106057556853
2021-08-01;TD;Chad;4;4973;0;174;3.4988940277498495
2021-08-08;TD;Chad;4;4977;0;174;3.496081977094635
2021-08-15;TD;Chad;5;4982;0;174;3.492573263749498
2021-08-22;TD;Chad;3;4985;0;174;3.490471414242728
2021-08-29;TD;Chad;5;4990;0;174;3.486973947895792
2021-09-05;TD;Chad;5;4995;0;174;3.4834834834834836
2021-09-12;TD;Chad;19;5014;0;174;3.470283207020343
2021-09-19;TD;Chad;12;5026;0;174;3.46199761241544
2021-09-26;TD;Chad;5;5031;0;174;3.4585569469290403
2021-10-03;TD;Chad;11;5042;0;174;3.451011503371678
2021-10-10;TD;Chad;17;5059;0;174;3.4394149041312514
2021-10-17;TD;Chad;8;5067;0;174;3.433984606275903
2021-10-24;TD;Chad;0;5067;0;174;3.433984606275903
2021-10-31;TD;Chad;0;5067;0;174;3.433984606275903
2021-11-07;TD;Chad;38;5105;1;175;3.4280117531831538
2021-11-14;TD;Chad;0;5105;0;175;3.4280117531831538
2021-11-21;TD;Chad;0;5105;0;175;3.4280117531831538
2021-11-28;TD;Chad;0;5105;0;175;3.4280117531831538
2021-12-05;TD;Chad;596;5701;6;181;3.174881599719347
2021-12-12;TD;Chad;0;5701;0;181;3.174881599719347
2021-12-19;TD;Chad;0;5701;0;181;3.174881599719347
2021-12-26;TD;Chad;0;5701;0;181;3.174881599719347
2022-01-02;TD;Chad;482;6183;3;184;2.975901665857998
2022-01-09;TD;Chad;0;6183;0;184;2.975901665857998
2022-01-16;TD;Chad;373;6556;1;185;2.821842586943258
2022-01-23;TD;Chad;331;6887;0;185;2.686220415275156
2022-01-30;TD;Chad;186;7073;5;190;2.686271737593666
2022-02-06;TD;Chad;82;7155;0;190;2.655485674353599
2022-02-13;TD;Chad;59;7214;0;190;2.6337676739672857
2022-02-20;TD;Chad;0;7214;0;190;2.6337676739672857
2022-02-27;TD;Chad;32;7246;0;190;2.6221363510902567
2022-03-06;TD;Chad;9;7255;0;190;2.6188835286009646
2022-03-13;TD;Chad;3;7258;0;190;2.6178010471204187
2022-03-20;TD;Chad;9;7267;0;190;2.6145589651850836
2022-03-27;TD;Chad;19;7286;0;190;2.6077408729069447
2022-04-03;TD;Chad;22;7308;1;191;2.6135741652983033
2022-04-10;TD;Chad;39;7347;1;192;2.6133115557370354
2022-04-17;TD;Chad;31;7378;0;192;2.6023312550826785
2022-04-24;TD;Chad;18;7396;1;193;2.609518658734451
2022-05-01;TD;Chad;15;7411;0;193;2.6042369450816354
2022-05-08;TD;Chad;1;7412;0;193;2.603885590933621
2022-05-15;TD;Chad;2;7414;0;193;2.6031831669813865
2022-05-22;TD;Chad;1;7415;0;193;2.6028320971004724
2022-05-29;TD;Chad;2;7417;0;193;2.602130241337468
2022-06-05;TD;Chad;0;7417;0;193;2.602130241337468
2022-06-12;TD;Chad;1;7418;0;193;2.601779455378808
2022-06-19;TD;Chad;2;7420;0;193;2.601078167115903
2022-06-26;TD;Chad;4;7424;0;193;2.599676724137931
2022-07-03;TD;Chad;1;7425;0;193;2.599326599326599
2022-07-10;TD;Chad;1;7426;0;193;2.5989765688122812
2022-07-17;TD;Chad;1;7427;0;193;2.598626632556887
2022-07-24;TD;Chad;3;7430;0;193;2.5975773889636606
2022-07-31;TD;Chad;2;7432;0;193;2.596878363832077
2022-08-07;TD;Chad;5;7437;0;193;2.5951324458787144
2022-08-14;TD;Chad;5;7442;0;193;2.5933888739586135
2022-08-21;TD;Chad;14;7456;0;193;2.588519313304721
2022-08-28;TD;Chad;33;7489;0;193;2.5771130992121782
2022-09-04;TD;Chad;47;7536;0;193;2.5610403397027603
2022-09-11;TD;Chad;11;7547;0;193;2.557307539419637
2022-09-18;TD;Chad;11;7558;0;193;2.5535856046573167
2022-09-25;TD;Chad;13;7571;0;193;2.549200898164047
2022-10-02;TD;Chad;10;7581;0;193;2.5458382799103023
2022-10-09;TD;Chad;9;7590;0;193;2.5428194993412383
2022-10-16;TD;Chad;15;7605;0;193;2.5378040762656147
2022-10-23;TD;Chad;8;7613;0;193;2.535137265204256
2022-10-30;TD;Chad;7;7620;1;194;2.5459317585301835
2022-11-06;TD;Chad;7;7627;0;194;2.5435951225907956
2022-11-13;TD;Chad;4;7631;0;194;2.542261826759271
2022-11-20;TD;Chad;6;7637;0;194;2.5402645017677097
2022-11-27;TD;Chad;4;7641;0;194;2.5389346944117266
2022-12-04;TD;Chad;5;7646;0;194;2.5372743918388703
2022-12-11;TD;Chad;1;7647;0;194;2.536942591866091
2022-12-18;TD;Chad;1;7648;0;194;2.536610878661088
2022-12-25;TD;Chad;1;7649;0;194;2.5362792521898285
2023-01-01;TD;Chad;1;7650;0;194;2.5359477124183005
2023-01-08;TD;Chad;1;7651;0;194;2.535616259312508
2023-01-15;TD;Chad;0;7651;0;194;2.535616259312508
2023-01-22;TD;Chad;0;7651;0;194;2.535616259312508
2023-01-29;TD;Chad;1;7652;0;194;2.5352848928384732
2023-02-05;TD;Chad;0;7652;0;194;2.5352848928384732
2023-02-12;TD;Chad;0;7652;0;194;2.5352848928384732
2023-02-19;TD;Chad;9;7661;0;194;2.532306487403733
2023-02-26;TD;Chad;14;7675;0;194;2.5276872964169383
2023-03-05;TD;Chad;3;7678;0;194;2.5266996613701487
2023-03-12;TD;Chad;1;7679;0;194;2.526370621174632
2023-03-19;TD;Chad;3;7682;0;194;2.5253840145795365
2023-03-26;TD;Chad;3;7685;0;194;2.524398178269356
2023-04-02;TD;Chad;3;7688;0;194;2.523413111342352
2023-04-09;TD;Chad;7;7695;0;194;2.521117608836907
2023-04-16;TD;Chad;1;7696;0;194;2.520790020790021
2023-04-23;TD;Chad;1;7697;0;194;2.520462517864103
2023-04-30;TD;Chad;1;7698;0;194;2.5201351000259806
2023-05-07;TD;Chad;0;7698;0;194;2.5201351000259806
2023-05-14;TD;Chad;0;7698;0;194;2.5201351000259806
2023-05-21;TD;Chad;0;7698;0;194;2.5201351000259806
2023-05-28;TD;Chad;0;7698;0;194;2.5201351000259806
2023-06-04;TD;Chad;0;7698;0;194;2.5201351000259806
2023-06-11;TD;Chad;0;7698;0;194;2.5201351000259806
2023-06-18;TD;Chad;0;7698;0;194;2.5201351000259806
2023-06-25;TD;Chad;0;7698;0;194;2.5201351000259806
2023-07-02;TD;Chad;0;7698;0;194;2.5201351000259806
2023-07-09;TD;Chad;0;7698;0;194;2.5201351000259806
2023-07-16;TD;Chad;0;7698;0;194;2.5201351000259806
2023-07-23;TD;Chad;0;7698;0;194;2.5201351000259806
2023-07-30;TD;Chad;0;7698;0;194;2.5201351000259806
2023-08-06;TD;Chad;0;7698;0;194;2.5201351000259806
2023-08-13;TD;Chad;0;7698;0;194;2.5201351000259806
2023-08-20;TD;Chad;0;7698;0;194;2.5201351000259806
2023-08-27;TD;Chad;0;7698;0;194;2.5201351000259806
2023-09-03;TD;Chad;0;7698;0;194;2.5201351000259806
2023-09-10;TD;Chad;0;7698;0;194;2.5201351000259806
2023-09-17;TD;Chad;0;7698;0;194;2.5201351000259806
2023-09-24;TD;Chad;0;7698;0;194;2.5201351000259806
2023-10-01;TD;Chad;0;7698;0;194;2.5201351000259806
2023-10-08;TD;Chad;0;7698;0;194;2.5201351000259806
2023-10-15;TD;Chad;0;7698;0;194;2.5201351000259806
2023-10-22;TD;Chad;0;7698;0;194;2.5201351000259806
2023-10-29;TD;Chad;0;7698;0;194;2.5201351000259806
2023-11-05;TD;Chad;0;7698;0;194;2.5201351000259806
2023-11-12;TD;Chad;0;7698;0;194;2.5201351000259806
2023-11-19;TD;Chad;0;7698;0;194;2.5201351000259806
2023-11-26;TD;Chad;0;7698;0;194;2.5201351000259806
2023-12-03;TD;Chad;0;7698;0;194;2.5201351000259806
2023-12-10;TD;Chad;0;7698;0;194;2.5201351000259806
2023-12-17;TD;Chad;0;7698;0;194;2.5201351000259806
2023-12-24;TD;Chad;0;7698;0;194;2.5201351000259806
2023-12-31;TD;Chad;0;7698;0;194;2.5201351000259806
2024-01-07;TD;Chad;0;7698;0;194;2.5201351000259806
2024-01-14;TD;Chad;0;7698;0;194;2.5201351000259806
2024-01-21;TD;Chad;0;7698;0;194;2.5201351000259806
2020-01-05;CL;Chile;0;0;0;0;0.0
2020-01-12;CL;Chile;0;0;0;0;0.0
2020-01-19;CL;Chile;0;0;0;0;0.0
2020-01-26;CL;Chile;0;0;0;0;0.0
2020-02-02;CL;Chile;0;0;0;0;0.0
2020-02-09;CL;Chile;0;0;0;0;0.0
2020-02-16;CL;Chile;0;0;0;0;0.0
2020-02-23;CL;Chile;0;0;0;0;0.0
2020-03-01;CL;Chile;1;1;0;0;0.0
2020-03-08;CL;Chile;6;7;0;0;0.0
2020-03-15;CL;Chile;54;61;0;0;0.0
2020-03-22;CL;Chile;476;537;0;0;0.0
2020-03-29;CL;Chile;1372;1909;6;6;0.3143006809848088
2020-04-05;CL;Chile;2252;4161;21;27;0.6488824801730353
2020-04-12;CL;Chile;2766;6927;46;73;1.053847264327992
2020-04-19;CL;Chile;2803;9730;53;126;1.2949640287769784
2020-04-26;CL;Chile;3128;12858;55;181;1.407683932182299
2020-05-03;CL;Chile;5577;18435;66;247;1.3398426905343097
2020-05-10;CL;Chile;8784;27219;57;304;1.1168668944487308
2020-05-17;CL;Chile;14209;41428;117;421;1.0162209133919087
2020-05-24;CL;Chile;23965;65393;252;673;1.0291621427369901
2020-05-31;CL;Chile;29465;94858;324;997;1.0510447194754264
2020-06-07;CL;Chile;32887;127745;544;1541;1.2063094445966573
2020-06-14;CL;Chile;39610;167355;1560;3101;1.8529473275372712
2020-06-21;CL;Chile;69393;236748;1194;4295;1.8141652727794955
2020-06-28;CL;Chile;31018;267766;1052;5347;1.996892809393276
2020-07-05;CL;Chile;24081;291847;845;6192;2.1216596367274634
2020-07-12;CL;Chile;20182;312029;689;6881;2.205243743370007
2020-07-19;CL;Chile;16817;328846;1564;8445;2.568071376875498
2020-07-26;CL;Chile;14746;343592;575;9020;2.625206640434003
2020-08-02;CL;Chile;14066;357658;513;9533;2.665395433626537
2020-08-09;CL;Chile;13365;371023;478;10011;2.6982154745123617
2020-08-16;CL;Chile;12879;383902;384;10395;2.7077222832910484
2020-08-23;CL;Chile;11806;395708;397;10792;2.7272635377601664
2020-08-30;CL;Chile;12301;408009;389;11181;2.7403807268957303
2020-09-06;CL;Chile;12425;420434;370;11551;2.7473991161514055
2020-09-13;CL;Chile;12232;432666;344;11895;2.749233820082928
2020-09-20;CL;Chile;12008;444674;359;12254;2.7557266671764036
2020-09-27;CL;Chile;11305;455979;337;12591;2.761311376181798
2020-10-04;CL;Chile;12492;468471;328;12919;2.757694713226646
2020-10-11;CL;Chile;11124;479595;353;13272;2.767334938854659
2020-10-18;CL;Chile;10408;490003;316;13588;2.7730442466678777
2020-10-25;CL;Chile;10539;500542;304;13892;2.7753914756404057
2020-11-01;CL;Chile;9714;510256;315;14207;2.784288670784861
2020-11-08;CL;Chile;9721;519977;292;14499;2.7883925635172324
2020-11-15;CL;Chile;9699;529676;278;14777;2.7898186816091344
2020-11-22;CL;Chile;9467;539143;253;15030;2.787757607907364
2020-11-29;CL;Chile;9798;548941;292;15322;2.7911924960970302
2020-12-06;CL;Chile;9727;558668;270;15592;2.7909241266727287
2020-12-13;CL;Chile;11113;569781;254;15846;2.781068515798175
2020-12-20;CL;Chile;13573;583354;255;16101;2.7600736431052155
2020-12-27;CL;Chile;15040;598394;303;16404;2.7413376471020765
2021-01-03;CL;Chile;17508;615902;320;16724;2.7153670551483837
2021-01-10;CL;Chile;21840;637742;313;17037;2.6714564824019744
2021-01-17;CL;Chile;27751;665493;398;17435;2.6198622675219725
2021-01-24;CL;Chile;29154;694647;419;17854;2.570226316388036
2021-01-31;CL;Chile;28253;722900;485;18339;2.536865403236962
2021-02-07;CL;Chile;25182;748082;556;18895;2.5257926270114774
2021-02-14;CL;Chile;24313;772395;548;19443;2.517235352377993
2021-02-21;CL;Chile;23450;795845;531;19974;2.5097851968662237
2021-02-28;CL;Chile;25573;821418;502;20476;2.492762515552374
2021-03-07;CL;Chile;29065;850483;532;21008;2.470125799104744
2021-03-14;CL;Chile;34896;885379;566;21574;2.436696601116584
2021-03-21;CL;Chile;39710;925089;606;22180;2.397607149149974
2021-03-28;CL;Chile;44824;969913;473;22653;2.3355703037282725
2021-04-04;CL;Chile;49565;1019478;871;23524;2.307455384029866
2021-04-11;CL;Chile;49044;1068522;689;24213;2.2660272788019338
2021-04-18;CL;Chile;48826;1117348;842;25055;2.2423631670705992
2021-04-25;CL;Chile;45463;1162811;687;25742;2.213773347517352
2021-05-02;CL;Chile;41944;1204755;715;26457;2.1960481591692917
2021-05-09;CL;Chile;37221;1241976;644;27101;2.182087254504113
2021-05-16;CL;Chile;38276;1280252;633;27734;2.166292261211074
2021-05-23;CL;Chile;43161;1323413;652;28386;2.14490865663251
2021-05-30;CL;Chile;46343;1369756;661;29047;2.120596661011158
2021-06-06;CL;Chile;50510;1420266;769;29816;2.0993250560106347
2021-06-13;CL;Chile;48726;1468992;763;30579;2.081631486080251
2021-06-20;CL;Chile;42283;1511275;813;31392;2.0771864816132073
2021-06-27;CL;Chile;31367;1542642;771;32163;2.084929620741559
2021-07-04;CL;Chile;23819;1566461;810;32973;2.1049359032877293
2021-07-11;CL;Chile;18699;1585160;794;33767;2.1301950591738374
2021-07-18;CL;Chile;13321;1598481;636;34403;2.152230774091153
2021-07-25;CL;Chile;9268;1607749;555;34958;2.1743443783824463
2021-08-01;CL;Chile;8022;1615771;490;35448;2.193875245935222
2021-08-08;CL;Chile;6738;1622509;503;35951;2.2157658293420868
2021-08-15;CL;Chile;5784;1628293;380;36331;2.231232339634206
2021-08-22;CL;Chile;4860;1633153;274;36605;2.2413699145150514
2021-08-29;CL;Chile;4081;1637234;236;36841;2.2501975893488653
2021-09-05;CL;Chile;3432;1640666;226;37067;2.2592654446426024
2021-09-12;CL;Chile;2964;1643630;134;37201;2.263343939937821
2021-09-19;CL;Chile;3364;1646994;138;37339;2.2670999408619585
2021-09-26;CL;Chile;3991;1650985;93;37432;2.2672525795207106
2021-10-03;CL;Chile;4899;1655884;52;37484;2.2636851373646945
2021-10-10;CL;Chile;5486;1661370;70;37554;2.260423626284332
2021-10-17;CL;Chile;7866;1669236;43;37597;2.2523477806613323
2021-10-24;CL;Chile;10781;1680017;65;37662;2.2417630297788653
2021-10-31;CL;Chile;12860;1692877;81;37743;2.229518151643622
2021-11-07;CL;Chile;13745;1706622;98;37841;2.21730412475639
2021-11-14;CL;Chile;17106;1723728;110;37951;2.201681471786732
2021-11-21;CL;Chile;16768;1740496;143;38094;2.188686443404639
2021-11-28;CL;Chile;16581;1757077;188;38282;2.1787320646733184
2021-12-05;CL;Chile;13543;1770620;183;38465;2.172402887124284
2021-12-12;CL;Chile;10607;1781227;181;38646;2.169628014845946
2021-12-19;CL;Chile;9297;1790524;194;38840;2.1691973969631237
2021-12-26;CL;Chile;8601;1799125;173;39013;2.1684429931216562
2022-01-02;CL;Chile;9273;1808398;127;39140;2.1643465653025498
2022-01-09;CL;Chile;17019;1825417;111;39251;2.150248408993671
2022-01-16;CL;Chile;41684;1867101;125;39376;2.108937866778498
2022-01-23;CL;Chile;82574;1949675;121;39497;2.025824816956672
2022-01-30;CL;Chile;157937;2107612;156;39653;1.8814184014894584
2022-02-06;CL;Chile;227422;2335034;277;39930;1.7100393398982627
2022-02-13;CL;Chile;247900;2582934;534;40464;1.5665905516749556
2022-02-20;CL;Chile;236312;2819246;732;41196;1.4612417646420355
2022-02-27;CL;Chile;196384;3015630;874;42070;1.3950650444517396
2022-03-06;CL;Chile;152705;3168335;885;42955;1.3557594130671158
2022-03-13;CL;Chile;118141;3286476;830;43785;1.3322780997031471
2022-03-20;CL;Chile;95205;3381681;655;44440;1.3141393289313805
2022-03-27;CL;Chile;61337;3443018;11858;56298;1.6351352214830128
2022-04-03;CL;Chile;39157;3482175;391;56689;1.6279767673939418
2022-04-10;CL;Chile;26381;3508556;308;56997;1.6245144726206453
2022-04-17;CL;Chile;20070;3528626;234;57231;1.6219060903592504
2022-04-24;CL;Chile;15837;3544463;144;57375;1.6187219333365872
2022-05-01;CL;Chile;14168;3558631;152;57527;1.6165486109686562
2022-05-08;CL;Chile;17508;3576139;102;57629;1.6114865781223828
2022-05-15;CL;Chile;24757;3600896;85;57714;1.602767755580833
2022-05-22;CL;Chile;36097;3636993;80;57794;1.589059973445096
2022-05-29;CL;Chile;47592;3684585;83;57877;1.5707874835293525
2022-06-05;CL;Chile;55211;3739796;78;57955;1.5496834586699382
2022-06-12;CL;Chile;69174;3808970;121;58076;1.52471665568382
2022-06-19;CL;Chile;73455;3882425;150;58226;1.4997327701114638
2022-06-26;CL;Chile;65587;3948012;159;58385;1.4788455556872673
2022-07-03;CL;Chile;65891;4013903;178;58563;1.4590038673082035
2022-07-10;CL;Chile;61630;4075533;224;58787;1.4424370996382558
2022-07-17;CL;Chile;54699;4130232;252;59039;1.4294354409146992
2022-07-24;CL;Chile;47285;4177517;264;59303;1.4195753123206918
2022-07-31;CL;Chile;56032;4233549;249;59552;1.4066684949199832
2022-08-07;CL;Chile;63595;4297144;221;59773;1.3909936460123282
2022-08-14;CL;Chile;72562;4369706;188;59961;1.3721975803406454
2022-08-21;CL;Chile;62880;4432586;213;60174;1.3575371126471094
2022-08-28;CL;Chile;54867;4487453;208;60382;1.345573981499082
2022-09-04;CL;Chile;40080;4527533;189;60571;1.3378367424378794
2022-09-11;CL;Chile;32268;4559801;178;60749;1.332273053144205
2022-09-18;CL;Chile;23853;4583654;174;60923;1.3291360997143327
2022-09-25;CL;Chile;19860;4603514;123;61046;1.3260739513336985
2022-10-02;CL;Chile;24409;4627923;132;61178;1.3219321064762746
2022-10-09;CL;Chile;21425;4649348;128;61306;1.3185934888074629
2022-10-16;CL;Chile;25025;4674373;106;61412;1.3138018724650342
2022-10-23;CL;Chile;34497;4708870;123;61535;1.3067891022686973
2022-10-30;CL;Chile;41905;4750775;117;61652;1.2977251080086933
2022-11-06;CL;Chile;35423;4786198;137;61789;1.290982947216141
2022-11-13;CL;Chile;46640;4832838;194;61983;1.2825383346182926
2022-11-20;CL;Chile;39013;4871851;182;62165;1.2760037201466137
2022-11-27;CL;Chile;33684;4905535;192;62357;1.2711559493510902
2022-12-04;CL;Chile;27990;4933525;186;62543;1.2677142611013423
2022-12-11;CL;Chile;22011;4955536;165;62708;1.2654130653071636
2022-12-18;CL;Chile;24097;4979633;142;62850;1.2621412059884736
2022-12-25;CL;Chile;26526;5006159;162;63012;1.2586895462169698
2023-01-01;CL;Chile;31368;5037527;160;63172;1.2540280181128558
2023-01-08;CL;Chile;25207;5062734;158;63330;1.2509051433474483
2023-01-15;CL;Chile;22244;5084978;166;63496;1.2486976344833745
2023-01-22;CL;Chile;16859;5101837;144;63640;1.2473938308887564
2023-01-29;CL;Chile;13293;5115130;124;63764;1.2465763333483215
2023-02-05;CL;Chile;11527;5126657;111;63875;1.245938630183373
2023-02-12;CL;Chile;10648;5137305;110;63985;1.2454973960082183
2023-02-19;CL;Chile;10378;5147683;82;64067;1.24457935735359
2023-02-26;CL;Chile;13526;5161209;91;64158;1.2430808362924268
2023-03-05;CL;Chile;16561;5177770;64;64222;1.2403409189670458
2023-03-12;CL;Chile;22009;5199779;79;64301;1.2366102482432426
2023-03-19;CL;Chile;27654;5227433;78;64379;1.2315605001537082
2023-03-26;CL;Chile;22644;5250077;103;64482;1.2282105576737254
2023-04-02;CL;Chile;14253;5264330;-3432;61050;1.159691736650248
2023-04-09;CL;Chile;8437;5272767;92;61142;1.1595809183299772
2023-04-16;CL;Chile;5485;5278252;105;61247;1.1603652118163361
2023-04-23;CL;Chile;3429;5281681;76;61323;1.161050809391934
2023-04-30;CL;Chile;2227;5283908;61;61384;1.1617159117834754
2023-05-07;CL;Chile;1238;5285146;50;61434;1.1623898374803647
2023-05-14;CL;Chile;952;5286098;24;61458;1.1626345179374276
2023-05-21;CL;Chile;0;5286098;0;61458;1.1626345179374276
2023-05-28;CL;Chile;426;5286524;17;61475;1.162862402591949
2023-06-04;CL;Chile;272;5286796;17;61492;1.163124130380669
2023-06-11;CL;Chile;183;5286979;15;61507;1.1633675866690598
2023-06-18;CL;Chile;206;5287185;12;61519;1.163549223263419
2023-06-25;CL;Chile;147;5287332;10;61529;1.163706005221537
2023-07-02;CL;Chile;148;5287480;3;61532;1.1637301701377594
2023-07-09;CL;Chile;115;5287595;5;61537;1.1637994210978715
2023-07-16;CL;Chile;143;5287738;8;61545;1.1639192410819144
2023-07-23;CL;Chile;164;5287902;11;61556;1.164091165078324
2023-07-30;CL;Chile;262;5288164;2;61558;1.1640713109502656
2023-08-06;CL;Chile;326;5288490;4;61562;1.1640751897044337
2023-08-13;CL;Chile;411;5288901;6;61568;1.164098174649138
2023-08-20;CL;Chile;420;5289321;6;61574;1.1641191752211673
2023-08-27;CL;Chile;478;5289799;4;61578;1.1640895996237286
2023-09-03;CL;Chile;614;5290413;7;61585;1.1640868113699252
2023-09-10;CL;Chile;651;5291064;10;61595;1.1641325827848614
2023-09-17;CL;Chile;802;5291866;8;61603;1.1641073300041989
2023-09-24;CL;Chile;856;5292722;16;61619;1.16422135906628
2023-10-01;CL;Chile;1421;5294143;25;61644;1.1643810905749996
2023-10-08;CL;Chile;1803;5295946;27;61671;1.1644945020209798
2023-10-15;CL;Chile;2083;5298029;34;61705;1.1646784115375737
2023-10-22;CL;Chile;3054;5301083;52;61757;1.1649883618121053
2023-10-29;CL;Chile;3433;5304516;37;61794;1.1649319183880302
2023-11-05;CL;Chile;3500;5308016;56;61850;1.1652187936132823
2023-11-12;CL;Chile;4087;5312103;46;61896;1.1651882503031286
2023-11-19;CL;Chile;3860;5315963;57;61953;1.165414431966513
2023-11-26;CL;Chile;3776;5319739;57;62010;1.1656586911500733
2023-12-03;CL;Chile;3162;5322901;48;62058;1.1658680106956714
2023-12-10;CL;Chile;2179;5325080;48;62106;1.1662923373921144
2023-12-17;CL;Chile;1966;5327046;42;62148;1.166650334913571
2023-12-24;CL;Chile;2838;5329884;32;62180;1.166629517640534
2023-12-31;CL;Chile;2478;5332362;24;62204;1.1665374556341073
2024-01-07;CL;Chile;2411;5334773;16;62220;1.1663101691487154
2024-01-14;CL;Chile;0;5334773;0;62220;1.1663101691487154
2024-01-21;CL;Chile;0;5334773;0;62220;1.1663101691487154
2020-01-05;CN;China;1;1;0;0;0.0
2020-01-12;CN;China;44;45;1;1;2.2222222222222223
2020-01-19;CN;China;80;125;2;3;2.4
2020-01-26;CN;China;1860;1985;53;56;2.8211586901763224
2020-02-02;CN;China;12426;14411;305;361;2.505030879189508
2020-02-09;CN;China;22840;37251;544;905;2.4294649808058844
2020-02-16;CN;China;31333;68584;862;1767;2.5764026595124228
2020-02-23;CN;China;8458;77042;679;2446;3.1748916175592536
2020-03-01;CN;China;2926;79968;427;2873;3.5926870748299318
2020-03-08;CN;China;891;80859;228;3101;3.8350709259327966
2020-03-15;CN;China;189;81048;103;3204;3.953212910867634
2020-03-22;CN;China;450;81498;63;3267;4.0086873297504235
2020-03-29;CN;China;843;82341;39;3306;4.015010747987029
2020-04-05;CN;China;589;82930;32;3338;4.025081393946702
2020-04-12;CN;China;552;83482;11;3349;4.011643228480391
2020-04-19;CN;China;719;84201;1293;4642;5.512998657973183
2020-04-26;CN;China;137;84338;0;4642;5.504043254523465
2020-05-03;CN;China;55;84393;1;4643;5.5016411313734555
2020-05-10;CN;China;37;84430;0;4643;5.499230131469856
2020-05-17;CN;China;54;84484;2;4645;5.498082477155438
2020-05-24;CN;China;41;84525;0;4645;5.495415557527359
2020-05-31;CN;China;45;84570;0;4645;5.492491427220054
2020-06-07;CN;China;59;84629;0;4645;5.488662278887851
2020-06-14;CN;China;100;84729;0;4645;5.482184376069586
2020-06-21;CN;China;268;84997;1;4646;5.466075273244938
2020-06-28;CN;China;193;85190;2;4648;5.456039441248973
2020-07-05;CN;China;116;85306;0;4648;5.448620261177409
2020-07-12;CN;China;216;85522;0;4648;5.434858866724351
2020-07-19;CN;China;415;85937;5;4653;5.414431502146922
2020-07-26;CN;China;902;86839;6;4659;5.365100933912182
2020-08-02;CN;China;1463;88302;15;4674;5.293198342053407
2020-08-09;CN;China;847;89149;14;4688;5.258611986673995
2020-08-16;CN;China;612;89761;22;4710;5.247267744343312
2020-08-23;CN;China;380;90141;7;4717;5.232912880930986
2020-08-30;CN;China;210;90351;11;4728;5.23292492612146
2020-09-06;CN;China;166;90517;7;4735;5.231061568545135
2020-09-13;CN;China;149;90666;6;4741;5.229082566783579
2020-09-20;CN;China;174;90840;3;4744;5.2223690004403345
2020-09-27;CN;China;126;90966;2;4746;5.217333948947958
2020-10-04;CN;China;155;91121;0;4746;5.208459081880138
2020-10-11;CN;China;184;91305;0;4746;5.197962871693774
2020-10-18;CN;China;184;91489;0;4746;5.187508880849063
2020-10-25;CN;China;185;91674;0;4746;5.177040382223968
2020-11-01;CN;China;247;91921;0;4746;5.163129208777102
2020-11-08;CN;China;274;92195;2;4748;5.149953902055426
2020-11-15;CN;China;233;92428;1;4749;5.1380534037304715
2020-11-22;CN;China;220;92648;0;4749;5.125852689750453
2020-11-29;CN;China;681;93329;1;4750;5.089522013522056
2020-12-06;CN;China;831;94160;3;4753;5.047790994052677
2020-12-13;CN;China;790;94950;3;4756;5.008952080042127
2020-12-20;CN;China;766;95716;14;4770;4.983492832964186
2020-12-27;CN;China;608;96324;7;4777;4.95930401561397
2021-01-03;CN;China;648;96972;14;4791;4.9406014107164955
2021-01-10;CN;China;680;97652;7;4798;4.913365829680908
2021-01-17;CN;China;1142;98794;6;4804;4.862643480373302
2021-01-24;CN;China;1342;100136;6;4810;4.80346728449309
2021-01-31;CN;China;838;100974;13;4823;4.7764771129201575
2021-02-07;CN;China;342;101316;8;4831;4.768249832208141
2021-02-14;CN;China;220;101536;7;4838;4.7648124803025524
2021-02-21;CN;China;164;101700;4;4842;4.761061946902655
2021-02-28;CN;China;220;101920;1;4843;4.751766091051805
2021-03-07;CN;China;181;102101;5;4848;4.748239488349771
2021-03-14;CN;China;262;102363;1;4849;4.737063196662857
2021-03-21;CN;China;176;102539;0;4849;4.728932406206419
2021-03-28;CN;China;159;102698;2;4851;4.723558394515959
2021-04-04;CN;China;210;102908;0;4851;4.7139192288257465
2021-04-11;CN;China;205;103113;2;4853;4.706487057887948
2021-04-18;CN;China;202;103315;3;4856;4.70018874316411
2021-04-25;CN;China;169;103484;0;4856;4.692512852228363
2021-05-02;CN;China;183;103667;2;4858;4.686158565406543
2021-05-09;CN;China;141;103808;0;4858;4.6797934648582
2021-05-16;CN;China;617;104425;0;4858;4.652142686138377
2021-05-23;CN;China;2762;107187;11;4869;4.542528478266954
2021-05-30;CN;China;3959;111146;86;4955;4.458100156550843
2021-06-06;CN;China;3521;114667;151;5106;4.45289403228479
2021-06-13;CN;China;1634;116301;177;5283;4.542523280109371
2021-06-20;CN;China;1247;117548;112;5395;4.589614455371422
2021-06-27;CN;China;810;118358;83;5478;4.628330995792426
2021-07-04;CN;China;538;118896;57;5535;4.655329027048849
2021-07-11;CN;China;425;119321;53;5588;4.683165578565383
2021-07-18;CN;China;377;119698;28;5616;4.691807716085481
2021-07-25;CN;China;515;120213;18;5634;4.68668114097477
2021-08-01;CN;China;624;120837;3;5637;4.664961890811589
2021-08-08;CN;China;847;121684;20;5657;4.648926728246935
2021-08-15;CN;China;694;122378;12;5669;4.632368562977006
2021-08-22;CN;China;320;122698;7;5676;4.6259922737126935
2021-08-29;CN;China;297;122995;6;5682;4.619699987804382
2021-09-05;CN;China;236;123231;3;5685;4.613287241035129
2021-09-12;CN;China;313;123544;2;5687;4.603218286602344
2021-09-19;CN;China;558;124102;2;5689;4.5841324072134215
2021-09-26;CN;China;393;124495;1;5690;4.570464677296277
2021-10-03;CN;China;310;124805;2;5692;4.56071471495533
2021-10-10;CN;China;250;125055;3;5695;4.553996241653673
2021-10-17;CN;China;199;125254;0;5695;4.546760981685216
2021-10-24;CN;China;311;125565;0;5695;4.535499542069845
2021-10-31;CN;China;513;126078;1;5696;4.517838163676454
2021-11-07;CN;China;632;126710;0;5696;4.495304238023834
2021-11-14;CN;China;550;127260;1;5697;4.476661951909477
2021-11-21;CN;China;252;127512;0;5697;4.46781479390175
2021-11-28;CN;China;252;127764;0;5697;4.459002535925613
2021-12-05;CN;China;629;128393;0;5697;4.437157788976035
2021-12-12;CN;China;689;129082;0;5697;4.413473605924916
2021-12-19;CN;China;712;129794;2;5699;4.390803889239872
2021-12-26;CN;China;1064;130858;0;5699;4.35510247749469
2022-01-02;CN;China;1650;132508;0;5699;4.300872400156972
2022-01-09;CN;China;1643;134151;0;5699;4.248197926217472
2022-01-16;CN;China;1876;136027;1;5700;4.190344563946864
2022-01-23;CN;China;1323;137350;0;5700;4.149981798325446
2022-01-30;CN;China;1642;138992;0;5700;4.10095545067342
2022-02-06;CN;China;2057;141049;0;5700;4.04114882062262
2022-02-13;CN;China;8591;149640;6;5706;3.8131515637530073
2022-02-20;CN;China;31127;180767;70;5776;3.1952734735875463
2022-02-27;CN;China;120387;301154;372;6148;2.0414804385795975
2022-03-06;CN;China;302580;603734;1348;7496;1.2416064028197848
2022-03-13;CN;China;158173;761907;1986;9482;1.2445088442552699
2022-03-20;CN;China;84389;846296;1905;11387;1.345510317902956
2022-03-27;CN;China;43971;890267;1356;12743;1.4313683423062968
2022-04-03;CN;China;32276;922543;920;13663;1.4810149770796592
2022-04-10;CN;China;21648;944191;599;14262;1.5104994646210355
2022-04-17;CN;China;30667;974858;372;14634;1.501141704740588
2022-04-24;CN;China;42303;1017161;247;14881;1.4629935673900198
2022-05-01;CN;China;91983;1109144;392;15273;1.3770078547059714
2022-05-08;CN;China;227721;1336865;177;15450;1.1556888691079503
2022-05-15;CN;China;414077;1750942;192;15642;0.8933476951263949
2022-05-22;CN;China;554051;2304993;347;15989;0.693668050184968
2022-05-29;CN;China;573340;2878333;669;16658;0.5787377624479169
2022-06-05;CN;China;513969;3392302;1044;17702;0.5218285400297497
2022-06-12;CN;China;489982;3882284;1194;18896;0.48672379454980624
2022-06-19;CN;China;406469;4288753;1091;19987;0.46603290047246837
2022-06-26;CN;China;323183;4611936;982;20969;0.45466806130874327
2022-07-03;CN;China;230021;4841957;689;21658;0.44729847869363565
2022-07-10;CN;China;223915;5065872;709;22367;0.44152319679612906
2022-07-17;CN;China;197555;5263427;528;22895;0.43498275933151537
2022-07-24;CN;China;180690;5444117;458;23353;0.42895845184811426
2022-07-31;CN;China;172003;5616120;351;23704;0.42207075347392864
2022-08-07;CN;China;163340;5779460;330;24034;0.4158520000138421
2022-08-14;CN;China;166696;5946156;224;24258;0.40796104239444775
2022-08-21;CN;China;172424;6118580;241;24499;0.4004033615642845
2022-08-28;CN;China;194464;6313044;267;24766;0.3922988656502315
2022-09-04;CN;China;238044;6551088;292;25058;0.38250134939417696
2022-09-11;CN;China;263288;6814376;296;25354;0.372066349141873
2022-09-18;CN;China;297693;7112069;358;25712;0.3615263012774482
2022-09-25;CN;China;292476;7404545;532;26244;0.35443096098409826
2022-10-02;CN;China;303092;7707637;365;26609;0.34522902414838685
2022-10-09;CN;China;333830;8041467;435;27044;0.3363067957625145
2022-10-16;CN;China;328910;8370377;427;27471;0.3281931028913035
2022-10-23;CN;China;285348;8655725;479;27950;0.3229076709345549
2022-10-30;CN;China;257994;8913719;510;28460;0.3192831185277436
2022-11-06;CN;China;219102;9132821;479;28939;0.3168681396471036
2022-11-13;CN;China;171745;9304566;431;29370;0.3156514769200412
2022-11-20;CN;China;158813;9463379;468;29838;0.31529964085766826
2022-11-27;CN;China;144205;9607584;354;30192;0.31425174112451165
2022-12-04;CN;China;146141;9753725;375;30567;0.3133879620350174
2022-12-11;CN;China;1117898;10871623;871;31438;0.2891748545732316
2022-12-18;CN;China;11098550;21970173;1708;33146;0.15086817932658064
2022-12-25;CN;China;40475477;62445650;5849;38995;0.062446303305354334
2023-01-01;CN;China;24644876;87090526;17893;56888;0.06532053785046608
2023-01-08;CN;China;8061762;95152288;12991;69879;0.07343911688177167
2023-01-15;CN;China;2361571;97513859;0;69879;0.07166058313823884
2023-01-22;CN;China;755183;98269042;0;69879;0.07110988219463868
2023-01-29;CN;China;175542;98444584;0;69879;0.0709830822181137
2023-02-05;CN;China;192969;98637553;47687;117566;0.11918989920603566
2023-02-12;CN;China;148174;98785727;1360;118926;0.1203878369999747
2023-02-19;CN;China;118748;98904475;537;119463;0.12078624349403806
2023-02-26;CN;China;77670;98982145;358;119821;0.12105314549406866
2023-03-05;CN;China;84790;99066935;360;120181;0.12131292847608538
2023-03-12;CN;China;92268;99159203;329;120510;0.12153183603139689
2023-03-19;CN;China;65301;99224504;265;120775;0.12171892539770217
2023-03-26;CN;China;13602;99238106;119;120894;0.12182215569491019
2023-04-02;CN;China;1060;99239166;3;120897;0.12182387747998608
2023-04-09;CN;China;1228;99240394;8;120905;0.12183043126572028
2023-04-16;CN;China;1699;99242093;7;120912;0.12183539901763256
2023-04-23;CN;China;2206;99244299;11;120923;0.12184377462326576
2023-04-30;CN;China;3082;99247381;38;120961;0.12187827908526877
2023-05-07;CN;China;3736;99251117;54;121015;0.12192809880416762
2023-05-14;CN;China;4440;99255557;58;121073;0.12198107960846968
2023-05-21;CN;China;4437;99259994;71;121144;0.12204715627929616
2023-05-28;CN;China;6466;99266460;91;121235;0.12213087884870681
2023-06-04;CN;China;5030;99271490;1;121236;0.12212569792193106
2023-06-11;CN;China;6956;99278446;154;121390;0.12227226038570346
2023-06-18;CN;China;4555;99283001;0;121390;0.12226665066258423
2023-06-25;CN;China;2437;99285438;75;121465;0.12233918935826218
2023-07-02;CN;China;3878;99289316;25;121490;0.12235959002880029
2023-07-09;CN;China;2733;99292049;25;121515;0.12238140034757465
2023-07-16;CN;China;2666;99294715;21;121536;0.12239926364661
2023-07-23;CN;China;2445;99297160;0;121536;0.12239624980210914
2023-07-30;CN;China;2541;99299701;27;121563;0.12242030819408006
2023-08-06;CN;China;1954;99301655;84;121647;0.12250249001388748
2023-08-13;CN;China;964;99302619;24;121671;0.12252546934336142
2023-08-20;CN;China;1463;99304082;0;121671;0.12252366423366162
2023-08-27;CN;China;1587;99305669;0;121671;0.12252170618779075
2023-09-03;CN;China;1647;99307316;8;121679;0.12252772998114257
2023-09-10;CN;China;1527;99308843;23;121702;0.12254900603363188
2023-09-17;CN;China;1025;99309868;12;121714;0.12255982456849102
2023-09-24;CN;China;1152;99311020;8;121722;0.12256645838498084
2023-10-01;CN;China;2551;99313571;0;121722;0.12256331010391319
2023-10-08;CN;China;1555;99315126;75;121797;0.12263690829934605
2023-10-15;CN;China;1372;99316498;12;121809;0.12264729672606862
2023-10-22;CN;China;1070;99317568;14;121823;0.12266007157968266
2023-10-29;CN;China;805;99318373;12;121835;0.12267115974604215
2023-11-05;CN;China;636;99319009;32;121867;0.12270259361931411
2023-11-12;CN;China;559;99319568;6;121873;0.1227079441183232
2023-11-19;CN;China;467;99320035;1;121874;0.12270837399523671
2023-11-26;CN;China;390;99320425;3;121877;0.12271091268487827
2023-12-03;CN;China;420;99320845;9;121886;0.12271945531675651
2023-12-10;CN;China;397;99321242;2;121888;0.12272097845896852
2023-12-17;CN;China;395;99321637;0;121888;0.12272049040029415
2023-12-24;CN;China;505;99322142;1;121889;0.12272087325704273
2023-12-31;CN;China;585;99322727;4;121893;0.12272417772017073
2024-01-07;CN;China;1029;99323756;15;121908;0.1227380084176438
2024-01-14;CN;China;1352;99325108;8;121916;0.1227443920826142
2024-01-21;CN;China;1315;99326423;0;121916;0.12274276704799889
2020-01-05;CO;Colombia;0;0;0;0;0.0
2020-01-12;CO;Colombia;0;0;0;0;0.0
2020-01-19;CO;Colombia;0;0;0;0;0.0
2020-01-26;CO;Colombia;0;0;0;0;0.0
2020-02-02;CO;Colombia;0;0;0;0;0.0
2020-02-09;CO;Colombia;0;0;0;0;0.0
2020-02-16;CO;Colombia;0;0;0;0;0.0
2020-02-23;CO;Colombia;0;0;0;0;0.0
2020-03-01;CO;Colombia;0;0;0;0;0.0
2020-03-08;CO;Colombia;1;1;0;0;0.0
2020-03-15;CO;Colombia;15;16;0;0;0.0
2020-03-22;CO;Colombia;180;196;0;0;0.0
2020-03-29;CO;Colombia;527;723;6;6;0.8298755186721992
2020-04-05;CO;Colombia;544;1267;19;25;1.973164956590371
2020-04-12;CO;Colombia;1206;2473;55;80;3.2349373230893654
2020-04-19;CO;Colombia;966;3439;73;153;4.4489677231753415
2020-04-26;CO;Colombia;1442;4881;72;225;4.609711124769515
2020-05-03;CO;Colombia;2125;7006;89;314;4.481872680559521
2020-05-10;CO;Colombia;3045;10051;114;428;4.258282757934534
2020-05-17;CO;Colombia;4165;14216;118;546;3.8407428249859312
2020-05-24;CO;Colombia;4915;19131;136;682;3.564894673566463
2020-05-31;CO;Colombia;7557;26688;171;853;3.1961930455635494
2020-06-07;CO;Colombia;9947;36635;292;1145;3.1254265047086123
2020-06-14;CO;Colombia;10223;46858;400;1545;3.297195783003969
2020-06-21;CO;Colombia;16418;63276;500;2045;3.2318730640369178
2020-06-28;CO;Colombia;21166;84442;766;2811;3.3289121527202106
2020-07-05;CO;Colombia;25063;109505;966;3777;3.4491575727135744
2020-07-12;CO;Colombia;31271;140776;1148;4925;3.49846564755356
2020-07-19;CO;Colombia;41364;182140;1363;6288;3.4522894476776105
2020-07-26;CO;Colombia;51401;233541;1687;7975;3.414817954877302
2020-08-02;CO;Colombia;61967;295508;2130;10105;3.419535173328641
2020-08-09;CO;Colombia;71688;367196;2145;12250;3.336092985762372
2020-08-16;CO;Colombia;77915;445111;2242;14492;3.2558170883217894
2020-08-23;CO;Colombia;77027;522138;2076;16568;3.1731074926551988
2020-08-30;CO;Colombia;68382;590520;2199;18767;3.1780464675201516
2020-09-06;CO;Colombia;59542;650062;2121;20888;3.213231968642991
2020-09-13;CO;Colombia;52026;702088;1630;22518;3.2072902542131474
2020-09-20;CO;Colombia;48383;750471;1332;23850;3.178004213354014
2020-09-27;CO;Colombia;47846;798317;1253;25103;3.1444902213030668
2020-10-04;CO;Colombia;43214;841531;1294;26397;3.136782839847849
2020-10-11;CO;Colombia;52769;894300;1098;27495;3.0744716538074472
2020-10-18;CO;Colombia;51054;945354;1121;28616;3.027014219012137
2020-10-25;CO;Colombia;53588;998942;1186;29802;2.983356391061743
2020-11-01;CO;Colombia;64209;1063151;1333;31135;2.928558596097826
2020-11-08;CO;Colombia;64582;1127733;1270;32405;2.873463842948641
2020-11-15;CO;Colombia;54964;1182697;1264;33669;2.846798461482527
2020-11-22;CO;Colombia;50747;1233444;1260;34929;2.8318269820113438
2020-11-29;CO;Colombia;57066;1290510;1285;36214;2.8061774027322532
2020-12-06;CO;Colombia;62097;1352607;1253;37467;2.769984186093965
2020-12-13;CO;Colombia;56302;1408909;1202;38669;2.7446059326755665
2020-12-20;CO;Colombia;73163;1482072;1350;40019;2.7002061978095533
2020-12-27;CO;Colombia;92635;1574707;1671;41690;2.6474766416863584
2021-01-03;CO;Colombia;80173;1654880;1805;43495;2.62828724741371
2021-01-10;CO;Colombia;100688;1755568;1936;45431;2.587823428087092
2021-01-17;CO;Colombia;114611;1870179;2437;47868;2.559541092055894
2021-01-24;CO;Colombia;117239;1987418;2718;50586;2.5453125613232848
2021-01-31;CO;Colombia;90215;2077633;2698;53284;2.564649290803525
2021-02-07;CO;Colombia;65027;2142660;2119;55403;2.58571121876546
2021-02-14;CO;Colombia;42509;2185169;1793;57196;2.6174634547716904
2021-02-21;CO;Colombia;31832;2217001;1315;58511;2.6391959227803685
2021-02-28;CO;Colombia;27791;2244792;1007;59518;2.6513815088435813
2021-03-07;CO;Colombia;24790;2269582;782;60300;2.6568769050864876
2021-03-14;CO;Colombia;25035;2294617;650;60950;2.656216701959412
2021-03-21;CO;Colombia;29809;2324426;821;61771;2.65747328587789
2021-03-28;CO;Colombia;42911;2367337;874;62645;2.6462223164678287
2021-04-04;CO;Colombia;60711;2428048;1132;63777;2.626677891046635
2021-04-11;CO;Colombia;76158;2504206;1506;65283;2.6069340940801196
2021-04-18;CO;Colombia;115216;2619422;2281;67564;2.5793476576130154
2021-04-25;CO;Colombia;121122;2740544;2882;70446;2.570511548072208
2021-05-02;CO;Colombia;119180;2859724;3274;73720;2.577871151202004
2021-05-09;CO;Colombia;108902;2968626;3147;76867;2.5893123620152894
2021-05-16;CO;Colombia;115834;3084460;3383;80250;2.6017520084552888
2021-05-23;CO;Colombia;107590;3192050;3469;83719;2.622734606287495
2021-05-30;CO;Colombia;150517;3342567;3488;87207;2.608982856588963
2021-06-06;CO;Colombia;175479;3518046;3683;90890;2.583536429029069
2021-06-13;CO;Colombia;176661;3694707;3725;94615;2.5608255268956372
2021-06-20;CO;Colombia;193907;3888614;4131;98746;2.539362353784665
2021-06-27;CO;Colombia;204132;4092746;4575;103321;2.5244908919341684
2021-07-04;CO;Colombia;204556;4297302;4402;107723;2.506758891974546
2021-07-11;CO;Colombia;174320;4471622;4008;111731;2.4986682684717088
2021-07-18;CO;Colombia;129713;4601335;3602;115333;2.506511697148762
2021-07-25;CO;Colombia;104399;4705734;2855;118188;2.511574177375942
2021-08-01;CO;Colombia;70557;4776291;2244;120432;2.5214544088708166
2021-08-08;CO;Colombia;52292;4828583;1655;122087;2.528422934844446
2021-08-15;CO;Colombia;32039;4860622;1134;123221;2.5350870732182016
2021-08-22;CO;Colombia;23310;4883932;802;124023;2.53940882059783
2021-08-29;CO;Colombia;17231;4901163;625;124648;2.543233106101552
2021-09-05;CO;Colombia;13718;4914881;510;125158;2.5465112990528156
2021-09-12;CO;Colombia;11891;4926772;371;125529;2.5478954577155184
2021-09-19;CO;Colombia;10824;4937596;297;125826;2.5483251363619055
2021-09-26;CO;Colombia;10917;4948513;242;126068;2.5475935902360973
2021-10-03;CO;Colombia;10631;4959144;268;126336;2.5475364296741536
2021-10-10;CO;Colombia;9987;4969131;216;126552;2.5467632066854344
2021-10-17;CO;Colombia;9558;4978689;244;126796;2.546774863824593
2021-10-24;CO;Colombia;9332;4988021;198;126994;2.5459796580647915
2021-10-31;CO;Colombia;11027;4999048;231;127225;2.5449845650611875
2021-11-07;CO;Colombia;11934;5010982;231;127456;2.5435333832769706
2021-11-14;CO;Colombia;15840;5026822;265;127721;2.540790185130884
2021-11-21;CO;Colombia;16000;5042822;292;128013;2.5385191069603485
2021-11-28;CO;Colombia;17735;5060557;330;128343;2.536143748603168
2021-12-05;CO;Colombia;15821;5076378;342;128685;2.5349767097722036
2021-12-12;CO;Colombia;13317;5089695;326;129011;2.5347491352625253
2021-12-19;CO;Colombia;13574;5103269;334;129345;2.5345518725350358
2021-12-26;CO;Colombia;14985;5118254;341;129686;2.5337937507595365
2022-01-02;CO;Colombia;39186;5157440;256;129942;2.5195058013277905
2022-01-09;CO;Colombia;111422;5268862;308;130250;2.472070819087689
2022-01-16;CO;Colombia;207042;5475904;481;130731;2.38738663059104
2022-01-23;CO;Colombia;210161;5686065;1093;131824;2.318369557857675
2022-01-30;CO;Colombia;151343;5837408;1736;133560;2.2880017980583163
2022-02-06;CO;Colombia;106375;5943783;1722;135282;2.2760252182826997
2022-02-13;CO;Colombia;64208;6007991;1482;136764;2.27636825687655
2022-02-20;CO;Colombia;31172;6039163;1105;137869;2.2829156954366026
2022-02-27;CO;Colombia;19552;6058715;632;138501;2.2859797828417414
2022-03-06;CO;Colombia;10710;6069425;483;138984;2.2899039035823
2022-03-13;CO;Colombia;6231;6075656;271;139255;2.292015874499807
2022-03-20;CO;Colombia;4240;6079896;160;139415;2.293049091629199
2022-03-27;CO;Colombia;3047;6082943;129;139544;2.294021167056801
2022-04-03;CO;Colombia;2327;6085270;92;139636;2.2946557835560295
2022-04-10;CO;Colombia;2173;6087443;67;139703;2.294937299618247
2022-04-17;CO;Colombia;1938;6089381;38;139741;2.2948309524399932
2022-04-24;CO;Colombia;1422;6090803;24;139765;2.2946892224227247
2022-05-01;CO;Colombia;1600;6092403;28;139793;2.294546174965773
2022-05-08;CO;Colombia;1242;6093645;16;139809;2.294341071723082
2022-05-15;CO;Colombia;1671;6095316;12;139821;2.2939089622260767
2022-05-22;CO;Colombia;3795;6099111;12;139833;2.2926783919820446
2022-05-29;CO;Colombia;4344;6103455;21;139854;2.2913906959255046
2022-06-05;CO;Colombia;5650;6109105;13;139867;2.289484302528767
2022-06-12;CO;Colombia;8742;6117847;27;139894;2.2866541121410853
2022-06-19;CO;Colombia;13810;6131657;24;139918;2.281895415872088
2022-06-26;CO;Colombia;19697;6151354;52;139970;2.275433993881672
2022-07-03;CO;Colombia;23827;6175181;100;140070;2.268273593923806
2022-07-10;CO;Colombia;23667;6198848;132;140202;2.2617428270543174
2022-07-17;CO;Colombia;24649;6223497;163;140365;2.2554039955349863
2022-07-24;CO;Colombia;24137;6247634;238;140603;2.250499949260792
2022-07-31;CO;Colombia;18164;6265798;242;140845;2.2478381843781112
2022-08-07;CO;Colombia;13200;6278998;230;141075;2.246775679813881
2022-08-14;CO;Colombia;7394;6286392;212;141287;2.2475054053262986
2022-08-21;CO;Colombia;6738;6293130;119;141406;2.2469899716039556
2022-08-28;CO;Colombia;6465;6299595;113;141519;2.2464777497601034
2022-09-04;CO;Colombia;3214;6302809;127;141646;2.247347174886626
2022-09-11;CO;Colombia;1508;6304317;62;141708;2.247793059898479
2022-09-18;CO;Colombia;1245;6305562;38;141746;2.24795188755578
2022-09-25;CO;Colombia;990;6306552;23;141769;2.247963705048337
2022-10-02;CO;Colombia;820;6307372;25;141794;2.2480678165169263
2022-10-09;CO;Colombia;715;6308087;13;141807;2.2480190904152084
2022-10-16;CO;Colombia;471;6308558;13;141820;2.2480573214988273
2022-10-23;CO;Colombia;610;6309168;7;141827;2.247950918409527
2022-10-30;CO;Colombia;548;6309716;10;141837;2.247914169195571
2022-11-06;CO;Colombia;616;6310332;13;141850;2.2479007443665404
2022-11-13;CO;Colombia;1027;6311359;12;141862;2.24772509375556
2022-11-20;CO;Colombia;1298;6312657;19;141881;2.247563902173047
2022-11-27;CO;Colombia;2112;6314769;14;141895;2.2470338978353763
2022-12-04;CO;Colombia;3252;6318021;16;141911;2.246130552589173
2022-12-11;CO;Colombia;5336;6323357;32;141943;2.24474120312992
2022-12-18;CO;Colombia;7052;6330409;53;141996;2.2430778169309438
2022-12-25;CO;Colombia;7930;6338339;80;142076;2.241533625765362
2023-01-01;CO;Colombia;6776;6345115;103;142179;2.2407631697770647
2023-01-08;CO;Colombia;4856;6349971;80;142259;2.2403094439328934
2023-01-15;CO;Colombia;0;6349971;0;142259;2.2403094439328934
2023-01-22;CO;Colombia;4820;6354791;126;142385;2.2405929636395596
2023-01-29;CO;Colombia;1518;6356309;101;142486;2.241646842530783
2023-02-05;CO;Colombia;891;6357200;58;142544;2.242245013527968
2023-02-12;CO;Colombia;868;6358068;32;142576;2.242442200995648
2023-02-19;CO;Colombia;707;6358775;20;142596;2.2425074011896946
2023-02-26;CO;Colombia;689;6359464;19;142615;2.2425632097296253
2023-03-05;CO;Colombia;625;6360089;14;142629;2.242562957845401
2023-03-12;CO;Colombia;691;6360780;10;142639;2.2424765516178837
2023-03-19;CO;Colombia;513;6361293;13;142652;2.2425000703473335
2023-03-26;CO;Colombia;517;6361810;13;142665;2.2425221752928803
2023-04-02;CO;Colombia;502;6362312;13;142678;2.2425495637434945
2023-04-09;CO;Colombia;746;6363058;12;142690;2.2424752375351598
2023-04-16;CO;Colombia;486;6363544;8;142698;2.2424296901223597
2023-04-23;CO;Colombia;470;6364014;8;142706;2.2423897873260494
2023-04-30;CO;Colombia;622;6364636;7;142713;2.2422806268889532
2023-05-07;CO;Colombia;626;6365262;9;142722;2.242201499325558
2023-05-14;CO;Colombia;732;6365994;5;142727;2.2420222199392588
2023-05-21;CO;Colombia;0;6365994;0;142727;2.2420222199392588
2023-05-28;CO;Colombia;1334;6367328;0;142727;2.2415525005151298
2023-06-04;CO;Colombia;982;6368310;0;142727;2.24120685079715
2023-06-11;CO;Colombia;1174;6369484;0;142727;2.2407937597456873
2023-06-18;CO;Colombia;1302;6370786;0;142727;2.2403358078579316
2023-06-25;CO;Colombia;1207;6371993;0;142727;2.239911437441943
2023-07-02;CO;Colombia;922;6372915;0;142727;2.2395873787740777
2023-07-09;CO;Colombia;886;6373801;0;142727;2.2392760614898393
2023-07-16;CO;Colombia;832;6374633;0;142727;2.2389837971848734
2023-07-23;CO;Colombia;903;6375536;0;142727;2.2386666783781
2023-07-30;CO;Colombia;858;6376394;0;142727;2.2383654460499147
2023-08-06;CO;Colombia;653;6377047;0;142727;2.238136240802365
2023-08-13;CO;Colombia;754;6377801;0;142727;2.2378716425927996
2023-08-20;CO;Colombia;556;6378357;0;142727;2.2376765678057846
2023-08-27;CO;Colombia;722;6379079;0;142727;2.237423302015855
2023-09-03;CO;Colombia;562;6379641;0;142727;2.237226201286248
2023-09-10;CO;Colombia;528;6380169;0;142727;2.237041056435966
2023-09-17;CO;Colombia;401;6380570;0;142727;2.2369004650054776
2023-09-24;CO;Colombia;452;6381022;0;142727;2.236742014053548
2023-10-01;CO;Colombia;340;6381362;0;142727;2.236622840077087
2023-10-08;CO;Colombia;332;6381694;0;142727;2.2365064824480774
2023-10-15;CO;Colombia;288;6381982;0;142727;2.2364055555155122
2023-10-22;CO;Colombia;421;6382403;0;142727;2.236258036354019
2023-10-29;CO;Colombia;289;6382692;0;142727;2.236156781495958
2023-11-05;CO;Colombia;291;6382983;0;142727;2.236054835176594
2023-11-12;CO;Colombia;302;6383285;0;142727;2.2359490450449884
2023-11-19;CO;Colombia;310;6383595;0;142727;2.2358404629366366
2023-11-26;CO;Colombia;353;6383948;0;142727;2.235716832279962
2023-12-03;CO;Colombia;276;6384224;0;142727;2.2356201787405956
2023-12-10;CO;Colombia;327;6384551;0;142727;2.235505676123505
2023-12-17;CO;Colombia;428;6384979;0;142727;2.2353558249760885
2023-12-24;CO;Colombia;560;6385539;0;142727;2.235159788390612
2023-12-31;CO;Colombia;692;6386231;0;142727;2.2349175906728083
2024-01-07;CO;Colombia;978;6387209;0;142727;2.2345753833951574
2024-01-14;CO;Colombia;2156;6389365;0;142727;2.2338213578344637
2024-01-21;CO;Colombia;2307;6391672;0;142727;2.233015085880502
2020-01-05;KM;Comoros;0;0;0;0;0.0
2020-01-12;KM;Comoros;0;0;0;0;0.0
2020-01-19;KM;Comoros;0;0;0;0;0.0
2020-01-26;KM;Comoros;0;0;0;0;0.0
2020-02-02;KM;Comoros;0;0;0;0;0.0
2020-02-09;KM;Comoros;0;0;0;0;0.0
2020-02-16;KM;Comoros;0;0;0;0;0.0
2020-02-23;KM;Comoros;0;0;0;0;0.0
2020-03-01;KM;Comoros;0;0;0;0;0.0
2020-03-08;KM;Comoros;0;0;0;0;0.0
2020-03-15;KM;Comoros;0;0;0;0;0.0
2020-03-22;KM;Comoros;0;0;0;0;0.0
2020-03-29;KM;Comoros;0;0;0;0;0.0
2020-04-05;KM;Comoros;0;0;0;0;0.0
2020-04-12;KM;Comoros;0;0;0;0;0.0
2020-04-19;KM;Comoros;0;0;0;0;0.0
2020-04-26;KM;Comoros;0;0;0;0;0.0
2020-05-03;KM;Comoros;3;3;0;0;0.0
2020-05-10;KM;Comoros;8;11;1;1;9.090909090909092
2020-05-17;KM;Comoros;0;11;0;1;9.090909090909092
2020-05-24;KM;Comoros;23;34;0;1;2.941176470588235
2020-05-31;KM;Comoros;28;62;1;2;3.225806451612903
2020-06-07;KM;Comoros;9;71;0;2;2.8169014084507045
2020-06-14;KM;Comoros;35;106;0;2;1.8867924528301887
2020-06-21;KM;Comoros;71;177;3;5;2.824858757062147
2020-06-28;KM;Comoros;46;223;2;7;3.1390134529147984
2020-07-05;KM;Comoros;18;241;0;7;2.904564315352697
2020-07-12;KM;Comoros;6;247;0;7;2.834008097165992
2020-07-19;KM;Comoros;17;264;0;7;2.6515151515151514
2020-07-26;KM;Comoros;20;284;0;7;2.464788732394366
2020-08-02;KM;Comoros;32;316;0;7;2.2151898734177213
2020-08-09;KM;Comoros;13;329;0;7;2.127659574468085
2020-08-16;KM;Comoros;6;335;0;7;2.0895522388059704
2020-08-23;KM;Comoros;12;347;0;7;2.0172910662824206
2020-08-30;KM;Comoros;6;353;0;7;1.9830028328611897
2020-09-06;KM;Comoros;25;378;0;7;1.8518518518518516
2020-09-13;KM;Comoros;9;387;0;7;1.8087855297157622
2020-09-20;KM;Comoros;13;400;0;7;1.7500000000000002
2020-09-27;KM;Comoros;4;404;0;7;1.7326732673267329
2020-10-04;KM;Comoros;10;414;0;7;1.6908212560386473
2020-10-11;KM;Comoros;8;422;0;7;1.6587677725118484
2020-10-18;KM;Comoros;12;434;0;7;1.6129032258064515
2020-10-25;KM;Comoros;21;455;0;7;1.5384615384615385
2020-11-01;KM;Comoros;20;475;0;7;1.4736842105263157
2020-11-08;KM;Comoros;18;493;0;7;1.4198782961460445
2020-11-15;KM;Comoros;16;509;0;7;1.37524557956778
2020-11-22;KM;Comoros;17;526;0;7;1.3307984790874523
2020-11-29;KM;Comoros;15;541;0;7;1.2939001848428837
2020-12-06;KM;Comoros;5;546;0;7;1.282051282051282
2020-12-13;KM;Comoros;12;558;0;7;1.2544802867383513
2020-12-20;KM;Comoros;38;596;0;7;1.174496644295302
2020-12-27;KM;Comoros;65;661;0;7;1.059001512859304
2021-01-03;KM;Comoros;133;794;6;13;1.63727959697733
2021-01-10;KM;Comoros;286;1080;5;18;1.6666666666666667
2021-01-17;KM;Comoros;427;1507;23;41;2.72063702720637
2021-01-24;KM;Comoros;683;2190;29;70;3.1963470319634704
2021-01-31;KM;Comoros;458;2648;20;90;3.3987915407854987
2021-02-07;KM;Comoros;368;3016;18;108;3.580901856763926
2021-02-14;KM;Comoros;246;3262;20;128;3.9239730226854688
2021-02-21;KM;Comoros;158;3420;15;143;4.181286549707602
2021-02-28;KM;Comoros;81;3501;1;144;4.113110539845758
2021-03-07;KM;Comoros;25;3526;2;146;4.14066931366988
2021-03-14;KM;Comoros;30;3556;0;146;4.105736782902137
2021-03-21;KM;Comoros;40;3596;0;146;4.060066740823136
2021-03-28;KM;Comoros;24;3620;0;146;4.033149171270718
2021-04-04;KM;Comoros;99;3719;0;146;3.9257865017477815
2021-04-11;KM;Comoros;70;3789;0;146;3.8532594352071783
2021-04-18;KM;Comoros;30;3819;0;146;3.822990311599895
2021-04-25;KM;Comoros;10;3829;0;146;3.8130060067902845
2021-05-02;KM;Comoros;10;3839;0;146;3.8030737171138314
2021-05-09;KM;Comoros;15;3854;0;146;3.788271925272444
2021-05-16;KM;Comoros;9;3863;0;146;3.779446026404349
2021-05-23;KM;Comoros;9;3872;0;146;3.770661157024793
2021-05-30;KM;Comoros;9;3881;0;146;3.761917031692863
2021-06-06;KM;Comoros;7;3888;0;146;3.755144032921811
2021-06-13;KM;Comoros;11;3899;0;146;3.7445498845857914
2021-06-20;KM;Comoros;9;3908;0;146;3.735926305015353
2021-06-27;KM;Comoros;16;3924;0;146;3.720693170234455
2021-07-04;KM;Comoros;34;3958;0;146;3.6887316826680143
2021-07-11;KM;Comoros;38;3996;0;146;3.6536536536536537
2021-07-18;KM;Comoros;15;4011;1;147;3.664921465968586
2021-07-25;KM;Comoros;10;4021;0;147;3.6558070131808007
2021-08-01;KM;Comoros;7;4028;0;147;3.6494538232373386
2021-08-08;KM;Comoros;3;4031;0;147;3.6467377821880427
2021-08-15;KM;Comoros;7;4038;0;147;3.6404160475482916
2021-08-22;KM;Comoros;10;4048;0;147;3.6314229249011856
2021-08-29;KM;Comoros;14;4062;0;147;3.61890694239291
2021-09-05;KM;Comoros;22;4084;0;147;3.5994123408423118
2021-09-12;KM;Comoros;10;4094;0;147;3.590620420127015
2021-09-19;KM;Comoros;12;4106;0;147;3.5801266439357033
2021-09-26;KM;Comoros;11;4117;0;147;3.570561088170998
2021-10-03;KM;Comoros;38;4155;0;147;3.537906137184116
2021-10-10;KM;Comoros;10;4165;0;147;3.5294117647058822
2021-10-17;KM;Comoros;21;4186;0;147;3.511705685618729
2021-10-24;KM;Comoros;19;4205;0;147;3.4958382877526755
2021-10-31;KM;Comoros;54;4259;0;147;3.451514440009392
2021-11-07;KM;Comoros;56;4315;0;147;3.406720741599073
2021-11-14;KM;Comoros;73;4388;2;149;3.3956244302643572
2021-11-21;KM;Comoros;62;4450;1;150;3.3707865168539324
2021-11-28;KM;Comoros;48;4498;0;150;3.3348154735437974
2021-12-05;KM;Comoros;44;4542;0;150;3.302509907529723
2021-12-12;KM;Comoros;25;4567;1;151;3.3063280052550907
2021-12-19;KM;Comoros;100;4667;0;151;3.235483179772873
2021-12-26;KM;Comoros;936;5603;2;153;2.7306799928609675
2022-01-02;KM;Comoros;1232;6835;5;158;2.3116313094367227
2022-01-09;KM;Comoros;759;7594;0;158;2.0805899394258627
2022-01-16;KM;Comoros;151;7745;1;159;2.052937378954164
2022-01-23;KM;Comoros;66;7811;0;159;2.0355908334400206
2022-01-30;KM;Comoros;18;7829;1;160;2.043683739941244
2022-02-06;KM;Comoros;99;7928;0;160;2.0181634712411705
2022-02-13;KM;Comoros;70;7998;0;160;2.000500125031258
2022-02-20;KM;Comoros;22;8020;0;160;1.99501246882793
2022-02-27;KM;Comoros;13;8033;0;160;1.991783891447778
2022-03-06;KM;Comoros;15;8048;0;160;1.9880715705765408
2022-03-13;KM;Comoros;15;8063;0;160;1.9843730621356814
2022-03-20;KM;Comoros;13;8076;0;160;1.981178801386825
2022-03-27;KM;Comoros;7;8083;0;160;1.9794630706420884
2022-04-03;KM;Comoros;10;8093;0;160;1.9770171753367107
2022-04-10;KM;Comoros;6;8099;0;160;1.9755525373502902
2022-04-17;KM;Comoros;4;8103;0;160;1.9745773170430705
2022-04-24;KM;Comoros;2;8105;0;160;1.974090067859346
2022-05-01;KM;Comoros;2;8107;0;160;1.9736030590847413
2022-05-08;KM;Comoros;1;8108;0;160;1.973359644795264
2022-05-15;KM;Comoros;2;8110;0;160;1.972872996300863
2022-05-22;KM;Comoros;9;8119;0;160;1.9706860450794432
2022-05-29;KM;Comoros;6;8125;0;160;1.9692307692307693
2022-06-05;KM;Comoros;6;8131;0;160;1.9677776411265526
2022-06-12;KM;Comoros;4;8135;0;160;1.9668100799016592
2022-06-19;KM;Comoros;1;8136;0;160;1.966568338249754
2022-06-26;KM;Comoros;8;8144;0;160;1.9646365422396856
2022-07-03;KM;Comoros;40;8184;0;160;1.9550342130987293
2022-07-10;KM;Comoros;48;8232;0;160;1.9436345966958213
2022-07-17;KM;Comoros;38;8270;0;160;1.9347037484885126
2022-07-24;KM;Comoros;31;8301;0;160;1.9274786170340925
2022-07-31;KM;Comoros;28;8329;0;160;1.9209989194381079
2022-08-07;KM;Comoros;23;8352;0;160;1.9157088122605364
2022-08-14;KM;Comoros;51;8403;0;160;1.9040818755206474
2022-08-21;KM;Comoros;22;8425;0;160;1.8991097922848663
2022-08-28;KM;Comoros;25;8450;0;160;1.8934911242603552
2022-09-04;KM;Comoros;5;8455;0;160;1.8923713778829097
2022-09-11;KM;Comoros;12;8467;0;160;1.8896893823077834
2022-09-18;KM;Comoros;4;8471;0;160;1.8887970723645378
2022-09-25;KM;Comoros;1;8472;0;160;1.8885741265344664
2022-10-02;KM;Comoros;3;8475;0;160;1.887905604719764
2022-10-09;KM;Comoros;5;8480;0;160;1.8867924528301887
2022-10-16;KM;Comoros;91;8571;0;160;1.8667600046669002
2022-10-23;KM;Comoros;101;8672;0;160;1.8450184501845017
2022-10-30;KM;Comoros;165;8837;0;160;1.8105691976915244
2022-11-06;KM;Comoros;69;8906;0;160;1.796541657309679
2022-11-13;KM;Comoros;30;8936;0;160;1.7905102954341987
2022-11-20;KM;Comoros;20;8956;0;160;1.786511835640911
2022-11-27;KM;Comoros;9;8965;0;160;1.7847183491355272
2022-12-04;KM;Comoros;3;8968;0;160;1.784121320249777
2022-12-11;KM;Comoros;11;8979;0;160;1.7819356275754539
2022-12-18;KM;Comoros;0;8979;0;160;1.7819356275754539
2022-12-25;KM;Comoros;3;8982;0;160;1.781340458695168
2023-01-01;KM;Comoros;3;8985;0;160;1.7807456872565388
2023-01-08;KM;Comoros;1;8986;0;160;1.7805475183618962
2023-01-15;KM;Comoros;1;8987;0;160;1.7803493935684878
2023-01-22;KM;Comoros;5;8992;0;160;1.7793594306049825
2023-01-29;KM;Comoros;1;8993;0;160;1.7791615701100856
2023-02-05;KM;Comoros;0;8993;0;160;1.7791615701100856
2023-02-12;KM;Comoros;0;8993;0;160;1.7791615701100856
2023-02-19;KM;Comoros;5;8998;0;160;1.7781729273171814
2023-02-26;KM;Comoros;5;9003;0;160;1.7771853826502277
2023-03-05;KM;Comoros;20;9023;0;160;1.7732461487310207
2023-03-12;KM;Comoros;29;9052;0;160;1.7675651789659745
2023-03-19;KM;Comoros;15;9067;0;160;1.7646410058453732
2023-03-26;KM;Comoros;13;9080;0;160;1.762114537444934
2023-04-02;KM;Comoros;7;9087;0;160;1.7607571255639924
2023-04-09;KM;Comoros;12;9099;0;160;1.7584349928563578
2023-04-16;KM;Comoros;6;9105;0;160;1.757276221856123
2023-04-23;KM;Comoros;0;9105;0;160;1.757276221856123
2023-04-30;KM;Comoros;4;9109;0;160;1.7565045559336918
2023-05-07;KM;Comoros;0;9109;0;160;1.7565045559336918
2023-05-14;KM;Comoros;0;9109;0;160;1.7565045559336918
2023-05-21;KM;Comoros;0;9109;0;160;1.7565045559336918
2023-05-28;KM;Comoros;0;9109;0;160;1.7565045559336918
2023-06-04;KM;Comoros;0;9109;0;160;1.7565045559336918
2023-06-11;KM;Comoros;0;9109;0;160;1.7565045559336918
2023-06-18;KM;Comoros;0;9109;0;160;1.7565045559336918
2023-06-25;KM;Comoros;0;9109;0;160;1.7565045559336918
2023-07-02;KM;Comoros;0;9109;0;160;1.7565045559336918
2023-07-09;KM;Comoros;0;9109;0;160;1.7565045559336918
2023-07-16;KM;Comoros;0;9109;0;160;1.7565045559336918
2023-07-23;KM;Comoros;0;9109;0;160;1.7565045559336918
2023-07-30;KM;Comoros;0;9109;0;160;1.7565045559336918
2023-08-06;KM;Comoros;0;9109;0;160;1.7565045559336918
2023-08-13;KM;Comoros;0;9109;0;160;1.7565045559336918
2023-08-20;KM;Comoros;0;9109;0;160;1.7565045559336918
2023-08-27;KM;Comoros;0;9109;0;160;1.7565045559336918
2023-09-03;KM;Comoros;0;9109;0;160;1.7565045559336918
2023-09-10;KM;Comoros;0;9109;0;160;1.7565045559336918
2023-09-17;KM;Comoros;0;9109;0;160;1.7565045559336918
2023-09-24;KM;Comoros;0;9109;0;160;1.7565045559336918
2023-10-01;KM;Comoros;0;9109;0;160;1.7565045559336918
2023-10-08;KM;Comoros;0;9109;0;160;1.7565045559336918
2023-10-15;KM;Comoros;0;9109;0;160;1.7565045559336918
2023-10-22;KM;Comoros;0;9109;0;160;1.7565045559336918
2023-10-29;KM;Comoros;0;9109;0;160;1.7565045559336918
2023-11-05;KM;Comoros;0;9109;0;160;1.7565045559336918
2023-11-12;KM;Comoros;0;9109;0;160;1.7565045559336918
2023-11-19;KM;Comoros;0;9109;0;160;1.7565045559336918
2023-11-26;KM;Comoros;0;9109;0;160;1.7565045559336918
2023-12-03;KM;Comoros;0;9109;0;160;1.7565045559336918
2023-12-10;KM;Comoros;0;9109;0;160;1.7565045559336918
2023-12-17;KM;Comoros;0;9109;0;160;1.7565045559336918
2023-12-24;KM;Comoros;0;9109;0;160;1.7565045559336918
2023-12-31;KM;Comoros;0;9109;0;160;1.7565045559336918
2024-01-07;KM;Comoros;0;9109;0;160;1.7565045559336918
2024-01-14;KM;Comoros;0;9109;0;160;1.7565045559336918
2024-01-21;KM;Comoros;0;9109;0;160;1.7565045559336918
2020-01-05;CG;Congo;0;0;0;0;0.0
2020-01-12;CG;Congo;0;0;0;0;0.0
2020-01-19;CG;Congo;0;0;0;0;0.0
2020-01-26;CG;Congo;0;0;0;0;0.0
2020-02-02;CG;Congo;0;0;0;0;0.0
2020-02-09;CG;Congo;0;0;0;0;0.0
2020-02-16;CG;Congo;0;0;0;0;0.0
2020-02-23;CG;Congo;0;0;0;0;0.0
2020-03-01;CG;Congo;0;0;0;0;0.0
2020-03-08;CG;Congo;0;0;0;0;0.0
2020-03-15;CG;Congo;1;1;0;0;0.0
2020-03-22;CG;Congo;2;3;0;0;0.0
2020-03-29;CG;Congo;16;19;0;0;0.0
2020-04-05;CG;Congo;30;49;4;4;8.16326530612245
2020-04-12;CG;Congo;21;70;0;4;5.714285714285714
2020-04-19;CG;Congo;73;143;1;5;3.4965034965034967
2020-04-26;CG;Congo;57;200;2;7;3.5000000000000004
2020-05-03;CG;Congo;29;229;2;9;3.9301310043668125
2020-05-10;CG;Congo;58;287;0;9;3.1358885017421603
2020-05-17;CG;Congo;123;410;5;14;3.414634146341464
2020-05-24;CG;Congo;77;487;1;15;3.0800821355236137
2020-05-31;CG;Congo;117;604;4;19;3.145695364238411
2020-06-07;CG;Congo;79;683;2;21;3.074670571010249
2020-06-14;CG;Congo;96;779;4;25;3.209242618741977
2020-06-21;CG;Congo;104;883;2;27;3.057757644394111
2020-06-28;CG;Congo;446;1329;13;40;3.0097817908201656
2020-07-05;CG;Congo;228;1557;4;44;2.825947334617855
2020-07-12;CG;Congo;665;2222;3;47;2.115211521152115
2020-07-19;CG;Congo;411;2633;2;49;1.8609950626661602
2020-07-26;CG;Congo;526;3159;5;54;1.7094017094017095
2020-08-02;CG;Congo;228;3387;2;56;1.6533805727782698
2020-08-09;CG;Congo;277;3664;2;58;1.5829694323144103
2020-08-16;CG;Congo;167;3831;9;67;1.7488906290785695
2020-08-23;CG;Congo;19;3850;1;68;1.7662337662337664
2020-08-30;CG;Congo;129;3979;1;69;1.7341040462427744
2020-09-06;CG;Congo;888;4867;12;81;1.6642695705773578
2020-09-13;CG;Congo;67;4934;7;88;1.783542764491285
2020-09-20;CG;Congo;68;5002;1;89;1.7792882846861253
2020-09-27;CG;Congo;89;5091;0;89;1.7481830681594972
2020-10-04;CG;Congo;20;5111;0;89;1.7413422030913714
2020-10-11;CG;Congo;45;5156;3;92;1.7843289371605897
2020-10-18;CG;Congo;0;5156;0;92;1.7843289371605897
2020-10-25;CG;Congo;134;5290;0;92;1.7391304347826086
2020-11-01;CG;Congo;58;5348;0;92;1.7202692595362752
2020-11-08;CG;Congo;31;5379;0;92;1.7103550845882134
2020-11-15;CG;Congo;136;5515;0;92;1.668177697189483
2020-11-22;CG;Congo;117;5632;1;93;1.6512784090909092
2020-11-29;CG;Congo;142;5774;1;94;1.6279875303082785
2020-12-06;CG;Congo;0;5774;0;94;1.6279875303082785
2020-12-13;CG;Congo;275;6049;5;99;1.6366341544056868
2020-12-20;CG;Congo;224;6273;1;100;1.5941335883947076
2020-12-27;CG;Congo;116;6389;0;100;1.5651901706057285
2021-01-03;CG;Congo;771;7160;12;112;1.564245810055866
2021-01-10;CG;Congo;441;7601;0;112;1.4734903302197078
2021-01-17;CG;Congo;193;7794;5;117;1.5011547344110854
2021-01-24;CG;Congo;93;7887;0;117;1.4834537847090148
2021-01-31;CG;Congo;173;8060;5;122;1.5136476426799006
2021-02-07;CG;Congo;294;8354;0;122;1.4603782619104622
2021-02-14;CG;Congo;65;8419;1;123;1.4609811141465732
2021-02-21;CG;Congo;206;8625;4;127;1.472463768115942
2021-02-28;CG;Congo;195;8820;1;128;1.4512471655328798
2021-03-07;CG;Congo;359;9179;3;131;1.4271707157642444
2021-03-14;CG;Congo;150;9329;0;131;1.4042233894308072
2021-03-21;CG;Congo;352;9681;4;135;1.3944840409048653
2021-03-28;CG;Congo;0;9681;0;135;1.3944840409048653
2021-04-04;CG;Congo;403;10084;2;137;1.3585878619595397
2021-04-11;CG;Congo;0;10084;0;137;1.3585878619595397
2021-04-18;CG;Congo;0;10084;0;137;1.3585878619595397
2021-04-25;CG;Congo;594;10678;7;144;1.3485671474058814
2021-05-02;CG;Congo;338;11016;3;147;1.3344226579520697
2021-05-09;CG;Congo;327;11343;1;148;1.3047694613417968
2021-05-16;CG;Congo;133;11476;2;150;1.307075636110143
2021-05-23;CG;Congo;182;11658;3;153;1.312403499742666
2021-05-30;CG;Congo;187;11845;1;154;1.3001266357112706
2021-06-06;CG;Congo;75;11920;1;155;1.3003355704697988
2021-06-13;CG;Congo;0;11920;0;155;1.3003355704697988
2021-06-20;CG;Congo;484;12404;9;164;1.3221541438245727
2021-06-27;CG;Congo;192;12596;1;165;1.3099396633852016
2021-07-04;CG;Congo;194;12790;2;167;1.3057075840500392
2021-07-11;CG;Congo;143;12933;5;172;1.329931183793397
2021-07-18;CG;Congo;117;13050;4;176;1.3486590038314177
2021-07-25;CG;Congo;106;13156;1;177;1.3453937366980846
2021-08-01;CG;Congo;60;13216;1;178;1.3468523002421307
2021-08-08;CG;Congo;77;13293;1;179;1.3465733844880765
2021-08-15;CG;Congo;105;13398;0;179;1.336020301537543
2021-08-22;CG;Congo;95;13493;0;179;1.3266137997480176
2021-08-29;CG;Congo;95;13588;4;183;1.3467765675596113
2021-09-05;CG;Congo;113;13701;0;183;1.3356689292752353
2021-09-12;CG;Congo;0;13701;0;183;1.3356689292752353
2021-09-19;CG;Congo;313;14014;8;191;1.3629227914942201
2021-09-26;CG;Congo;230;14244;2;193;1.3549564729008705
2021-10-03;CG;Congo;317;14561;6;199;1.3666643774466039
2021-10-10;CG;Congo;694;15255;20;219;1.4355948869223205
2021-10-17;CG;Congo;707;15962;12;231;1.4471870692895628
2021-10-24;CG;Congo;906;16868;18;249;1.4761678918662555
2021-10-31;CG;Congo;802;17670;29;278;1.5732880588568194
2021-11-07;CG;Congo;483;18153;31;309;1.7021979838043297
2021-11-14;CG;Congo;386;18539;22;331;1.7854253195965262
2021-11-21;CG;Congo;298;18837;18;349;1.8527366353453307
2021-11-28;CG;Congo;133;18970;5;354;1.8661043753294675
2021-12-05;CG;Congo;96;19066;5;359;1.8829329696842547
2021-12-12;CG;Congo;0;19066;0;359;1.8829329696842547
2021-12-19;CG;Congo;113;19179;6;365;1.903123207675061
2021-12-26;CG;Congo;910;20089;2;367;1.8268704266016227
2022-01-02;CG;Congo;1188;21277;2;369;1.7342670489260703
2022-01-09;CG;Congo;1141;22418;1;370;1.65045945222589
2022-01-16;CG;Congo;826;23244;1;371;1.5961108242987438
2022-01-23;CG;Congo;241;23485;0;371;1.5797317436661698
2022-01-30;CG;Congo;220;23705;0;371;1.5650706601982705
2022-02-06;CG;Congo;87;23792;4;375;1.5761600537995963
2022-02-13;CG;Congo;20;23812;0;375;1.5748362170334287
2022-02-20;CG;Congo;51;23863;2;377;1.5798516531869422
2022-02-27;CG;Congo;95;23958;1;378;1.5777610818933134
2022-03-06;CG;Congo;21;23979;0;378;1.576379331915426
2022-03-13;CG;Congo;8;23987;0;378;1.5758535873598198
2022-03-20;CG;Congo;13;24000;6;384;1.6
2022-03-27;CG;Congo;7;24007;0;384;1.599533469404757
2022-04-03;CG;Congo;10;24017;1;385;1.6030311862430777
2022-04-10;CG;Congo;11;24028;0;385;1.602297319793574
2022-04-17;CG;Congo;1;24029;0;385;1.6022306379791085
2022-04-24;CG;Congo;0;24029;0;385;1.6022306379791085
2022-05-01;CG;Congo;12;24041;0;385;1.6014308888981323
2022-05-08;CG;Congo;11;24052;0;385;1.6006984866123402
2022-05-15;CG;Congo;0;24052;0;385;1.6006984866123402
2022-05-22;CG;Congo;0;24052;0;385;1.6006984866123402
2022-05-29;CG;Congo;0;24052;0;385;1.6006984866123402
2022-06-05;CG;Congo;76;24128;0;385;1.59565649867374
2022-06-12;CG;Congo;0;24128;0;385;1.59565649867374
2022-06-19;CG;Congo;0;24128;0;385;1.59565649867374
2022-06-26;CG;Congo;0;24128;0;385;1.59565649867374
2022-07-03;CG;Congo;293;24421;1;386;1.5806068547561523
2022-07-10;CG;Congo;0;24421;0;386;1.5806068547561523
2022-07-17;CG;Congo;183;24604;0;386;1.5688505933994474
2022-07-24;CG;Congo;86;24690;0;386;1.5633859862292425
2022-07-31;CG;Congo;100;24790;0;386;1.5570794675272286
2022-08-07;CG;Congo;16;24806;0;386;1.5560751431105377
2022-08-14;CG;Congo;15;24821;0;386;1.5551347649168041
2022-08-21;CG;Congo;19;24840;0;386;1.5539452495974235
2022-08-28;CG;Congo;11;24851;0;386;1.553257414188564
2022-09-04;CG;Congo;20;24871;0;386;1.552008363153874
2022-09-11;CG;Congo;15;24886;0;386;1.5510728923892951
2022-09-18;CG;Congo;8;24894;0;386;1.5505744356069737
2022-09-25;CG;Congo;22;24916;0;386;1.5492053299084925
2022-10-02;CG;Congo;32;24948;0;386;1.5472182138848805
2022-10-09;CG;Congo;45;24993;0;386;1.5444324410835033
2022-10-16;CG;Congo;23;25016;0;386;1.5430124720179084
2022-10-23;CG;Congo;27;25043;0;386;1.5413488799265265
2022-10-30;CG;Congo;3;25046;0;386;1.5411642577657112
2022-11-06;CG;Congo;5;25051;0;386;1.5408566524290448
2022-11-13;CG;Congo;5;25056;0;386;1.5405491698595148
2022-11-20;CG;Congo;2;25058;0;386;1.540426211190039
2022-11-27;CG;Congo;3;25061;0;386;1.54024180998364
2022-12-04;CG;Congo;1;25062;0;386;1.5401803527252413
2022-12-11;CG;Congo;0;25062;0;386;1.5401803527252413
2022-12-18;CG;Congo;1;25063;0;386;1.540118900371065
2022-12-25;CG;Congo;0;25063;0;386;1.540118900371065
2023-01-01;CG;Congo;0;25063;0;386;1.540118900371065
2023-01-08;CG;Congo;1;25064;0;386;1.5400574529205235
2023-01-15;CG;Congo;0;25064;0;386;1.5400574529205235
2023-01-22;CG;Congo;3;25067;2;388;1.5478517572904615
2023-01-29;CG;Congo;2;25069;0;388;1.5477282699748693
2023-02-05;CG;Congo;1;25070;0;388;1.5476665337056243
2023-02-12;CG;Congo;3;25073;0;388;1.5474813544450206
2023-02-19;CG;Congo;4;25077;0;388;1.5472345176855287
2023-02-26;CG;Congo;0;25077;0;388;1.5472345176855287
2023-03-05;CG;Congo;10;25087;0;388;1.5466177701598436
2023-03-12;CG;Congo;12;25099;0;388;1.545878321845492
2023-03-19;CG;Congo;11;25110;0;388;1.5452011150935883
2023-03-26;CG;Congo;33;25143;1;389;1.5471503002823848
2023-04-02;CG;Congo;0;25143;0;389;1.5471503002823848
2023-04-09;CG;Congo;32;25175;0;389;1.5451837140019862
2023-04-16;CG;Congo;10;25185;0;389;1.5445701806630932
2023-04-23;CG;Congo;3;25188;0;389;1.54438621565825
2023-04-30;CG;Congo;4;25192;0;389;1.5441409971419497
2023-05-07;CG;Congo;0;25192;0;389;1.5441409971419497
2023-05-14;CG;Congo;2;25194;0;389;1.5440184170834326
2023-05-21;CG;Congo;1;25195;0;389;1.543957134352054
2023-05-28;CG;Congo;1;25196;0;389;1.5438958564851564
2023-06-04;CG;Congo;0;25196;0;389;1.5438958564851564
2023-06-11;CG;Congo;0;25196;0;389;1.5438958564851564
2023-06-18;CG;Congo;0;25196;0;389;1.5438958564851564
2023-06-25;CG;Congo;0;25196;0;389;1.5438958564851564
2023-07-02;CG;Congo;0;25196;0;389;1.5438958564851564
2023-07-09;CG;Congo;0;25196;0;389;1.5438958564851564
2023-07-16;CG;Congo;0;25196;0;389;1.5438958564851564
2023-07-23;CG;Congo;0;25196;0;389;1.5438958564851564
2023-07-30;CG;Congo;0;25196;0;389;1.5438958564851564
2023-08-06;CG;Congo;0;25196;0;389;1.5438958564851564
2023-08-13;CG;Congo;0;25196;0;389;1.5438958564851564
2023-08-20;CG;Congo;0;25196;0;389;1.5438958564851564
2023-08-27;CG;Congo;0;25196;0;389;1.5438958564851564
2023-09-03;CG;Congo;0;25196;0;389;1.5438958564851564
2023-09-10;CG;Congo;0;25196;0;389;1.5438958564851564
2023-09-17;CG;Congo;0;25196;0;389;1.5438958564851564
2023-09-24;CG;Congo;0;25196;0;389;1.5438958564851564
2023-10-01;CG;Congo;0;25196;0;389;1.5438958564851564
2023-10-08;CG;Congo;3;25199;0;389;1.543712052065558
2023-10-15;CG;Congo;4;25203;0;389;1.5434670475737016
2023-10-22;CG;Congo;3;25206;0;389;1.5432833452352615
2023-10-29;CG;Congo;3;25209;0;389;1.543099686619858
2023-11-05;CG;Congo;4;25213;0;389;1.5428548764526235
2023-11-12;CG;Congo;0;25213;0;389;1.5428548764526235
2023-11-19;CG;Congo;0;25213;0;389;1.5428548764526235
2023-11-26;CG;Congo;0;25213;0;389;1.5428548764526235
2023-12-03;CG;Congo;0;25213;0;389;1.5428548764526235
2023-12-10;CG;Congo;0;25213;0;389;1.5428548764526235
2023-12-17;CG;Congo;0;25213;0;389;1.5428548764526235
2023-12-24;CG;Congo;0;25213;0;389;1.5428548764526235
2023-12-31;CG;Congo;0;25213;0;389;1.5428548764526235
2024-01-07;CG;Congo;0;25213;0;389;1.5428548764526235
2024-01-14;CG;Congo;0;25213;0;389;1.5428548764526235
2024-01-21;CG;Congo;0;25213;0;389;1.5428548764526235
2020-01-05;CK;Cook Islands;0;0;0;0;0.0
2020-01-12;CK;Cook Islands;0;0;0;0;0.0
2020-01-19;CK;Cook Islands;0;0;0;0;0.0
2020-01-26;CK;Cook Islands;0;0;0;0;0.0
2020-02-02;CK;Cook Islands;0;0;0;0;0.0
2020-02-09;CK;Cook Islands;0;0;0;0;0.0
2020-02-16;CK;Cook Islands;0;0;0;0;0.0
2020-02-23;CK;Cook Islands;0;0;0;0;0.0
2020-03-01;CK;Cook Islands;0;0;0;0;0.0
2020-03-08;CK;Cook Islands;0;0;0;0;0.0
2020-03-15;CK;Cook Islands;0;0;0;0;0.0
2020-03-22;CK;Cook Islands;0;0;0;0;0.0
2020-03-29;CK;Cook Islands;0;0;0;0;0.0
2020-04-05;CK;Cook Islands;0;0;0;0;0.0
2020-04-12;CK;Cook Islands;0;0;0;0;0.0
2020-04-19;CK;Cook Islands;0;0;0;0;0.0
2020-04-26;CK;Cook Islands;0;0;0;0;0.0
2020-05-03;CK;Cook Islands;0;0;0;0;0.0
2020-05-10;CK;Cook Islands;0;0;0;0;0.0
2020-05-17;CK;Cook Islands;0;0;0;0;0.0
2020-05-24;CK;Cook Islands;0;0;0;0;0.0
2020-05-31;CK;Cook Islands;0;0;0;0;0.0
2020-06-07;CK;Cook Islands;0;0;0;0;0.0
2020-06-14;CK;Cook Islands;0;0;0;0;0.0
2020-06-21;CK;Cook Islands;0;0;0;0;0.0
2020-06-28;CK;Cook Islands;0;0;0;0;0.0
2020-07-05;CK;Cook Islands;0;0;0;0;0.0
2020-07-12;CK;Cook Islands;0;0;0;0;0.0
2020-07-19;CK;Cook Islands;0;0;0;0;0.0
2020-07-26;CK;Cook Islands;0;0;0;0;0.0
2020-08-02;CK;Cook Islands;0;0;0;0;0.0
2020-08-09;CK;Cook Islands;0;0;0;0;0.0
2020-08-16;CK;Cook Islands;0;0;0;0;0.0
2020-08-23;CK;Cook Islands;0;0;0;0;0.0
2020-08-30;CK;Cook Islands;0;0;0;0;0.0
2020-09-06;CK;Cook Islands;0;0;0;0;0.0
2020-09-13;CK;Cook Islands;0;0;0;0;0.0
2020-09-20;CK;Cook Islands;0;0;0;0;0.0
2020-09-27;CK;Cook Islands;0;0;0;0;0.0
2020-10-04;CK;Cook Islands;0;0;0;0;0.0
2020-10-11;CK;Cook Islands;0;0;0;0;0.0
2020-10-18;CK;Cook Islands;0;0;0;0;0.0
2020-10-25;CK;Cook Islands;0;0;0;0;0.0
2020-11-01;CK;Cook Islands;0;0;0;0;0.0
2020-11-08;CK;Cook Islands;0;0;0;0;0.0
2020-11-15;CK;Cook Islands;0;0;0;0;0.0
2020-11-22;CK;Cook Islands;0;0;0;0;0.0
2020-11-29;CK;Cook Islands;0;0;0;0;0.0
2020-12-06;CK;Cook Islands;0;0;0;0;0.0
2020-12-13;CK;Cook Islands;0;0;0;0;0.0
2020-12-20;CK;Cook Islands;0;0;0;0;0.0
2020-12-27;CK;Cook Islands;0;0;0;0;0.0
2021-01-03;CK;Cook Islands;0;0;0;0;0.0
2021-01-10;CK;Cook Islands;0;0;0;0;0.0
2021-01-17;CK;Cook Islands;0;0;0;0;0.0
2021-01-24;CK;Cook Islands;0;0;0;0;0.0
2021-01-31;CK;Cook Islands;0;0;0;0;0.0
2021-02-07;CK;Cook Islands;0;0;0;0;0.0
2021-02-14;CK;Cook Islands;0;0;0;0;0.0
2021-02-21;CK;Cook Islands;0;0;0;0;0.0
2021-02-28;CK;Cook Islands;0;0;0;0;0.0
2021-03-07;CK;Cook Islands;0;0;0;0;0.0
2021-03-14;CK;Cook Islands;0;0;0;0;0.0
2021-03-21;CK;Cook Islands;0;0;0;0;0.0
2021-03-28;CK;Cook Islands;0;0;0;0;0.0
2021-04-04;CK;Cook Islands;0;0;0;0;0.0
2021-04-11;CK;Cook Islands;0;0;0;0;0.0
2021-04-18;CK;Cook Islands;0;0;0;0;0.0
2021-04-25;CK;Cook Islands;0;0;0;0;0.0
2021-05-02;CK;Cook Islands;0;0;0;0;0.0
2021-05-09;CK;Cook Islands;0;0;0;0;0.0
2021-05-16;CK;Cook Islands;0;0;0;0;0.0
2021-05-23;CK;Cook Islands;0;0;0;0;0.0
2021-05-30;CK;Cook Islands;0;0;0;0;0.0
2021-06-06;CK;Cook Islands;0;0;0;0;0.0
2021-06-13;CK;Cook Islands;0;0;0;0;0.0
2021-06-20;CK;Cook Islands;0;0;0;0;0.0
2021-06-27;CK;Cook Islands;0;0;0;0;0.0
2021-07-04;CK;Cook Islands;0;0;0;0;0.0
2021-07-11;CK;Cook Islands;0;0;0;0;0.0
2021-07-18;CK;Cook Islands;0;0;0;0;0.0
2021-07-25;CK;Cook Islands;0;0;0;0;0.0
2021-08-01;CK;Cook Islands;0;0;0;0;0.0
2021-08-08;CK;Cook Islands;0;0;0;0;0.0
2021-08-15;CK;Cook Islands;0;0;0;0;0.0
2021-08-22;CK;Cook Islands;0;0;0;0;0.0
2021-08-29;CK;Cook Islands;0;0;0;0;0.0
2021-09-05;CK;Cook Islands;0;0;0;0;0.0
2021-09-12;CK;Cook Islands;0;0;0;0;0.0
2021-09-19;CK;Cook Islands;0;0;0;0;0.0
2021-09-26;CK;Cook Islands;0;0;0;0;0.0
2021-10-03;CK;Cook Islands;0;0;0;0;0.0
2021-10-10;CK;Cook Islands;0;0;0;0;0.0
2021-10-17;CK;Cook Islands;0;0;0;0;0.0
2021-10-24;CK;Cook Islands;0;0;0;0;0.0
2021-10-31;CK;Cook Islands;0;0;0;0;0.0
2021-11-07;CK;Cook Islands;0;0;0;0;0.0
2021-11-14;CK;Cook Islands;0;0;0;0;0.0
2021-11-21;CK;Cook Islands;0;0;0;0;0.0
2021-11-28;CK;Cook Islands;0;0;0;0;0.0
2021-12-05;CK;Cook Islands;0;0;0;0;0.0
2021-12-12;CK;Cook Islands;0;0;0;0;0.0
2021-12-19;CK;Cook Islands;0;0;0;0;0.0
2021-12-26;CK;Cook Islands;0;0;0;0;0.0
2022-01-02;CK;Cook Islands;0;0;0;0;0.0
2022-01-09;CK;Cook Islands;0;0;0;0;0.0
2022-01-16;CK;Cook Islands;0;0;0;0;0.0
2022-01-23;CK;Cook Islands;0;0;0;0;0.0
2022-01-30;CK;Cook Islands;0;0;0;0;0.0
2022-02-06;CK;Cook Islands;0;0;0;0;0.0
2022-02-13;CK;Cook Islands;0;0;0;0;0.0
2022-02-20;CK;Cook Islands;4;4;0;0;0.0
2022-02-27;CK;Cook Islands;6;10;0;0;0.0
2022-03-06;CK;Cook Islands;122;132;0;0;0.0
2022-03-13;CK;Cook Islands;206;338;0;0;0.0
2022-03-20;CK;Cook Islands;446;784;0;0;0.0
2022-03-27;CK;Cook Islands;611;1395;0;0;0.0
2022-04-03;CK;Cook Islands;1011;2406;0;0;0.0
2022-04-10;CK;Cook Islands;765;3171;0;0;0.0
2022-04-17;CK;Cook Islands;517;3688;0;0;0.0
2022-04-24;CK;Cook Islands;1039;4727;1;1;0.02115506663845991
2022-05-01;CK;Cook Islands;343;5070;0;1;0.01972386587771203
2022-05-08;CK;Cook Islands;197;5267;0;1;0.018986140117714066
2022-05-15;CK;Cook Islands;148;5415;0;1;0.018467220683287162
2022-05-22;CK;Cook Islands;128;5543;0;1;0.018040772145047807
2022-05-29;CK;Cook Islands;93;5636;0;1;0.017743080198722498
2022-06-05;CK;Cook Islands;61;5697;0;1;0.017553098121818503
2022-06-12;CK;Cook Islands;20;5717;0;1;0.01749169144656288
2022-06-19;CK;Cook Islands;10;5727;0;1;0.01746114894360049
2022-06-26;CK;Cook Islands;41;5768;0;1;0.017337031900138695
2022-07-03;CK;Cook Islands;6;5774;0;1;0.017319016279875303
2022-07-10;CK;Cook Islands;20;5794;0;1;0.01725923369002416
2022-07-17;CK;Cook Islands;20;5814;0;1;0.01719986240110079
2022-07-24;CK;Cook Islands;33;5847;0;1;0.017102787754403968
2022-07-31;CK;Cook Islands;195;6042;0;1;0.0165508109897385
2022-08-07;CK;Cook Islands;87;6129;0;1;0.01631587534671235
2022-08-14;CK;Cook Islands;80;6209;0;1;0.016105653084232566
2022-08-21;CK;Cook Islands;56;6265;0;1;0.01596169193934557
2022-08-28;CK;Cook Islands;0;6265;0;1;0.01596169193934557
2022-09-04;CK;Cook Islands;108;6373;0;1;0.01569119723834929
2022-09-11;CK;Cook Islands;13;6386;0;1;0.015659254619480114
2022-09-18;CK;Cook Islands;3;6389;0;1;0.015651901706057285
2022-09-25;CK;Cook Islands;0;6389;0;1;0.015651901706057285
2022-10-02;CK;Cook Islands;0;6389;0;1;0.015651901706057285
2022-10-09;CK;Cook Islands;0;6389;0;1;0.015651901706057285
2022-10-16;CK;Cook Islands;0;6389;0;1;0.015651901706057285
2022-10-23;CK;Cook Islands;0;6389;0;1;0.015651901706057285
2022-10-30;CK;Cook Islands;0;6389;0;1;0.015651901706057285
2022-11-06;CK;Cook Islands;0;6389;0;1;0.015651901706057285
2022-11-13;CK;Cook Islands;0;6389;0;1;0.015651901706057285
2022-11-20;CK;Cook Islands;0;6389;0;1;0.015651901706057285
2022-11-27;CK;Cook Islands;0;6389;0;1;0.015651901706057285
2022-12-04;CK;Cook Islands;0;6389;0;1;0.015651901706057285
2022-12-11;CK;Cook Islands;0;6389;0;1;0.015651901706057285
2022-12-18;CK;Cook Islands;0;6389;0;1;0.015651901706057285
2022-12-25;CK;Cook Islands;236;6625;0;1;0.01509433962264151
2023-01-01;CK;Cook Islands;85;6710;0;1;0.014903129657228018
2023-01-08;CK;Cook Islands;134;6844;0;1;0.014611338398597311
2023-01-15;CK;Cook Islands;108;6952;0;1;0.014384349827387802
2023-01-22;CK;Cook Islands;36;6988;0;1;0.014310246136233542
2023-01-29;CK;Cook Islands;11;6999;0;1;0.014287755393627661
2023-02-05;CK;Cook Islands;20;7019;1;2;0.028494087476848555
2023-02-12;CK;Cook Islands;3;7022;0;2;0.02848191398461977
2023-02-19;CK;Cook Islands;4;7026;0;2;0.02846569883290635
2023-02-26;CK;Cook Islands;2;7028;0;2;0.028457598178713718
2023-03-05;CK;Cook Islands;1;7029;0;2;0.028453549580310142
2023-03-12;CK;Cook Islands;3;7032;0;2;0.02844141069397042
2023-03-19;CK;Cook Islands;1;7033;0;2;0.028437366699843595
2023-03-26;CK;Cook Islands;4;7037;0;2;0.028421202216853774
2023-04-02;CK;Cook Islands;5;7042;0;2;0.028401022436807723
2023-04-09;CK;Cook Islands;8;7050;0;2;0.028368794326241134
2023-04-16;CK;Cook Islands;5;7055;0;2;0.028348688873139617
2023-04-23;CK;Cook Islands;4;7059;0;2;0.02833262501770789
2023-04-30;CK;Cook Islands;3;7062;0;2;0.02832058906825262
2023-05-07;CK;Cook Islands;5;7067;0;2;0.02830055186076129
2023-05-14;CK;Cook Islands;12;7079;0;2;0.028252578047746855
2023-05-21;CK;Cook Islands;27;7106;0;2;0.028145229383619477
2023-05-28;CK;Cook Islands;14;7120;0;2;0.02808988764044944
2023-06-04;CK;Cook Islands;8;7128;0;2;0.02805836139169473
2023-06-11;CK;Cook Islands;9;7137;0;2;0.028022978842650974
2023-06-18;CK;Cook Islands;5;7142;0;2;0.02800336040324839
2023-06-25;CK;Cook Islands;1;7143;0;2;0.027999440011199778
2023-07-02;CK;Cook Islands;1;7144;0;2;0.027995520716685332
2023-07-09;CK;Cook Islands;0;7144;0;2;0.027995520716685332
2023-07-16;CK;Cook Islands;3;7147;0;2;0.02798376941374003
2023-07-23;CK;Cook Islands;2;7149;0;2;0.027975940691005733
2023-07-30;CK;Cook Islands;2;7151;0;2;0.027968116347364007
2023-08-06;CK;Cook Islands;1;7152;0;2;0.02796420581655481
2023-08-13;CK;Cook Islands;0;7152;0;2;0.02796420581655481
2023-08-20;CK;Cook Islands;0;7152;0;2;0.02796420581655481
2023-08-27;CK;Cook Islands;0;7152;0;2;0.02796420581655481
2023-09-03;CK;Cook Islands;0;7152;0;2;0.02796420581655481
2023-09-10;CK;Cook Islands;0;7152;0;2;0.02796420581655481
2023-09-17;CK;Cook Islands;6;7158;0;2;0.02794076557697681
2023-09-24;CK;Cook Islands;0;7158;0;2;0.02794076557697681
2023-10-01;CK;Cook Islands;0;7158;0;2;0.02794076557697681
2023-10-08;CK;Cook Islands;0;7158;0;2;0.02794076557697681
2023-10-15;CK;Cook Islands;10;7168;0;2;0.027901785714285712
2023-10-22;CK;Cook Islands;0;7168;0;2;0.027901785714285712
2023-10-29;CK;Cook Islands;0;7168;0;2;0.027901785714285712
2023-11-05;CK;Cook Islands;0;7168;0;2;0.027901785714285712
2023-11-12;CK;Cook Islands;0;7168;0;2;0.027901785714285712
2023-11-19;CK;Cook Islands;4;7172;0;2;0.027886224205242612
2023-11-26;CK;Cook Islands;2;7174;0;2;0.027878449958182325
2023-12-03;CK;Cook Islands;0;7174;0;2;0.027878449958182325
2023-12-10;CK;Cook Islands;0;7174;0;2;0.027878449958182325
2023-12-17;CK;Cook Islands;0;7174;0;2;0.027878449958182325
2023-12-24;CK;Cook Islands;29;7203;0;2;0.027766208524226017
2023-12-31;CK;Cook Islands;0;7203;0;2;0.027766208524226017
2024-01-07;CK;Cook Islands;0;7203;0;2;0.027766208524226017
2024-01-14;CK;Cook Islands;0;7203;0;2;0.027766208524226017
2024-01-21;CK;Cook Islands;0;7203;0;2;0.027766208524226017
2020-01-05;CR;Costa Rica;0;0;0;0;0.0
2020-01-12;CR;Costa Rica;0;0;0;0;0.0
2020-01-19;CR;Costa Rica;0;0;0;0;0.0
2020-01-26;CR;Costa Rica;0;0;0;0;0.0
2020-02-02;CR;Costa Rica;0;0;0;0;0.0
2020-02-09;CR;Costa Rica;0;0;0;0;0.0
2020-02-16;CR;Costa Rica;0;0;0;0;0.0
2020-02-23;CR;Costa Rica;0;0;0;0;0.0
2020-03-01;CR;Costa Rica;0;0;0;0;0.0
2020-03-08;CR;Costa Rica;2;2;0;0;0.0
2020-03-15;CR;Costa Rica;24;26;0;0;0.0
2020-03-22;CR;Costa Rica;87;113;2;2;1.7699115044247788
2020-03-29;CR;Costa Rica;150;263;0;2;0.7604562737642585
2020-04-05;CR;Costa Rica;153;416;0;2;0.4807692307692308
2020-04-12;CR;Costa Rica;142;558;1;3;0.5376344086021506
2020-04-19;CR;Costa Rica;91;649;1;4;0.6163328197226503
2020-04-26;CR;Costa Rica;38;687;2;6;0.8733624454148471
2020-05-03;CR;Costa Rica;38;725;0;6;0.8275862068965517
2020-05-10;CR;Costa Rica;48;773;0;6;0.7761966364812419
2020-05-17;CR;Costa Rica;70;843;2;8;0.9489916963226572
2020-05-24;CR;Costa Rica;68;911;2;10;1.0976948408342482
2020-05-31;CR;Costa Rica;111;1022;0;10;0.9784735812133072
2020-06-07;CR;Costa Rica;206;1228;0;10;0.8143322475570033
2020-06-14;CR;Costa Rica;384;1612;2;12;0.7444168734491315
2020-06-21;CR;Costa Rica;446;2058;0;12;0.5830903790087464
2020-06-28;CR;Costa Rica;778;2836;0;12;0.4231311706629055
2020-07-05;CR;Costa Rica;1475;4311;6;18;0.41753653444676403
2020-07-12;CR;Costa Rica;2534;6845;8;26;0.3798392987582177
2020-07-19;CR;Costa Rica;3124;9969;21;47;0.4714615307453105
2020-07-26;CR;Costa Rica;3700;13669;40;87;0.6364766991001536
2020-08-02;CR;Costa Rica;4151;17820;63;150;0.8417508417508417
2020-08-09;CR;Costa Rica;4261;22081;68;218;0.9872741270775779
2020-08-16;CR;Costa Rica;4850;26931;63;281;1.0434072258735285
2020-08-23;CR;Costa Rica;5203;32134;59;340;1.0580693346611068
2020-08-30;CR;Costa Rica;6351;38485;67;407;1.057554891516175
2020-09-06;CR;Costa Rica;7195;45680;62;469;1.026707530647986
2020-09-13;CR;Costa Rica;8289;53969;114;583;1.0802497730178435
2020-09-20;CR;Costa Rica;8405;62374;103;686;1.0998172315387822
2020-09-27;CR;Costa Rica;8442;70816;126;812;1.1466335291459557
2020-10-04;CR;Costa Rica;7013;77829;118;930;1.1949273407084764
2020-10-11;CR;Costa Rica;8224;86053;125;1055;1.2259886349110434
2020-10-18;CR;Costa Rica;8295;94348;113;1168;1.2379700682579386
2020-10-25;CR;Costa Rica;7478;101826;97;1265;1.2423153222163297
2020-11-01;CR;Costa Rica;7040;108866;106;1371;1.2593463523965243
2020-11-08;CR;Costa Rica;6551;115417;82;1453;1.258913331658248
2020-11-15;CR;Costa Rica;6706;122123;84;1537;1.2585671822670585
2020-11-22;CR;Costa Rica;7295;129418;71;1608;1.2424855893306959
2020-11-29;CR;Costa Rica;7675;137093;82;1690;1.232739818955016
2020-12-06;CR;Costa Rica;6592;143685;83;1773;1.233949264015033
2020-12-13;CR;Costa Rica;7262;150947;122;1895;1.2554075271452894
2020-12-20;CR;Costa Rica;6525;157472;101;1996;1.2675269254216623
2020-12-27;CR;Costa Rica;6590;164062;107;2103;1.2818324779656471
2021-01-03;CR;Costa Rica;6529;170591;90;2193;1.285530889671788
2021-01-10;CR;Costa Rica;7023;177614;112;2305;1.297758059612418
2021-01-17;CR;Costa Rica;6573;184187;111;2416;1.3117103812972686
2021-01-24;CR;Costa Rica;5121;189308;102;2518;1.3301075496017072
2021-01-31;CR;Costa Rica;3968;193276;86;2604;1.3472960947039467
2021-02-07;CR;Costa Rica;3162;196438;68;2672;1.3602256182612327
2021-02-14;CR;Costa Rica;2749;199187;42;2714;1.3625387198963788
2021-02-21;CR;Costa Rica;2491;201678;49;2763;1.3700056525748965
2021-02-28;CR;Costa Rica;2663;204341;37;2800;1.3702585384235175
2021-03-07;CR;Costa Rica;2299;206640;33;2833;1.3709833526906698
2021-03-14;CR;Costa Rica;2453;209093;29;2862;1.3687689210064422
2021-03-21;CR;Costa Rica;2810;211903;34;2896;1.3666630486590563
2021-03-28;CR;Costa Rica;3275;215178;35;2931;1.3621280985974402
2021-04-04;CR;Costa Rica;2978;218156;43;2974;1.3632446506169897
2021-04-11;CR;Costa Rica;4388;222544;44;3018;1.3561363146164356
2021-04-18;CR;Costa Rica;6033;228577;53;3071;1.3435297514623081
2021-04-25;CR;Costa Rica;8353;236930;65;3136;1.3235976870805723
2021-05-02;CR;Costa Rica;14061;250991;95;3231;1.287297154081222
2021-05-09;CR;Costa Rica;14495;265486;134;3365;1.2674867977972473
2021-05-16;CR;Costa Rica;17255;282741;182;3547;1.2545050063485663
2021-05-23;CR;Costa Rica;16478;299219;218;3765;1.2582757111012335
2021-05-30;CR;Costa Rica;14883;314102;197;3962;1.2613736938956135
2021-06-06;CR;Costa Rica;13877;327979;191;4153;1.2662396068040942
2021-06-13;CR;Costa Rica;11921;339900;169;4322;1.2715504560164754
2021-06-20;CR;Costa Rica;10730;350630;151;4473;1.2757037332800958
2021-06-27;CR;Costa Rica;10375;361005;129;4602;1.27477458760959
2021-07-04;CR;Costa Rica;10201;371206;84;4686;1.2623718366621228
2021-07-11;CR;Costa Rica;9276;380482;87;4773;1.2544614462707828
2021-07-18;CR;Costa Rica;9316;389798;101;4874;1.2503912282772103
2021-07-25;CR;Costa Rica;8810;398608;67;4941;1.23956368161201
2021-08-01;CR;Costa Rica;8206;406814;89;5030;1.2364372907520391
2021-08-08;CR;Costa Rica;9863;416677;94;5124;1.2297295027083328
2021-08-15;CR;Costa Rica;11618;428295;87;5211;1.216684761671278
2021-08-22;CR;Costa Rica;12352;440647;101;5312;1.205500094179695
2021-08-29;CR;Costa Rica;15137;455784;119;5431;1.191573201340986
2021-09-05;CR;Costa Rica;16531;472315;137;5568;1.1788742682320061
2021-09-12;CR;Costa Rica;17469;489784;186;5754;1.1748035868872808
2021-09-19;CR;Costa Rica;15379;505163;195;5949;1.1776396925348847
2021-09-26;CR;Costa Rica;16019;521182;240;6189;1.1874930446561853
2021-10-03;CR;Costa Rica;12691;533873;224;6413;1.2012220134751148
2021-10-10;CR;Costa Rica;10148;544021;199;6612;1.2153942586775144
2021-10-17;CR;Costa Rica;7123;551144;185;6797;1.2332530155458465
2021-10-24;CR;Costa Rica;4826;555970;149;6946;1.249347986402144
2021-10-31;CR;Costa Rica;3728;559698;83;7029;1.25585583654042
2021-11-07;CR;Costa Rica;2618;562316;105;7134;1.2686816665362537
2021-11-14;CR;Costa Rica;1843;564159;63;7197;1.2757041897762864
2021-11-21;CR;Costa Rica;1389;565548;54;7251;1.28211928960937
2021-11-28;CR;Costa Rica;1012;566560;36;7287;1.2861832815588816
2021-12-05;CR;Costa Rica;823;567383;25;7312;1.288723842624823
2021-12-12;CR;Costa Rica;612;567995;20;7332;1.290856433595366
2021-12-19;CR;Costa Rica;543;568538;8;7340;1.291030678688144
2021-12-26;CR;Costa Rica;985;569523;9;7349;1.2903780883300586
2022-01-02;CR;Costa Rica;3025;572548;8;7357;1.2849577677330108
2022-01-09;CR;Costa Rica;11999;584547;15;7372;1.2611475210718728
2022-01-16;CR;Costa Rica;25335;609882;34;7406;1.2143332644675529
2022-01-23;CR;Costa Rica;33614;643496;45;7451;1.1578937553613387
2022-01-30;CR;Costa Rica;38984;682480;82;7533;1.1037686086039151
2022-02-06;CR;Costa Rica;39491;721971;108;7641;1.0583527593213578
2022-02-13;CR;Costa Rica;35122;757093;131;7772;1.026558163924379
2022-02-20;CR;Costa Rica;26344;783437;122;7894;1.0076113331384655
2022-02-27;CR;Costa Rica;19035;802472;105;7999;0.9967949037474204
2022-03-06;CR;Costa Rica;12111;814583;83;8082;0.9921640888651002
2022-03-13;CR;Costa Rica;8352;822935;78;8160;0.9915728459720391
2022-03-20;CR;Costa Rica;6465;829400;66;8226;0.9918013021461298
2022-03-27;CR;Costa Rica;5326;834726;40;8266;0.9902650690166593
2022-04-03;CR;Costa Rica;4642;839368;42;8308;0.9897923199359517
2022-04-10;CR;Costa Rica;4116;843484;35;8343;0.989111826661798
2022-04-17;CR;Costa Rica;2658;846142;22;8365;0.9886047495574029
2022-04-24;CR;Costa Rica;1642;847784;18;8383;0.9888131882649355
2022-05-01;CR;Costa Rica;4290;852074;22;8405;0.9864166727303028
2022-05-08;CR;Costa Rica;5216;857290;16;8421;0.9822813750306197
2022-05-15;CR;Costa Rica;8874;866164;23;8444;0.9748731187165479
2022-05-22;CR;Costa Rica;11369;877533;28;8472;0.965433778558755
2022-05-29;CR;Costa Rica;13505;891038;23;8495;0.9533824595584026
2022-06-05;CR;Costa Rica;13896;904934;30;8525;0.9420576528232999
2022-06-12;CR;Costa Rica;14938;919872;8;8533;0.9276290614346344
2022-06-19;CR;Costa Rica;16554;936426;0;8533;0.9112305724104199
2022-06-26;CR;Costa Rica;17324;953750;26;8559;0.8974049803407602
2022-07-03;CR;Costa Rica;18010;971760;38;8597;0.8846834609368569
2022-07-10;CR;Costa Rica;20357;992117;27;8624;0.869252316007084
2022-07-17;CR;Costa Rica;17220;1009337;29;8653;0.857295432546315
2022-07-24;CR;Costa Rica;19038;1028375;37;8690;0.8450224869332685
2022-07-31;CR;Costa Rica;16010;1044385;50;8740;0.8368561402164911
2022-08-07;CR;Costa Rica;13310;1057695;34;8774;0.8295397066262012
2022-08-14;CR;Costa Rica;11467;1069162;26;8800;0.8230745200446705
2022-08-21;CR;Costa Rica;10663;1079825;28;8828;0.817539879147084
2022-08-28;CR;Costa Rica;8891;1088716;28;8856;0.8134352760499524
2022-09-04;CR;Costa Rica;8913;1097629;31;8887;0.8096542638724012
2022-09-11;CR;Costa Rica;8163;1105792;26;8913;0.8060286202106726
2022-09-18;CR;Costa Rica;6177;1111969;20;8933;0.8033497336706328
2022-09-25;CR;Costa Rica;6020;1117989;20;8953;0.8008128881411176
2022-10-02;CR;Costa Rica;5012;1123001;13;8966;0.7983964395401252
2022-10-09;CR;Costa Rica;4601;1127602;8;8974;0.7958481804750258
2022-10-16;CR;Costa Rica;2966;1130568;8;8982;0.7944679134735814
2022-10-23;CR;Costa Rica;2528;1133096;8;8990;0.7934014417136765
2022-10-30;CR;Costa Rica;2617;1135713;9;8999;0.7923656768919614
2022-11-06;CR;Costa Rica;2703;1138416;10;9009;0.7913627355905046
2022-11-13;CR;Costa Rica;2448;1140864;10;9019;0.790541203859531
2022-11-20;CR;Costa Rica;2733;1143597;12;9031;0.7897012671421838
2022-11-27;CR;Costa Rica;2538;1146135;7;9038;0.788563301879796
2022-12-04;CR;Costa Rica;2779;1148914;8;9046;0.787352230018957
2022-12-11;CR;Costa Rica;3552;1152466;5;9051;0.7853593945504682
2022-12-18;CR;Costa Rica;4031;1156497;8;9059;0.7833137483279247
2022-12-25;CR;Costa Rica;5190;1161687;13;9072;0.7809332462186458
2023-01-01;CR;Costa Rica;5155;1166842;13;9085;0.7785972736668718
2023-01-08;CR;Costa Rica;4960;1171802;19;9104;0.776923063794054
2023-01-15;CR;Costa Rica;5712;1177514;19;9123;0.7747678583863971
2023-01-22;CR;Costa Rica;4857;1182371;19;9142;0.7731921706469459
2023-01-29;CR;Costa Rica;3805;1186176;16;9158;0.7720608071652099
2023-02-05;CR;Costa Rica;4201;1190377;23;9181;0.7712682620715958
2023-02-12;CR;Costa Rica;4207;1194584;14;9195;0.7697240210818159
2023-02-19;CR;Costa Rica;4471;1199055;19;9214;0.7684384786352586
2023-02-26;CR;Costa Rica;5109;1204164;16;9230;0.7665068877661182
2023-03-05;CR;Costa Rica;5561;1209725;15;9245;0.7642232738845605
2023-03-12;CR;Costa Rica;4926;1214651;21;9266;0.7628528688487475
2023-03-19;CR;Costa Rica;4423;1219074;25;9291;0.7621358506538569
2023-03-26;CR;Costa Rica;3587;1222661;18;9309;0.7613721219536732
2023-04-02;CR;Costa Rica;3654;1226315;17;9326;0.7604897599719486
2023-04-09;CR;Costa Rica;0;1226315;0;9326;0.7604897599719486
2023-04-16;CR;Costa Rica;0;1226315;0;9326;0.7604897599719486
2023-04-23;CR;Costa Rica;1231;1227546;13;9339;0.7607861538386341
2023-04-30;CR;Costa Rica;1113;1228659;12;9351;0.7610736583543521
2023-05-07;CR;Costa Rica;928;1229587;11;9362;0.7613938663957898
2023-05-14;CR;Costa Rica;965;1230552;4;9366;0.7611218380044078
2023-05-21;CR;Costa Rica;0;1230552;0;9366;0.7611218380044078
2023-05-28;CR;Costa Rica;7;1230559;0;9366;0.761117508384401
2023-06-04;CR;Costa Rica;8;1230567;0;9366;0.7611125603075655
2023-06-11;CR;Costa Rica;10;1230577;0;9366;0.7611063753019924
2023-06-18;CR;Costa Rica;16;1230593;1;9367;0.7611777411378091
2023-06-25;CR;Costa Rica;24;1230617;0;9367;0.7611628963357405
2023-07-02;CR;Costa Rica;12;1230629;0;9367;0.7611554741518362
2023-07-09;CR;Costa Rica;3;1230632;0;9367;0.7611536186284771
2023-07-16;CR;Costa Rica;14;1230646;0;9367;0.7611449596390839
2023-07-23;CR;Costa Rica;2;1230648;1;9368;0.7612249806605951
2023-07-30;CR;Costa Rica;4;1230652;0;9368;0.7612225064437388
2023-08-06;CR;Costa Rica;1;1230653;0;9368;0.7612218878920378
2023-08-13;CR;Costa Rica;0;1230653;0;9368;0.7612218878920378
2023-08-20;CR;Costa Rica;0;1230653;0;9368;0.7612218878920378
2023-08-27;CR;Costa Rica;0;1230653;0;9368;0.7612218878920378
2023-09-03;CR;Costa Rica;0;1230653;0;9368;0.7612218878920378
2023-09-10;CR;Costa Rica;0;1230653;0;9368;0.7612218878920378
2023-09-17;CR;Costa Rica;0;1230653;0;9368;0.7612218878920378
2023-09-24;CR;Costa Rica;0;1230653;0;9368;0.7612218878920378
2023-10-01;CR;Costa Rica;0;1230653;0;9368;0.7612218878920378
2023-10-08;CR;Costa Rica;0;1230653;0;9368;0.7612218878920378
2023-10-15;CR;Costa Rica;0;1230653;0;9368;0.7612218878920378
2023-10-22;CR;Costa Rica;0;1230653;0;9368;0.7612218878920378
2023-10-29;CR;Costa Rica;0;1230653;0;9368;0.7612218878920378
2023-11-05;CR;Costa Rica;0;1230653;0;9368;0.7612218878920378
2023-11-12;CR;Costa Rica;0;1230653;0;9368;0.7612218878920378
2023-11-19;CR;Costa Rica;0;1230653;0;9368;0.7612218878920378
2023-11-26;CR;Costa Rica;0;1230653;0;9368;0.7612218878920378
2023-12-03;CR;Costa Rica;0;1230653;0;9368;0.7612218878920378
2023-12-10;CR;Costa Rica;0;1230653;0;9368;0.7612218878920378
2023-12-17;CR;Costa Rica;0;1230653;0;9368;0.7612218878920378
2023-12-24;CR;Costa Rica;0;1230653;0;9368;0.7612218878920378
2023-12-31;CR;Costa Rica;0;1230653;0;9368;0.7612218878920378
2024-01-07;CR;Costa Rica;0;1230653;0;9368;0.7612218878920378
2024-01-14;CR;Costa Rica;0;1230653;0;9368;0.7612218878920378
2024-01-21;CR;Costa Rica;0;1230653;0;9368;0.7612218878920378
2020-01-05;CI;Côte d'Ivoire;0;0;0;0;0.0
2020-01-12;CI;Côte d'Ivoire;0;0;0;0;0.0
2020-01-19;CI;Côte d'Ivoire;0;0;0;0;0.0
2020-01-26;CI;Côte d'Ivoire;0;0;0;0;0.0
2020-02-02;CI;Côte d'Ivoire;0;0;0;0;0.0
2020-02-09;CI;Côte d'Ivoire;0;0;0;0;0.0
2020-02-16;CI;Côte d'Ivoire;0;0;0;0;0.0
2020-02-23;CI;Côte d'Ivoire;0;0;0;0;0.0
2020-03-01;CI;Côte d'Ivoire;0;0;0;0;0.0
2020-03-08;CI;Côte d'Ivoire;0;0;0;0;0.0
2020-03-15;CI;Côte d'Ivoire;9;9;0;0;0.0
2020-03-22;CI;Côte d'Ivoire;53;62;0;0;0.0
2020-03-29;CI;Côte d'Ivoire;116;178;0;0;0.0
2020-04-05;CI;Côte d'Ivoire;160;338;4;4;1.183431952662722
2020-04-12;CI;Côte d'Ivoire;290;628;1;5;0.7961783439490446
2020-04-19;CI;Côte d'Ivoire;240;868;4;9;1.0368663594470047
2020-04-26;CI;Côte d'Ivoire;282;1150;6;15;1.3043478260869565
2020-05-03;CI;Côte d'Ivoire;212;1362;1;16;1.1747430249632893
2020-05-10;CI;Côte d'Ivoire;305;1667;6;22;1.3197360527894422
2020-05-17;CI;Côte d'Ivoire;394;2061;4;26;1.2615235322658904
2020-05-24;CI;Côte d'Ivoire;305;2366;5;31;1.3102282333051563
2020-05-31;CI;Côte d'Ivoire;433;2799;3;34;1.2147195426938193
2020-06-07;CI;Côte d'Ivoire;758;3557;3;37;1.0402024177677818
2020-06-14;CI;Côte d'Ivoire;1291;4848;9;46;0.9488448844884488
2020-06-21;CI;Côte d'Ivoire;2428;7276;7;53;0.7284222100054976
2020-06-28;CI;Côte d'Ivoire;1668;8944;14;67;0.7491055456171735
2020-07-05;CI;Côte d'Ivoire;1300;10244;6;73;0.712612260835611
2020-07-12;CI;Côte d'Ivoire;2199;12443;10;83;0.6670417101985052
2020-07-19;CI;Côte d'Ivoire;1469;13912;9;92;0.6612995974698103
2020-07-26;CI;Côte d'Ivoire;1582;15494;3;95;0.6131405705434362
2020-08-02;CI;Côte d'Ivoire;615;16109;8;103;0.6393941275063629
2020-08-09;CI;Côte d'Ivoire;627;16736;2;105;0.6273900573613767
2020-08-16;CI;Côte d'Ivoire;378;17114;4;109;0.6369054575201589
2020-08-23;CI;Côte d'Ivoire;376;17490;5;114;0.6518010291595198
2020-08-30;CI;Côte d'Ivoire;519;18009;2;116;0.644122383252818
2020-09-06;CI;Côte d'Ivoire;579;18588;4;120;0.6455777921239509
2020-09-13;CI;Côte d'Ivoire;399;18987;1;121;0.6372781376731448
2020-09-20;CI;Côte d'Ivoire;282;19269;0;121;0.6279516321552753
2020-09-27;CI;Côte d'Ivoire;331;19600;0;121;0.6173469387755103
2020-10-04;CI;Côte d'Ivoire;249;19849;0;121;0.6096024988664416
2020-10-11;CI;Côte d'Ivoire;279;20128;0;121;0.6011526232114467
2020-10-18;CI;Côte d'Ivoire;173;20301;1;122;0.6009556179498547
2020-10-25;CI;Côte d'Ivoire;128;20429;0;122;0.597190268735621
2020-11-01;CI;Côte d'Ivoire;287;20716;5;127;0.6130527128789341
2020-11-08;CI;Côte d'Ivoire;141;20857;0;127;0.6089082801936999
2020-11-15;CI;Côte d'Ivoire;132;20989;2;129;0.6146076516270428
2020-11-22;CI;Côte d'Ivoire;181;21170;1;130;0.6140765233821445
2020-11-29;CI;Côte d'Ivoire;135;21305;2;132;0.6195728702182587
2020-12-06;CI;Côte d'Ivoire;180;21485;1;133;0.6190365371189201
2020-12-13;CI;Côte d'Ivoire;154;21639;1;134;0.6192522759831784
2020-12-20;CI;Côte d'Ivoire;133;21772;0;134;0.6154694102516994
2020-12-27;CI;Côte d'Ivoire;309;22081;0;134;0.6068565735247498
2021-01-03;CI;Côte d'Ivoire;169;22250;4;138;0.6202247191011235
2021-01-10;CI;Côte d'Ivoire;1232;23482;2;140;0.5962013457116089
2021-01-17;CI;Côte d'Ivoire;1546;25028;2;142;0.5673645517020937
2021-01-24;CI;Côte d'Ivoire;1584;26612;4;146;0.5486246805952202
2021-01-31;CI;Côte d'Ivoire;1566;28178;7;153;0.5429767904038612
2021-02-07;CI;Côte d'Ivoire;1389;29567;10;163;0.5512902898501708
2021-02-14;CI;Côte d'Ivoire;1317;30884;11;174;0.5633985235073178
2021-02-21;CI;Côte d'Ivoire;1030;31914;11;185;0.5796828977878047
2021-02-28;CI;Côte d'Ivoire;717;32631;7;192;0.5883975360853176
2021-03-07;CI;Côte d'Ivoire;2304;34935;8;200;0.5724917704308
2021-03-14;CI;Côte d'Ivoire;2369;37304;11;211;0.5656229894917435
2021-03-21;CI;Côte d'Ivoire;2609;39913;6;217;0.5436825094580713
2021-03-28;CI;Côte d'Ivoire;2555;42468;12;229;0.5392295375341434
2021-04-04;CI;Côte d'Ivoire;1858;44326;18;247;0.5572350313585707
2021-04-11;CI;Côte d'Ivoire;819;45145;14;261;0.5781371137446008
2021-04-18;CI;Côte d'Ivoire;374;45519;13;274;0.6019464399481536
2021-04-25;CI;Côte d'Ivoire;301;45820;7;281;0.6132693147097338
2021-05-02;CI;Côte d'Ivoire;294;46114;5;286;0.620202107819751
2021-05-09;CI;Côte d'Ivoire;271;46385;5;291;0.6273579821062844
2021-05-16;CI;Côte d'Ivoire;234;46619;6;297;0.6370793024303396
2021-05-23;CI;Côte d'Ivoire;323;46942;1;298;0.6348259554343658
2021-05-30;CI;Côte d'Ivoire;253;47195;3;301;0.6377794257866299
2021-06-06;CI;Côte d'Ivoire;281;47476;5;306;0.6445361867048613
2021-06-13;CI;Côte d'Ivoire;186;47662;0;306;0.64202089715077
2021-06-20;CI;Côte d'Ivoire;369;48031;1;307;0.6391705356956965
2021-06-27;CI;Côte d'Ivoire;145;48176;4;311;0.6455496512786449
2021-07-04;CI;Côte d'Ivoire;337;48513;4;315;0.6493104940943665
2021-07-11;CI;Côte d'Ivoire;263;48776;3;318;0.6519599803181892
2021-07-18;CI;Côte d'Ivoire;349;49125;2;320;0.6513994910941475
2021-07-25;CI;Côte d'Ivoire;429;49554;4;324;0.6538321830730113
2021-08-01;CI;Côte d'Ivoire;581;50135;5;329;0.6562281839034606
2021-08-08;CI;Côte d'Ivoire;1063;51198;12;341;0.6660416422516504
2021-08-15;CI;Côte d'Ivoire;1004;52202;18;359;0.6877131144400597
2021-08-22;CI;Côte d'Ivoire;1254;53456;30;389;0.7277012870398084
2021-08-29;CI;Côte d'Ivoire;1400;54856;35;424;0.7729327694326965
2021-09-05;CI;Côte d'Ivoire;1879;56735;40;464;0.8178373138274434
2021-09-12;CI;Côte d'Ivoire;1049;57784;42;506;0.8756749273155199
2021-09-19;CI;Côte d'Ivoire;1105;58889;55;561;0.9526397120005433
2021-09-26;CI;Côte d'Ivoire;889;59778;32;593;0.9920037471979658
2021-10-03;CI;Côte d'Ivoire;598;60376;43;636;1.053398701470783
2021-10-10;CI;Côte d'Ivoire;409;60785;23;659;1.0841490499300814
2021-10-17;CI;Côte d'Ivoire;197;60982;15;674;1.105244170410941
2021-10-24;CI;Côte d'Ivoire;196;61178;16;690;1.127856418974141
2021-10-31;CI;Côte d'Ivoire;114;61292;5;695;1.13391633492136
2021-11-07;CI;Côte d'Ivoire;112;61404;4;699;1.1383623216728553
2021-11-14;CI;Côte d'Ivoire;99;61503;3;702;1.14140773620799
2021-11-21;CI;Côte d'Ivoire;74;61577;0;702;1.1400360524221707
2021-11-28;CI;Côte d'Ivoire;127;61704;2;704;1.1409308958900557
2021-12-05;CI;Côte d'Ivoire;113;61817;1;705;1.1404629794393129
2021-12-12;CI;Côte d'Ivoire;79;61896;1;706;1.1406229804833916
2021-12-19;CI;Côte d'Ivoire;181;62077;0;706;1.1372972276366446
2021-12-26;CI;Côte d'Ivoire;1770;63847;1;707;1.1073347220699485
2022-01-02;CI;Côte d'Ivoire;7968;71815;11;718;0.9997911299867716
2022-01-09;CI;Côte d'Ivoire;4917;76732;15;733;0.9552728978783297
2022-01-16;CI;Côte d'Ivoire;2356;79088;20;753;0.9521039854339469
2022-01-23;CI;Côte d'Ivoire;1026;80114;25;778;0.9711161594727513
2022-01-30;CI;Côte d'Ivoire;509;80623;6;784;0.9724272230008806
2022-02-06;CI;Côte d'Ivoire;278;80901;2;786;0.9715578299402974
2022-02-13;CI;Côte d'Ivoire;217;81118;3;789;0.9726571167928204
2022-02-20;CI;Côte d'Ivoire;228;81346;2;791;0.9723895458903941
2022-02-27;CI;Côte d'Ivoire;121;81467;1;792;0.9721727816170965
2022-03-06;CI;Côte d'Ivoire;79;81546;3;795;0.9749098668236332
2022-03-13;CI;Côte d'Ivoire;31;81577;0;795;0.9745393922306533
2022-03-20;CI;Côte d'Ivoire;78;81655;1;796;0.9748331394280816
2022-03-27;CI;Côte d'Ivoire;42;81697;0;796;0.9743319828145464
2022-04-03;CI;Côte d'Ivoire;64;81761;0;796;0.9735693056591773
2022-04-10;CI;Côte d'Ivoire;53;81814;0;796;0.9729386168626397
2022-04-17;CI;Côte d'Ivoire;43;81857;1;797;0.9736491686721965
2022-04-24;CI;Côte d'Ivoire;30;81887;2;799;0.9757348541282499
2022-05-01;CI;Côte d'Ivoire;43;81930;0;799;0.9752227511290126
2022-05-08;CI;Côte d'Ivoire;40;81970;0;799;0.9747468586068073
2022-05-15;CI;Côte d'Ivoire;22;81992;0;799;0.9744853156405503
2022-05-22;CI;Côte d'Ivoire;65;82057;0;799;0.9737133943478313
2022-05-29;CI;Côte d'Ivoire;126;82183;0;799;0.9722205322268594
2022-06-05;CI;Côte d'Ivoire;97;82280;0;799;0.9710743801652892
2022-06-12;CI;Côte d'Ivoire;187;82467;0;799;0.968872397443826
2022-06-19;CI;Côte d'Ivoire;192;82659;2;801;0.969041483685987
2022-06-26;CI;Côte d'Ivoire;340;82999;4;805;0.969891203508476
2022-07-03;CI;Côte d'Ivoire;638;83637;0;805;0.9624926766861556
2022-07-10;CI;Côte d'Ivoire;405;84042;0;805;0.9578544061302682
2022-07-17;CI;Côte d'Ivoire;459;84501;1;806;0.9538348658595757
2022-07-24;CI;Côte d'Ivoire;449;84950;3;809;0.9523248969982343
2022-07-31;CI;Côte d'Ivoire;356;85306;2;811;0.950695144538485
2022-08-07;CI;Côte d'Ivoire;406;85712;0;811;0.9461918984506255
2022-08-14;CI;Côte d'Ivoire;380;86092;4;815;0.9466617107280584
2022-08-21;CI;Côte d'Ivoire;348;86440;2;817;0.9451642757982416
2022-08-28;CI;Côte d'Ivoire;166;86606;0;817;0.9433526545504931
2022-09-04;CI;Côte d'Ivoire;202;86808;2;819;0.9434614321260714
2022-09-11;CI;Côte d'Ivoire;111;86919;3;822;0.9457080730335139
2022-09-18;CI;Côte d'Ivoire;100;87019;0;822;0.9446212896034198
2022-09-25;CI;Côte d'Ivoire;110;87129;1;823;0.944576432645847
2022-10-02;CI;Côte d'Ivoire;129;87258;3;826;0.9466180751335121
2022-10-09;CI;Côte d'Ivoire;164;87422;0;826;0.9448422593855094
2022-10-16;CI;Côte d'Ivoire;152;87574;1;827;0.9443442117523466
2022-10-23;CI;Côte d'Ivoire;119;87693;0;827;0.943062730206516
2022-10-30;CI;Côte d'Ivoire;71;87764;0;827;0.9422998040198715
2022-11-06;CI;Côte d'Ivoire;66;87830;2;829;0.9438688375270409
2022-11-13;CI;Côte d'Ivoire;24;87854;0;829;0.9436109909622783
2022-11-20;CI;Côte d'Ivoire;16;87870;1;830;0.9445772163423238
2022-11-27;CI;Côte d'Ivoire;15;87885;0;830;0.9444159981794391
2022-12-04;CI;Côte d'Ivoire;2;87887;0;830;0.9443945065823159
2022-12-11;CI;Côte d'Ivoire;7;87894;0;830;0.9443192936946777
2022-12-18;CI;Côte d'Ivoire;17;87911;0;830;0.9441366836914606
2022-12-25;CI;Côte d'Ivoire;22;87933;0;830;0.9439004696757758
2023-01-01;CI;Côte d'Ivoire;8;87941;1;831;0.9449517290001251
2023-01-08;CI;Côte d'Ivoire;16;87957;2;833;0.9470536739543185
2023-01-15;CI;Côte d'Ivoire;3;87960;0;833;0.9470213733515235
2023-01-22;CI;Côte d'Ivoire;6;87966;0;833;0.9469567787554282
2023-01-29;CI;Côte d'Ivoire;8;87974;0;833;0.9468706663332348
2023-02-05;CI;Côte d'Ivoire;26;88000;0;833;0.946590909090909
2023-02-12;CI;Côte d'Ivoire;58;88058;1;834;0.9471030457198665
2023-02-19;CI;Côte d'Ivoire;51;88109;0;834;0.9465548354878617
2023-02-26;CI;Côte d'Ivoire;73;88182;0;834;0.9457712458324827
2023-03-05;CI;Côte d'Ivoire;58;88240;0;834;0.9451495920217589
2023-03-12;CI;Côte d'Ivoire;28;88268;0;834;0.9448497756831468
2023-03-19;CI;Côte d'Ivoire;25;88293;0;834;0.9445822432129387
2023-03-26;CI;Côte d'Ivoire;4;88297;0;834;0.9445394520765146
2023-04-02;CI;Côte d'Ivoire;4;88301;0;834;0.944496664816933
2023-04-09;CI;Côte d'Ivoire;7;88308;0;834;0.9444217964397336
2023-04-16;CI;Côte d'Ivoire;8;88316;0;834;0.9443362471126409
2023-04-23;CI;Côte d'Ivoire;5;88321;0;834;0.9442827866532308
2023-04-30;CI;Côte d'Ivoire;2;88323;0;834;0.9442614041642607
2023-05-07;CI;Côte d'Ivoire;3;88326;0;834;0.9442293322464506
2023-05-14;CI;Côte d'Ivoire;3;88329;0;834;0.9441972625072172
2023-05-21;CI;Côte d'Ivoire;1;88330;0;834;0.9441865730782293
2023-05-28;CI;Côte d'Ivoire;0;88330;0;834;0.9441865730782293
2023-06-04;CI;Côte d'Ivoire;1;88331;1;835;0.945307989267641
2023-06-11;CI;Côte d'Ivoire;1;88332;0;835;0.9452972875062264
2023-06-18;CI;Côte d'Ivoire;0;88332;0;835;0.9452972875062264
2023-06-25;CI;Côte d'Ivoire;3;88335;0;835;0.9452651836757798
2023-07-02;CI;Côte d'Ivoire;1;88336;0;835;0.9452544828835356
2023-07-09;CI;Côte d'Ivoire;0;88336;0;835;0.9452544828835356
2023-07-16;CI;Côte d'Ivoire;2;88338;0;835;0.9452330820258552
2023-07-23;CI;Côte d'Ivoire;0;88338;0;835;0.9452330820258552
2023-07-30;CI;Côte d'Ivoire;0;88338;0;835;0.9452330820258552
2023-08-06;CI;Côte d'Ivoire;0;88338;0;835;0.9452330820258552
2023-08-13;CI;Côte d'Ivoire;0;88338;0;835;0.9452330820258552
2023-08-20;CI;Côte d'Ivoire;0;88338;0;835;0.9452330820258552
2023-08-27;CI;Côte d'Ivoire;0;88338;0;835;0.9452330820258552
2023-09-03;CI;Côte d'Ivoire;0;88338;0;835;0.9452330820258552
2023-09-10;CI;Côte d'Ivoire;0;88338;0;835;0.9452330820258552
2023-09-17;CI;Côte d'Ivoire;0;88338;0;835;0.9452330820258552
2023-09-24;CI;Côte d'Ivoire;0;88338;0;835;0.9452330820258552
2023-10-01;CI;Côte d'Ivoire;0;88338;0;835;0.9452330820258552
2023-10-08;CI;Côte d'Ivoire;15;88353;0;835;0.945072606476294
2023-10-15;CI;Côte d'Ivoire;0;88353;0;835;0.945072606476294
2023-10-22;CI;Côte d'Ivoire;4;88357;0;835;0.9450298221985808
2023-10-29;CI;Côte d'Ivoire;7;88364;0;835;0.9449549590330903
2023-11-05;CI;Côte d'Ivoire;4;88368;0;835;0.944912185406482
2023-11-12;CI;Côte d'Ivoire;1;88369;0;835;0.9449014926048728
2023-11-19;CI;Côte d'Ivoire;0;88369;0;835;0.9449014926048728
2023-11-26;CI;Côte d'Ivoire;11;88380;0;835;0.9447838877574113
2023-12-03;CI;Côte d'Ivoire;0;88380;0;835;0.9447838877574113
2023-12-10;CI;Côte d'Ivoire;0;88380;0;835;0.9447838877574113
2023-12-17;CI;Côte d'Ivoire;4;88384;0;835;0.9447411296162201
2023-12-24;CI;Côte d'Ivoire;0;88384;0;835;0.9447411296162201
2023-12-31;CI;Côte d'Ivoire;0;88384;0;835;0.9447411296162201
2024-01-07;CI;Côte d'Ivoire;0;88384;0;835;0.9447411296162201
2024-01-14;CI;Côte d'Ivoire;0;88384;0;835;0.9447411296162201
2024-01-21;CI;Côte d'Ivoire;0;88384;0;835;0.9447411296162201
2020-01-05;HR;Croatia;0;0;0;0;0.0
2020-01-12;HR;Croatia;0;0;0;0;0.0
2020-01-19;HR;Croatia;0;0;0;0;0.0
2020-01-26;HR;Croatia;0;0;0;0;0.0
2020-02-02;HR;Croatia;0;0;0;0;0.0
2020-02-09;HR;Croatia;0;0;0;0;0.0
2020-02-16;HR;Croatia;0;0;0;0;0.0
2020-02-23;HR;Croatia;0;0;0;0;0.0
2020-03-01;HR;Croatia;6;6;0;0;0.0
2020-03-08;HR;Croatia;6;12;0;0;0.0
2020-03-15;HR;Croatia;26;38;0;0;0.0
2020-03-22;HR;Croatia;168;206;1;1;0.48543689320388345
2020-03-29;HR;Croatia;451;657;4;5;0.76103500761035
2020-04-05;HR;Croatia;469;1126;7;12;1.0657193605683837
2020-04-12;HR;Croatia;408;1534;9;21;1.3689700130378095
2020-04-19;HR;Croatia;298;1832;18;39;2.12882096069869
2020-04-26;HR;Croatia;184;2016;15;54;2.6785714285714284
2020-05-03;HR;Croatia;72;2088;23;77;3.6877394636015324
2020-05-10;HR;Croatia;88;2176;10;87;3.9981617647058822
2020-05-17;HR;Croatia;48;2224;8;95;4.2715827338129495
2020-05-24;HR;Croatia;19;2243;4;99;4.413731609451627
2020-05-31;HR;Croatia;3;2246;4;103;4.58593054318789
2020-06-07;HR;Croatia;1;2247;1;104;4.6283934134401425
2020-06-14;HR;Croatia;4;2251;3;107;4.7534429142603285
2020-06-21;HR;Croatia;48;2299;0;107;4.654197477163984
2020-06-28;HR;Croatia;325;2624;0;107;4.077743902439025
2020-07-05;HR;Croatia;470;3094;6;113;3.6522301228183585
2020-07-12;HR;Croatia;578;3672;5;118;3.213507625272331
2020-07-19;HR;Croatia;581;4253;2;120;2.8215377380672466
2020-07-26;HR;Croatia;539;4792;13;133;2.775459098497496
2020-08-02;HR;Croatia;432;5224;12;145;2.7756508422664625
2020-08-09;HR;Croatia;319;5543;12;157;2.832401226772506
2020-08-16;HR;Croatia;877;6420;8;165;2.570093457943925
2020-08-23;HR;Croatia;1480;7900;5;170;2.151898734177215
2020-08-30;HR;Croatia;1961;9861;13;183;1.8557955582598114
2020-09-06;HR;Croatia;1878;11739;14;197;1.6781667944458643
2020-09-13;HR;Croatia;1629;13368;21;218;1.6307600239377618
2020-09-20;HR;Croatia;1357;14725;26;244;1.6570458404074704
2020-09-27;HR;Croatia;1282;16007;25;269;1.6805147747860312
2020-10-04;HR;Croatia;1394;17401;24;293;1.6838112752140681
2020-10-11;HR;Croatia;2531;19932;24;317;1.5904073851093719
2020-10-18;HR;Croatia;4829;24761;38;355;1.4337062315738458
2020-10-25;HR;Croatia;9198;33959;74;429;1.2632880826879471
2020-11-01;HR;Croatia;15357;49316;117;546;1.1071457539135372
2020-11-08;HR;Croatia;15388;64704;206;752;1.162215628090999
2020-11-15;HR;Croatia;17140;81844;254;1006;1.2291676848638875
2020-11-22;HR;Croatia;18566;100410;298;1304;1.2986754307339907
2020-11-29;HR;Croatia;23283;123693;351;1655;1.3379900236876785
2020-12-06;HR;Croatia;23761;147454;447;2102;1.4255293176176977
2020-12-13;HR;Croatia;25069;172523;460;2562;1.4850193887191852
2020-12-20;HR;Croatia;20464;192987;539;3101;1.6068439843098241
2020-12-27;HR;Croatia;11325;204312;512;3613;1.7683738595872978
2021-01-03;HR;Croatia;7950;212262;403;4016;1.8920013945030199
2021-01-10;HR;Croatia;7085;219347;326;4342;1.979511914911077
2021-01-17;HR;Croatia;5228;224575;246;4588;2.0429700545474785
2021-01-24;HR;Croatia;3993;228568;211;4799;2.0995939939099086
2021-01-31;HR;Croatia;3522;232090;199;4998;2.1534749450644144
2021-02-07;HR;Croatia;3036;235126;146;5144;2.187763156775516
2021-02-14;HR;Croatia;2333;237459;155;5299;2.2315431295507855
2021-02-21;HR;Croatia;2226;239685;121;5420;2.261301291278136
2021-02-28;HR;Croatia;2932;242617;91;5511;2.2714813883610794
2021-03-07;HR;Croatia;3503;246120;74;5585;2.269218267511783
2021-03-14;HR;Croatia;4364;250484;85;5670;2.2636176362562077
2021-03-21;HR;Croatia;6321;256805;83;5753;2.240221179494169
2021-03-28;HR;Croatia;9096;265901;119;5872;2.2083406982297924
2021-04-04;HR;Croatia;12749;278650;153;6025;2.1622106585322087
2021-04-11;HR;Croatia;12249;290899;244;6269;2.155043503071513
2021-04-18;HR;Croatia;15326;306225;254;6523;2.130133072087517
2021-04-25;HR;Croatia;15147;321372;292;6815;2.120595447020898
2021-05-02;HR;Croatia;12857;334229;315;7130;2.1332679091281728
2021-05-09;HR;Croatia;9600;343829;294;7424;2.159212864534405
2021-05-16;HR;Croatia;6081;349910;263;7687;2.1968506187305303
2021-05-23;HR;Croatia;3825;353735;196;7883;2.2285043888786804
2021-05-30;HR;Croatia;2220;355955;119;8002;2.248036970965431
2021-06-06;HR;Croatia;1453;357408;78;8080;2.260721640254275
2021-06-13;HR;Croatia;1096;358504;52;8132;2.268314997880079
2021-06-20;HR;Croatia;611;359115;37;8169;2.2747587820057644
2021-06-27;HR;Croatia;492;359607;28;8197;2.279432825278707
2021-07-04;HR;Croatia;574;360181;18;8215;2.28079771004023
2021-07-11;HR;Croatia;587;360768;12;8227;2.280412896930992
2021-07-18;HR;Croatia;720;361488;9;8236;2.2783605541539416
2021-07-25;HR;Croatia;1008;362496;9;8245;2.2745078566384183
2021-08-01;HR;Croatia;1119;363615;14;8259;2.2713584423084856
2021-08-08;HR;Croatia;1217;364832;12;8271;2.26707087097623
2021-08-15;HR;Croatia;1892;366724;11;8282;2.2583741451336703
2021-08-22;HR;Croatia;2668;369392;16;8298;2.24639407458743
2021-08-29;HR;Croatia;3422;372814;26;8324;2.2327487701642106
2021-09-05;HR;Croatia;4485;377299;38;8362;2.2162793964468497
2021-09-12;HR;Croatia;5809;383108;65;8427;2.1996408323501466
2021-09-19;HR;Croatia;8001;391109;66;8493;2.1715174030768916
2021-09-26;HR;Croatia;7945;399054;87;8580;2.1500849509088997
2021-10-03;HR;Croatia;8701;407755;84;8664;2.124805336537872
2021-10-10;HR;Croatia;9195;416950;99;8763;2.101690850221849
2021-10-17;HR;Croatia;9663;426613;114;8877;2.0808086017069334
2021-10-24;HR;Croatia;16419;443032;133;9010;2.0337131403600646
2021-10-31;HR;Croatia;23997;467029;188;9198;1.969470846564132
2021-11-07;HR;Croatia;30139;497168;252;9450;1.900765938274386
2021-11-14;HR;Croatia;37433;534601;390;9840;1.8406250643002915
2021-11-21;HR;Croatia;31517;566118;403;10243;1.809340102240169
2021-11-28;HR;Croatia;33859;599977;452;10695;1.7825683317860517
2021-12-05;HR;Croatia;28264;628241;455;11150;1.7747966146749414
2021-12-12;HR;Croatia;23622;651863;424;11574;1.7755264526441907
2021-12-19;HR;Croatia;21564;673427;356;11930;1.7715357418101738
2021-12-26;HR;Croatia;19675;693102;349;12279;1.771600716777617
2022-01-02;HR;Croatia;27436;720538;292;12571;1.7446685670984736
2022-01-09;HR;Croatia;37734;758272;270;12841;1.6934556465226198
2022-01-16;HR;Croatia;53431;811703;232;13073;1.6105644552256184
2022-01-23;HR;Croatia;58262;869965;298;13371;1.5369583833832396
2022-01-30;HR;Croatia;59537;929502;360;13731;1.4772426525171543
2022-02-06;HR;Croatia;49498;979000;347;14078;1.4379979570990808
2022-02-13;HR;Croatia;33703;1012703;346;14424;1.4243070278255323
2022-02-20;HR;Croatia;26454;1039157;349;14773;1.4216331122246204
2022-02-27;HR;Croatia;14411;1053568;239;15012;1.4248724334831735
2022-03-06;HR;Croatia;9385;1062953;182;15194;1.429414094508412
2022-03-13;HR;Croatia;9477;1072430;127;15321;1.4286247121024216
2022-03-20;HR;Croatia;10681;1083111;104;15425;1.4241384308718128
2022-03-27;HR;Croatia;9987;1093098;84;15509;1.4188114880824958
2022-04-03;HR;Croatia;8823;1101921;83;15592;1.4149834697768715
2022-04-10;HR;Croatia;6630;1108551;83;15675;1.4140080158693646
2022-04-17;HR;Croatia;4584;1113135;50;15725;1.4126768091920567
2022-04-24;HR;Croatia;4040;1117175;53;15778;1.4123123055922304
2022-05-01;HR;Croatia;5284;1122459;50;15828;1.4101183205800836
2022-05-08;HR;Croatia;4877;1127336;53;15881;1.4087193170447851
2022-05-15;HR;Croatia;3769;1131105;44;15925;1.4079152686974243
2022-05-22;HR;Croatia;2922;1134027;36;15961;1.4074620798270236
2022-05-29;HR;Croatia;2202;1136229;18;15979;1.4063186206301723
2022-06-05;HR;Croatia;1635;1137864;19;15998;1.4059676727622985
2022-06-12;HR;Croatia;1799;1139663;18;16016;1.4053277152982944
2022-06-19;HR;Croatia;1913;1141576;11;16027;1.4039363126064317
2022-06-26;HR;Croatia;3477;1145053;21;16048;1.4015071791436728
2022-07-03;HR;Croatia;5600;1150653;25;16073;1.396859000932514
2022-07-10;HR;Croatia;7767;1158420;30;16103;1.3900830441463372
2022-07-17;HR;Croatia;8712;1167132;44;16147;1.3834767618401347
2022-07-24;HR;Croatia;9387;1176519;59;16206;1.3774533177959727
2022-07-31;HR;Croatia;9280;1185799;94;16300;1.3746005857653785
2022-08-07;HR;Croatia;6756;1192555;89;16389;1.374276238831752
2022-08-14;HR;Croatia;7558;1200113;95;16484;1.373537325235207
2022-08-21;HR;Croatia;5835;1205948;75;16559;1.3731106150513952
2022-08-28;HR;Croatia;5471;1211419;87;16646;1.3740910452948154
2022-09-04;HR;Croatia;4580;1215999;86;16732;1.3759879736743204
2022-09-11;HR;Croatia;4016;1220015;60;16792;1.3763765199608202
2022-09-18;HR;Croatia;4351;1224366;45;16837;1.375160695412973
2022-09-25;HR;Croatia;4208;1228574;38;16875;1.3735436367691323
2022-10-02;HR;Croatia;4686;1233260;37;16912;1.371324781473493
2022-10-09;HR;Croatia;4427;1237687;47;16959;1.3702171873825935
2022-10-16;HR;Croatia;3696;1241383;53;17012;1.3704070379568594
2022-10-23;HR;Croatia;2982;1244365;58;17070;1.3717840022822887
2022-10-30;HR;Croatia;2366;1246731;58;17128;1.373832847663209
2022-11-06;HR;Croatia;1719;1248450;57;17185;1.376506868516961
2022-11-13;HR;Croatia;1493;1249943;33;17218;1.377502814128324
2022-11-20;HR;Croatia;1282;1251225;42;17260;1.3794481408219945
2022-11-27;HR;Croatia;1661;1252886;32;17292;1.3801734555258818
2022-12-04;HR;Croatia;1758;1254644;47;17339;1.381985646924546
2022-12-11;HR;Croatia;2174;1256818;57;17396;1.3841303991508715
2022-12-18;HR;Croatia;2295;1259113;51;17447;1.3856579989246398
2022-12-25;HR;Croatia;2653;1261766;68;17515;1.38813377440825
2023-01-01;HR;Croatia;2135;1263901;81;17596;1.3921976483917649
2023-01-08;HR;Croatia;1432;1265333;73;17669;1.3963913056879098
2023-01-15;HR;Croatia;1072;1266405;90;17759;1.4023160047536136
2023-01-22;HR;Croatia;616;1267021;50;17809;1.4055804915624919
2023-01-29;HR;Croatia;446;1267467;49;17858;1.4089518701473096
2023-02-05;HR;Croatia;383;1267850;33;17891;1.4111290767835312
2023-02-12;HR;Croatia;335;1268185;30;17921;1.4131219025615347
2023-02-19;HR;Croatia;376;1268561;21;17942;1.4143584738928598
2023-02-26;HR;Croatia;105;1268666;8;17950;1.4148719994072514
2023-03-05;HR;Croatia;326;1268992;21;17971;1.41616338006859
2023-03-12;HR;Croatia;334;1269326;16;17987;1.4170512539725808
2023-03-19;HR;Croatia;361;1269687;19;18006;1.418144786864794
2023-03-26;HR;Croatia;388;1270075;19;18025;1.4192075271145406
2023-04-02;HR;Croatia;438;1270513;19;18044;1.4202137246923092
2023-04-09;HR;Croatia;378;1270891;25;18069;1.4217584356172166
2023-04-16;HR;Croatia;385;1271276;22;18091;1.4230584074583332
2023-04-23;HR;Croatia;542;1271818;38;18129;1.4254398034938962
2023-04-30;HR;Croatia;559;1272377;26;18155;1.4268569771380653
2023-05-07;HR;Croatia;509;1272886;25;18180;1.4282504481941036
2023-05-14;HR;Croatia;370;1273256;33;18213;1.4304271882480821
2023-05-21;HR;Croatia;252;1273508;17;18230;1.431479032719072
2023-05-28;HR;Croatia;163;1273671;16;18246;1.432552048370419
2023-06-04;HR;Croatia;124;1273795;9;18255;1.4331191439752864
2023-06-11;HR;Croatia;76;1273871;11;18266;1.433897152851427
2023-06-18;HR;Croatia;36;1273907;1;18267;1.433935130272461
2023-06-25;HR;Croatia;52;1273959;2;18269;1.4340335913479163
2023-07-02;HR;Croatia;32;1273991;4;18273;1.4343115453719846
2023-07-09;HR;Croatia;23;1274014;2;18275;1.434442635638227
2023-07-16;HR;Croatia;26;1274040;1;18276;1.4344918526890835
2023-07-23;HR;Croatia;28;1274068;5;18281;1.4348527708097212
2023-07-30;HR;Croatia;22;1274090;1;18282;1.4349064822736228
2023-08-06;HR;Croatia;33;1274123;4;18286;1.435183259387045
2023-08-13;HR;Croatia;31;1274154;2;18288;1.4353053084634981
2023-08-20;HR;Croatia;44;1274198;2;18290;1.4354127066594047
2023-08-27;HR;Croatia;83;1274281;2;18292;1.4354761626360277
2023-09-03;HR;Croatia;153;1274434;5;18297;1.4356961600208407
2023-09-10;HR;Croatia;169;1274603;9;18306;1.4362119028434737
2023-09-17;HR;Croatia;231;1274834;12;18318;1.4368929601814824
2023-09-24;HR;Croatia;237;1275071;14;18332;1.4377238600830855
2023-10-01;HR;Croatia;266;1275337;19;18351;1.4389137929817766
2023-10-08;HR;Croatia;222;1275559;7;18358;1.4392121415003147
2023-10-15;HR;Croatia;203;1275762;16;18374;1.4402372856379166
2023-10-22;HR;Croatia;239;1276001;23;18397;1.4417700299607916
2023-10-29;HR;Croatia;215;1276216;17;18414;1.4428592025174423
2023-11-05;HR;Croatia;1692;1277908;19;18433;1.4424356056930547
2023-11-12;HR;Croatia;1982;1279890;13;18446;1.4412176046378986
2023-11-19;HR;Croatia;2535;1282425;24;18470;1.440240169990448
2023-11-26;HR;Croatia;3035;1285460;17;18487;1.438162214304607
2023-12-03;HR;Croatia;4369;1289829;42;18529;1.436547015146969
2023-12-10;HR;Croatia;5294;1295123;43;18572;1.43399507228271
2023-12-17;HR;Croatia;6422;1301545;55;18627;1.431145292709818
2023-12-24;HR;Croatia;5383;1306928;37;18664;1.428081730592657
2023-12-31;HR;Croatia;2800;1309728;23;18687;1.4267847980649417
2024-01-07;HR;Croatia;0;1309728;0;18687;1.4267847980649417
2024-01-14;HR;Croatia;0;1309728;0;18687;1.4267847980649417
2024-01-21;HR;Croatia;0;1309728;0;18687;1.4267847980649417
2020-01-05;CU;Cuba;0;0;0;0;0.0
2020-01-12;CU;Cuba;0;0;0;0;0.0
2020-01-19;CU;Cuba;0;0;0;0;0.0
2020-01-26;CU;Cuba;0;0;0;0;0.0
2020-02-02;CU;Cuba;0;0;0;0;0.0
2020-02-09;CU;Cuba;0;0;0;0;0.0
2020-02-16;CU;Cuba;0;0;0;0;0.0
2020-02-23;CU;Cuba;0;0;0;0;0.0
2020-03-01;CU;Cuba;0;0;0;0;0.0
2020-03-08;CU;Cuba;0;0;0;0;0.0
2020-03-15;CU;Cuba;4;4;0;0;0.0
2020-03-22;CU;Cuba;12;16;1;1;6.25
2020-03-29;CU;Cuba;103;119;2;3;2.5210084033613445
2020-04-05;CU;Cuba;169;288;3;6;2.083333333333333
2020-04-12;CU;Cuba;332;620;10;16;2.5806451612903225
2020-04-19;CU;Cuba;366;986;16;32;3.2454361054766734
2020-04-26;CU;Cuba;351;1337;19;51;3.8145100972326103
2020-05-03;CU;Cuba;274;1611;15;66;4.0968342644320295
2020-05-10;CU;Cuba;143;1754;8;74;4.218928164196123
2020-05-17;CU;Cuba;108;1862;5;79;4.242749731471536
2020-05-24;CU;Cuba;69;1931;2;81;4.194717762817193
2020-05-31;CU;Cuba;94;2025;2;83;4.098765432098765
2020-06-07;CU;Cuba;148;2173;0;83;3.819604233778187
2020-06-14;CU;Cuba;65;2238;1;84;3.753351206434316
2020-06-21;CU;Cuba;71;2309;1;85;3.6812472932005194
2020-06-28;CU;Cuba;21;2330;1;86;3.6909871244635193
2020-07-05;CU;Cuba;39;2369;0;86;3.6302237230899115
2020-07-12;CU;Cuba;51;2420;1;87;3.5950413223140494
2020-07-19;CU;Cuba;25;2445;0;87;3.5582822085889574
2020-07-26;CU;Cuba;33;2478;0;87;3.5108958837772395
2020-08-02;CU;Cuba;155;2633;0;87;3.304215723509305
2020-08-09;CU;Cuba;255;2888;1;88;3.0470914127423825
2020-08-16;CU;Cuba;404;3292;0;88;2.67314702308627
2020-08-23;CU;Cuba;325;3617;1;89;2.4606027094277025
2020-08-30;CU;Cuba;308;3925;5;94;2.394904458598726
2020-09-06;CU;Cuba;373;4298;6;100;2.3266635644485807
2020-09-13;CU;Cuba;355;4653;8;108;2.321083172147002
2020-09-20;CU;Cuba;402;5055;5;113;2.235410484668645
2020-09-27;CU;Cuba;357;5412;7;120;2.2172949002217295
2020-10-04;CU;Cuba;368;5780;2;122;2.110726643598616
2020-10-11;CU;Cuba;168;5948;1;123;2.0679219905850705
2020-10-18;CU;Cuba;222;6170;2;125;2.025931928687196
2020-10-25;CU;Cuba;364;6534;3;128;1.9589837771655954
2020-11-01;CU;Cuba;353;6887;0;128;1.8585741251633512
2020-11-08;CU;Cuba;380;7267;2;130;1.7889087656529516
2020-11-15;CU;Cuba;301;7568;1;131;1.730972515856237
2020-11-22;CU;Cuba;230;7798;1;132;1.6927417286483715
2020-11-29;CU;Cuba;375;8173;1;133;1.6273094335005505
2020-12-06;CU;Cuba;541;8714;3;136;1.560706908423227
2020-12-13;CU;Cuba;640;9354;1;137;1.4646140688475517
2020-12-20;CU;Cuba;670;10024;0;137;1.3667198723064644
2020-12-27;CU;Cuba;1014;11038;4;141;1.2774053270520023
2021-01-03;CU;Cuba;1187;12225;5;146;1.1942740286298568
2021-01-10;CU;Cuba;1963;14188;2;148;1.0431350436989004
2021-01-17;CU;Cuba;3313;17501;18;166;0.948517227586995
2021-01-24;CU;Cuba;3126;20627;25;191;0.9259708149512774
2021-01-31;CU;Cuba;5047;25674;22;213;0.8296330918438887
2021-02-07;CU;Cuba;6337;32011;20;233;0.7278747930398926
2021-02-14;CU;Cuba;5472;37483;28;261;0.6963156631006057
2021-02-21;CU;Cuba;6001;43484;30;291;0.669211664060344
2021-02-28;CU;Cuba;5677;49161;27;318;0.6468542137059864
2021-03-07;CU;Cuba;5674;54835;26;344;0.6273365551199052
2021-03-14;CU;Cuba;5723;60558;22;366;0.6043792727633013
2021-03-21;CU;Cuba;5404;65962;26;392;0.5942815560474213
2021-03-28;CU;Cuba;5622;71584;22;414;0.5783415288332588
2021-04-04;CU;Cuba;6798;78382;17;431;0.5498711438850756
2021-04-11;CU;Cuba;7190;85572;22;453;0.5293787687561352
2021-04-18;CU;Cuba;6902;92474;59;512;0.5536691394337868
2021-04-25;CU;Cuba;7844;100318;69;581;0.5791582766801571
2021-05-02;CU;Cuba;7304;107622;73;654;0.6076824441099403
2021-05-09;CU;Cuba;7290;114912;68;722;0.6283068783068783
2021-05-16;CU;Cuba;8309;123221;74;796;0.6459937835271585
2021-05-23;CU;Cuba;8611;131832;67;863;0.654621032829662
2021-05-30;CU;Cuba;8255;140087;80;943;0.673153111994689
2021-06-06;CU;Cuba;7744;147831;60;1003;0.678477450602377
2021-06-13;CU;Cuba;8407;156238;54;1057;0.6765319576543478
2021-06-20;CU;Cuba;10130;166368;91;1148;0.6900365454895172
2021-06-27;CU;Cuba;13288;179656;83;1231;0.6851983791245492
2021-07-04;CU;Cuba;21072;200728;106;1337;0.6660754852337492
2021-07-11;CU;Cuba;30840;231568;122;1459;0.6300525115732745
2021-07-18;CU;Cuba;44040;275608;384;1843;0.6687033758091202
2021-07-25;CU;Cuba;48507;324115;428;2271;0.7006772287613965
2021-08-01;CU;Cuba;60481;384596;487;2758;0.7171161426535897
2021-08-08;CU;Cuba;64196;448792;597;3355;0.7475623451398421
2021-08-15;CU;Cuba;60240;509032;570;3925;0.7710713668295903
2021-08-22;CU;Cuba;64719;573751;556;4481;0.7810008174277692
2021-08-29;CU;Cuba;60410;634161;586;5067;0.7990084536892051
2021-09-05;CU;Cuba;46292;680453;550;5617;0.82547949674702
2021-09-12;CU;Cuba;56715;737168;602;6219;0.8436340155839646
2021-09-19;CU;Cuba;55765;792933;514;6733;0.8491259665066279
2021-09-26;CU;Cuba;54561;847494;430;7163;0.845197724113681
2021-10-03;CU;Cuba;39856;887350;371;7534;0.8490449089987039
2021-10-10;CU;Cuba;27429;914779;278;7812;0.8539767528550611
2021-10-17;CU;Cuba;17989;932768;225;8037;0.8616290438780061
2021-10-24;CU;Cuba;11663;944431;130;8167;0.8647534864908077
2021-10-31;CU;Cuba;6894;951325;63;8230;0.8651091898142066
2021-11-07;CU;Cuba;4173;955498;31;8261;0.8645753313978679
2021-11-14;CU;Cuba;2892;958390;18;8279;0.8638445726687465
2021-11-21;CU;Cuba;2082;960472;14;8293;0.8634296470901807
2021-11-28;CU;Cuba;1595;962067;7;8300;0.8627257768949563
2021-12-05;CU;Cuba;935;963002;7;8307;0.8626150309137468
2021-12-12;CU;Cuba;564;963566;6;8313;0.86273280709365
2021-12-19;CU;Cuba;469;964035;1;8314;0.8624168209660438
2021-12-26;CU;Cuba;572;964607;6;8320;0.8625274334521726
2022-01-02;CU;Cuba;1866;966473;3;8323;0.8611725314623379
2022-01-09;CU;Cuba;8214;974687;3;8326;0.8542229454173494
2022-01-16;CU;Cuba;20944;995631;9;8335;0.8371575412979306
2022-01-23;CU;Cuba;22973;1018604;23;8358;0.8205347711181186
2022-01-30;CU;Cuba;21238;1039842;32;8390;0.8068533488741558
2022-02-06;CU;Cuba;12378;1052220;41;8431;0.801258291992169
2022-02-13;CU;Cuba;7614;1059834;36;8467;0.7988986954560808
2022-02-20;CU;Cuba;4923;1064757;19;8486;0.7969893600135993
2022-02-27;CU;Cuba;4000;1068757;8;8494;0.7947550285050765
2022-03-06;CU;Cuba;3717;1072474;5;8499;0.7924667637630376
2022-03-13;CU;Cuba;3755;1076229;4;8503;0.7900734880773517
2022-03-20;CU;Cuba;4457;1080686;3;8506;0.7870926430063867
2022-03-27;CU;Cuba;5675;1086361;3;8509;0.7832571309168868
2022-04-03;CU;Cuba;5491;1091852;3;8512;0.7795928385898455
2022-04-10;CU;Cuba;4382;1096234;5;8517;0.7769326621870878
2022-04-17;CU;Cuba;3210;1099444;3;8520;0.7749371500503891
2022-04-24;CU;Cuba;2042;1101486;3;8523;0.7737728849935451
2022-05-01;CU;Cuba;1455;1102941;3;8526;0.7730241236838598
2022-05-08;CU;Cuba;935;1103876;1;8527;0.7724599502117991
2022-05-15;CU;Cuba;620;1104496;2;8529;0.7722074140603498
2022-05-22;CU;Cuba;439;1104935;0;8529;0.7719006095381177
2022-05-29;CU;Cuba;292;1105227;0;8529;0.7716966740769091
2022-06-05;CU;Cuba;216;1105443;0;8529;0.7715458870335241
2022-06-12;CU;Cuba;149;1105592;0;8529;0.7714419062366588
2022-06-19;CU;Cuba;137;1105729;0;8529;0.7713463244610569
2022-06-26;CU;Cuba;167;1105896;0;8529;0.771229844397665
2022-07-03;CU;Cuba;191;1106087;0;8529;0.771096667802804
2022-07-10;CU;Cuba;278;1106365;0;8529;0.7709029117877012
2022-07-17;CU;Cuba;365;1106730;0;8529;0.7706486676967282
2022-07-24;CU;Cuba;581;1107311;0;8529;0.7702443125734324
2022-07-31;CU;Cuba;674;1107985;0;8529;0.7697757641123301
2022-08-07;CU;Cuba;721;1108706;0;8529;0.7692751730395614
2022-08-14;CU;Cuba;654;1109360;0;8529;0.7688216629407947
2022-08-21;CU;Cuba;551;1109911;0;8529;0.7684399920353974
2022-08-28;CU;Cuba;426;1110337;1;8530;0.7682352294843817
2022-09-04;CU;Cuba;331;1110668;0;8530;0.7680062809048248
2022-09-11;CU;Cuba;190;1110858;0;8530;0.7678749219072104
2022-09-18;CU;Cuba;153;1111011;0;8530;0.7677691760027578
2022-09-25;CU;Cuba;117;1111128;0;8530;0.7676883311373667
2022-10-02;CU;Cuba;66;1111194;0;8530;0.7676427338520546
2022-10-09;CU;Cuba;39;1111233;0;8530;0.7676157925475575
2022-10-16;CU;Cuba;18;1111251;0;8530;0.767603358737135
2022-10-23;CU;Cuba;15;1111266;0;8530;0.7675929975361434
2022-10-30;CU;Cuba;15;1111281;0;8530;0.7675826366148616
2022-11-06;CU;Cuba;10;1111291;0;8530;0.7675757294893957
2022-11-13;CU;Cuba;26;1111317;0;8530;0.7675577715449328
2022-11-20;CU;Cuba;20;1111337;0;8530;0.7675439583132748
2022-11-27;CU;Cuba;31;1111368;0;8530;0.7675225487867204
2022-12-04;CU;Cuba;53;1111421;0;8530;0.7674859481690557
2022-12-11;CU;Cuba;109;1111530;0;8530;0.7674106861713134
2022-12-18;CU;Cuba;117;1111647;0;8530;0.7673299167811365
2022-12-25;CU;Cuba;180;1111827;0;8530;0.7672056893743362
2023-01-01;CU;Cuba;166;1111993;0;8530;0.7670911597465092
2023-01-08;CU;Cuba;141;1112134;0;8530;0.7669939054106789
2023-01-15;CU;Cuba;129;1112263;0;8530;0.7669049496387095
2023-01-22;CU;Cuba;78;1112341;0;8530;0.7668511724372292
2023-01-29;CU;Cuba;53;1112394;0;8530;0.7668146358214805
2023-02-05;CU;Cuba;79;1112473;0;8530;0.7667601820448676
2023-02-12;CU;Cuba;40;1112513;0;8530;0.7667326134615955
2023-02-19;CU;Cuba;30;1112543;0;8530;0.7667119383250804
2023-02-26;CU;Cuba;35;1112578;0;8530;0.7666878187416972
2023-03-05;CU;Cuba;44;1112622;0;8530;0.7666574991326793
2023-03-12;CU;Cuba;15;1112637;0;8530;0.7666471634504336
2023-03-19;CU;Cuba;60;1112697;0;8530;0.7666058235081069
2023-03-26;CU;Cuba;81;1112778;0;8530;0.7665500216575094
2023-04-02;CU;Cuba;47;1112825;0;8530;0.7665176465302271
2023-04-09;CU;Cuba;28;1112853;0;8530;0.7664983605202125
2023-04-16;CU;Cuba;137;1112990;0;8530;0.7664040108177073
2023-04-23;CU;Cuba;98;1113088;0;8530;0.7663365340386384
2023-04-30;CU;Cuba;0;1113088;0;8530;0.7663365340386384
2023-05-07;CU;Cuba;312;1113400;0;8530;0.7661217891144243
2023-05-14;CU;Cuba;194;1113594;0;8530;0.7659883224945536
2023-05-21;CU;Cuba;236;1113830;0;8530;0.7658260237199572
2023-05-28;CU;Cuba;249;1114079;0;8530;0.7656548593053096
2023-06-04;CU;Cuba;215;1114294;0;8530;0.7655071282803282
2023-06-11;CU;Cuba;166;1114460;0;8530;0.7653931051809845
2023-06-18;CU;Cuba;149;1114609;0;8530;0.7652907880700767
2023-06-25;CU;Cuba;106;1114715;0;8530;0.7652180153671566
2023-07-02;CU;Cuba;108;1114823;0;8530;0.7651438838272981
2023-07-09;CU;Cuba;78;1114901;0;8530;0.7650903533138816
2023-07-16;CU;Cuba;48;1114949;0;8530;0.7650574151822191
2023-07-23;CU;Cuba;40;1114989;0;8530;0.7650299689055228
2023-07-30;CU;Cuba;27;1115016;0;8530;0.7650114437819726
2023-08-06;CU;Cuba;12;1115028;0;8530;0.7650032106817048
2023-08-13;CU;Cuba;15;1115043;0;8530;0.7649929195555687
2023-08-20;CU;Cuba;0;1115043;0;8530;0.7649929195555687
2023-08-27;CU;Cuba;0;1115043;0;8530;0.7649929195555687
2023-09-03;CU;Cuba;0;1115043;0;8530;0.7649929195555687
2023-09-10;CU;Cuba;0;1115043;0;8530;0.7649929195555687
2023-09-17;CU;Cuba;0;1115043;0;8530;0.7649929195555687
2023-09-24;CU;Cuba;0;1115043;0;8530;0.7649929195555687
2023-10-01;CU;Cuba;0;1115043;0;8530;0.7649929195555687
2023-10-08;CU;Cuba;0;1115043;0;8530;0.7649929195555687
2023-10-15;CU;Cuba;0;1115043;0;8530;0.7649929195555687
2023-10-22;CU;Cuba;0;1115043;0;8530;0.7649929195555687
2023-10-29;CU;Cuba;0;1115043;0;8530;0.7649929195555687
2023-11-05;CU;Cuba;0;1115043;0;8530;0.7649929195555687
2023-11-12;CU;Cuba;0;1115043;0;8530;0.7649929195555687
2023-11-19;CU;Cuba;0;1115043;0;8530;0.7649929195555687
2023-11-26;CU;Cuba;0;1115043;0;8530;0.7649929195555687
2023-12-03;CU;Cuba;0;1115043;0;8530;0.7649929195555687
2023-12-10;CU;Cuba;0;1115043;0;8530;0.7649929195555687
2023-12-17;CU;Cuba;0;1115043;0;8530;0.7649929195555687
2023-12-24;CU;Cuba;0;1115043;0;8530;0.7649929195555687
2023-12-31;CU;Cuba;0;1115043;0;8530;0.7649929195555687
2024-01-07;CU;Cuba;0;1115043;0;8530;0.7649929195555687
2024-01-14;CU;Cuba;0;1115043;0;8530;0.7649929195555687
2024-01-21;CU;Cuba;0;1115043;0;8530;0.7649929195555687
2020-01-05;CW;Curaçao;0;0;0;0;0.0
2020-01-12;CW;Curaçao;0;0;0;0;0.0
2020-01-19;CW;Curaçao;0;0;0;0;0.0
2020-01-26;CW;Curaçao;0;0;0;0;0.0
2020-02-02;CW;Curaçao;0;0;0;0;0.0
2020-02-09;CW;Curaçao;0;0;0;0;0.0
2020-02-16;CW;Curaçao;0;0;0;0;0.0
2020-02-23;CW;Curaçao;0;0;0;0;0.0
2020-03-01;CW;Curaçao;0;0;0;0;0.0
2020-03-08;CW;Curaçao;0;0;0;0;0.0
2020-03-15;CW;Curaçao;1;1;0;0;0.0
2020-04-05;CW;Curaçao;4;11;0;1;9.090909090909092
2020-04-12;CW;Curaçao;3;14;0;1;7.142857142857142
2020-04-19;CW;Curaçao;0;14;0;1;7.142857142857142
2020-04-26;CW;Curaçao;0;14;0;1;7.142857142857142
2020-05-03;CW;Curaçao;2;16;0;1;6.25
2020-05-10;CW;Curaçao;0;16;0;1;6.25
2020-05-17;CW;Curaçao;0;16;0;1;6.25
2020-05-24;CW;Curaçao;0;16;0;1;6.25
2020-05-31;CW;Curaçao;4;20;0;1;5.0
2020-06-07;CW;Curaçao;1;21;0;1;4.761904761904762
2020-06-14;CW;Curaçao;1;22;0;1;4.545454545454546
2020-06-21;CW;Curaçao;1;23;0;1;4.3478260869565215
2020-06-28;CW;Curaçao;0;23;0;1;4.3478260869565215
2020-07-05;CW;Curaçao;2;25;0;1;4.0
2020-07-12;CW;Curaçao;0;25;0;1;4.0
2020-07-19;CW;Curaçao;3;28;0;1;3.571428571428571
2020-07-26;CW;Curaçao;1;29;0;1;3.4482758620689653
2020-08-02;CW;Curaçao;0;29;0;1;3.4482758620689653
2020-08-09;CW;Curaçao;2;31;0;1;3.225806451612903
2020-08-16;CW;Curaçao;1;32;0;1;3.125
2020-08-23;CW;Curaçao;5;37;0;1;2.7027027027027026
2020-08-30;CW;Curaçao;18;55;0;1;1.8181818181818181
2020-09-06;CW;Curaçao;23;78;0;1;1.282051282051282
2020-09-13;CW;Curaçao;57;135;0;1;0.7407407407407408
2020-09-20;CW;Curaçao;75;210;0;1;0.4761904761904762
2020-09-27;CW;Curaçao;105;315;0;1;0.31746031746031744
2020-10-04;CW;Curaçao;84;399;0;1;0.2506265664160401
2020-10-11;CW;Curaçao;133;532;0;1;0.18796992481203006
2020-10-18;CW;Curaçao;141;673;0;1;0.1485884101040119
2020-10-25;CW;Curaçao;130;803;0;1;0.12453300124533001
2020-11-01;CW;Curaçao;141;944;0;1;0.1059322033898305
2020-11-08;CW;Curaçao;86;1030;1;2;0.1941747572815534
2020-11-15;CW;Curaçao;185;1215;0;2;0.1646090534979424
2020-11-22;CW;Curaçao;346;1561;1;3;0.19218449711723257
2020-11-29;CW;Curaçao;485;2046;0;3;0.1466275659824047
2020-12-06;CW;Curaçao;694;2740;4;7;0.25547445255474455
2020-12-13;CW;Curaçao;664;3404;1;8;0.23501762632197415
2020-12-20;CW;Curaçao;419;3823;3;11;0.28773214752811926
2020-12-27;CW;Curaçao;228;4051;1;12;0.2962231547765984
2021-01-03;CW;Curaçao;179;4230;2;14;0.3309692671394799
2021-01-10;CW;Curaçao;175;4405;4;18;0.40862656072644726
2021-01-17;CW;Curaçao;93;4498;1;19;0.42240995998221437
2021-01-24;CW;Curaçao;39;4537;1;20;0.44081992506061274
2021-01-31;CW;Curaçao;37;4574;0;20;0.4372540445999125
2021-02-07;CW;Curaçao;23;4597;1;21;0.45681966499891236
2021-02-14;CW;Curaçao;36;4633;1;22;0.47485430606518453
2021-02-21;CW;Curaçao;33;4666;0;22;0.47149592798971285
2021-02-28;CW;Curaçao;42;4708;0;22;0.46728971962616817
2021-03-07;CW;Curaçao;43;4751;0;22;0.4630604083350874
2021-03-14;CW;Curaçao;164;4915;0;22;0.4476093591047813
2021-03-21;CW;Curaçao;605;5520;1;23;0.4166666666666667
2021-03-28;CW;Curaçao;1128;6648;4;27;0.4061371841155234
2021-04-04;CW;Curaçao;2186;8834;11;38;0.4301562146253113
2021-04-11;CW;Curaçao;1798;10632;22;60;0.5643340857787811
2021-04-18;CW;Curaçao;1042;11674;20;80;0.6852835360630462
2021-04-25;CW;Curaçao;348;12022;19;99;0.8234902678422892
2021-05-02;CW;Curaçao;159;12181;9;108;0.8866267137345045
2021-05-09;CW;Curaçao;41;12222;5;113;0.9245622647684504
2021-05-16;CW;Curaçao;22;12244;5;118;0.9637373407383208
2021-05-23;CW;Curaçao;22;12266;4;122;0.9946192727865644
2021-05-30;CW;Curaçao;5;12271;0;122;0.9942140004889577
2021-06-06;CW;Curaçao;5;12276;0;122;0.9938090583251874
2021-06-13;CW;Curaçao;15;12291;1;123;1.0007322431047108
2021-06-20;CW;Curaçao;17;12308;0;123;0.9993500162495937
2021-06-27;CW;Curaçao;19;12327;3;126;1.0221465076660987
2021-07-04;CW;Curaçao;16;12343;0;126;1.0208215182694647
2021-07-11;CW;Curaçao;21;12364;0;126;1.0190876738919443
2021-07-18;CW;Curaçao;173;12537;0;126;1.0050251256281406
2021-07-25;CW;Curaçao;501;13038;0;126;0.966405890473999
2021-08-01;CW;Curaçao;455;13493;0;126;0.9338175350181576
2021-08-08;CW;Curaçao;414;13907;4;130;0.9347810455166463
2021-08-15;CW;Curaçao;489;14396;2;132;0.9169213670464018
2021-08-22;CW;Curaçao;406;14802;4;136;0.9187947574652074
2021-08-29;CW;Curaçao;332;15134;6;142;0.9382846570635656
2021-09-05;CW;Curaçao;245;15379;5;147;0.9558488848429678
2021-09-12;CW;Curaçao;217;15596;6;153;0.9810207745575789
2021-09-19;CW;Curaçao;329;15925;2;155;0.9733124018838305
2021-09-26;CW;Curaçao;329;16254;3;158;0.9720684139288791
2021-10-03;CW;Curaçao;246;16500;5;163;0.9878787878787879
2021-10-10;CW;Curaçao;204;16704;5;168;1.0057471264367817
2021-10-17;CW;Curaçao;181;16885;1;169;1.0008883624518805
2021-10-24;CW;Curaçao;99;16984;3;172;1.0127178520960904
2021-10-31;CW;Curaçao;69;17053;2;174;1.020348325807776
2021-11-07;CW;Curaçao;58;17111;1;175;1.0227339138565834
2021-11-14;CW;Curaçao;76;17187;0;175;1.018211438878222
2021-11-21;CW;Curaçao;83;17270;0;175;1.013317892298784
2021-11-28;CW;Curaçao;104;17374;3;178;1.0245193967998159
2021-12-05;CW;Curaçao;66;17440;1;179;1.026376146788991
2021-12-12;CW;Curaçao;100;17540;1;180;1.0262257696693273
2021-12-19;CW;Curaçao;153;17693;3;183;1.0343073531905274
2021-12-26;CW;Curaçao;606;18299;3;186;1.0164489862834034
2022-01-02;CW;Curaçao;2411;20710;3;189;0.9126026074360213
2022-01-09;CW;Curaçao;5278;25988;2;191;0.7349545944281977
2022-01-16;CW;Curaçao;5941;31929;8;199;0.6232578533621472
2022-01-23;CW;Curaçao;3378;35307;11;210;0.5947829042399524
2022-01-30;CW;Curaçao;1415;36722;15;225;0.6127117259408529
2022-02-06;CW;Curaçao;804;37526;17;242;0.6448862122261898
2022-02-13;CW;Curaçao;646;38172;7;249;0.6523105941527821
2022-02-20;CW;Curaçao;436;38608;11;260;0.6734355573974306
2022-02-27;CW;Curaçao;259;38867;1;261;0.6715208274371576
2022-03-06;CW;Curaçao;216;39083;0;261;0.6678095335567894
2022-03-13;CW;Curaçao;102;39185;3;264;0.6737271915273702
2022-03-20;CW;Curaçao;375;39560;1;265;0.6698685540950455
2022-03-27;CW;Curaçao;293;39853;0;265;0.6649436679798258
2022-04-03;CW;Curaçao;493;40346;2;267;0.6617756407078769
2022-04-10;CW;Curaçao;456;40802;0;267;0.6543796872702319
2022-04-17;CW;Curaçao;504;41306;4;271;0.6560790199970948
2022-04-24;CW;Curaçao;423;41729;0;271;0.6494284550312732
2022-05-01;CW;Curaçao;306;42035;2;273;0.649458784346378
2022-05-08;CW;Curaçao;295;42330;1;274;0.6472950626033546
2022-05-15;CW;Curaçao;344;42674;1;275;0.644420490228242
2022-05-22;CW;Curaçao;475;43149;1;276;0.6396440241952305
2022-05-29;CW;Curaçao;473;43622;1;277;0.6350006877263766
2022-06-05;CW;Curaçao;331;43953;0;277;0.6302186426410029
2022-06-12;CW;Curaçao;174;44127;0;277;0.6277335871461917
2022-06-19;CW;Curaçao;187;44314;1;278;0.6273412465586496
2022-06-26;CW;Curaçao;126;44440;0;278;0.6255625562556256
2022-07-03;CW;Curaçao;105;44545;0;278;0.6240880008979683
2022-07-10;CW;Curaçao;117;44662;0;278;0.6224530921141015
2022-07-17;CW;Curaçao;120;44782;2;280;0.6252512170068331
2022-07-24;CW;Curaçao;150;44932;2;282;0.6276150627615062
2022-07-31;CW;Curaçao;131;45063;0;282;0.6257905598828306
2022-08-07;CW;Curaçao;0;45063;0;282;0.6257905598828306
2022-08-14;CW;Curaçao;146;45209;1;283;0.6259815523457718
2022-08-21;CW;Curaçao;34;45243;2;285;0.6299317021417677
2022-08-28;CW;Curaçao;34;45277;1;286;0.6316672924442873
2022-09-04;CW;Curaçao;25;45302;1;287;0.633526113637367
2022-09-11;CW;Curaçao;16;45318;0;287;0.6333024405313562
2022-09-18;CW;Curaçao;27;45345;0;287;0.6329253500937259
2022-09-25;CW;Curaçao;12;45357;0;287;0.6327578984500738
2022-10-02;CW;Curaçao;11;45368;0;287;0.6326044789278786
2022-10-09;CW;Curaçao;22;45390;0;287;0.6322978629654109
2022-10-16;CW;Curaçao;16;45406;2;289;0.6364797603840902
2022-10-23;CW;Curaçao;28;45434;0;289;0.6360875115552229
2022-10-30;CW;Curaçao;33;45467;1;290;0.6378252358853674
2022-11-06;CW;Curaçao;22;45489;3;293;0.6441117632834311
2022-11-13;CW;Curaçao;18;45507;0;293;0.643856989034654
2022-11-20;CW;Curaçao;29;45536;1;294;0.6456430077301476
2022-11-27;CW;Curaçao;23;45559;1;295;0.6475120173840515
2022-12-04;CW;Curaçao;27;45586;0;295;0.6471285043653754
2022-12-11;CW;Curaçao;44;45630;2;297;0.650887573964497
2022-12-18;CW;Curaçao;39;45669;1;298;0.6525214040158532
2022-12-25;CW;Curaçao;38;45707;1;299;0.6541667578270287
2023-01-01;CW;Curaçao;13;45720;0;299;0.6539807524059493
2023-01-08;CW;Curaçao;14;45734;0;299;0.6537805571347356
2023-01-15;CW;Curaçao;11;45745;0;299;0.6536233468138595
2023-01-22;CW;Curaçao;21;45766;2;301;0.6576934842459468
2023-01-29;CW;Curaçao;7;45773;0;301;0.6575929041137789
2023-02-05;CW;Curaçao;0;45773;0;301;0.6575929041137789
2023-02-12;CW;Curaçao;7;45780;0;301;0.6574923547400612
2023-02-19;CW;Curaçao;1;45781;0;301;0.657477993053887
2023-02-26;CW;Curaçao;5;45786;0;301;0.6574061940331105
2023-03-05;CW;Curaçao;0;45786;0;301;0.6574061940331105
2023-03-12;CW;Curaçao;1;45787;0;301;0.6573918361106865
2023-03-19;CW;Curaçao;2;45789;0;301;0.6573631221472407
2023-03-26;CW;Curaçao;4;45793;0;301;0.6573057017448082
2023-04-02;CW;Curaçao;5;45798;0;301;0.65723394034674
2023-04-09;CW;Curaçao;0;45798;0;301;0.65723394034674
2023-04-16;CW;Curaçao;0;45798;0;301;0.65723394034674
2023-04-23;CW;Curaçao;0;45798;0;301;0.65723394034674
2023-04-30;CW;Curaçao;0;45798;0;301;0.65723394034674
2023-05-07;CW;Curaçao;14;45812;1;302;0.6592159259582642
2023-05-14;CW;Curaçao;0;45812;0;302;0.6592159259582642
2023-05-21;CW;Curaçao;0;45812;0;302;0.6592159259582642
2023-05-28;CW;Curaçao;0;45812;0;302;0.6592159259582642
2023-06-04;CW;Curaçao;5;45817;0;302;0.659143985856778
2023-06-11;CW;Curaçao;0;45817;0;302;0.659143985856778
2023-06-18;CW;Curaçao;0;45817;0;302;0.659143985856778
2023-06-25;CW;Curaçao;0;45817;0;302;0.659143985856778
2023-07-02;CW;Curaçao;66;45883;3;305;0.6647342152867075
2023-07-09;CW;Curaçao;0;45883;0;305;0.6647342152867075
2023-07-16;CW;Curaçao;0;45883;0;305;0.6647342152867075
2023-07-23;CW;Curaçao;0;45883;0;305;0.6647342152867075
2023-07-30;CW;Curaçao;0;45883;0;305;0.6647342152867075
2023-08-06;CW;Curaçao;0;45883;0;305;0.6647342152867075
2023-08-13;CW;Curaçao;0;45883;0;305;0.6647342152867075
2023-08-20;CW;Curaçao;0;45883;0;305;0.6647342152867075
2023-08-27;CW;Curaçao;0;45883;0;305;0.6647342152867075
2023-09-03;CW;Curaçao;0;45883;0;305;0.6647342152867075
2023-09-10;CW;Curaçao;0;45883;0;305;0.6647342152867075
2023-09-17;CW;Curaçao;0;45883;0;305;0.6647342152867075
2023-09-24;CW;Curaçao;0;45883;0;305;0.6647342152867075
2023-10-01;CW;Curaçao;0;45883;0;305;0.6647342152867075
2023-10-08;CW;Curaçao;0;45883;0;305;0.6647342152867075
2023-10-15;CW;Curaçao;0;45883;0;305;0.6647342152867075
2023-10-22;CW;Curaçao;0;45883;0;305;0.6647342152867075
2023-10-29;CW;Curaçao;0;45883;0;305;0.6647342152867075
2023-11-05;CW;Curaçao;0;45883;0;305;0.6647342152867075
2023-11-12;CW;Curaçao;0;45883;0;305;0.6647342152867075
2023-11-19;CW;Curaçao;0;45883;0;305;0.6647342152867075
2023-11-26;CW;Curaçao;0;45883;0;305;0.6647342152867075
2023-12-03;CW;Curaçao;0;45883;0;305;0.6647342152867075
2023-12-10;CW;Curaçao;0;45883;0;305;0.6647342152867075
2023-12-17;CW;Curaçao;0;45883;0;305;0.6647342152867075
2023-12-24;CW;Curaçao;0;45883;0;305;0.6647342152867075
2023-12-31;CW;Curaçao;0;45883;0;305;0.6647342152867075
2024-01-07;CW;Curaçao;0;45883;0;305;0.6647342152867075
2024-01-14;CW;Curaçao;0;45883;0;305;0.6647342152867075
2024-01-21;CW;Curaçao;0;45883;0;305;0.6647342152867075
2020-01-05;CY;Cyprus;0;0;0;0;0.0
2020-01-12;CY;Cyprus;0;0;0;0;0.0
2020-01-19;CY;Cyprus;0;0;0;0;0.0
2020-01-26;CY;Cyprus;0;0;0;0;0.0
2020-02-02;CY;Cyprus;0;0;0;0;0.0
2020-02-09;CY;Cyprus;0;0;0;0;0.0
2020-02-16;CY;Cyprus;0;0;0;0;0.0
2020-02-23;CY;Cyprus;0;0;0;0;0.0
2020-03-01;CY;Cyprus;0;0;0;0;0.0
2020-03-08;CY;Cyprus;0;0;0;0;0.0
2020-03-15;CY;Cyprus;21;21;0;0;0.0
2020-03-22;CY;Cyprus;63;84;0;0;0.0
2020-03-29;CY;Cyprus;95;179;5;5;2.793296089385475
2020-04-05;CY;Cyprus;247;426;4;9;2.112676056338028
2020-04-12;CY;Cyprus;190;616;1;10;1.6233766233766231
2020-04-19;CY;Cyprus;145;761;2;12;1.5768725361366622
2020-04-26;CY;Cyprus;49;810;2;14;1.728395061728395
2020-05-03;CY;Cyprus;54;864;1;15;1.7361111111111112
2020-05-10;CY;Cyprus;28;892;0;15;1.6816143497757847
2020-05-17;CY;Cyprus;22;914;2;17;1.8599562363238513
2020-05-24;CY;Cyprus;13;927;0;17;1.8338727076591153
2020-05-31;CY;Cyprus;16;943;0;17;1.8027571580063628
2020-06-07;CY;Cyprus;17;960;1;18;1.875
2020-06-14;CY;Cyprus;20;980;0;18;1.8367346938775513
2020-06-21;CY;Cyprus;5;985;1;19;1.9289340101522845
2020-06-28;CY;Cyprus;9;994;0;19;1.9114688128772637
2020-07-05;CY;Cyprus;8;1002;0;19;1.8962075848303395
2020-07-12;CY;Cyprus;12;1014;0;19;1.8737672583826428
2020-07-19;CY;Cyprus;23;1037;0;19;1.832208293153327
2020-07-26;CY;Cyprus;16;1053;0;19;1.8043684710351375
2020-08-02;CY;Cyprus;71;1124;0;19;1.6903914590747333
2020-08-09;CY;Cyprus;109;1233;0;19;1.5409570154095702
2020-08-16;CY;Cyprus;99;1332;1;20;1.5015015015015014
2020-08-23;CY;Cyprus;85;1417;1;21;1.4820042342978124
2020-08-30;CY;Cyprus;66;1483;0;21;1.416048550236008
2020-09-06;CY;Cyprus;24;1507;0;21;1.39349701393497
2020-09-13;CY;Cyprus;16;1523;0;21;1.3788575180564675
2020-09-20;CY;Cyprus;57;1580;1;22;1.3924050632911391
2020-09-27;CY;Cyprus;104;1684;0;22;1.3064133016627077
2020-10-04;CY;Cyprus;127;1811;0;22;1.2147984538928769
2020-10-11;CY;Cyprus;175;1986;3;25;1.2588116817724069
2020-10-18;CY;Cyprus;393;2379;0;25;1.0508617065994117
2020-10-25;CY;Cyprus;1065;3444;0;25;0.7259001161440186
2020-11-01;CY;Cyprus;922;4366;1;26;0.5955107650022904
2020-11-08;CY;Cyprus;1505;5871;1;27;0.45988758303525806
2020-11-15;CY;Cyprus;1180;7051;12;39;0.5531130336122536
2020-11-22;CY;Cyprus;1405;8456;4;43;0.5085146641438032
2020-11-29;CY;Cyprus;1775;10231;5;48;0.46916234972143483
2020-12-06;CY;Cyprus;1951;12182;12;60;0.49252996223936957
2020-12-13;CY;Cyprus;2619;14801;19;79;0.5337477197486656
2020-12-20;CY;Cyprus;2676;17477;13;92;0.5264061337758197
2020-12-27;CY;Cyprus;1915;19392;22;114;0.5878712871287128
2021-01-03;CY;Cyprus;4511;23903;18;132;0.5522319374137138
2021-01-10;CY;Cyprus;3566;27469;18;150;0.5460701154028178
2021-01-17;CY;Cyprus;1800;29269;20;170;0.5808192968669924
2021-01-24;CY;Cyprus;1076;30345;16;186;0.6129510627780524
2021-01-31;CY;Cyprus;883;31228;14;200;0.6404508774177021
2021-02-07;CY;Cyprus;928;32156;14;214;0.6655056599079487
2021-02-14;CY;Cyprus;746;32902;11;225;0.6838490061394444
2021-02-21;CY;Cyprus;763;33665;9;234;0.6950839150452992
2021-02-28;CY;Cyprus;1271;34936;2;236;0.6755209525990382
2021-03-07;CY;Cyprus;2315;37251;1;237;0.6362245308850769
2021-03-14;CY;Cyprus;2702;39953;6;243;0.6082146522163543
2021-03-21;CY;Cyprus;2605;42558;4;247;0.5803844165609287
2021-03-28;CY;Cyprus;2423;44981;8;255;0.5669060269891733
2021-04-04;CY;Cyprus;3271;48252;11;266;0.5512724861145653
2021-04-11;CY;Cyprus;3753;52005;11;277;0.5326410922026729
2021-04-18;CY;Cyprus;4372;56377;18;295;0.5232630327970627
2021-04-25;CY;Cyprus;6169;62546;10;305;0.48764109615323126
2021-05-02;CY;Cyprus;4903;67449;15;320;0.47443253421103354
2021-05-09;CY;Cyprus;2791;70240;21;341;0.4854783599088838
2021-05-16;CY;Cyprus;1736;71976;12;353;0.4904412581971768
2021-05-23;CY;Cyprus;937;72913;8;361;0.4951106112764528
2021-05-30;CY;Cyprus;527;73440;7;368;0.5010893246187363
2021-06-06;CY;Cyprus;432;73872;3;371;0.5022200563136235
2021-06-13;CY;Cyprus;407;74279;10;381;0.512930976453641
2021-06-20;CY;Cyprus;425;74704;1;382;0.511351467123581
2021-06-27;CY;Cyprus;987;75691;0;382;0.5046835158737498
2021-07-04;CY;Cyprus;3262;78953;0;382;0.48383215330639745
2021-07-11;CY;Cyprus;5978;84931;6;388;0.4568414359892148
2021-07-18;CY;Cyprus;6915;91846;5;393;0.4278901639701239
2021-07-25;CY;Cyprus;6653;98499;15;408;0.4142174032223677
2021-08-01;CY;Cyprus;5170;103669;24;432;0.4167108778902083
2021-08-08;CY;Cyprus;3647;107316;18;450;0.41932237504193226
2021-08-15;CY;Cyprus;3114;110430;23;473;0.428325636149597
2021-08-22;CY;Cyprus;2433;112863;23;496;0.4394708629045834
2021-08-29;CY;Cyprus;1929;114792;22;518;0.4512509582549306
2021-09-05;CY;Cyprus;1830;116622;18;536;0.45960453430742054
2021-09-12;CY;Cyprus;1210;117832;15;551;0.4676149093624822
2021-09-19;CY;Cyprus;1032;118864;10;561;0.47196796338672775
2021-09-26;CY;Cyprus;826;119690;5;566;0.4728882947614671
2021-10-03;CY;Cyprus;726;120416;3;569;0.47252856763220835
2021-10-10;CY;Cyprus;855;121271;4;573;0.4724954853180067
2021-10-17;CY;Cyprus;993;122264;5;578;0.4727474972191324
2021-10-24;CY;Cyprus;1005;123269;7;585;0.474571871273394
2021-10-31;CY;Cyprus;1064;124333;7;592;0.47614068670425386
2021-11-07;CY;Cyprus;1482;125815;2;594;0.472121766085125
2021-11-14;CY;Cyprus;1663;127478;2;596;0.46753165252043494
2021-11-21;CY;Cyprus;2410;129888;2;598;0.4603966494210397
2021-11-28;CY;Cyprus;3049;132937;2;600;0.45134161294447744
2021-12-05;CY;Cyprus;3588;136525;9;609;0.44607214795824945
2021-12-12;CY;Cyprus;3933;140458;7;616;0.43856526506144183
2021-12-19;CY;Cyprus;4255;144713;11;627;0.43327137161139634
2021-12-26;CY;Cyprus;5135;149848;10;637;0.4250974320644921
2022-01-02;CY;Cyprus;17631;167479;11;648;0.38691418028528946
2022-01-09;CY;Cyprus;25723;193202;16;664;0.34368174242502664
2022-01-16;CY;Cyprus;22407;215609;21;685;0.3177047340324383
2022-01-23;CY;Cyprus;15773;231382;39;724;0.3129024729667822
2022-01-30;CY;Cyprus;16980;248362;24;748;0.3011732873789066
2022-02-06;CY;Cyprus;20295;268657;13;761;0.2832608121135872
2022-02-13;CY;Cyprus;18231;286888;32;793;0.2764144892780458
2022-02-20;CY;Cyprus;16440;303328;43;836;0.2756092414811689
2022-02-27;CY;Cyprus;14348;317676;34;870;0.27386393684131
2022-03-06;CY;Cyprus;13832;331508;20;890;0.2684701425003318
2022-03-13;CY;Cyprus;19180;350688;24;914;0.26063053198284514
2022-03-20;CY;Cyprus;22970;373658;16;930;0.24889069684042625
2022-03-27;CY;Cyprus;31886;405544;16;946;0.23326692048211786
2022-04-03;CY;Cyprus;31405;436949;13;959;0.21947641486763902
2022-04-10;CY;Cyprus;19015;455964;16;975;0.21383267100034214
2022-04-17;CY;Cyprus;8240;464204;13;988;0.21283745939285315
2022-04-24;CY;Cyprus;6115;470319;18;1006;0.21389737603626477
2022-05-01;CY;Cyprus;9901;480220;9;1015;0.2113614593311399
2022-05-08;CY;Cyprus;3444;483664;12;1027;0.21233749048926528
2022-05-15;CY;Cyprus;2422;486086;24;1051;0.21621688343214984
2022-05-22;CY;Cyprus;2103;488189;6;1057;0.21651450565252392
2022-05-29;CY;Cyprus;1774;489963;2;1059;0.216138769662199
2022-06-05;CY;Cyprus;1814;491777;8;1067;0.21696826000402622
2022-06-12;CY;Cyprus;2207;493984;1;1068;0.2162013344561767
2022-06-19;CY;Cyprus;3470;497454;2;1070;0.21509526508983745
2022-06-26;CY;Cyprus;7263;504717;2;1072;0.21239625374219612
2022-07-03;CY;Cyprus;10879;515596;3;1075;0.2084965748376636
2022-07-10;CY;Cyprus;14914;530510;4;1079;0.2033891915326761
2022-07-17;CY;Cyprus;15386;545896;7;1086;0.1989389920424403
2022-07-24;CY;Cyprus;10152;556048;13;1099;0.1976448076425057
2022-07-31;CY;Cyprus;6863;562911;16;1115;0.19807749360023166
2022-08-07;CY;Cyprus;5472;568383;28;1143;0.20109679564659744
2022-08-14;CY;Cyprus;3611;571994;6;1149;0.2008762329674787
2022-08-21;CY;Cyprus;2130;574124;3;1152;0.2006535173586194
2022-08-28;CY;Cyprus;2154;576278;16;1168;0.20267995654874904
2022-09-04;CY;Cyprus;1752;578030;4;1172;0.2027576423369029
2022-09-11;CY;Cyprus;1869;579899;1;1173;0.20227660333954706
2022-09-18;CY;Cyprus;2482;582381;5;1178;0.20227308239794908
2022-09-25;CY;Cyprus;2932;585313;2;1180;0.2016015362720459
2022-10-02;CY;Cyprus;2681;587994;2;1182;0.20102245941285118
2022-10-09;CY;Cyprus;2789;590783;5;1187;0.2009197962703734
2022-10-16;CY;Cyprus;2759;593542;2;1189;0.20032280782151896
2022-10-23;CY;Cyprus;2755;596297;2;1191;0.19973268354528032
2022-10-30;CY;Cyprus;2821;599118;3;1194;0.19929296065215868
2022-11-06;CY;Cyprus;3544;602662;6;1200;0.19911658607975946
2022-11-13;CY;Cyprus;3625;606287;10;1210;0.19957544859117876
2022-11-20;CY;Cyprus;3736;610023;8;1218;0.199664602810058
2022-11-27;CY;Cyprus;4214;614237;8;1226;0.1995972238728699
2022-12-04;CY;Cyprus;4011;618248;11;1237;0.20008152068425616
2022-12-11;CY;Cyprus;3854;622102;5;1242;0.1996457172617995
2022-12-18;CY;Cyprus;3460;625562;8;1250;0.1998203215668471
2022-12-25;CY;Cyprus;2947;628509;5;1255;0.19967892265663656
2023-01-01;CY;Cyprus;2602;631111;3;1258;0.19933102100898256
2023-01-08;CY;Cyprus;3598;634709;4;1262;0.19883127543488432
2023-01-15;CY;Cyprus;3353;638062;8;1270;0.19904021866213628
2023-01-22;CY;Cyprus;2667;640729;10;1280;0.19977244669743371
2023-01-29;CY;Cyprus;1934;642663;7;1287;0.2002604786645567
2023-02-05;CY;Cyprus;1497;644160;4;1291;0.20041604570293095
2023-02-12;CY;Cyprus;1355;645515;2;1293;0.2003051826835937
2023-02-19;CY;Cyprus;1516;647031;4;1297;0.2004540740706396
2023-02-26;CY;Cyprus;2062;649093;8;1305;0.20104977252874395
2023-03-05;CY;Cyprus;1592;650685;25;1330;0.2043999784842128
2023-03-12;CY;Cyprus;1701;652386;5;1335;0.20463345320101903
2023-03-19;CY;Cyprus;1281;653667;6;1341;0.2051503288371602
2023-03-26;CY;Cyprus;1047;654714;4;1345;0.20543321205900592
2023-04-02;CY;Cyprus;950;655664;4;1349;0.20574562580834085
2023-04-09;CY;Cyprus;1240;656904;1;1350;0.2055094808373826
2023-04-16;CY;Cyprus;0;656904;0;1350;0.2055094808373826
2023-04-23;CY;Cyprus;1546;658450;4;1354;0.20563444452881768
2023-04-30;CY;Cyprus;0;658450;0;1354;0.20563444452881768
2023-05-07;CY;Cyprus;2404;660854;10;1364;0.20639959809579728
2023-05-14;CY;Cyprus;0;660854;0;1364;0.20639959809579728
2023-05-21;CY;Cyprus;0;660854;0;1364;0.20639959809579728
2023-05-28;CY;Cyprus;0;660854;0;1364;0.20639959809579728
2023-06-04;CY;Cyprus;0;660854;0;1364;0.20639959809579728
2023-06-11;CY;Cyprus;0;660854;0;1364;0.20639959809579728
2023-06-18;CY;Cyprus;0;660854;0;1364;0.20639959809579728
2023-06-25;CY;Cyprus;0;660854;0;1364;0.20639959809579728
2023-07-02;CY;Cyprus;0;660854;0;1364;0.20639959809579728
2023-07-09;CY;Cyprus;0;660854;0;1364;0.20639959809579728
2023-07-16;CY;Cyprus;0;660854;0;1364;0.20639959809579728
2023-07-23;CY;Cyprus;0;660854;0;1364;0.20639959809579728
2023-07-30;CY;Cyprus;0;660854;0;1364;0.20639959809579728
2023-08-06;CY;Cyprus;0;660854;0;1364;0.20639959809579728
2023-08-13;CY;Cyprus;0;660854;0;1364;0.20639959809579728
2023-08-20;CY;Cyprus;0;660854;0;1364;0.20639959809579728
2023-08-27;CY;Cyprus;0;660854;0;1364;0.20639959809579728
2023-09-03;CY;Cyprus;0;660854;0;1364;0.20639959809579728
2023-09-10;CY;Cyprus;0;660854;0;1364;0.20639959809579728
2023-09-17;CY;Cyprus;0;660854;0;1364;0.20639959809579728
2023-09-24;CY;Cyprus;0;660854;0;1364;0.20639959809579728
2023-10-01;CY;Cyprus;0;660854;0;1364;0.20639959809579728
2023-10-08;CY;Cyprus;0;660854;0;1364;0.20639959809579728
2023-10-15;CY;Cyprus;0;660854;0;1364;0.20639959809579728
2023-10-22;CY;Cyprus;0;660854;0;1364;0.20639959809579728
2023-10-29;CY;Cyprus;0;660854;0;1364;0.20639959809579728
2023-11-05;CY;Cyprus;975;661829;0;1364;0.2060955322296243
2023-11-12;CY;Cyprus;825;662654;0;1364;0.20583894460759308
2023-11-19;CY;Cyprus;308;662962;0;1364;0.20574331560481596
2023-11-26;CY;Cyprus;778;663740;0;1364;0.20550215445807093
2023-12-03;CY;Cyprus;1054;664794;0;1364;0.20517634034001508
2023-12-10;CY;Cyprus;1685;666479;0;1364;0.20465761111752961
2023-12-17;CY;Cyprus;2190;668669;0;1364;0.20398732407214928
2023-12-24;CY;Cyprus;2908;671577;1;1365;0.20325294046699038
2023-12-31;CY;Cyprus;3532;675109;0;1365;0.20218957235053894
2024-01-07;CY;Cyprus;6001;681110;0;1365;0.20040815727268724
2024-01-14;CY;Cyprus;0;681110;0;1365;0.20040815727268724
2024-01-21;CY;Cyprus;0;681110;0;1365;0.20040815727268724
2020-01-05;CZ;Czechia;0;0;0;0;0.0
2020-01-12;CZ;Czechia;0;0;0;0;0.0
2020-01-19;CZ;Czechia;0;0;0;0;0.0
2020-01-26;CZ;Czechia;0;0;0;0;0.0
2020-02-02;CZ;Czechia;0;0;0;0;0.0
2020-02-09;CZ;Czechia;0;0;0;0;0.0
2020-02-16;CZ;Czechia;0;0;0;0;0.0
2020-02-23;CZ;Czechia;0;0;0;0;0.0
2020-03-01;CZ;Czechia;0;0;0;0;0.0
2020-03-08;CZ;Czechia;27;27;0;0;0.0
2020-03-15;CZ;Czechia;163;190;0;0;0.0
2020-03-22;CZ;Czechia;869;1059;0;0;0.0
2020-03-29;CZ;Czechia;1624;2683;17;17;0.6336190831159151
2020-04-05;CZ;Czechia;1821;4504;49;66;1.4653641207815276
2020-04-12;CZ;Czechia;1438;5942;70;136;2.288791652642208
2020-04-19;CZ;Czechia;754;6696;44;180;2.6881720430107525
2020-04-26;CZ;Czechia;701;7397;42;222;3.001216709476815
2020-05-03;CZ;Czechia;412;7809;29;251;3.214239979510821
2020-05-10;CZ;Czechia;344;8153;26;277;3.397522384398381
2020-05-17;CZ;Czechia;372;8525;18;295;3.460410557184751
2020-05-24;CZ;Czechia;448;8973;18;313;3.4882425052936585
2020-05-31;CZ;Czechia;346;9319;5;318;3.412383302929499
2020-06-07;CZ;Czechia;351;9670;7;325;3.3609100310237854
2020-06-14;CZ;Czechia;429;10099;5;330;3.267650262402218
2020-06-21;CZ;Czechia;460;10559;8;338;3.201060706506298
2020-06-28;CZ;Czechia;853;11412;8;346;3.0318962495618647
2020-07-05;CZ;Czechia;1142;12554;4;350;2.7879560299506134
2020-07-12;CZ;Czechia;678;13232;4;354;2.675332527206771
2020-07-19;CZ;Czechia;748;13980;6;360;2.575107296137339
2020-07-26;CZ;Czechia;1353;15333;11;371;2.4196178177786476
2020-08-02;CZ;Czechia;1476;16809;13;384;2.2844904515438156
2020-08-09;CZ;Czechia;1549;18358;8;392;2.1353088571739844
2020-08-16;CZ;Czechia;1664;20022;8;400;1.997802417340925
2020-08-23;CZ;Czechia;1895;21917;15;415;1.8935073230825388
2020-08-30;CZ;Czechia;2315;24232;10;425;1.753879168042258
2020-09-06;CZ;Czechia;3658;27890;15;440;1.577626389386877
2020-09-13;CZ;Czechia;7660;35550;27;467;1.3136427566807314
2020-09-20;CZ;Czechia;12920;48470;55;522;1.0769548174128327
2020-09-27;CZ;Czechia;15008;63478;89;611;0.96253820221179
2020-10-04;CZ;Czechia;17352;80830;127;738;0.9130273413336631
2020-10-11;CZ;Czechia;33458;114288;293;1031;0.9021069578608428
2020-10-18;CZ;Czechia;54911;169199;457;1488;0.8794378217365352
2020-10-25;CZ;Czechia;82219;251418;826;2314;0.9203796068698342
2020-11-01;CZ;Czechia;84751;336169;1290;3604;1.0720798169968082
2020-11-08;CZ;Czechia;76531;412700;1552;5156;1.2493336564090138
2020-11-15;CZ;Czechia;47391;460091;1331;6487;1.4099384686942364
2020-11-22;CZ;Czechia;32810;492901;1001;7488;1.5191691637874543
2020-11-29;CZ;Czechia;28065;520966;899;8387;1.6098939278187059
2020-12-06;CZ;Czechia;27269;548235;760;9147;1.6684451010971575
2020-12-13;CZ;Czechia;33579;581814;680;9827;1.6890277648870602
2020-12-20;CZ;Czechia;45475;627289;779;10606;1.6907677322573806
2020-12-27;CZ;Czechia;47773;675062;761;11367;1.683845335687685
2021-01-03;CZ;Czechia;70541;745603;954;12321;1.652487986233961
2021-01-10;CZ;Czechia;92118;837721;1187;13508;1.6124700228357651
2021-01-17;CZ;Czechia;58893;896614;1190;14698;1.6392784408898367
2021-01-24;CZ;Czechia;49125;945739;1054;15752;1.665575808970551
2021-01-31;CZ;Czechia;47939;993678;1002;16754;1.6860592666839762
2021-02-07;CZ;Czechia;50871;1044549;910;17664;1.691064756177068
2021-02-14;CZ;Czechia;53838;1098387;930;18594;1.6928459641273979
2021-02-21;CZ;Czechia;65983;1164370;1092;19686;1.6906996916787618
2021-02-28;CZ;Czechia;83422;1247792;1173;20859;1.6716728429097156
2021-03-07;CZ;Czechia;87158;1334950;1398;22257;1.6672534551855875
2021-03-14;CZ;Czechia;79038;1413988;1523;23780;1.6817681621060434
2021-03-21;CZ;Czechia;67088;1481076;1459;25239;1.7040989118721797
2021-03-28;CZ;Czechia;51053;1532129;1280;26519;1.73085947723723
2021-04-04;CZ;Czechia;37537;1569666;1007;27526;1.753621471064545
2021-04-11;CZ;Czechia;28894;1598560;847;28373;1.7749099189270343
2021-04-18;CZ;Czechia;22178;1620738;587;28960;1.7868403159548303
2021-04-25;CZ;Czechia;17828;1638566;445;29405;1.7945569479654773
2021-05-02;CZ;Czechia;15073;1653639;358;29763;1.7998486973275305
2021-05-09;CZ;Czechia;11224;1664863;263;30026;1.803511760427134
2021-05-16;CZ;Czechia;7982;1672845;190;30216;1.8062641786895977
2021-05-23;CZ;Czechia;5241;1678086;108;30324;1.8070587562258429
2021-05-30;CZ;Czechia;3400;1681486;67;30391;1.8073894162663264
2021-06-06;CZ;Czechia;2461;1683947;39;30430;1.8070639990451005
2021-06-13;CZ;Czechia;1542;1685489;28;30458;1.8070720129291857
2021-06-20;CZ;Czechia;978;1686467;16;30474;1.8069728017209943
2021-06-27;CZ;Czechia;732;1687199;12;30486;1.806900075213416
2021-07-04;CZ;Czechia;1020;1688219;5;30491;1.8061045397546172
2021-07-11;CZ;Czechia;1393;1689612;3;30494;1.804793053079642
2021-07-18;CZ;Czechia;1700;1691312;4;30498;1.8032154918784942
2021-07-25;CZ;Czechia;1459;1692771;4;30502;1.8018975986710546
2021-08-01;CZ;Czechia;1252;1694023;2;30504;1.8006839340433984
2021-08-08;CZ;Czechia;1216;1695239;6;30510;1.7997462304725174
2021-08-15;CZ;Czechia;1356;1696595;2;30512;1.7984256702395092
2021-08-22;CZ;Czechia;1322;1697917;13;30525;1.797791058102369
2021-08-29;CZ;Czechia;1395;1699312;7;30532;1.7967271460449876
2021-09-05;CZ;Czechia;1741;1701053;3;30535;1.7950645864649721
2021-09-12;CZ;Czechia;2674;1703727;6;30541;1.7925994011951445
2021-09-19;CZ;Czechia;3104;1706831;16;30557;1.790276834671974
2021-09-26;CZ;Czechia;3340;1710171;15;30572;1.7876574915607857
2021-10-03;CZ;Czechia;4525;1714696;11;30583;1.7835814628365612
2021-10-10;CZ;Czechia;6141;1720837;26;30609;1.778727444842248
2021-10-17;CZ;Czechia;9397;1730234;47;30656;1.7717834697503345
2021-10-24;CZ;Czechia;21024;1751258;79;30735;1.7550241026736209
2021-10-31;CZ;Czechia;34304;1785562;156;30891;1.7300435381129302
2021-11-07;CZ;Czechia;54713;1840275;298;31189;1.6948010487562999
2021-11-14;CZ;Czechia;76286;1916561;441;31630;1.6503518541804825
2021-11-21;CZ;Czechia;107749;2024310;642;32272;1.5942222288088288
2021-11-28;CZ;Czechia;131080;2155390;768;33040;1.5329012382909821
2021-12-05;CZ;Czechia;120518;2275908;848;33888;1.4889881313304403
2021-12-12;CZ;Czechia;95994;2371902;798;34686;1.4623707050291284
2021-12-19;CZ;Czechia;70819;2442721;775;35461;1.4517007877690493
2021-12-26;CZ;Czechia;43730;2486451;527;35988;1.4473641346642263
2022-01-02;CZ;Czechia;37317;2523768;448;36436;1.4437143192242712
2022-01-09;CZ;Czechia;49854;2573622;361;36797;1.4297748465003797
2022-01-16;CZ;Czechia;76148;2649770;239;37036;1.3977062160112008
2022-01-23;CZ;Czechia;174118;2823888;175;37211;1.317722232609792
2022-01-30;CZ;Czechia;279661;3103549;157;37368;1.2040409221829589
2022-02-06;CZ;Czechia;286572;3390121;289;37657;1.1107863111670646
2022-02-13;CZ;Czechia;189772;3579893;388;38045;1.0627412607024846
2022-02-20;CZ;Czechia;129271;3709164;377;38422;1.0358668422318345
2022-02-27;CZ;Czechia;80424;3789588;357;38779;1.0233038525560034
2022-03-06;CZ;Czechia;65371;3854959;300;39079;1.0137332199901479
2022-03-13;CZ;Czechia;63916;3918875;219;39298;1.0027877898631623
2022-03-20;CZ;Czechia;64737;3983612;192;39490;0.9913114028173426
2022-03-27;CZ;Czechia;59392;4043004;194;39684;0.9815473840738224
2022-04-03;CZ;Czechia;50470;4093474;154;39838;0.9732075982405166
2022-04-10;CZ;Czechia;37781;4131255;172;40010;0.9684708399747777
2022-04-17;CZ;Czechia;23016;4154271;92;40102;0.9653197877557819
2022-04-24;CZ;Czechia;16520;4170791;91;40193;0.9636781128567699
2022-05-01;CZ;Czechia;12147;4182938;77;40270;0.9627204610730544
2022-05-08;CZ;Czechia;8010;4190948;57;40327;0.962240524100991
2022-05-15;CZ;Czechia;4219;4195167;25;40352;0.9618687408629978
2022-05-22;CZ;Czechia;2686;4197853;15;40367;0.9616106138066292
2022-05-29;CZ;Czechia;1896;4199749;11;40378;0.9614384097716316
2022-06-05;CZ;Czechia;1706;4201455;7;40385;0.9612146268376075
2022-06-12;CZ;Czechia;2275;4203730;8;40393;0.9608847380778499
2022-06-19;CZ;Czechia;2945;4206675;4;40397;0.9603071309288215
2022-06-26;CZ;Czechia;4645;4211320;3;40400;0.9593191683367684
2022-07-03;CZ;Czechia;8243;4219563;10;40410;0.9576821106830258
2022-07-10;CZ;Czechia;7976;4227539;20;40430;0.9563483624870167
2022-07-17;CZ;Czechia;14675;4242214;22;40452;0.9535586842153649
2022-07-24;CZ;Czechia;21407;4263621;43;40495;0.9497795418495217
2022-07-31;CZ;Czechia;22707;4286328;86;40581;0.9467544247663735
2022-08-07;CZ;Czechia;20552;4306880;102;40683;0.9446049112118284
2022-08-14;CZ;Czechia;17817;4324697;83;40766;0.9426325127517603
2022-08-21;CZ;Czechia;18267;4342964;87;40853;0.9406709334915048
2022-08-28;CZ;Czechia;15470;4358434;62;40915;0.9387546077329609
2022-09-04;CZ;Czechia;16021;4374455;45;40960;0.936345213289427
2022-09-11;CZ;Czechia;18605;4393060;56;41016;0.9336544458759952
2022-09-18;CZ;Czechia;22160;4415220;52;41068;0.9301461761814813
2022-09-25;CZ;Czechia;24278;4439498;65;41133;0.9265236745235611
2022-10-02;CZ;Czechia;26213;4465711;100;41233;0.9233244157537288
2022-10-09;CZ;Czechia;26201;4491912;123;41356;0.9206769856577778
2022-10-16;CZ;Czechia;19903;4511815;142;41498;0.9197628892142077
2022-10-23;CZ;Czechia;14417;4526232;97;41595;0.9189763140731628
2022-10-30;CZ;Czechia;8162;4534394;79;41674;0.9190643777316219
2022-11-06;CZ;Czechia;7155;4541549;63;41737;0.9190036262957859
2022-11-13;CZ;Czechia;5214;4546763;62;41799;0.9193133664543324
2022-11-20;CZ;Czechia;4122;4550885;39;41838;0.91933766728889
2022-11-27;CZ;Czechia;4863;4555748;41;41879;0.9192562889782315
2022-12-04;CZ;Czechia;5617;4561365;43;41922;0.9190669898155486
2022-12-11;CZ;Czechia;6162;4567527;54;41976;0.919009345757562
2022-12-18;CZ;Czechia;5531;4573058;54;42030;0.9190786559015871
2022-12-25;CZ;Czechia;4468;4577526;69;42099;0.9196889324058454
2023-01-01;CZ;Czechia;2728;4580254;67;42166;0.9206039665049144
2023-01-08;CZ;Czechia;2915;4583169;62;42228;0.9213712171643681
2023-01-15;CZ;Czechia;1955;4585124;39;42267;0.9218289407222139
2023-01-22;CZ;Czechia;1813;4586937;32;42299;0.9221622184913375
2023-01-29;CZ;Czechia;1964;4588901;16;42315;0.9221162103954736
2023-02-05;CZ;Czechia;2720;4591621;22;42337;0.9220490976933855
2023-02-12;CZ;Czechia;3823;4595444;24;42361;0.9218042913807676
2023-02-19;CZ;Czechia;5723;4601167;35;42396;0.9214184140675615
2023-02-26;CZ;Czechia;6972;4608139;48;42444;0.9210659661090952
2023-03-05;CZ;Czechia;6012;4614151;43;42487;0.9207977805667825
2023-03-12;CZ;Czechia;6289;4620440;36;42523;0.9203236055440607
2023-03-19;CZ;Czechia;5728;4626168;57;42580;0.920416206242402
2023-03-26;CZ;Czechia;4673;4630841;56;42636;0.9206966941857861
2023-04-02;CZ;Czechia;3359;4634200;46;42682;0.921021967114065
2023-04-09;CZ;Czechia;2070;4636270;28;42710;0.9212146833553697
2023-04-16;CZ;Czechia;1768;4638038;23;42733;0.9213594196511542
2023-04-23;CZ;Czechia;1406;4639444;22;42755;0.9215543931557315
2023-04-30;CZ;Czechia;967;4640411;16;42771;0.9217071505088665
2023-05-07;CZ;Czechia;558;4640969;12;42783;0.9218548971130813
2023-05-14;CZ;Czechia;453;4641422;11;42794;0.9220019209630153
2023-05-21;CZ;Czechia;350;4641772;6;42800;0.9220616609346604
2023-05-28;CZ;Czechia;276;4642048;6;42806;0.9221360916560966
2023-06-04;CZ;Czechia;232;4642280;3;42809;0.9221546309141198
2023-06-11;CZ;Czechia;174;4642454;1;42810;0.9221416087267639
2023-06-18;CZ;Czechia;131;4642585;2;42812;0.9221586680696207
2023-06-25;CZ;Czechia;139;4642724;0;42812;0.9221310592660688
2023-07-02;CZ;Czechia;72;4642796;1;42813;0.9221382976981973
2023-07-09;CZ;Czechia;51;4642847;0;42813;0.9221281683415371
2023-07-16;CZ;Czechia;67;4642914;2;42815;0.922157937881253
2023-07-23;CZ;Czechia;79;4642993;1;42816;0.9221637852996978
2023-07-30;CZ;Czechia;76;4643069;0;42816;0.9221486908766594
2023-08-06;CZ;Czechia;123;4643192;0;42816;0.9221242627916312
2023-08-13;CZ;Czechia;168;4643360;0;42816;0.9220908996933255
2023-08-20;CZ;Czechia;294;4643654;2;42818;0.9220755896111124
2023-08-27;CZ;Czechia;398;4644052;1;42819;0.9220180997112005
2023-09-03;CZ;Czechia;476;4644528;4;42823;0.9220097284374213
2023-09-10;CZ;Czechia;891;4645419;6;42829;0.921962044758503
2023-09-17;CZ;Czechia;1762;4647181;5;42834;0.9217200707267481
2023-09-24;CZ;Czechia;2251;4649432;10;42844;0.9214889044511244
2023-10-01;CZ;Czechia;2175;4651607;8;42852;0.9212300179271379
2023-10-08;CZ;Czechia;3016;4654623;14;42866;0.9209338758477326
2023-10-15;CZ;Czechia;3035;4657658;20;42886;0.9207631818394566
2023-10-22;CZ;Czechia;3535;4661193;18;42904;0.9204510519088139
2023-10-29;CZ;Czechia;4418;4665611;16;42920;0.9199223852995888
2023-11-05;CZ;Czechia;5150;4670761;37;42957;0.9197002372846738
2023-11-12;CZ;Czechia;5524;4676285;26;42983;0.9191698110786661
2023-11-19;CZ;Czechia;5534;4681819;39;43022;0.9189163442670466
2023-11-26;CZ;Czechia;8532;4690351;34;43056;0.9179696786018786
2023-12-03;CZ;Czechia;10320;4700671;49;43105;0.9169967436563844
2023-12-10;CZ;Czechia;13252;4713923;65;43170;0.9157977336498708
2023-12-17;CZ;Czechia;16021;4729944;75;43245;0.914281437581502
2023-12-24;CZ;Czechia;12312;4742256;69;43314;0.9133627539297753
2023-12-31;CZ;Czechia;4356;4746612;50;43364;0.9135779372739967
2024-01-07;CZ;Czechia;4419;4751031;55;43419;0.9138858491977847
2024-01-14;CZ;Czechia;2241;4753272;31;43450;0.9141071666001862
2024-01-21;CZ;Czechia;1598;4754870;16;43466;0.9141364537831739
2020-01-05;KP;Democratic People's Republic of Korea;0;0;0;0;0.0
2020-01-12;KP;Democratic People's Republic of Korea;0;0;0;0;0.0
2020-01-19;KP;Democratic People's Republic of Korea;0;0;0;0;0.0
2020-01-26;KP;Democratic People's Republic of Korea;0;0;0;0;0.0
2020-02-02;KP;Democratic People's Republic of Korea;0;0;0;0;0.0
2020-02-09;KP;Democratic People's Republic of Korea;0;0;0;0;0.0
2020-02-16;KP;Democratic People's Republic of Korea;0;0;0;0;0.0
2020-02-23;KP;Democratic People's Republic of Korea;0;0;0;0;0.0
2020-03-01;KP;Democratic People's Republic of Korea;0;0;0;0;0.0
2020-03-08;KP;Democratic People's Republic of Korea;0;0;0;0;0.0
2020-03-15;KP;Democratic People's Republic of Korea;0;0;0;0;0.0
2020-03-22;KP;Democratic People's Republic of Korea;0;0;0;0;0.0
2020-03-29;KP;Democratic People's Republic of Korea;0;0;0;0;0.0
2020-04-05;KP;Democratic People's Republic of Korea;0;0;0;0;0.0
2020-04-12;KP;Democratic People's Republic of Korea;0;0;0;0;0.0
2020-04-19;KP;Democratic People's Republic of Korea;0;0;0;0;0.0
2020-04-26;KP;Democratic People's Republic of Korea;0;0;0;0;0.0
2020-05-03;KP;Democratic People's Republic of Korea;0;0;0;0;0.0
2020-05-10;KP;Democratic People's Republic of Korea;0;0;0;0;0.0
2020-05-17;KP;Democratic People's Republic of Korea;0;0;0;0;0.0
2020-05-24;KP;Democratic People's Republic of Korea;0;0;0;0;0.0
2020-05-31;KP;Democratic People's Republic of Korea;0;0;0;0;0.0
2020-06-07;KP;Democratic People's Republic of Korea;0;0;0;0;0.0
2020-06-14;KP;Democratic People's Republic of Korea;0;0;0;0;0.0
2020-06-21;KP;Democratic People's Republic of Korea;0;0;0;0;0.0
2020-06-28;KP;Democratic People's Republic of Korea;0;0;0;0;0.0
2020-07-05;KP;Democratic People's Republic of Korea;0;0;0;0;0.0
2020-07-12;KP;Democratic People's Republic of Korea;0;0;0;0;0.0
2020-07-19;KP;Democratic People's Republic of Korea;0;0;0;0;0.0
2020-07-26;KP;Democratic People's Republic of Korea;0;0;0;0;0.0
2020-08-02;KP;Democratic People's Republic of Korea;0;0;0;0;0.0
2020-08-09;KP;Democratic People's Republic of Korea;0;0;0;0;0.0
2020-08-16;KP;Democratic People's Republic of Korea;0;0;0;0;0.0
2020-08-23;KP;Democratic People's Republic of Korea;0;0;0;0;0.0
2020-08-30;KP;Democratic People's Republic of Korea;0;0;0;0;0.0
2020-09-06;KP;Democratic People's Republic of Korea;0;0;0;0;0.0
2020-09-13;KP;Democratic People's Republic of Korea;0;0;0;0;0.0
2020-09-20;KP;Democratic People's Republic of Korea;0;0;0;0;0.0
2020-09-27;KP;Democratic People's Republic of Korea;0;0;0;0;0.0
2020-10-04;KP;Democratic People's Republic of Korea;0;0;0;0;0.0
2020-10-11;KP;Democratic People's Republic of Korea;0;0;0;0;0.0
2020-10-18;KP;Democratic People's Republic of Korea;0;0;0;0;0.0
2020-10-25;KP;Democratic People's Republic of Korea;0;0;0;0;0.0
2020-11-01;KP;Democratic People's Republic of Korea;0;0;0;0;0.0
2020-11-08;KP;Democratic People's Republic of Korea;0;0;0;0;0.0
2020-11-15;KP;Democratic People's Republic of Korea;0;0;0;0;0.0
2020-11-22;KP;Democratic People's Republic of Korea;0;0;0;0;0.0
2020-11-29;KP;Democratic People's Republic of Korea;0;0;0;0;0.0
2020-12-06;KP;Democratic People's Republic of Korea;0;0;0;0;0.0
2020-12-13;KP;Democratic People's Republic of Korea;0;0;0;0;0.0
2020-12-20;KP;Democratic People's Republic of Korea;0;0;0;0;0.0
2020-12-27;KP;Democratic People's Republic of Korea;0;0;0;0;0.0
2021-01-03;KP;Democratic People's Republic of Korea;0;0;0;0;0.0
2021-01-10;KP;Democratic People's Republic of Korea;0;0;0;0;0.0
2021-01-17;KP;Democratic People's Republic of Korea;0;0;0;0;0.0
2021-01-24;KP;Democratic People's Republic of Korea;0;0;0;0;0.0
2021-01-31;KP;Democratic People's Republic of Korea;0;0;0;0;0.0
2021-02-07;KP;Democratic People's Republic of Korea;0;0;0;0;0.0
2021-02-14;KP;Democratic People's Republic of Korea;0;0;0;0;0.0
2021-02-21;KP;Democratic People's Republic of Korea;0;0;0;0;0.0
2021-02-28;KP;Democratic People's Republic of Korea;0;0;0;0;0.0
2021-03-07;KP;Democratic People's Republic of Korea;0;0;0;0;0.0
2021-03-14;KP;Democratic People's Republic of Korea;0;0;0;0;0.0
2021-03-21;KP;Democratic People's Republic of Korea;0;0;0;0;0.0
2021-03-28;KP;Democratic People's Republic of Korea;0;0;0;0;0.0
2021-04-04;KP;Democratic People's Republic of Korea;0;0;0;0;0.0
2021-04-11;KP;Democratic People's Republic of Korea;0;0;0;0;0.0
2021-04-18;KP;Democratic People's Republic of Korea;0;0;0;0;0.0
2021-04-25;KP;Democratic People's Republic of Korea;0;0;0;0;0.0
2021-05-02;KP;Democratic People's Republic of Korea;0;0;0;0;0.0
2021-05-09;KP;Democratic People's Republic of Korea;0;0;0;0;0.0
2021-05-16;KP;Democratic People's Republic of Korea;0;0;0;0;0.0
2021-05-23;KP;Democratic People's Republic of Korea;0;0;0;0;0.0
2021-05-30;KP;Democratic People's Republic of Korea;0;0;0;0;0.0
2021-06-06;KP;Democratic People's Republic of Korea;0;0;0;0;0.0
2021-06-13;KP;Democratic People's Republic of Korea;0;0;0;0;0.0
2021-06-20;KP;Democratic People's Republic of Korea;0;0;0;0;0.0
2021-06-27;KP;Democratic People's Republic of Korea;0;0;0;0;0.0
2021-07-04;KP;Democratic People's Republic of Korea;0;0;0;0;0.0
2021-07-11;KP;Democratic People's Republic of Korea;0;0;0;0;0.0
2021-07-18;KP;Democratic People's Republic of Korea;0;0;0;0;0.0
2021-07-25;KP;Democratic People's Republic of Korea;0;0;0;0;0.0
2021-08-01;KP;Democratic People's Republic of Korea;0;0;0;0;0.0
2021-08-08;KP;Democratic People's Republic of Korea;0;0;0;0;0.0
2021-08-15;KP;Democratic People's Republic of Korea;0;0;0;0;0.0
2021-08-22;KP;Democratic People's Republic of Korea;0;0;0;0;0.0
2021-08-29;KP;Democratic People's Republic of Korea;0;0;0;0;0.0
2021-09-05;KP;Democratic People's Republic of Korea;0;0;0;0;0.0
2021-09-12;KP;Democratic People's Republic of Korea;0;0;0;0;0.0
2021-09-19;KP;Democratic People's Republic of Korea;0;0;0;0;0.0
2021-09-26;KP;Democratic People's Republic of Korea;0;0;0;0;0.0
2021-10-03;KP;Democratic People's Republic of Korea;0;0;0;0;0.0
2021-10-10;KP;Democratic People's Republic of Korea;0;0;0;0;0.0
2021-10-17;KP;Democratic People's Republic of Korea;0;0;0;0;0.0
2021-10-24;KP;Democratic People's Republic of Korea;0;0;0;0;0.0
2021-10-31;KP;Democratic People's Republic of Korea;0;0;0;0;0.0
2021-11-07;KP;Democratic People's Republic of Korea;0;0;0;0;0.0
2021-11-14;KP;Democratic People's Republic of Korea;0;0;0;0;0.0
2021-11-21;KP;Democratic People's Republic of Korea;0;0;0;0;0.0
2021-11-28;KP;Democratic People's Republic of Korea;0;0;0;0;0.0
2021-12-05;KP;Democratic People's Republic of Korea;0;0;0;0;0.0
2021-12-12;KP;Democratic People's Republic of Korea;0;0;0;0;0.0
2021-12-19;KP;Democratic People's Republic of Korea;0;0;0;0;0.0
2021-12-26;KP;Democratic People's Republic of Korea;0;0;0;0;0.0
2022-01-02;KP;Democratic People's Republic of Korea;0;0;0;0;0.0
2022-01-09;KP;Democratic People's Republic of Korea;0;0;0;0;0.0
2022-01-16;KP;Democratic People's Republic of Korea;0;0;0;0;0.0
2022-01-23;KP;Democratic People's Republic of Korea;0;0;0;0;0.0
2022-01-30;KP;Democratic People's Republic of Korea;0;0;0;0;0.0
2022-02-06;KP;Democratic People's Republic of Korea;0;0;0;0;0.0
2022-02-13;KP;Democratic People's Republic of Korea;0;0;0;0;0.0
2022-02-20;KP;Democratic People's Republic of Korea;0;0;0;0;0.0
2022-02-27;KP;Democratic People's Republic of Korea;0;0;0;0;0.0
2022-03-06;KP;Democratic People's Republic of Korea;0;0;0;0;0.0
2022-03-13;KP;Democratic People's Republic of Korea;0;0;0;0;0.0
2022-03-20;KP;Democratic People's Republic of Korea;0;0;0;0;0.0
2022-03-27;KP;Democratic People's Republic of Korea;0;0;0;0;0.0
2022-04-03;KP;Democratic People's Republic of Korea;0;0;0;0;0.0
2022-04-10;KP;Democratic People's Republic of Korea;0;0;0;0;0.0
2022-04-17;KP;Democratic People's Republic of Korea;0;0;0;0;0.0
2022-04-24;KP;Democratic People's Republic of Korea;0;0;0;0;0.0
2022-05-01;KP;Democratic People's Republic of Korea;0;0;0;0;0.0
2022-05-08;KP;Democratic People's Republic of Korea;0;0;0;0;0.0
2022-05-15;KP;Democratic People's Republic of Korea;0;0;0;0;0.0
2022-05-22;KP;Democratic People's Republic of Korea;0;0;0;0;0.0
2022-05-29;KP;Democratic People's Republic of Korea;0;0;0;0;0.0
2022-06-05;KP;Democratic People's Republic of Korea;0;0;0;0;0.0
2022-06-12;KP;Democratic People's Republic of Korea;0;0;0;0;0.0
2022-06-19;KP;Democratic People's Republic of Korea;0;0;0;0;0.0
2022-06-26;KP;Democratic People's Republic of Korea;0;0;0;0;0.0
2022-07-03;KP;Democratic People's Republic of Korea;0;0;0;0;0.0
2022-07-10;KP;Democratic People's Republic of Korea;0;0;0;0;0.0
2022-07-17;KP;Democratic People's Republic of Korea;0;0;0;0;0.0
2022-07-24;KP;Democratic People's Republic of Korea;0;0;0;0;0.0
2022-07-31;KP;Democratic People's Republic of Korea;0;0;0;0;0.0
2022-08-07;KP;Democratic People's Republic of Korea;0;0;0;0;0.0
2022-08-14;KP;Democratic People's Republic of Korea;0;0;0;0;0.0
2022-08-21;KP;Democratic People's Republic of Korea;0;0;0;0;0.0
2022-08-28;KP;Democratic People's Republic of Korea;0;0;0;0;0.0
2022-09-04;KP;Democratic People's Republic of Korea;0;0;0;0;0.0
2022-09-11;KP;Democratic People's Republic of Korea;0;0;0;0;0.0
2022-09-18;KP;Democratic People's Republic of Korea;0;0;0;0;0.0
2022-09-25;KP;Democratic People's Republic of Korea;0;0;0;0;0.0
2022-10-02;KP;Democratic People's Republic of Korea;0;0;0;0;0.0
2022-10-09;KP;Democratic People's Republic of Korea;0;0;0;0;0.0
2022-10-16;KP;Democratic People's Republic of Korea;0;0;0;0;0.0
2022-10-23;KP;Democratic People's Republic of Korea;0;0;0;0;0.0
2022-10-30;KP;Democratic People's Republic of Korea;0;0;0;0;0.0
2022-11-06;KP;Democratic People's Republic of Korea;0;0;0;0;0.0
2022-11-13;KP;Democratic People's Republic of Korea;0;0;0;0;0.0
2022-11-20;KP;Democratic People's Republic of Korea;0;0;0;0;0.0
2022-11-27;KP;Democratic People's Republic of Korea;0;0;0;0;0.0
2022-12-04;KP;Democratic People's Republic of Korea;0;0;0;0;0.0
2022-12-11;KP;Democratic People's Republic of Korea;0;0;0;0;0.0
2022-12-18;KP;Democratic People's Republic of Korea;0;0;0;0;0.0
2022-12-25;KP;Democratic People's Republic of Korea;0;0;0;0;0.0
2023-01-01;KP;Democratic People's Republic of Korea;0;0;0;0;0.0
2023-01-08;KP;Democratic People's Republic of Korea;0;0;0;0;0.0
2023-01-15;KP;Democratic People's Republic of Korea;0;0;0;0;0.0
2023-01-22;KP;Democratic People's Republic of Korea;0;0;0;0;0.0
2023-01-29;KP;Democratic People's Republic of Korea;0;0;0;0;0.0
2023-02-05;KP;Democratic People's Republic of Korea;0;0;0;0;0.0
2023-02-12;KP;Democratic People's Republic of Korea;0;0;0;0;0.0
2023-02-19;KP;Democratic People's Republic of Korea;0;0;0;0;0.0
2023-02-26;KP;Democratic People's Republic of Korea;0;0;0;0;0.0
2023-03-05;KP;Democratic People's Republic of Korea;0;0;0;0;0.0
2023-03-12;KP;Democratic People's Republic of Korea;0;0;0;0;0.0
2023-03-19;KP;Democratic People's Republic of Korea;0;0;0;0;0.0
2023-03-26;KP;Democratic People's Republic of Korea;0;0;0;0;0.0
2023-04-02;KP;Democratic People's Republic of Korea;0;0;0;0;0.0
2023-04-09;KP;Democratic People's Republic of Korea;0;0;0;0;0.0
2023-04-16;KP;Democratic People's Republic of Korea;0;0;0;0;0.0
2023-04-23;KP;Democratic People's Republic of Korea;0;0;0;0;0.0
2023-04-30;KP;Democratic People's Republic of Korea;0;0;0;0;0.0
2023-05-07;KP;Democratic People's Republic of Korea;0;0;0;0;0.0
2023-05-14;KP;Democratic People's Republic of Korea;0;0;0;0;0.0
2023-05-21;KP;Democratic People's Republic of Korea;0;0;0;0;0.0
2023-05-28;KP;Democratic People's Republic of Korea;0;0;0;0;0.0
2023-06-04;KP;Democratic People's Republic of Korea;0;0;0;0;0.0
2023-06-11;KP;Democratic People's Republic of Korea;0;0;0;0;0.0
2023-06-18;KP;Democratic People's Republic of Korea;0;0;0;0;0.0
2023-06-25;KP;Democratic People's Republic of Korea;0;0;0;0;0.0
2023-07-02;KP;Democratic People's Republic of Korea;0;0;0;0;0.0
2023-07-09;KP;Democratic People's Republic of Korea;0;0;0;0;0.0
2023-07-16;KP;Democratic People's Republic of Korea;0;0;0;0;0.0
2023-07-23;KP;Democratic People's Republic of Korea;0;0;0;0;0.0
2023-07-30;KP;Democratic People's Republic of Korea;0;0;0;0;0.0
2023-08-06;KP;Democratic People's Republic of Korea;0;0;0;0;0.0
2023-08-13;KP;Democratic People's Republic of Korea;0;0;0;0;0.0
2023-08-20;KP;Democratic People's Republic of Korea;0;0;0;0;0.0
2023-08-27;KP;Democratic People's Republic of Korea;0;0;0;0;0.0
2023-09-03;KP;Democratic People's Republic of Korea;0;0;0;0;0.0
2023-09-10;KP;Democratic People's Republic of Korea;0;0;0;0;0.0
2023-09-17;KP;Democratic People's Republic of Korea;0;0;0;0;0.0
2023-09-24;KP;Democratic People's Republic of Korea;0;0;0;0;0.0
2023-10-01;KP;Democratic People's Republic of Korea;0;0;0;0;0.0
2023-10-08;KP;Democratic People's Republic of Korea;0;0;0;0;0.0
2023-10-15;KP;Democratic People's Republic of Korea;0;0;0;0;0.0
2023-10-22;KP;Democratic People's Republic of Korea;0;0;0;0;0.0
2023-10-29;KP;Democratic People's Republic of Korea;0;0;0;0;0.0
2023-11-05;KP;Democratic People's Republic of Korea;0;0;0;0;0.0
2023-11-12;KP;Democratic People's Republic of Korea;0;0;0;0;0.0
2023-11-19;KP;Democratic People's Republic of Korea;0;0;0;0;0.0
2023-11-26;KP;Democratic People's Republic of Korea;0;0;0;0;0.0
2023-12-03;KP;Democratic People's Republic of Korea;0;0;0;0;0.0
2023-12-10;KP;Democratic People's Republic of Korea;0;0;0;0;0.0
2023-12-17;KP;Democratic People's Republic of Korea;0;0;0;0;0.0
2023-12-24;KP;Democratic People's Republic of Korea;0;0;0;0;0.0
2023-12-31;KP;Democratic People's Republic of Korea;0;0;0;0;0.0
2024-01-07;KP;Democratic People's Republic of Korea;0;0;0;0;0.0
2024-01-14;KP;Democratic People's Republic of Korea;0;0;0;0;0.0
2024-01-21;KP;Democratic People's Republic of Korea;0;0;0;0;0.0
2020-01-05;CD;Democratic Republic of the Congo;0;0;0;0;0.0
2020-01-12;CD;Democratic Republic of the Congo;0;0;0;0;0.0
2020-01-19;CD;Democratic Republic of the Congo;0;0;0;0;0.0
2020-01-26;CD;Democratic Republic of the Congo;0;0;0;0;0.0
2020-02-02;CD;Democratic Republic of the Congo;0;0;0;0;0.0
2020-02-09;CD;Democratic Republic of the Congo;0;0;0;0;0.0
2020-02-16;CD;Democratic Republic of the Congo;0;0;0;0;0.0
2020-02-23;CD;Democratic Republic of the Congo;0;0;0;0;0.0
2020-03-01;CD;Democratic Republic of the Congo;0;0;0;0;0.0
2020-03-08;CD;Democratic Republic of the Congo;0;0;0;0;0.0
2020-03-15;CD;Democratic Republic of the Congo;2;2;0;0;0.0
2020-03-22;CD;Democratic Republic of the Congo;28;30;0;0;0.0
2020-03-29;CD;Democratic Republic of the Congo;35;65;0;0;0.0
2020-04-05;CD;Democratic Republic of the Congo;89;154;0;0;0.0
2020-04-12;CD;Democratic Republic of the Congo;80;234;0;0;0.0
2020-05-24;CD;Democratic Republic of the Congo;686;2140;2;250;11.682242990654206
2020-05-31;CD;Democratic Republic of the Congo;908;3048;9;259;8.49737532808399
2020-06-07;CD;Democratic Republic of the Congo;829;3877;11;270;6.964147536755223
2020-06-14;CD;Democratic Republic of the Congo;900;4777;24;294;6.154490265857233
2020-06-21;CD;Democratic Republic of the Congo;1048;5825;24;318;5.459227467811159
2020-06-28;CD;Democratic Republic of the Congo;1001;6826;28;346;5.068854380310577
2020-07-05;CD;Democratic Republic of the Congo;584;7410;23;369;4.979757085020243
2020-07-12;CD;Democratic Republic of the Congo;622;8032;6;375;4.668824701195219
2020-07-19;CD;Democratic Republic of the Congo;370;8402;5;380;4.522732682694597
2020-07-26;CD;Democratic Republic of the Congo;427;8829;10;390;4.4172612979952435
2020-08-02;CD;Democratic Republic of the Congo;285;9114;11;401;4.399824445907395
2020-08-09;CD;Democratic Republic of the Congo;339;9453;10;411;4.3478260869565215
2020-08-16;CD;Democratic Republic of the Congo;222;9675;16;427;4.41343669250646
2020-08-23;CD;Democratic Republic of the Congo;154;9829;11;438;4.456201037745447
2020-08-30;CD;Democratic Republic of the Congo;215;10044;7;445;4.430505774591796
2020-09-06;CD;Democratic Republic of the Congo;165;10209;0;445;4.358899010676854
2020-09-13;CD;Democratic Republic of the Congo;180;10389;2;447;4.302627779382038
2020-09-20;CD;Democratic Republic of the Congo;125;10514;6;453;4.308540992961765
2020-09-27;CD;Democratic Republic of the Congo;97;10611;0;453;4.26915465083404
2020-10-04;CD;Democratic Republic of the Congo;148;10759;3;456;4.238312110790965
2020-10-11;CD;Democratic Republic of the Congo;97;10856;2;458;4.218865143699337
2020-10-18;CD;Democratic Republic of the Congo;171;11027;26;484;4.389226444182461
2020-10-25;CD;Democratic Republic of the Congo;133;11160;3;487;4.363799283154122
2020-11-01;CD;Democratic Republic of the Congo;212;11372;3;490;4.308828702075273
2020-11-08;CD;Democratic Republic of the Congo;218;11590;8;498;4.296807592752373
2020-11-15;CD;Democratic Republic of the Congo;248;11838;5;503;4.24902855212029
2020-11-22;CD;Democratic Republic of the Congo;400;12238;7;510;4.167347605817944
2020-11-29;CD;Democratic Republic of the Congo;463;12701;5;515;4.054798834737422
2020-12-06;CD;Democratic Republic of the Congo;825;13526;11;526;3.8888067425698654
2020-12-13;CD;Democratic Republic of the Congo;934;14460;12;538;3.7206085753803597
2020-12-20;CD;Democratic Republic of the Congo;1033;15493;14;552;3.562899373910798
2020-12-27;CD;Democratic Republic of the Congo;1344;16837;27;579;3.4388549028924396
2021-01-03;CD;Democratic Republic of the Congo;1264;18101;22;601;3.3202585492514225
2021-01-10;CD;Democratic Republic of the Congo;1333;19434;9;610;3.1388288566429967
2021-01-17;CD;Democratic Republic of the Congo;1473;20907;20;630;3.013344812742144
2021-01-24;CD;Democratic Republic of the Congo;961;21868;31;661;3.022681543808304
2021-01-31;CD;Democratic Republic of the Congo;902;22770;10;671;2.9468599033816423
2021-02-07;CD;Democratic Republic of the Congo;828;23598;10;681;2.8858377828629544
2021-02-14;CD;Democratic Republic of the Congo;696;24294;11;692;2.8484399440190997
2021-02-21;CD;Democratic Republic of the Congo;850;25144;8;700;2.783964365256125
2021-02-28;CD;Democratic Republic of the Congo;768;25912;7;707;2.7284655757949987
2021-03-07;CD;Democratic Republic of the Congo;628;26540;5;712;2.682743029389601
2021-03-14;CD;Democratic Republic of the Congo;473;27013;5;717;2.6542775700588606
2021-03-21;CD;Democratic Republic of the Congo;539;27552;9;726;2.6350174216027873
2021-03-28;CD;Democratic Republic of the Congo;377;27929;13;739;2.6459952021196607
2021-04-04;CD;Democratic Republic of the Congo;395;28324;6;745;2.630278209292473
2021-04-11;CD;Democratic Republic of the Congo;254;28578;0;745;2.606900412905032
2021-04-18;CD;Democratic Republic of the Congo;377;28955;0;745;2.572958038335348
2021-04-25;CD;Democratic Republic of the Congo;620;29575;11;756;2.5562130177514795
2021-05-02;CD;Democratic Republic of the Congo;389;29964;12;768;2.563075690828995
2021-05-09;CD;Democratic Republic of the Congo;358;30322;4;772;2.546006200118726
2021-05-16;CD;Democratic Republic of the Congo;239;30561;4;776;2.539183927227512
2021-05-23;CD;Democratic Republic of the Congo;412;30973;3;779;2.515093791366674
2021-05-30;CD;Democratic Republic of the Congo;583;31556;3;782;2.478134110787172
2021-06-06;CD;Democratic Republic of the Congo;1645;33201;22;804;2.4216138068130477
2021-06-13;CD;Democratic Republic of the Congo;2026;35227;30;834;2.3675022000170323
2021-06-20;CD;Democratic Republic of the Congo;2581;37808;45;879;2.3249047820567075
2021-06-27;CD;Democratic Republic of the Congo;2445;40253;37;916;2.275606787071771
2021-07-04;CD;Democratic Republic of the Congo;1927;42180;44;960;2.275960170697013
2021-07-11;CD;Democratic Republic of the Congo;1958;44138;20;980;2.2203090307671394
2021-07-18;CD;Democratic Republic of the Congo;1870;46008;38;1018;2.2126586680577294
2021-07-25;CD;Democratic Republic of the Congo;2119;48127;5;1023;2.12562594801255
2021-08-01;CD;Democratic Republic of the Congo;1889;50016;15;1038;2.075335892514395
2021-08-08;CD;Democratic Republic of the Congo;1872;51888;10;1048;2.0197348134443414
2021-08-15;CD;Democratic Republic of the Congo;1365;53253;2;1050;1.9717199031040504
2021-08-22;CD;Democratic Republic of the Congo;883;54136;5;1055;1.94879562583124
2021-08-29;CD;Democratic Republic of the Congo;726;54862;4;1059;1.9302978382122415
2021-09-05;CD;Democratic Republic of the Congo;1135;55997;2;1061;1.8947443613050698
2021-09-12;CD;Democratic Republic of the Congo;280;56277;7;1068;1.89775574390959
2021-09-19;CD;Democratic Republic of the Congo;257;56534;0;1068;1.889128665935543
2021-09-26;CD;Democratic Republic of the Congo;402;56936;16;1084;1.9038920893634959
2021-10-03;CD;Democratic Republic of the Congo;146;57082;2;1086;1.9025261903927684
2021-10-10;CD;Democratic Republic of the Congo;180;57262;1;1087;1.898292061052705
2021-10-17;CD;Democratic Republic of the Congo;99;57361;4;1091;1.9019891563954603
2021-10-24;CD;Democratic Republic of the Congo;103;57464;0;1091;1.8985799805095362
2021-10-31;CD;Democratic Republic of the Congo;117;57581;7;1098;1.9068790052274187
2021-11-07;CD;Democratic Republic of the Congo;79;57660;1;1099;1.9060006937218175
2021-11-14;CD;Democratic Republic of the Congo;181;57841;0;1099;1.9000363064262376
2021-11-21;CD;Democratic Republic of the Congo;212;58053;5;1104;1.9017105059170067
2021-11-28;CD;Democratic Republic of the Congo;252;58305;3;1107;1.8986364805762799
2021-12-05;CD;Democratic Republic of the Congo;869;59174;6;1113;1.8808936357183899
2021-12-12;CD;Democratic Republic of the Congo;3253;62427;13;1126;1.803706729460009
2021-12-19;CD;Democratic Republic of the Congo;6900;69327;0;1126;1.6241868247580307
2021-12-26;CD;Democratic Republic of the Congo;5717;75044;79;1205;1.6057246415436277
2022-01-02;CD;Democratic Republic of the Congo;4897;79941;20;1225;1.5323801303461302
2022-01-09;CD;Democratic Republic of the Congo;2364;82305;0;1225;1.4883664418929592
2022-01-16;CD;Democratic Republic of the Congo;1892;84197;53;1278;1.517868807677233
2022-01-23;CD;Democratic Republic of the Congo;728;84925;0;1278;1.5048572269649692
2022-01-30;CD;Democratic Republic of the Congo;584;85509;0;1278;1.4945795179454795
2022-02-06;CD;Democratic Republic of the Congo;215;85724;38;1316;1.535159348607158
2022-02-13;CD;Democratic Republic of the Congo;109;85833;0;1316;1.5332098377081076
2022-02-20;CD;Democratic Republic of the Congo;123;85956;19;1335;1.5531202010330867
2022-02-27;CD;Democratic Republic of the Congo;182;86138;0;1335;1.5498386310339223
2022-03-06;CD;Democratic Republic of the Congo;151;86289;0;1335;1.5471265167054897
2022-03-13;CD;Democratic Republic of the Congo;171;86460;0;1335;1.5440666204024982
2022-03-20;CD;Democratic Republic of the Congo;137;86597;0;1335;1.5416238437821173
2022-03-27;CD;Democratic Republic of the Congo;150;86747;2;1337;1.5412636748244894
2022-04-03;CD;Democratic Republic of the Congo;125;86872;0;1337;1.5390459526659914
2022-04-10;CD;Democratic Republic of the Congo;21;86893;0;1337;1.538674001357992
2022-04-17;CD;Democratic Republic of the Congo;130;87023;0;1337;1.5363754409753743
2022-04-24;CD;Democratic Republic of the Congo;128;87151;0;1337;1.5341189429840163
2022-05-01;CD;Democratic Republic of the Congo;146;87297;1;1338;1.5326987181690093
2022-05-08;CD;Democratic Republic of the Congo;128;87425;0;1338;1.5304546754360882
2022-05-15;CD;Democratic Republic of the Congo;208;87633;0;1338;1.5268220875697511
2022-05-22;CD;Democratic Republic of the Congo;629;88262;0;1338;1.5159411751376584
2022-05-29;CD;Democratic Republic of the Congo;584;88846;0;1338;1.5059766337257727
2022-06-05;CD;Democratic Republic of the Congo;875;89721;2;1340;1.4935187971600852
2022-06-12;CD;Democratic Republic of the Congo;665;90386;10;1350;1.4935941406855044
2022-06-19;CD;Democratic Republic of the Congo;414;90800;4;1354;1.4911894273127753
2022-06-26;CD;Democratic Republic of the Congo;555;91355;18;1372;1.5018335066498822
2022-07-03;CD;Democratic Republic of the Congo;154;91509;4;1376;1.5036772339332742
2022-07-10;CD;Democratic Republic of the Congo;339;91848;1;1377;1.4992160961588712
2022-07-17;CD;Democratic Republic of the Congo;80;91928;13;1390;1.5120529109738057
2022-07-24;CD;Democratic Republic of the Congo;373;92301;0;1390;1.5059425141656102
2022-07-31;CD;Democratic Republic of the Congo;129;92430;1;1391;1.5049226441631505
2022-08-07;CD;Democratic Republic of the Congo;93;92523;2;1393;1.5055715876052442
2022-08-14;CD;Democratic Republic of the Congo;55;92578;0;1393;1.5046771371168097
2022-08-21;CD;Democratic Republic of the Congo;51;92629;3;1396;1.5070874132291183
2022-08-28;CD;Democratic Republic of the Congo;54;92683;5;1401;1.5116040697862607
2022-09-04;CD;Democratic Republic of the Congo;52;92735;4;1405;1.5150698226128214
2022-09-11;CD;Democratic Republic of the Congo;50;92785;18;1423;1.5336530689227785
2022-09-18;CD;Democratic Republic of the Congo;56;92841;19;1442;1.5531930935685743
2022-09-25;CD;Democratic Republic of the Congo;43;92884;0;1442;1.5524740536583264
2022-10-02;CD;Democratic Republic of the Congo;36;92920;1;1443;1.5529487731381832
2022-10-09;CD;Democratic Republic of the Congo;47;92967;1;1444;1.5532393214796647
2022-10-16;CD;Democratic Republic of the Congo;4;92971;0;1444;1.553172494648869
2022-10-23;CD;Democratic Republic of the Congo;55;93026;1;1445;1.5533291767892847
2022-10-30;CD;Democratic Republic of the Congo;59;93085;0;1445;1.5523446312510072
2022-11-06;CD;Democratic Republic of the Congo;319;93404;2;1447;1.5491841891139566
2022-11-13;CD;Democratic Republic of the Congo;374;93778;2;1449;1.5451385186291027
2022-11-20;CD;Democratic Republic of the Congo;376;94154;6;1455;1.545340612188542
2022-11-27;CD;Democratic Republic of the Congo;49;94203;0;1455;1.5445367981911404
2022-12-04;CD;Democratic Republic of the Congo;248;94451;1;1456;1.541540057807752
2022-12-11;CD;Democratic Republic of the Congo;262;94713;1;1457;1.538331591228237
2022-12-18;CD;Democratic Republic of the Congo;256;94969;4;1461;1.5383967399888385
2022-12-25;CD;Democratic Republic of the Congo;101;95070;1;1462;1.5378142421373724
2023-01-01;CD;Democratic Republic of the Congo;102;95172;0;1462;1.5361660992728954
2023-01-08;CD;Democratic Republic of the Congo;83;95255;0;1462;1.534827568106661
2023-01-15;CD;Democratic Republic of the Congo;90;95345;1;1463;1.5344276050133725
2023-01-22;CD;Democratic Republic of the Congo;127;95472;0;1463;1.532386458857047
2023-01-29;CD;Democratic Republic of the Congo;41;95513;0;1463;1.5317286652078774
2023-02-05;CD;Democratic Republic of the Congo;71;95584;0;1463;1.5305908938734516
2023-02-12;CD;Democratic Republic of the Congo;61;95645;1;1464;1.5306602540645093
2023-02-19;CD;Democratic Republic of the Congo;65;95710;0;1464;1.529620729286386
2023-02-26;CD;Democratic Republic of the Congo;38;95748;0;1464;1.5290136608597569
2023-03-05;CD;Democratic Republic of the Congo;31;95779;0;1464;1.528518777602606
2023-03-12;CD;Democratic Republic of the Congo;35;95814;0;1464;1.527960423320183
2023-03-19;CD;Democratic Republic of the Congo;47;95861;0;1464;1.5272112746580988
2023-03-26;CD;Democratic Republic of the Congo;34;95895;0;1464;1.5266697950883779
2023-04-02;CD;Democratic Republic of the Congo;49;95944;0;1464;1.5258901025598264
2023-04-09;CD;Democratic Republic of the Congo;0;95944;0;1464;1.5258901025598264
2023-04-16;CD;Democratic Republic of the Congo;0;95944;0;1464;1.5258901025598264
2023-04-23;CD;Democratic Republic of the Congo;125;96069;0;1464;1.523904693501546
2023-04-30;CD;Democratic Republic of the Congo;143;96212;0;1464;1.5216397123019998
2023-05-07;CD;Democratic Republic of the Congo;191;96403;1;1465;1.519662251174756
2023-05-14;CD;Democratic Republic of the Congo;249;96652;2;1467;1.5178164962959897
2023-05-21;CD;Democratic Republic of the Congo;238;96890;0;1467;1.5140881411910414
2023-05-28;CD;Democratic Republic of the Congo;122;97012;1;1468;1.5132148600173174
2023-06-04;CD;Democratic Republic of the Congo;210;97222;0;1468;1.509946308448705
2023-06-11;CD;Democratic Republic of the Congo;187;97409;0;1468;1.5070476034042029
2023-06-18;CD;Democratic Republic of the Congo;0;97409;0;1468;1.5070476034042029
2023-06-25;CD;Democratic Republic of the Congo;182;97591;0;1468;1.504237071041387
2023-07-02;CD;Democratic Republic of the Congo;106;97697;0;1468;1.5026049929885257
2023-07-09;CD;Democratic Republic of the Congo;0;97697;0;1468;1.5026049929885257
2023-07-16;CD;Democratic Republic of the Congo;0;97697;0;1468;1.5026049929885257
2023-07-23;CD;Democratic Republic of the Congo;0;97697;0;1468;1.5026049929885257
2023-07-30;CD;Democratic Republic of the Congo;0;97697;0;1468;1.5026049929885257
2023-08-06;CD;Democratic Republic of the Congo;0;97697;0;1468;1.5026049929885257
2023-08-13;CD;Democratic Republic of the Congo;574;98271;0;1468;1.4938282911540537
2023-08-20;CD;Democratic Republic of the Congo;221;98492;0;1468;1.4904763838687405
2023-08-27;CD;Democratic Republic of the Congo;39;98531;0;1468;1.4898864316813998
2023-09-03;CD;Democratic Republic of the Congo;27;98558;0;1468;1.4894782767507457
2023-09-10;CD;Democratic Republic of the Congo;272;98830;0;1468;1.4853789335222098
2023-09-17;CD;Democratic Republic of the Congo;33;98863;0;1468;1.4848831210867564
2023-09-24;CD;Democratic Republic of the Congo;28;98891;0;1468;1.4844626912459171
2023-10-01;CD;Democratic Republic of the Congo;290;99181;0;1468;1.4801222008247548
2023-10-08;CD;Democratic Republic of the Congo;105;99286;0;1468;1.4785568962391475
2023-10-15;CD;Democratic Republic of the Congo;2;99288;0;1468;1.4785271130448796
2023-10-22;CD;Democratic Republic of the Congo;3;99291;0;1468;1.4784824405031676
2023-10-29;CD;Democratic Republic of the Congo;1;99292;0;1468;1.4784675502558111
2023-11-05;CD;Democratic Republic of the Congo;41;99333;0;1468;1.477857308246001
2023-11-12;CD;Democratic Republic of the Congo;0;99333;0;1468;1.477857308246001
2023-11-19;CD;Democratic Republic of the Congo;0;99333;0;1468;1.477857308246001
2023-11-26;CD;Democratic Republic of the Congo;0;99333;0;1468;1.477857308246001
2023-12-03;CD;Democratic Republic of the Congo;0;99333;0;1468;1.477857308246001
2023-12-10;CD;Democratic Republic of the Congo;0;99333;0;1468;1.477857308246001
2023-12-17;CD;Democratic Republic of the Congo;5;99338;0;1468;1.4777829229499284
2023-12-24;CD;Democratic Republic of the Congo;0;99338;0;1468;1.4777829229499284
2023-12-31;CD;Democratic Republic of the Congo;0;99338;0;1468;1.4777829229499284
2024-01-07;CD;Democratic Republic of the Congo;0;99338;0;1468;1.4777829229499284
2024-01-14;CD;Democratic Republic of the Congo;0;99338;0;1468;1.4777829229499284
2024-01-21;CD;Democratic Republic of the Congo;0;99338;0;1468;1.4777829229499284
2020-01-05;DK;Denmark;0;0;0;0;0.0
2020-01-12;DK;Denmark;0;0;0;0;0.0
2020-01-19;DK;Denmark;0;0;0;0;0.0
2020-01-26;DK;Denmark;0;0;0;0;0.0
2020-02-02;DK;Denmark;0;0;0;0;0.0
2020-02-09;DK;Denmark;0;0;0;0;0.0
2020-02-16;DK;Denmark;0;0;0;0;0.0
2020-02-23;DK;Denmark;0;0;0;0;0.0
2020-03-01;DK;Denmark;3;3;0;0;0.0
2020-03-08;DK;Denmark;20;23;0;0;0.0
2020-03-15;DK;Denmark;804;827;2;2;0.24183796856106407
2020-03-22;DK;Denmark;499;1326;19;21;1.583710407239819
2020-03-29;DK;Denmark;875;2201;44;65;2.9532030895047705
2020-04-05;DK;Denmark;1876;4077;96;161;3.948982094677459
2020-04-12;DK;Denmark;1919;5996;99;260;4.336224149432955
2020-04-19;DK;Denmark;1246;7242;86;346;4.777685722176194
2020-04-26;DK;Denmark;1203;8445;72;418;4.9496743635287155
2020-05-03;DK;Denmark;962;9407;57;475;5.049431274582758
2020-05-10;DK;Denmark;912;10319;51;526;5.097393158251768
2020-05-17;DK;Denmark;539;10858;23;549;5.056179775280898
2020-05-24;DK;Denmark;431;11289;18;567;5.022588360350784
2020-05-31;DK;Denmark;344;11633;10;577;4.9600275079515175
2020-06-07;DK;Denmark;291;11924;16;593;4.973163367997317
2020-06-14;DK;Denmark;215;12139;10;603;4.967460252080072
2020-06-21;DK;Denmark;297;12436;3;606;4.872949501447411
2020-06-28;DK;Denmark;264;12700;4;610;4.803149606299213
2020-07-05;DK;Denmark;147;12847;2;612;4.763758075815366
2020-07-12;DK;Denmark;129;12976;3;615;4.739519112207152
2020-07-19;DK;Denmark;226;13202;2;617;4.6735343129828815
2020-07-26;DK;Denmark;272;13474;2;619;4.59403295235268
2020-08-02;DK;Denmark;384;13858;2;621;4.481166113436283
2020-08-09;DK;Denmark;708;14566;2;623;4.277083619387615
2020-08-16;DK;Denmark;933;15499;4;627;4.045422285308729
2020-08-23;DK;Denmark;718;16217;0;627;3.866313128198804
2020-08-30;DK;Denmark;562;16779;3;630;3.754693366708386
2020-09-06;DK;Denmark;957;17736;3;633;3.569012178619756
2020-09-13;DK;Denmark;1821;19557;3;636;3.2520325203252036
2020-09-20;DK;Denmark;2879;22436;5;641;2.8570155107862365
2020-09-27;DK;Denmark;3777;26213;13;654;2.494945256170602
2020-10-04;DK;Denmark;3089;29302;6;660;2.252405979114054
2020-10-11;DK;Denmark;2780;32082;13;673;2.0977495168630385
2020-10-18;DK;Denmark;2859;34941;12;685;1.9604476116882745
2020-10-25;DK;Denmark;4470;39411;21;706;1.791378041663495
2020-11-01;DK;Denmark;6940;46351;21;727;1.5684666997475782
2020-11-08;DK;Denmark;7879;54230;19;746;1.375622349253181
2020-11-15;DK;Denmark;6848;61078;17;763;1.2492223059039262
2020-11-22;DK;Denmark;8557;69635;24;787;1.1301787894018813
2020-11-29;DK;Denmark;8719;78354;42;829;1.0580187354825534
2020-12-06;DK;Denmark;10504;88858;55;884;0.9948457088838372
2020-12-13;DK;Denmark;18258;107116;57;941;0.8784868740430934
2020-12-20;DK;Denmark;24490;131606;84;1025;0.7788398705226206
2020-12-27;DK;Denmark;19561;151167;134;1159;0.7667017272288263
2021-01-03;DK;Denmark;16374;167541;186;1345;0.8027885711557171
2021-01-10;DK;Denmark;12699;180240;197;1542;0.8555259653794941
2021-01-17;DK;Denmark;7959;188199;205;1747;0.9282727325862519
2021-01-24;DK;Denmark;5718;193917;222;1969;1.0153828699907692
2021-01-31;DK;Denmark;4178;198095;137;2106;1.063126277796007
2021-02-07;DK;Denmark;3091;201186;109;2215;1.1009712405435765
2021-02-14;DK;Denmark;2881;204067;69;2284;1.119240249525891
2021-02-21;DK;Denmark;3014;207081;49;2333;1.1266122918085193
2021-02-28;DK;Denmark;3651;210732;25;2358;1.1189567792266955
2021-03-07;DK;Denmark;3594;214326;19;2377;1.109058163731885
2021-03-14;DK;Denmark;5592;219918;13;2390;1.0867687046990242
2021-03-21;DK;Denmark;4930;224848;9;2399;1.0669430014943428
2021-03-28;DK;Denmark;4701;229549;14;2413;1.05119168456408
2021-04-04;DK;Denmark;5669;235218;15;2428;1.0322339276756032
2021-04-11;DK;Denmark;4383;239601;11;2439;1.0179423291221656
2021-04-18;DK;Denmark;4630;244231;13;2452;1.0039675553062468
2021-04-25;DK;Denmark;5279;249510;22;2474;0.991543425113222
2021-05-02;DK;Denmark;5035;254545;15;2489;0.9778231746842405
2021-05-09;DK;Denmark;6137;260682;8;2497;0.9578720433324894
2021-05-16;DK;Denmark;7357;268039;5;2502;0.9334462522244896
2021-05-23;DK;Denmark;7120;275159;5;2507;0.9111095766447762
2021-05-30;DK;Denmark;6775;281934;9;2516;0.8924074428767016
2021-06-06;DK;Denmark;6202;288136;2;2518;0.8738928839159286
2021-06-13;DK;Denmark;3923;292059;7;2525;0.864551340653772
2021-06-20;DK;Denmark;1904;293963;5;2530;0.8606525311008528
2021-06-27;DK;Denmark;1306;295269;1;2531;0.8571844656906075
2021-07-04;DK;Denmark;2156;297425;6;2537;0.8529881482726739
2021-07-11;DK;Denmark;3689;301114;2;2539;0.8432022423401103
2021-07-18;DK;Denmark;6845;307959;3;2542;0.8254345545998008
2021-07-25;DK;Denmark;5417;313376;0;2542;0.811166139078934
2021-08-01;DK;Denmark;5931;319307;7;2549;0.7982912995956869
2021-08-08;DK;Denmark;6158;325465;3;2552;0.784108890356874
2021-08-15;DK;Denmark;6962;332427;7;2559;0.769793067350125
2021-08-22;DK;Denmark;6819;339246;5;2564;0.7557937308030162
2021-08-29;DK;Denmark;6605;345851;13;2577;0.745118562618006
2021-09-05;DK;Denmark;4996;350847;13;2590;0.7382135232736776
2021-09-12;DK;Denmark;3592;354439;21;2611;0.7366570834473632
2021-09-19;DK;Denmark;2454;356893;14;2625;0.7355145659903669
2021-09-26;DK;Denmark;2291;359184;15;2640;0.7349993318187893
2021-10-03;DK;Denmark;2979;362163;23;2663;0.7353042690722134
2021-10-10;DK;Denmark;3693;365856;6;2669;0.7295219977258812
2021-10-17;DK;Denmark;4704;370560;11;2680;0.7232297063903281
2021-10-24;DK;Denmark;7005;377565;17;2697;0.7143140916133646
2021-10-31;DK;Denmark;11186;388751;16;2713;0.6978760183253548
2021-11-07;DK;Denmark;13894;402645;22;2735;0.6792584038048405
2021-11-14;DK;Denmark;19954;422599;25;2760;0.6531014034581246
2021-11-21;DK;Denmark;26577;449176;47;2807;0.6249220795412044
2021-11-28;DK;Denmark;27961;477137;56;2863;0.6000373058471676
2021-12-05;DK;Denmark;31448;508585;76;2939;0.5778778375296165
2021-12-12;DK;Denmark;42315;550900;66;3005;0.5454710473770193
2021-12-19;DK;Denmark;67015;617915;62;3067;0.49634658488627076
2021-12-26;DK;Denmark;79648;697563;130;3197;0.45830985875110924
2022-01-02;DK;Denmark;125719;823282;75;3272;0.397433686148853
2022-01-09;DK;Denmark;126955;950237;99;3371;0.35475360357468716
2022-01-16;DK;Denmark;154800;1105037;113;3484;0.3152835606409559
2022-01-23;DK;Denmark;250778;1355815;112;3596;0.2652279256388224
2022-01-30;DK;Denmark;321474;1677289;121;3717;0.22160760608338814
2022-02-06;DK;Denmark;289241;1966530;146;3863;0.19643737954671428
2022-02-13;DK;Denmark;322546;2289076;175;4038;0.17640305520655494
2022-02-20;DK;Denmark;263285;2552361;240;4278;0.16760951918635333
2022-02-27;DK;Denmark;179445;2731806;260;4538;0.1661172133013838
2022-03-06;DK;Denmark;121430;2853236;292;4830;0.16928147548958444
2022-03-13;DK;Denmark;90711;2943947;298;5128;0.17418791846456474
2022-03-20;DK;Denmark;55976;2999923;247;5375;0.17917126539581182
2022-03-27;DK;Denmark;39281;3039204;208;5583;0.18369941603130294
2022-04-03;DK;Denmark;25421;3064625;162;5745;0.18746176122690378
2022-04-10;DK;Denmark;18807;3083432;140;5885;0.19085875738462857
2022-04-17;DK;Denmark;13583;3097015;100;5985;0.19325059775299763
2022-04-24;DK;Denmark;11999;3109014;87;6072;0.19530307679540845
2022-05-01;DK;Denmark;7641;3116655;86;6158;0.19758362731839102
2022-05-08;DK;Denmark;6084;3122739;76;6234;0.19963243806158634
2022-05-15;DK;Denmark;4944;3127683;51;6285;0.20094747453626213
2022-05-22;DK;Denmark;4289;3131972;35;6320;0.20178979888709095
2022-05-29;DK;Denmark;3406;3135378;30;6350;0.2025274145573516
2022-06-05;DK;Denmark;3796;3139174;28;6378;0.20317446563968738
2022-06-12;DK;Denmark;4975;3144149;25;6403;0.20364810955206003
2022-06-19;DK;Denmark;7527;3151676;20;6423;0.2037963293181152
2022-06-26;DK;Denmark;10389;3162065;19;6442;0.2037276273574389
2022-07-03;DK;Denmark;12802;3174867;34;6476;0.20397704848738543
2022-07-10;DK;Denmark;15246;3190113;40;6516;0.20425608748028673
2022-07-17;DK;Denmark;15481;3205594;39;6555;0.20448628241754885
2022-07-24;DK;Denmark;14446;3220040;42;6597;0.20487323138842997
2022-07-31;DK;Denmark;10945;3230985;52;6649;0.20578863721125293
2022-08-07;DK;Denmark;10639;3241624;77;6726;0.20748859213776796
2022-08-14;DK;Denmark;11809;3253433;74;6800;0.20900999037017204
2022-08-21;DK;Denmark;9713;3263146;52;6852;0.20998141057739983
2022-08-28;DK;Denmark;6891;3270037;47;6899;0.21097620607962542
2022-09-04;DK;Denmark;5151;3275188;42;6941;0.21192676573070002
2022-09-11;DK;Denmark;5462;3280650;31;6972;0.21251886059165107
2022-09-18;DK;Denmark;5239;3285889;24;6996;0.21291041785038997
2022-09-25;DK;Denmark;6252;3292141;34;7030;0.21353884903471632
2022-10-02;DK;Denmark;8354;3300495;48;7078;0.21445268058276107
2022-10-09;DK;Denmark;9047;3309542;49;7127;0.21534701780488055
2022-10-16;DK;Denmark;9203;3318745;53;7180;0.21634684195381088
2022-10-23;DK;Denmark;8060;3326805;80;7260;0.21822739835968744
2022-10-30;DK;Denmark;6569;3333374;69;7329;0.21986731761872505
2022-11-06;DK;Denmark;4564;3337938;66;7395;0.2215439591747959
2022-11-13;DK;Denmark;4250;3342188;45;7440;0.22260866234933524
2022-11-20;DK;Denmark;3856;3346044;38;7478;0.22348779633501534
2022-11-27;DK;Denmark;4332;3350376;39;7517;0.22436287748002015
2022-12-04;DK;Denmark;6538;3356914;25;7542;0.22467063499392598
2022-12-11;DK;Denmark;8942;3365856;49;7591;0.22552955325480353
2022-12-18;DK;Denmark;6909;3372765;51;7642;0.2265796757259993
2022-12-25;DK;Denmark;9086;3381851;70;7712;0.22804079777612912
2023-01-01;DK;Denmark;7754;3389605;81;7793;0.22990879468256625
2023-01-08;DK;Denmark;4858;3394463;116;7909;0.2329970896722103
2023-01-15;DK;Denmark;2454;3396917;96;8005;0.2356548599803881
2023-01-22;DK;Denmark;1357;3398274;77;8082;0.23782661433421787
2023-01-29;DK;Denmark;1064;3399338;46;8128;0.23910537875315724
2023-02-05;DK;Denmark;1072;3400410;42;8170;0.2402651444972812
2023-02-12;DK;Denmark;961;3401371;25;8195;0.24093225937423468
2023-02-19;DK;Denmark;880;3402251;37;8232;0.2419574569895049
2023-02-26;DK;Denmark;823;3403074;15;8247;0.24233971991205597
2023-03-05;DK;Denmark;755;3403829;30;8277;0.24316732714833791
2023-03-12;DK;Denmark;845;3404674;27;8304;0.2439000033483382
2023-03-19;DK;Denmark;1248;3405922;30;8334;0.24469145212368337
2023-03-26;DK;Denmark;1584;3407506;18;8352;0.24510595139084126
2023-04-02;DK;Denmark;1309;3408815;39;8391;0.24615592221930493
2023-04-09;DK;Denmark;815;3409630;29;8420;0.24694761601698717
2023-04-16;DK;Denmark;833;3410463;44;8464;0.2481774468745153
2023-04-23;DK;Denmark;751;3411214;45;8509;0.24944198751529512
2023-04-30;DK;Denmark;586;3411800;37;8546;0.2504836156867343
2023-05-07;DK;Denmark;524;3412324;40;8586;0.25161737279343926
2023-05-14;DK;Denmark;602;3412926;46;8632;0.2529208075416812
2023-05-21;DK;Denmark;367;3413293;32;8664;0.2538311243716845
2023-05-28;DK;Denmark;349;3413642;24;8688;0.2545082348998518
2023-06-04;DK;Denmark;193;3413835;27;8715;0.25528474574781734
2023-06-11;DK;Denmark;172;3414007;15;8730;0.2557112507385017
2023-06-18;DK;Denmark;162;3414169;11;8741;0.25602130415922586
2023-06-25;DK;Denmark;26;3414195;3;8744;0.2561072229324921
2023-07-02;DK;Denmark;79;3414274;3;8747;0.2561891634942011
2023-07-09;DK;Denmark;59;3414333;7;8754;0.25638975460214336
2023-07-16;DK;Denmark;86;3414419;2;8756;0.25644187195537516
2023-07-23;DK;Denmark;91;3414510;8;8764;0.256669331763562
2023-07-30;DK;Denmark;59;3414569;1;8765;0.2566941830725928
2023-08-06;DK;Denmark;105;3414674;6;8771;0.25686200205349036
2023-08-13;DK;Denmark;141;3414815;2;8773;0.2569099643758154
2023-08-20;DK;Denmark;276;3415091;7;8780;0.25709417406446855
2023-08-27;DK;Denmark;284;3415375;2;8782;0.25713135453647107
2023-09-03;DK;Denmark;369;3415744;8;8790;0.25733778643832794
2023-09-10;DK;Denmark;429;3416173;9;8799;0.2575689228853457
2023-09-17;DK;Denmark;381;3416554;12;8811;0.25789143095645495
2023-09-24;DK;Denmark;144;3416698;3;8814;0.257968365948644
2023-10-01;DK;Denmark;319;3417017;10;8824;0.25823693590052377
2023-10-08;DK;Denmark;0;3417017;0;8824;0.25823693590052377
2023-10-15;DK;Denmark;0;3417017;0;8824;0.25823693590052377
2023-10-22;DK;Denmark;0;3417017;0;8824;0.25823693590052377
2023-10-29;DK;Denmark;0;3417017;0;8824;0.25823693590052377
2023-11-05;DK;Denmark;941;3417958;43;8867;0.25942390163951695
2023-11-12;DK;Denmark;1079;3419037;51;8918;0.26083367919095346
2023-11-19;DK;Denmark;1209;3420246;50;8968;0.26220336198039557
2023-11-26;DK;Denmark;1657;3421903;61;9029;0.2638590281489569
2023-12-03;DK;Denmark;2050;3423953;71;9100;0.26577467622949263
2023-12-10;DK;Denmark;2712;3426665;97;9197;0.26839507217659153
2023-12-17;DK;Denmark;2688;3429353;114;9311;0.2715089406077473
2023-12-24;DK;Denmark;1951;3431304;76;9387;0.2735694651362864
2023-12-31;DK;Denmark;1034;3432338;39;9426;0.27462330341592234
2024-01-07;DK;Denmark;695;3433033;10;9436;0.2748589949470337
2024-01-14;DK;Denmark;0;3433033;0;9436;0.2748589949470337
2024-01-21;DK;Denmark;0;3433033;0;9436;0.2748589949470337
2020-01-05;DJ;Djibouti;0;0;0;0;0.0
2020-01-12;DJ;Djibouti;0;0;0;0;0.0
2020-01-19;DJ;Djibouti;0;0;0;0;0.0
2020-01-26;DJ;Djibouti;0;0;0;0;0.0
2020-02-02;DJ;Djibouti;0;0;0;0;0.0
2020-02-09;DJ;Djibouti;0;0;0;0;0.0
2020-02-16;DJ;Djibouti;0;0;0;0;0.0
2020-02-23;DJ;Djibouti;0;0;0;0;0.0
2020-03-01;DJ;Djibouti;0;0;0;0;0.0
2020-03-08;DJ;Djibouti;0;0;0;0;0.0
2020-03-15;DJ;Djibouti;0;0;0;0;0.0
2020-03-22;DJ;Djibouti;1;1;0;0;0.0
2020-03-29;DJ;Djibouti;14;15;0;0;0.0
2020-04-05;DJ;Djibouti;36;51;0;0;0.0
2020-04-12;DJ;Djibouti;136;187;2;2;1.06951871657754
2020-04-19;DJ;Djibouti;545;732;0;2;0.273224043715847
2020-04-26;DJ;Djibouti;276;1008;0;2;0.1984126984126984
2020-05-03;DJ;Djibouti;104;1112;0;2;0.1798561151079137
2020-05-10;DJ;Djibouti;77;1189;1;3;0.2523128679562658
2020-05-17;DJ;Djibouti;142;1331;1;4;0.30052592036063114
2020-05-24;DJ;Djibouti;939;2270;6;10;0.4405286343612335
2020-05-31;DJ;Djibouti;924;3194;12;22;0.6887914840325611
2020-06-07;DJ;Djibouti;975;4169;4;26;0.6236507555768769
2020-06-14;DJ;Djibouti;280;4449;15;41;0.9215554057091482
2020-06-21;DJ;Djibouti;116;4565;4;45;0.9857612267250823
2020-06-28;DJ;Djibouti;78;4643;7;52;1.1199655395218608
2020-07-05;DJ;Djibouti;93;4736;3;55;1.1613175675675675
2020-07-12;DJ;Djibouti;232;4968;1;56;1.1272141706924315
2020-07-19;DJ;Djibouti;35;5003;0;56;1.119328402958225
2020-07-26;DJ;Djibouti;36;5039;2;58;1.1510220281801944
2020-08-02;DJ;Djibouti;42;5081;0;58;1.1415075772485732
2020-08-09;DJ;Djibouti;257;5338;1;59;1.105282877482203
2020-08-16;DJ;Djibouti;29;5367;0;59;1.0993106018259735
2020-08-23;DJ;Djibouti;15;5382;1;60;1.1148272017837235
2020-08-30;DJ;Djibouti;3;5385;0;60;1.1142061281337048
2020-09-06;DJ;Djibouti;2;5387;0;60;1.1137924633376646
2020-09-13;DJ;Djibouti;7;5394;1;61;1.1308861698183166
2020-09-20;DJ;Djibouti;9;5403;0;61;1.1290024060707016
2020-09-27;DJ;Djibouti;6;5409;0;61;1.1277500462192642
2020-10-04;DJ;Djibouti;9;5418;0;61;1.1258767072720561
2020-10-11;DJ;Djibouti;5;5423;0;61;1.1248386501936198
2020-10-18;DJ;Djibouti;29;5452;0;61;1.1188554658840792
2020-10-25;DJ;Djibouti;78;5530;0;61;1.1030741410488245
2020-11-01;DJ;Djibouti;31;5561;0;61;1.096925013486783
2020-11-08;DJ;Djibouti;44;5605;0;61;1.088314005352364
2020-11-15;DJ;Djibouti;40;5645;0;61;1.0806023029229406
2020-11-22;DJ;Djibouti;16;5661;0;61;1.0775481363716657
2020-11-29;DJ;Djibouti;15;5676;0;61;1.0747004933051445
2020-12-06;DJ;Djibouti;16;5692;0;61;1.0716795502459593
2020-12-13;DJ;Djibouti;33;5725;0;61;1.0655021834061136
2020-12-20;DJ;Djibouti;56;5781;0;61;1.0551807645736033
2020-12-27;DJ;Djibouti;24;5805;0;61;1.0508182601205858
2021-01-03;DJ;Djibouti;36;5841;0;61;1.044341722307824
2021-01-10;DJ;Djibouti;25;5866;0;61;1.039890896692806
2021-01-17;DJ;Djibouti;37;5903;0;61;1.033372861256988
2021-01-24;DJ;Djibouti;15;5918;0;61;1.0307536329841163
2021-01-31;DJ;Djibouti;13;5931;1;62;1.045354914854156
2021-02-07;DJ;Djibouti;10;5941;1;63;1.0604275374516074
2021-02-14;DJ;Djibouti;27;5968;0;63;1.0556300268096515
2021-02-21;DJ;Djibouti;54;6022;0;63;1.0461640650946529
2021-02-28;DJ;Djibouti;43;6065;0;63;1.0387469084913437
2021-03-07;DJ;Djibouti;69;6134;0;63;1.0270622758395827
2021-03-14;DJ;Djibouti;118;6252;0;63;1.0076775431861804
2021-03-21;DJ;Djibouti;266;6518;0;63;0.9665541577170912
2021-03-28;DJ;Djibouti;731;7249;3;66;0.9104704097116844
2021-04-04;DJ;Djibouti;1260;8509;6;72;0.8461628863556234
2021-04-11;DJ;Djibouti;1213;9722;21;93;0.9565932935609957
2021-04-18;DJ;Djibouti;690;10412;21;114;1.094890510948905
2021-04-25;DJ;Djibouti;334;10746;18;132;1.2283640424343942
2021-05-02;DJ;Djibouti;375;11121;13;145;1.3038395827713334
2021-05-09;DJ;Djibouti;214;11335;4;149;1.3145125716806352
2021-05-16;DJ;Djibouti;79;11414;2;151;1.322936744349045
2021-05-23;DJ;Djibouti;77;11491;1;152;1.3227743451396745
2021-05-30;DJ;Djibouti;36;11527;2;154;1.3359937537954367
2021-06-06;DJ;Djibouti;29;11556;0;154;1.3326410522672205
2021-06-13;DJ;Djibouti;16;11572;0;154;1.3307984790874523
2021-06-20;DJ;Djibouti;15;11587;1;155;1.3377060498834903
2021-06-27;DJ;Djibouti;13;11600;0;155;1.3362068965517242
2021-07-04;DJ;Djibouti;4;11604;0;155;1.335746294381248
2021-07-11;DJ;Djibouti;10;11614;0;155;1.3345961770277253
2021-07-18;DJ;Djibouti;8;11622;0;155;1.3336775081741525
2021-07-25;DJ;Djibouti;13;11635;0;155;1.3321873657069188
2021-08-01;DJ;Djibouti;16;11651;1;156;1.3389408634451978
2021-08-08;DJ;Djibouti;8;11659;0;156;1.3380221288275151
2021-08-15;DJ;Djibouti;19;11678;0;156;1.3358451789690016
2021-08-22;DJ;Djibouti;12;11690;1;157;1.3430282292557743
2021-08-29;DJ;Djibouti;38;11728;0;157;1.3386766712141884
2021-09-05;DJ;Djibouti;47;11775;0;157;1.3333333333333335
2021-09-12;DJ;Djibouti;70;11845;0;157;1.3254537779653863
2021-09-19;DJ;Djibouti;160;12005;2;159;1.324448146605581
2021-09-26;DJ;Djibouti;319;12324;3;162;1.3145082765335931
2021-10-03;DJ;Djibouti;557;12881;7;169;1.3120099371166836
2021-10-10;DJ;Djibouti;335;13216;8;177;1.3392857142857142
2021-10-17;DJ;Djibouti;167;13383;2;179;1.3375177463946797
2021-10-24;DJ;Djibouti;61;13444;2;181;1.3463254983635824
2021-10-31;DJ;Djibouti;34;13478;0;181;1.3429292179848642
2021-11-07;DJ;Djibouti;13;13491;5;186;1.3786969090504781
2021-11-14;DJ;Djibouti;4;13495;0;186;1.3782882549092257
2021-11-21;DJ;Djibouti;6;13501;0;186;1.3776757277238725
2021-11-28;DJ;Djibouti;3;13504;0;186;1.3773696682464456
2021-12-05;DJ;Djibouti;4;13508;1;187;1.3843648208469055
2021-12-12;DJ;Djibouti;6;13514;2;189;1.3985496522125205
2021-12-19;DJ;Djibouti;14;13528;0;189;1.397102306327617
2021-12-26;DJ;Djibouti;40;13568;0;189;1.3929834905660377
2022-01-02;DJ;Djibouti;100;13668;0;189;1.382791922739245
2022-01-09;DJ;Djibouti;416;14084;0;189;1.341948310139165
2022-01-16;DJ;Djibouti;757;14841;0;189;1.2734990903577925
2022-01-23;DJ;Djibouti;430;15271;0;189;1.2376399711872175
2022-01-30;DJ;Djibouti;169;15440;0;189;1.2240932642487048
2022-02-06;DJ;Djibouti;70;15510;0;189;1.218568665377176
2022-02-13;DJ;Djibouti;21;15531;0;189;1.2169209967162449
2022-02-20;DJ;Djibouti;10;15541;0;189;1.2161379576603821
2022-02-27;DJ;Djibouti;6;15547;0;189;1.2156686177397569
2022-03-06;DJ;Djibouti;3;15550;0;189;1.215434083601286
2022-03-13;DJ;Djibouti;14;15564;0;189;1.2143407864302236
2022-03-20;DJ;Djibouti;9;15573;0;189;1.2136389905605858
2022-03-27;DJ;Djibouti;7;15580;0;189;1.2130937098844674
2022-04-03;DJ;Djibouti;8;15588;0;189;1.212471131639723
2022-04-10;DJ;Djibouti;6;15594;0;189;1.2120046171604464
2022-04-17;DJ;Djibouti;4;15598;0;189;1.2116938068983203
2022-04-24;DJ;Djibouti;13;15611;0;189;1.2106847735571071
2022-05-01;DJ;Djibouti;20;15631;0;189;1.2091356918943126
2022-05-08;DJ;Djibouti;0;15631;0;189;1.2091356918943126
2022-05-15;DJ;Djibouti;39;15670;0;189;1.206126356094448
2022-05-22;DJ;Djibouti;5;15675;0;189;1.2057416267942584
2022-05-29;DJ;Djibouti;5;15680;0;189;1.205357142857143
2022-06-05;DJ;Djibouti;6;15686;0;189;1.2048960856814994
2022-06-12;DJ;Djibouti;4;15690;0;189;1.2045889101338432
2022-06-19;DJ;Djibouti;0;15690;0;189;1.2045889101338432
2022-06-26;DJ;Djibouti;0;15690;0;189;1.2045889101338432
2022-07-03;DJ;Djibouti;0;15690;0;189;1.2045889101338432
2022-07-10;DJ;Djibouti;0;15690;0;189;1.2045889101338432
2022-07-17;DJ;Djibouti;0;15690;0;189;1.2045889101338432
2022-07-24;DJ;Djibouti;0;15690;0;189;1.2045889101338432
2022-07-31;DJ;Djibouti;0;15690;0;189;1.2045889101338432
2022-08-07;DJ;Djibouti;0;15690;0;189;1.2045889101338432
2022-08-14;DJ;Djibouti;0;15690;0;189;1.2045889101338432
2022-08-21;DJ;Djibouti;0;15690;0;189;1.2045889101338432
2022-08-28;DJ;Djibouti;0;15690;0;189;1.2045889101338432
2022-09-04;DJ;Djibouti;0;15690;0;189;1.2045889101338432
2022-09-11;DJ;Djibouti;0;15690;0;189;1.2045889101338432
2022-09-18;DJ;Djibouti;0;15690;0;189;1.2045889101338432
2022-09-25;DJ;Djibouti;0;15690;0;189;1.2045889101338432
2022-10-02;DJ;Djibouti;0;15690;0;189;1.2045889101338432
2022-10-09;DJ;Djibouti;0;15690;0;189;1.2045889101338432
2022-10-16;DJ;Djibouti;0;15690;0;189;1.2045889101338432
2022-10-23;DJ;Djibouti;0;15690;0;189;1.2045889101338432
2022-10-30;DJ;Djibouti;0;15690;0;189;1.2045889101338432
2022-11-06;DJ;Djibouti;0;15690;0;189;1.2045889101338432
2022-11-13;DJ;Djibouti;0;15690;0;189;1.2045889101338432
2022-11-20;DJ;Djibouti;0;15690;0;189;1.2045889101338432
2022-11-27;DJ;Djibouti;0;15690;0;189;1.2045889101338432
2022-12-04;DJ;Djibouti;0;15690;0;189;1.2045889101338432
2022-12-11;DJ;Djibouti;0;15690;0;189;1.2045889101338432
2022-12-18;DJ;Djibouti;0;15690;0;189;1.2045889101338432
2022-12-25;DJ;Djibouti;0;15690;0;189;1.2045889101338432
2023-01-01;DJ;Djibouti;0;15690;0;189;1.2045889101338432
2023-01-08;DJ;Djibouti;0;15690;0;189;1.2045889101338432
2023-01-15;DJ;Djibouti;0;15690;0;189;1.2045889101338432
2023-01-22;DJ;Djibouti;0;15690;0;189;1.2045889101338432
2023-01-29;DJ;Djibouti;0;15690;0;189;1.2045889101338432
2023-02-05;DJ;Djibouti;0;15690;0;189;1.2045889101338432
2023-02-12;DJ;Djibouti;0;15690;0;189;1.2045889101338432
2023-02-19;DJ;Djibouti;0;15690;0;189;1.2045889101338432
2023-02-26;DJ;Djibouti;0;15690;0;189;1.2045889101338432
2023-03-05;DJ;Djibouti;0;15690;0;189;1.2045889101338432
2023-03-12;DJ;Djibouti;0;15690;0;189;1.2045889101338432
2023-03-19;DJ;Djibouti;0;15690;0;189;1.2045889101338432
2023-03-26;DJ;Djibouti;0;15690;0;189;1.2045889101338432
2023-04-02;DJ;Djibouti;0;15690;0;189;1.2045889101338432
2023-04-09;DJ;Djibouti;0;15690;0;189;1.2045889101338432
2023-04-16;DJ;Djibouti;0;15690;0;189;1.2045889101338432
2023-04-23;DJ;Djibouti;0;15690;0;189;1.2045889101338432
2023-04-30;DJ;Djibouti;0;15690;0;189;1.2045889101338432
2023-05-07;DJ;Djibouti;0;15690;0;189;1.2045889101338432
2023-05-14;DJ;Djibouti;0;15690;0;189;1.2045889101338432
2023-05-21;DJ;Djibouti;0;15690;0;189;1.2045889101338432
2023-05-28;DJ;Djibouti;0;15690;0;189;1.2045889101338432
2023-06-04;DJ;Djibouti;0;15690;0;189;1.2045889101338432
2023-06-11;DJ;Djibouti;0;15690;0;189;1.2045889101338432
2023-06-18;DJ;Djibouti;0;15690;0;189;1.2045889101338432
2023-06-25;DJ;Djibouti;0;15690;0;189;1.2045889101338432
2023-07-02;DJ;Djibouti;0;15690;0;189;1.2045889101338432
2023-07-09;DJ;Djibouti;0;15690;0;189;1.2045889101338432
2023-07-16;DJ;Djibouti;0;15690;0;189;1.2045889101338432
2023-07-23;DJ;Djibouti;0;15690;0;189;1.2045889101338432
2023-07-30;DJ;Djibouti;0;15690;0;189;1.2045889101338432
2023-08-06;DJ;Djibouti;0;15690;0;189;1.2045889101338432
2023-08-13;DJ;Djibouti;0;15690;0;189;1.2045889101338432
2023-08-20;DJ;Djibouti;0;15690;0;189;1.2045889101338432
2023-08-27;DJ;Djibouti;0;15690;0;189;1.2045889101338432
2023-09-03;DJ;Djibouti;0;15690;0;189;1.2045889101338432
2023-09-10;DJ;Djibouti;0;15690;0;189;1.2045889101338432
2023-09-17;DJ;Djibouti;0;15690;0;189;1.2045889101338432
2023-09-24;DJ;Djibouti;0;15690;0;189;1.2045889101338432
2023-10-01;DJ;Djibouti;0;15690;0;189;1.2045889101338432
2023-10-08;DJ;Djibouti;0;15690;0;189;1.2045889101338432
2023-10-15;DJ;Djibouti;0;15690;0;189;1.2045889101338432
2023-10-22;DJ;Djibouti;0;15690;0;189;1.2045889101338432
2023-10-29;DJ;Djibouti;0;15690;0;189;1.2045889101338432
2023-11-05;DJ;Djibouti;0;15690;0;189;1.2045889101338432
2023-11-12;DJ;Djibouti;0;15690;0;189;1.2045889101338432
2023-11-19;DJ;Djibouti;0;15690;0;189;1.2045889101338432
2023-11-26;DJ;Djibouti;0;15690;0;189;1.2045889101338432
2023-12-03;DJ;Djibouti;0;15690;0;189;1.2045889101338432
2023-12-10;DJ;Djibouti;0;15690;0;189;1.2045889101338432
2023-12-17;DJ;Djibouti;0;15690;0;189;1.2045889101338432
2023-12-24;DJ;Djibouti;0;15690;0;189;1.2045889101338432
2023-12-31;DJ;Djibouti;0;15690;0;189;1.2045889101338432
2024-01-07;DJ;Djibouti;0;15690;0;189;1.2045889101338432
2024-01-14;DJ;Djibouti;0;15690;0;189;1.2045889101338432
2024-01-21;DJ;Djibouti;0;15690;0;189;1.2045889101338432
2020-01-05;DM;Dominica;0;0;0;0;0.0
2020-01-12;DM;Dominica;0;0;0;0;0.0
2020-01-19;DM;Dominica;0;0;0;0;0.0
2020-01-26;DM;Dominica;0;0;0;0;0.0
2020-02-02;DM;Dominica;0;0;0;0;0.0
2020-02-09;DM;Dominica;0;0;0;0;0.0
2020-02-16;DM;Dominica;0;0;0;0;0.0
2020-02-23;DM;Dominica;0;0;0;0;0.0
2020-03-01;DM;Dominica;0;0;0;0;0.0
2020-03-08;DM;Dominica;0;0;0;0;0.0
2020-03-15;DM;Dominica;0;0;0;0;0.0
2020-03-22;DM;Dominica;0;0;0;0;0.0
2020-03-29;DM;Dominica;11;11;0;0;0.0
2020-04-05;DM;Dominica;0;11;0;0;0.0
2020-04-12;DM;Dominica;5;16;0;0;0.0
2020-04-19;DM;Dominica;0;16;0;0;0.0
2020-04-26;DM;Dominica;0;16;0;0;0.0
2020-05-03;DM;Dominica;0;16;0;0;0.0
2020-05-10;DM;Dominica;0;16;0;0;0.0
2020-05-17;DM;Dominica;0;16;0;0;0.0
2020-05-24;DM;Dominica;0;16;0;0;0.0
2020-05-31;DM;Dominica;0;16;0;0;0.0
2020-06-07;DM;Dominica;0;16;0;0;0.0
2020-06-14;DM;Dominica;2;18;0;0;0.0
2020-06-21;DM;Dominica;0;18;0;0;0.0
2020-06-28;DM;Dominica;0;18;0;0;0.0
2020-07-05;DM;Dominica;0;18;0;0;0.0
2020-07-12;DM;Dominica;0;18;0;0;0.0
2020-07-19;DM;Dominica;0;18;0;0;0.0
2020-07-26;DM;Dominica;0;18;0;0;0.0
2020-08-02;DM;Dominica;0;18;0;0;0.0
2020-08-09;DM;Dominica;0;18;0;0;0.0
2020-08-16;DM;Dominica;0;18;0;0;0.0
2020-08-23;DM;Dominica;1;19;0;0;0.0
2020-08-30;DM;Dominica;1;20;0;0;0.0
2020-09-06;DM;Dominica;2;22;0;0;0.0
2020-09-13;DM;Dominica;2;24;0;0;0.0
2020-09-20;DM;Dominica;0;24;0;0;0.0
2020-09-27;DM;Dominica;0;24;0;0;0.0
2020-10-04;DM;Dominica;7;31;0;0;0.0
2020-10-11;DM;Dominica;1;32;0;0;0.0
2020-10-18;DM;Dominica;1;33;0;0;0.0
2020-10-25;DM;Dominica;5;38;0;0;0.0
2020-11-01;DM;Dominica;12;50;0;0;0.0
2020-11-08;DM;Dominica;13;63;0;0;0.0
2020-11-15;DM;Dominica;5;68;0;0;0.0
2020-11-22;DM;Dominica;4;72;0;0;0.0
2020-11-29;DM;Dominica;13;85;0;0;0.0
2020-12-06;DM;Dominica;0;85;0;0;0.0
2020-12-13;DM;Dominica;2;87;0;0;0.0
2020-12-20;DM;Dominica;5;92;0;0;0.0
2020-12-27;DM;Dominica;4;96;0;0;0.0
2021-01-03;DM;Dominica;0;96;0;0;0.0
2021-01-10;DM;Dominica;10;106;0;0;0.0
2021-01-17;DM;Dominica;4;110;0;0;0.0
2021-01-24;DM;Dominica;3;113;0;0;0.0
2021-01-31;DM;Dominica;4;117;0;0;0.0
2021-02-07;DM;Dominica;4;121;0;0;0.0
2021-02-14;DM;Dominica;0;121;0;0;0.0
2021-02-21;DM;Dominica;13;134;0;0;0.0
2021-02-28;DM;Dominica;8;142;0;0;0.0
2021-03-07;DM;Dominica;2;144;0;0;0.0
2021-03-14;DM;Dominica;12;156;0;0;0.0
2021-03-21;DM;Dominica;1;157;0;0;0.0
2021-03-28;DM;Dominica;4;161;0;0;0.0
2021-04-04;DM;Dominica;4;165;0;0;0.0
2021-04-11;DM;Dominica;0;165;0;0;0.0
2021-04-18;DM;Dominica;7;172;0;0;0.0
2021-04-25;DM;Dominica;1;173;0;0;0.0
2021-05-02;DM;Dominica;1;174;0;0;0.0
2021-05-09;DM;Dominica;1;175;0;0;0.0
2021-05-16;DM;Dominica;3;178;0;0;0.0
2021-05-23;DM;Dominica;6;184;0;0;0.0
2021-05-30;DM;Dominica;4;188;0;0;0.0
2021-06-06;DM;Dominica;0;188;0;0;0.0
2021-06-13;DM;Dominica;1;189;0;0;0.0
2021-06-20;DM;Dominica;2;191;0;0;0.0
2021-06-27;DM;Dominica;2;193;0;0;0.0
2021-07-04;DM;Dominica;1;194;0;0;0.0
2021-07-11;DM;Dominica;3;197;0;0;0.0
2021-07-18;DM;Dominica;9;206;0;0;0.0
2021-07-25;DM;Dominica;3;209;0;0;0.0
2021-08-01;DM;Dominica;7;216;0;0;0.0
2021-08-08;DM;Dominica;2;218;0;0;0.0
2021-08-15;DM;Dominica;358;576;0;0;0.0
2021-08-22;DM;Dominica;747;1323;1;1;0.07558578987150416
2021-08-29;DM;Dominica;315;1638;3;4;0.2442002442002442
2021-09-05;DM;Dominica;194;1832;0;4;0.21834061135371177
2021-09-12;DM;Dominica;666;2498;3;7;0.28022417934347477
2021-09-19;DM;Dominica;260;2758;1;8;0.290065264684554
2021-09-26;DM;Dominica;535;3293;7;15;0.4555116914667477
2021-10-03;DM;Dominica;309;3602;6;21;0.5830094392004442
2021-10-10;DM;Dominica;418;4020;5;26;0.6467661691542288
2021-10-17;DM;Dominica;133;4153;2;28;0.6742114134360703
2021-10-24;DM;Dominica;355;4508;2;30;0.6654835847382431
2021-10-31;DM;Dominica;275;4783;2;32;0.669036169767928
2021-11-07;DM;Dominica;178;4961;0;32;0.6450312437008667
2021-11-14;DM;Dominica;0;4961;0;32;0.6450312437008667
2021-11-21;DM;Dominica;480;5441;3;35;0.6432641058628928
2021-11-28;DM;Dominica;335;5776;2;37;0.6405817174515236
2021-12-05;DM;Dominica;310;6086;5;42;0.6901084456128821
2021-12-12;DM;Dominica;171;6257;0;42;0.6712482020137446
2021-12-19;DM;Dominica;173;6430;2;44;0.6842923794712287
2021-12-26;DM;Dominica;129;6559;1;45;0.6860801951516999
2022-01-02;DM;Dominica;303;6862;2;47;0.684931506849315
2022-01-09;DM;Dominica;532;7394;0;47;0.635650527454693
2022-01-16;DM;Dominica;563;7957;1;48;0.6032424280507729
2022-01-23;DM;Dominica;560;8517;1;49;0.5753199483386169
2022-01-30;DM;Dominica;515;9032;2;51;0.5646589902568644
2022-02-06;DM;Dominica;968;10000;0;51;0.51
2022-02-13;DM;Dominica;527;10527;2;53;0.5034672746271492
2022-02-20;DM;Dominica;225;10752;4;57;0.5301339285714286
2022-02-27;DM;Dominica;356;11108;0;57;0.5131436802304645
2022-03-06;DM;Dominica;140;11248;4;61;0.5423186344238976
2022-03-13;DM;Dominica;281;11529;1;62;0.5377743082661116
2022-03-20;DM;Dominica;216;11745;0;62;0.5278842060451255
2022-03-27;DM;Dominica;60;11805;1;63;0.5336721728081322
2022-04-03;DM;Dominica;92;11897;0;63;0.5295452635118097
2022-04-10;DM;Dominica;71;11968;0;63;0.526403743315508
2022-04-17;DM;Dominica;20;11988;0;63;0.5255255255255256
2022-04-24;DM;Dominica;45;12033;0;63;0.5235602094240838
2022-05-01;DM;Dominica;128;12161;0;63;0.5180495025080174
2022-05-08;DM;Dominica;332;12493;0;63;0.50428239814296
2022-05-15;DM;Dominica;623;13116;0;63;0.48032936870997256
2022-05-22;DM;Dominica;798;13914;0;63;0.45278137128072443
2022-05-29;DM;Dominica;381;14295;4;67;0.4686953480237846
2022-06-05;DM;Dominica;0;14295;0;67;0.4686953480237846
2022-06-12;DM;Dominica;343;14638;0;67;0.4577128022953955
2022-06-19;DM;Dominica;143;14781;0;67;0.4532846221500575
2022-06-26;DM;Dominica;71;14852;1;68;0.4578507945057905
2022-07-03;DM;Dominica;0;14852;0;68;0.4578507945057905
2022-07-10;DM;Dominica;0;14852;0;68;0.4578507945057905
2022-07-17;DM;Dominica;0;14852;0;68;0.4578507945057905
2022-07-24;DM;Dominica;0;14852;0;68;0.4578507945057905
2022-07-31;DM;Dominica;0;14852;0;68;0.4578507945057905
2022-08-07;DM;Dominica;0;14852;0;68;0.4578507945057905
2022-08-14;DM;Dominica;0;14852;0;68;0.4578507945057905
2022-08-21;DM;Dominica;0;14852;0;68;0.4578507945057905
2022-08-28;DM;Dominica;0;14852;0;68;0.4578507945057905
2022-09-04;DM;Dominica;0;14852;0;68;0.4578507945057905
2022-09-11;DM;Dominica;0;14852;0;68;0.4578507945057905
2022-09-18;DM;Dominica;0;14852;0;68;0.4578507945057905
2022-09-25;DM;Dominica;0;14852;0;68;0.4578507945057905
2022-10-02;DM;Dominica;895;15747;6;74;0.4699307804661206
2022-10-09;DM;Dominica;13;15760;0;74;0.46954314720812185
2022-10-16;DM;Dominica;0;15760;0;74;0.46954314720812185
2022-10-23;DM;Dominica;0;15760;0;74;0.46954314720812185
2022-10-30;DM;Dominica;0;15760;0;74;0.46954314720812185
2022-11-06;DM;Dominica;0;15760;0;74;0.46954314720812185
2022-11-13;DM;Dominica;0;15760;0;74;0.46954314720812185
2022-11-20;DM;Dominica;0;15760;0;74;0.46954314720812185
2022-11-27;DM;Dominica;0;15760;0;74;0.46954314720812185
2022-12-04;DM;Dominica;0;15760;0;74;0.46954314720812185
2022-12-11;DM;Dominica;0;15760;0;74;0.46954314720812185
2022-12-18;DM;Dominica;0;15760;0;74;0.46954314720812185
2022-12-25;DM;Dominica;0;15760;0;74;0.46954314720812185
2023-01-01;DM;Dominica;0;15760;0;74;0.46954314720812185
2023-01-08;DM;Dominica;0;15760;0;74;0.46954314720812185
2023-01-15;DM;Dominica;0;15760;0;74;0.46954314720812185
2023-01-22;DM;Dominica;0;15760;0;74;0.46954314720812185
2023-01-29;DM;Dominica;0;15760;0;74;0.46954314720812185
2023-02-05;DM;Dominica;0;15760;0;74;0.46954314720812185
2023-02-12;DM;Dominica;0;15760;0;74;0.46954314720812185
2023-02-19;DM;Dominica;0;15760;0;74;0.46954314720812185
2023-02-26;DM;Dominica;0;15760;0;74;0.46954314720812185
2023-03-05;DM;Dominica;0;15760;0;74;0.46954314720812185
2023-03-12;DM;Dominica;0;15760;0;74;0.46954314720812185
2023-03-19;DM;Dominica;0;15760;0;74;0.46954314720812185
2023-03-26;DM;Dominica;0;15760;0;74;0.46954314720812185
2023-04-02;DM;Dominica;0;15760;0;74;0.46954314720812185
2023-04-09;DM;Dominica;0;15760;0;74;0.46954314720812185
2023-04-16;DM;Dominica;0;15760;0;74;0.46954314720812185
2023-04-23;DM;Dominica;0;15760;0;74;0.46954314720812185
2023-04-30;DM;Dominica;0;15760;0;74;0.46954314720812185
2023-05-07;DM;Dominica;0;15760;0;74;0.46954314720812185
2023-05-14;DM;Dominica;0;15760;0;74;0.46954314720812185
2023-05-21;DM;Dominica;0;15760;0;74;0.46954314720812185
2023-05-28;DM;Dominica;17;15777;0;74;0.46903720605945365
2023-06-04;DM;Dominica;14;15791;0;74;0.4686213666012285
2023-06-11;DM;Dominica;17;15808;0;74;0.4681174089068826
2023-06-18;DM;Dominica;42;15850;0;74;0.4668769716088328
2023-06-25;DM;Dominica;27;15877;0;74;0.46608301316369594
2023-07-02;DM;Dominica;37;15914;0;74;0.4649993716224708
2023-07-09;DM;Dominica;26;15940;0;74;0.4642409033877039
2023-07-16;DM;Dominica;22;15962;0;74;0.46360105249968675
2023-07-23;DM;Dominica;8;15970;0;74;0.4633688165309956
2023-07-30;DM;Dominica;9;15979;0;74;0.4631078290255961
2023-08-06;DM;Dominica;10;15989;0;74;0.4628181875039089
2023-08-13;DM;Dominica;4;15993;0;74;0.46270243231413744
2023-08-20;DM;Dominica;9;16002;0;74;0.4624421947256593
2023-08-27;DM;Dominica;7;16009;0;74;0.4622399900056218
2023-09-03;DM;Dominica;0;16009;0;74;0.4622399900056218
2023-09-10;DM;Dominica;0;16009;0;74;0.4622399900056218
2023-09-17;DM;Dominica;4;16013;0;74;0.4621245238243927
2023-09-24;DM;Dominica;6;16019;0;74;0.46195143267370004
2023-10-01;DM;Dominica;7;16026;0;74;0.4617496568076875
2023-10-08;DM;Dominica;1;16027;0;74;0.46172084607225305
2023-10-15;DM;Dominica;3;16030;0;74;0.46163443543356203
2023-10-22;DM;Dominica;1;16031;0;74;0.4616056390742936
2023-10-29;DM;Dominica;2;16033;0;74;0.4615480571321649
2023-11-05;DM;Dominica;1;16034;0;74;0.4615192715479606
2023-11-12;DM;Dominica;1;16035;0;74;0.4614904895541004
2023-11-19;DM;Dominica;3;16038;0;74;0.46140416510786886
2023-11-26;DM;Dominica;0;16038;0;74;0.46140416510786886
2023-12-03;DM;Dominica;0;16038;0;74;0.46140416510786886
2023-12-10;DM;Dominica;0;16038;0;74;0.46140416510786886
2023-12-17;DM;Dominica;0;16038;0;74;0.46140416510786886
2023-12-24;DM;Dominica;0;16038;0;74;0.46140416510786886
2023-12-31;DM;Dominica;0;16038;0;74;0.46140416510786886
2024-01-07;DM;Dominica;0;16038;0;74;0.46140416510786886
2024-01-14;DM;Dominica;0;16038;0;74;0.46140416510786886
2024-01-21;DM;Dominica;0;16038;0;74;0.46140416510786886
2020-01-05;DO;Dominican Republic;0;0;0;0;0.0
2020-01-12;DO;Dominican Republic;0;0;0;0;0.0
2020-01-19;DO;Dominican Republic;0;0;0;0;0.0
2020-01-26;DO;Dominican Republic;0;0;0;0;0.0
2020-02-02;DO;Dominican Republic;0;0;0;0;0.0
2020-02-09;DO;Dominican Republic;0;0;0;0;0.0
2020-02-16;DO;Dominican Republic;0;0;0;0;0.0
2020-02-23;DO;Dominican Republic;0;0;0;0;0.0
2020-03-01;DO;Dominican Republic;0;0;0;0;0.0
2020-03-08;DO;Dominican Republic;2;2;0;0;0.0
2020-03-15;DO;Dominican Republic;3;5;0;0;0.0
2020-03-22;DO;Dominican Republic;67;72;2;2;2.7777777777777777
2020-03-29;DO;Dominican Republic;509;581;18;20;3.4423407917383817
2020-04-05;DO;Dominican Republic;907;1488;48;68;4.56989247311828
2020-04-12;DO;Dominican Republic;1132;2620;58;126;4.809160305343512
2020-04-19;DO;Dominican Republic;1715;4335;91;217;5.005767012687428
2020-04-26;DO;Dominican Republic;1591;5926;56;273;4.6068174147823155
2020-05-03;DO;Dominican Republic;1652;7578;53;326;4.301926629717603
2020-05-10;DO;Dominican Republic;2304;9882;59;385;3.895972475207448
2020-05-17;DO;Dominican Republic;2228;12110;43;428;3.534269199009083
2020-05-24;DO;Dominican Republic;2312;14422;30;458;3.175703785882679
2020-05-31;DO;Dominican Republic;2486;16908;40;498;2.9453513129879347
2020-06-07;DO;Dominican Republic;2287;19195;38;536;2.7923938525657723
2020-06-14;DO;Dominican Republic;3377;22572;41;577;2.556264398369662
2020-06-21;DO;Dominican Republic;3206;25778;78;655;2.5409263713243853
2020-06-28;DO;Dominican Republic;4841;30619;63;718;2.3449492145399917
2020-07-05;DO;Dominican Republic;5565;36184;68;786;2.1722308202520453
2020-07-12;DO;Dominican Republic;6930;43114;94;880;2.0411003386371016
2020-07-19;DO;Dominican Republic;8405;51519;91;971;1.8847415516605526
2020-07-26;DO;Dominican Republic;9377;60896;84;1055;1.73246190225959
2020-08-02;DO;Dominican Republic;10519;71415;115;1170;1.638311279143037
2020-08-09;DO;Dominican Republic;7363;78778;119;1289;1.6362436213155955
2020-08-16;DO;Dominican Republic;6767;85545;149;1438;1.6809866152317494
2020-08-23;DO;Dominican Republic;5016;90561;116;1554;1.715970450856329
2020-08-30;DO;Dominican Republic;3165;93726;119;1673;1.7849902908477904
2020-09-06;DO;Dominican Republic;5050;98776;167;1840;1.8628006803272048
2020-09-13;DO;Dominican Republic;4316;103092;113;1953;1.894424397625422
2020-09-20;DO;Dominican Republic;4608;107700;91;2044;1.8978644382544103
2020-09-27;DO;Dominican Republic;3257;110957;49;2093;1.886316320736862
2020-10-04;DO;Dominican Republic;2969;113926;35;2128;1.8678791496234397
2020-10-11;DO;Dominican Republic;4088;118014;39;2167;1.8362228210212348
2020-10-18;DO;Dominican Republic;2911;120925;28;2195;1.8151746950589207
2020-10-25;DO;Dominican Republic;3093;124018;25;2220;1.7900627328291052
2020-11-01;DO;Dominican Republic;3000;127018;25;2245;1.7674660284369144
2020-11-08;DO;Dominican Republic;2627;129645;18;2263;1.745535886459177
2020-11-15;DO;Dominican Republic;3580;133225;19;2282;1.7128917245261777
2020-11-22;DO;Dominican Republic;4545;137770;26;2308;1.675255861217972
2020-11-29;DO;Dominican Republic;4883;142653;20;2328;1.6319320308721161
2020-12-06;DO;Dominican Republic;5002;147655;17;2345;1.5881615929023738
2020-12-13;DO;Dominican Republic;5930;153585;15;2360;1.5366083927466876
2020-12-20;DO;Dominican Republic;5479;159064;22;2382;1.4975104360508977
2020-12-27;DO;Dominican Republic;6876;165940;22;2404;1.4487164035193445
2021-01-03;DO;Dominican Republic;7025;172965;12;2416;1.3968143844130314
2021-01-10;DO;Dominican Republic;7679;180644;8;2424;1.3418657691370872
2021-01-17;DO;Dominican Republic;10695;191339;8;2432;1.271042495257109
2021-01-24;DO;Dominican Republic;11168;202507;81;2513;1.240944757465174
2021-01-31;DO;Dominican Republic;10046;212553;133;2646;1.2448659863657534
2021-02-07;DO;Dominican Republic;9595;222148;155;2801;1.2608711309577398
2021-02-14;DO;Dominican Republic;6747;228895;131;2932;1.2809366740208392
2021-02-21;DO;Dominican Republic;5607;234502;96;3028;1.2912469829681623
2021-02-28;DO;Dominican Republic;4507;239009;65;3093;1.2940935278587835
2021-03-07;DO;Dominican Republic;3651;242660;69;3162;1.3030577763125362
2021-03-14;DO;Dominican Republic;2956;245616;51;3213;1.308139534883721
2021-03-21;DO;Dominican Republic;3373;248989;56;3269;1.3129094056363935
2021-03-28;DO;Dominican Republic;2593;251582;33;3302;1.3124945345851453
2021-04-04;DO;Dominican Republic;2199;253781;32;3334;1.3137311303840713
2021-04-11;DO;Dominican Republic;3405;257186;51;3385;1.3161680651357384
2021-04-18;DO;Dominican Republic;3441;260627;29;3414;1.309918005425378
2021-04-25;DO;Dominican Republic;3317;263944;37;3451;1.307474312733004
2021-05-02;DO;Dominican Republic;2917;266861;36;3487;1.3066727622245289
2021-05-09;DO;Dominican Republic;3739;270600;36;3523;1.3019216555801922
2021-05-16;DO;Dominican Republic;5672;276272;46;3569;1.2918428215671514
2021-05-23;DO;Dominican Republic;6413;282685;37;3606;1.2756248120699718
2021-05-30;DO;Dominican Republic;7841;290526;22;3628;1.2487694733001522
2021-06-06;DO;Dominican Republic;9155;299681;24;3652;1.218629142321335
2021-06-13;DO;Dominican Republic;8166;307847;53;3705;1.203519930355014
2021-06-20;DO;Dominican Republic;7968;315815;49;3754;1.1886705824612511
2021-06-27;DO;Dominican Republic;6256;322071;42;3796;1.1786221050637904
2021-07-04;DO;Dominican Republic;6305;328376;56;3852;1.1730455331692937
2021-07-11;DO;Dominican Republic;4677;333053;37;3889;1.1676820205793073
2021-07-18;DO;Dominican Republic;4094;337147;26;3915;1.1612145443975477
2021-07-25;DO;Dominican Republic;2522;339669;22;3937;1.159069564782185
2021-08-01;DO;Dominican Republic;2236;341905;26;3963;1.1590939003524372
2021-08-08;DO;Dominican Republic;2246;344151;11;3974;1.1547256872709946
2021-08-15;DO;Dominican Republic;1809;345960;2;3976;1.149265811076425
2021-08-22;DO;Dominican Republic;1677;347637;13;3989;1.1474612886430386
2021-08-29;DO;Dominican Republic;1983;349620;18;4007;1.1461014816086035
2021-09-05;DO;Dominican Republic;1833;351453;5;4012;1.141546664845655
2021-09-12;DO;Dominican Republic;1618;353071;2;4014;1.1368818169716572
2021-09-19;DO;Dominican Republic;1942;355013;13;4027;1.1343246585336313
2021-09-26;DO;Dominican Republic;1921;356934;11;4038;1.1313015851670056
2021-10-03;DO;Dominican Republic;3323;360257;11;4049;1.12391986831623
2021-10-10;DO;Dominican Republic;4806;365063;18;4067;1.1140542865204088
2021-10-17;DO;Dominican Republic;4637;369700;17;4084;1.104679469840411
2021-10-24;DO;Dominican Republic;5845;375545;22;4106;1.0933443395598397
2021-10-31;DO;Dominican Republic;5429;380974;23;4129;1.0838009942935738
2021-11-07;DO;Dominican Republic;6295;387269;21;4150;1.0716065577156964
2021-11-14;DO;Dominican Republic;7339;394608;16;4166;1.0557312573490654
2021-11-21;DO;Dominican Republic;7306;401914;20;4186;1.0415163442925601
2021-11-28;DO;Dominican Republic;4597;406511;18;4204;1.0341663571219475
2021-12-05;DO;Dominican Republic;1734;408245;8;4212;1.0317333953875736
2021-12-12;DO;Dominican Republic;1842;410087;6;4218;1.028562231916642
2021-12-19;DO;Dominican Republic;1179;411266;4;4222;1.026586199685848
2021-12-26;DO;Dominican Republic;2621;413887;15;4237;1.0237093699488025
2022-01-02;DO;Dominican Republic;6040;419927;10;4247;1.011366261278746
2022-01-09;DO;Dominican Republic;31258;451185;8;4255;0.9430721322739009
2022-01-16;DO;Dominican Republic;43410;494595;13;4268;0.8629282544303926
2022-01-23;DO;Dominican Republic;42172;536767;17;4285;0.7982979579594126
2022-01-30;DO;Dominican Republic;16064;552831;16;4301;0.7779954452626571
2022-02-06;DO;Dominican Republic;8826;561657;21;4322;0.7695087927329313
2022-02-13;DO;Dominican Republic;7367;569024;21;4343;0.763236700033742
2022-02-20;DO;Dominican Republic;2528;571552;14;4357;0.7623103409663512
2022-02-27;DO;Dominican Republic;2519;574071;11;4368;0.760881493752515
2022-03-06;DO;Dominican Republic;1812;575883;3;4371;0.759008340235777
2022-03-13;DO;Dominican Republic;484;576367;3;4374;0.7588914701917354
2022-03-20;DO;Dominican Republic;950;577317;1;4375;0.7578158966391082
2022-03-27;DO;Dominican Republic;524;577841;0;4375;0.7571286911105304
2022-04-03;DO;Dominican Republic;338;578179;0;4375;0.7566860781868591
2022-04-10;DO;Dominican Republic;305;578484;0;4375;0.7562871228936323
2022-04-17;DO;Dominican Republic;261;578745;0;4375;0.755946055689466
2022-04-24;DO;Dominican Republic;334;579079;1;4376;0.7556827306809607
2022-05-01;DO;Dominican Republic;364;579443;0;4376;0.7552080187352337
2022-05-08;DO;Dominican Republic;364;579807;0;4376;0.7547339028331841
2022-05-15;DO;Dominican Republic;605;580412;0;4376;0.7539471961296458
2022-05-22;DO;Dominican Republic;838;581250;1;4377;0.7530322580645161
2022-05-29;DO;Dominican Republic;1909;583159;0;4377;0.750567169502657
2022-06-05;DO;Dominican Republic;2940;586099;0;4377;0.7468021614095912
2022-06-12;DO;Dominican Republic;4665;590764;3;4380;0.7414128145926292
2022-06-19;DO;Dominican Republic;5918;596682;2;4382;0.7343945351125054
2022-06-26;DO;Dominican Republic;5672;602354;1;4383;0.7276452053111625
2022-07-03;DO;Dominican Republic;7036;609390;0;4383;0.7192438339979323
2022-07-10;DO;Dominican Republic;8263;617653;0;4383;0.7096217455432094
2022-07-17;DO;Dominican Republic;4283;621936;0;4383;0.704734892336189
2022-07-24;DO;Dominican Republic;4094;626030;0;4383;0.7001261920355255
2022-07-31;DO;Dominican Republic;2695;628725;0;4383;0.6971251342001671
2022-08-07;DO;Dominican Republic;3930;632655;1;4384;0.6929527151449052
2022-08-14;DO;Dominican Republic;2211;634866;0;4384;0.6905394209171699
2022-08-21;DO;Dominican Republic;1550;636416;0;4384;0.6888576025744167
2022-08-28;DO;Dominican Republic;1670;638086;0;4384;0.6870547230310647
2022-09-04;DO;Dominican Republic;1978;640064;0;4384;0.684931506849315
2022-09-11;DO;Dominican Republic;1899;641963;0;4384;0.682905401090094
2022-09-18;DO;Dominican Republic;2053;644016;0;4384;0.6807284291073513
2022-09-25;DO;Dominican Republic;1353;645369;0;4384;0.679301298946804
2022-10-02;DO;Dominican Republic;974;646343;0;4384;0.6782776327739296
2022-10-09;DO;Dominican Republic;541;646884;0;4384;0.6777103777493337
2022-10-16;DO;Dominican Republic;321;647205;0;4384;0.6773742477267636
2022-10-23;DO;Dominican Republic;161;647366;0;4384;0.6772057846720403
2022-10-30;DO;Dominican Republic;189;647555;0;4384;0.6770081305835025
2022-11-06;DO;Dominican Republic;139;647694;0;4384;0.6768628395507755
2022-11-13;DO;Dominican Republic;222;647916;0;4384;0.6766309212922663
2022-11-20;DO;Dominican Republic;490;648406;0;4384;0.6761195917372756
2022-11-27;DO;Dominican Republic;1278;649684;0;4384;0.6747895900160694
2022-12-04;DO;Dominican Republic;1783;651467;0;4384;0.6729427584206107
2022-12-11;DO;Dominican Republic;2494;653961;0;4384;0.6703763680097131
2022-12-18;DO;Dominican Republic;2845;656806;0;4384;0.6674725870348323
2022-12-25;DO;Dominican Republic;1781;658587;0;4384;0.665667557968803
2023-01-01;DO;Dominican Republic;589;659176;0;4384;0.6650727575033072
2023-01-08;DO;Dominican Republic;342;659518;0;4384;0.6647278770253428
2023-01-15;DO;Dominican Republic;215;659733;0;4384;0.6645112492478017
2023-01-22;DO;Dominican Republic;229;659962;0;4384;0.6642806707052831
2023-01-29;DO;Dominican Republic;225;660187;0;4384;0.6640542755310238
2023-02-05;DO;Dominican Republic;173;660360;0;4384;0.6638803077109455
2023-02-12;DO;Dominican Republic;108;660468;0;4384;0.6637717497289801
2023-02-19;DO;Dominican Republic;157;660625;0;4384;0.6636140018921476
2023-02-26;DO;Dominican Republic;132;660757;0;4384;0.6634814311463972
2023-03-05;DO;Dominican Republic;65;660822;0;4384;0.6634161695585196
2023-03-12;DO;Dominican Republic;54;660876;0;4384;0.663361962001949
2023-03-19;DO;Dominican Republic;39;660915;0;4384;0.663322817608921
2023-03-26;DO;Dominican Republic;22;660937;0;4384;0.6633007381944118
2023-04-02;DO;Dominican Republic;0;660937;0;4384;0.6633007381944118
2023-04-09;DO;Dominican Republic;0;660937;0;4384;0.6633007381944118
2023-04-16;DO;Dominican Republic;24;660961;0;4384;0.6632766532367265
2023-04-23;DO;Dominican Republic;47;661008;0;4384;0.6632294919274804
2023-04-30;DO;Dominican Republic;37;661045;0;4384;0.6631923696571338
2023-05-07;DO;Dominican Republic;58;661103;0;4384;0.6631341863522022
2023-05-14;DO;Dominican Republic;0;661103;0;4384;0.6631341863522022
2023-05-21;DO;Dominican Republic;0;661103;0;4384;0.6631341863522022
2023-05-28;DO;Dominican Republic;2;661105;0;4384;0.6631321802134305
2023-06-04;DO;Dominican Republic;2;661107;0;4384;0.6631301740867969
2023-06-11;DO;Dominican Republic;11;661118;0;4384;0.6631191406072744
2023-06-18;DO;Dominican Republic;2;661120;0;4384;0.6631171345595354
2023-06-25;DO;Dominican Republic;2;661122;0;4384;0.6631151285239336
2023-07-02;DO;Dominican Republic;10;661132;0;4384;0.6631050985279793
2023-07-09;DO;Dominican Republic;12;661144;0;4384;0.6630930629333398
2023-07-16;DO;Dominican Republic;4;661148;0;4384;0.6630890511655484
2023-07-23;DO;Dominican Republic;0;661148;0;4384;0.6630890511655484
2023-07-30;DO;Dominican Republic;3;661151;0;4384;0.6630860423715611
2023-08-06;DO;Dominican Republic;0;661151;0;4384;0.6630860423715611
2023-08-13;DO;Dominican Republic;1;661152;0;4384;0.6630850394462997
2023-08-20;DO;Dominican Republic;0;661152;0;4384;0.6630850394462997
2023-08-27;DO;Dominican Republic;1;661153;0;4384;0.6630840365240723
2023-09-03;DO;Dominican Republic;4;661157;0;4384;0.6630800248655009
2023-09-10;DO;Dominican Republic;0;661157;0;4384;0.6630800248655009
2023-09-17;DO;Dominican Republic;18;661175;0;4384;0.6630619730026089
2023-09-24;DO;Dominican Republic;0;661175;0;4384;0.6630619730026089
2023-10-01;DO;Dominican Republic;1;661176;0;4384;0.6630609701501566
2023-10-08;DO;Dominican Republic;1;661177;0;4384;0.6630599673007379
2023-10-15;DO;Dominican Republic;0;661177;0;4384;0.6630599673007379
2023-10-22;DO;Dominican Republic;0;661177;0;4384;0.6630599673007379
2023-10-29;DO;Dominican Republic;0;661177;0;4384;0.6630599673007379
2023-11-05;DO;Dominican Republic;1;661178;0;4384;0.6630589644543528
2023-11-12;DO;Dominican Republic;0;661178;0;4384;0.6630589644543528
2023-11-19;DO;Dominican Republic;1;661179;0;4384;0.663057961611001
2023-11-26;DO;Dominican Republic;1;661180;0;4384;0.6630569587706827
2023-12-03;DO;Dominican Republic;0;661180;0;4384;0.6630569587706827
2023-12-10;DO;Dominican Republic;0;661180;0;4384;0.6630569587706827
2023-12-17;DO;Dominican Republic;0;661180;0;4384;0.6630569587706827
2023-12-24;DO;Dominican Republic;0;661180;0;4384;0.6630569587706827
2023-12-31;DO;Dominican Republic;0;661180;0;4384;0.6630569587706827
2024-01-07;DO;Dominican Republic;1;661181;0;4384;0.663055955933398
2024-01-14;DO;Dominican Republic;0;661181;0;4384;0.663055955933398
2024-01-21;DO;Dominican Republic;0;661181;0;4384;0.663055955933398
2020-01-05;EC;Ecuador;0;0;0;0;0.0
2020-01-12;EC;Ecuador;0;0;0;0;0.0
2020-01-19;EC;Ecuador;0;0;0;0;0.0
2020-01-26;EC;Ecuador;0;0;0;0;0.0
2020-02-02;EC;Ecuador;0;0;0;0;0.0
2020-02-09;EC;Ecuador;0;0;0;0;0.0
2020-02-16;EC;Ecuador;0;0;0;0;0.0
2020-02-23;EC;Ecuador;0;0;0;0;0.0
2020-03-01;EC;Ecuador;0;0;0;0;0.0
2020-03-08;EC;Ecuador;13;13;0;0;0.0
2020-03-15;EC;Ecuador;10;23;0;0;0.0
2020-03-22;EC;Ecuador;483;506;7;7;1.383399209486166
2020-03-29;EC;Ecuador;1317;1823;41;48;2.633022490400439
2020-04-05;EC;Ecuador;1642;3465;124;172;4.963924963924964
2020-04-12;EC;Ecuador;3792;7257;143;315;4.34063662670525
2020-04-19;EC;Ecuador;1765;9022;141;456;5.054311682553758
2020-04-26;EC;Ecuador;13697;22719;120;576;2.5353228575201374
2020-05-03;EC;Ecuador;4745;27464;795;1371;4.991989513545005
2020-05-10;EC;Ecuador;1607;29071;346;1717;5.906229575865983
2020-05-17;EC;Ecuador;2396;31467;877;2594;8.243556741983666
2020-05-24;EC;Ecuador;4791;36258;502;3096;8.5388052291908
2020-05-31;EC;Ecuador;2585;38843;250;3346;8.614164714362948
2020-06-07;EC;Ecuador;3885;42728;262;3608;8.444111589589964
2020-06-14;EC;Ecuador;3628;46356;266;3874;8.35706273190094
2020-06-21;EC;Ecuador;3827;50183;325;4199;8.367375406013988
2020-06-28;EC;Ecuador;4391;54574;225;4424;8.106424304613919
2020-07-05;EC;Ecuador;6961;61535;345;4769;7.750060940927927
2020-07-12;EC;Ecuador;5674;67209;262;5031;7.485604606525912
2020-07-19;EC;Ecuador;6173;73382;251;5282;7.197950451064293
2020-07-26;EC;Ecuador;6654;80036;225;5507;6.880653705832375
2020-08-02;EC;Ecuador;6196;86232;229;5736;6.65182298914556
2020-08-09;EC;Ecuador;7340;93572;180;5916;6.322404137989997
2020-08-16;EC;Ecuador;7116;100688;149;6065;6.023557921500079
2020-08-23;EC;Ecuador;6401;107089;212;6277;5.861479703797776
2020-08-30;EC;Ecuador;5817;112906;260;6537;5.789772022744584
2020-09-06;EC;Ecuador;5139;118045;187;6724;5.696132830700157
2020-09-13;EC;Ecuador;-1594;116451;4140;10864;9.329245777193842
2020-09-20;EC;Ecuador;9169;125620;225;11089;8.827416016557873
2020-09-27;EC;Ecuador;8361;133981;184;11273;8.413879579940438
2020-10-04;EC;Ecuador;6370;140351;324;11597;8.262855270001639
2020-10-11;EC;Ecuador;6477;146828;591;12188;8.300869044051543
2020-10-18;EC;Ecuador;5594;152422;187;12375;8.118906719502434
2020-10-25;EC;Ecuador;7192;159614;167;12542;7.857706717455862
2020-11-01;EC;Ecuador;8578;168192;128;12670;7.533057458143075
2020-11-08;EC;Ecuador;5294;173486;145;12815;7.386763197030308
2020-11-15;EC;Ecuador;6141;179627;182;12997;7.235549221442211
2020-11-22;EC;Ecuador;5249;184876;142;13139;7.106925723187434
2020-11-29;EC;Ecuador;6033;190909;232;13371;7.003860478028799
2020-12-06;EC;Ecuador;6482;197391;385;13756;6.968909423428626
2020-12-13;EC;Ecuador;4133;201524;118;13874;6.884539806673152
2020-12-20;EC;Ecuador;4396;205920;74;13948;6.773504273504273
2020-12-27;EC;Ecuador;3354;209274;42;13990;6.685015816584955
2021-01-03;EC;Ecuador;5239;214513;69;14059;6.553915147333727
2021-01-10;EC;Ecuador;5836;220349;118;14177;6.433884428792506
2021-01-17;EC;Ecuador;10459;230808;139;14316;6.202557970260996
2021-01-24;EC;Ecuador;7424;238232;280;14596;6.126800765640216
2021-01-31;EC;Ecuador;11547;249779;255;14851;5.945655959868524
2021-02-07;EC;Ecuador;7336;257115;153;15004;5.835521070338175
2021-02-14;EC;Ecuador;8412;265527;265;15269;5.750450989918162
2021-02-21;EC;Ecuador;7570;273097;244;15513;5.680399272053519
2021-02-28;EC;Ecuador;9502;282599;200;15713;5.560175372170461
2021-03-07;EC;Ecuador;10344;292943;307;16020;5.4686406570561505
2021-03-14;EC;Ecuador;7723;300666;195;16215;5.393027478996627
2021-03-21;EC;Ecuador;10202;310868;220;16435;5.286809835685886
2021-03-28;EC;Ecuador;11831;322699;244;16679;5.168593642992386
2021-04-04;EC;Ecuador;10476;333175;250;16929;5.08111352892624
2021-04-11;EC;Ecuador;11702;344877;346;17275;5.0090322056849255
2021-04-18;EC;Ecuador;13280;358157;366;17641;4.925493568462993
2021-04-25;EC;Ecuador;14597;372754;517;18158;4.871309228069987
2021-05-02;EC;Ecuador;11835;384589;566;18724;4.868573984175314
2021-05-09;EC;Ecuador;14332;398921;413;19137;4.7971904211610825
2021-05-16;EC;Ecuador;10599;409520;555;19692;4.808556358663801
2021-05-23;EC;Ecuador;8320;417840;488;20180;4.829599846831323
2021-05-30;EC;Ecuador;6901;424741;305;20485;4.822939155862043
2021-06-06;EC;Ecuador;6688;431429;288;20773;4.814928991792392
2021-06-13;EC;Ecuador;6679;438108;245;21018;4.797447204798817
2021-06-20;EC;Ecuador;7478;445586;266;21284;4.776631222704483
2021-06-27;EC;Ecuador;7776;453362;201;21485;4.739038560796891
2021-07-04;EC;Ecuador;8780;462142;175;21660;4.686871134846
2021-07-11;EC;Ecuador;5834;467976;154;21814;4.6613501547087886
2021-07-18;EC;Ecuador;7239;475215;119;21933;4.615384615384616
2021-07-25;EC;Ecuador;5505;480720;8864;30797;6.406432018638708
2021-08-01;EC;Ecuador;6652;487372;834;31631;6.490114327454183
2021-08-08;EC;Ecuador;4459;491831;157;31788;6.463195691202872
2021-08-15;EC;Ecuador;2988;494819;166;31954;6.457714841184352
2021-08-22;EC;Ecuador;3795;498614;131;32085;6.434837369187388
2021-08-29;EC;Ecuador;2435;501049;138;32223;6.431107536388657
2021-09-05;EC;Ecuador;2465;503514;111;32334;6.421668513685816
2021-09-12;EC;Ecuador;1561;505075;31;32365;6.407959213978122
2021-09-19;EC;Ecuador;1464;506539;269;32634;6.442544404280816
2021-09-26;EC;Ecuador;1533;508072;98;32732;6.442393991402794
2021-10-03;EC;Ecuador;2547;510619;59;32791;6.421813524369442
2021-10-10;EC;Ecuador;1279;511898;56;32847;6.416708016050072
2021-10-17;EC;Ecuador;1404;513302;79;32926;6.414547381463544
2021-10-24;EC;Ecuador;2009;515311;22;32948;6.393808787314844
2021-10-31;EC;Ecuador;1620;516931;30;32978;6.379574836873781
2021-11-07;EC;Ecuador;2044;518975;10;32988;6.356375547955103
2021-11-14;EC;Ecuador;2304;521279;82;33070;6.344011556191598
2021-11-21;EC;Ecuador;2568;523847;51;33121;6.322647643300429
2021-11-28;EC;Ecuador;2290;526137;64;33185;6.3072925872919035
2021-12-05;EC;Ecuador;2453;528590;262;33447;6.32758849013413
2021-12-12;EC;Ecuador;3840;532430;101;33548;6.300922186954154
2021-12-19;EC;Ecuador;3699;536129;45;33593;6.265842735610273
2021-12-26;EC;Ecuador;5239;541368;54;33647;6.215180801229478
2022-01-02;EC;Ecuador;8050;549418;34;33681;6.130305159277635
2022-01-09;EC;Ecuador;11867;561285;21;33702;6.0044362489644305
2022-01-16;EC;Ecuador;41657;602942;504;34206;5.673182495165372
2022-01-23;EC;Ecuador;61722;664664;81;34287;5.158546273004104
2022-01-30;EC;Ecuador;52421;717085;202;34489;4.809611133965987
2022-02-06;EC;Ecuador;44236;761321;227;34716;4.559968791088122
2022-02-13;EC;Ecuador;32499;793820;290;35006;4.409815827265627
2022-02-20;EC;Ecuador;21752;815572;137;35143;4.3090003089855955
2022-02-27;EC;Ecuador;14240;829812;93;35236;4.246263008970707
2022-03-06;EC;Ecuador;8708;838520;72;35308;4.210752277822831
2022-03-13;EC;Ecuador;9950;848470;32;35340;4.1651443185970045
2022-03-20;EC;Ecuador;4941;853411;53;35393;4.147239723884506
2022-03-27;EC;Ecuador;3888;857299;25;35418;4.131347406214168
2022-04-03;EC;Ecuador;4454;861753;26;35444;4.113011500975337
2022-04-10;EC;Ecuador;2324;864077;23;35467;4.104611047395082
2022-04-17;EC;Ecuador;2643;866720;60;35527;4.099016983570242
2022-04-24;EC;Ecuador;1333;868053;54;35581;4.098943267288979
2022-05-01;EC;Ecuador;1396;869449;13;35594;4.093857144007297
2022-05-08;EC;Ecuador;1340;870789;5;35599;4.088131568037722
2022-05-15;EC;Ecuador;1210;871999;7;35606;4.083261563373353
2022-05-22;EC;Ecuador;1610;873609;7;35613;4.076537673032215
2022-05-29;EC;Ecuador;2400;876009;9;35622;4.066396578117349
2022-06-05;EC;Ecuador;7215;883224;27;35649;4.036235428385098
2022-06-12;EC;Ecuador;5224;888448;7;35656;4.013290592133698
2022-06-19;EC;Ecuador;6610;895058;28;35684;3.9867807449349653
2022-06-26;EC;Ecuador;8004;903062;26;35710;3.954324287811911
2022-07-03;EC;Ecuador;8120;911182;31;35741;3.9224874942656904
2022-07-10;EC;Ecuador;7297;918479;8;35749;3.892195684386905
2022-07-17;EC;Ecuador;11636;930115;20;35769;3.8456534944603624
2022-07-24;EC;Ecuador;16372;946487;17;35786;3.7809288452984564
2022-07-31;EC;Ecuador;17181;963668;15;35801;3.7150761465566977
2022-08-07;EC;Ecuador;15634;979302;10;35811;3.656788202209329
2022-08-14;EC;Ecuador;3624;982926;0;35811;3.643305803285293
2022-08-21;EC;Ecuador;4644;987570;1;35812;3.626274593193394
2022-08-28;EC;Ecuador;6288;993858;18;35830;3.60514278699774
2022-09-04;EC;Ecuador;2927;996785;30;35860;3.5975661752534394
2022-09-11;EC;Ecuador;1417;998202;16;35876;3.59406212369841
2022-09-18;EC;Ecuador;2996;1001198;9;35885;3.5842061210669613
2022-09-25;EC;Ecuador;1852;1003050;5;35890;3.578086835152784
2022-10-02;EC;Ecuador;1665;1004715;1;35891;3.5722568091448816
2022-10-09;EC;Ecuador;1543;1006258;1;35892;3.566878474506538
2022-10-16;EC;Ecuador;664;1006922;2;35894;3.564724973731828
2022-10-23;EC;Ecuador;631;1007553;3;35897;3.5627902452774194
2022-10-30;EC;Ecuador;482;1008035;1;35898;3.5611858715223184
2022-11-06;EC;Ecuador;910;1008945;2;35900;3.5581721501172017
2022-11-13;EC;Ecuador;760;1009705;1;35901;3.5555929702239766
2022-11-20;EC;Ecuador;2179;1011884;3;35904;3.548232801388301
2022-11-27;EC;Ecuador;2607;1014491;1;35905;3.5392132606400653
2022-12-04;EC;Ecuador;3688;1018179;2;35907;3.526590118240506
2022-12-11;EC;Ecuador;9243;1027422;12;35919;3.4960318155538816
2022-12-18;EC;Ecuador;7818;1035240;10;35929;3.4705961902554
2022-12-25;EC;Ecuador;5223;1040463;5;35934;3.453654767156545
2023-01-01;EC;Ecuador;4286;1044749;14;35948;3.4408264568810307
2023-01-08;EC;Ecuador;2723;1047472;22;35970;3.4339820062015978
2023-01-15;EC;Ecuador;3410;1050882;21;35991;3.424837422279571
2023-01-22;EC;Ecuador;2723;1053605;7;35998;3.416650452494056
2023-01-29;EC;Ecuador;1419;1055024;7;36005;3.4127185732267704
2023-02-05;EC;Ecuador;898;1055922;1;36006;3.4099109593322234
2023-02-12;EC;Ecuador;530;1056452;4;36010;3.4085789037268137
2023-02-19;EC;Ecuador;385;1056837;3;36013;3.407621042790894
2023-02-26;EC;Ecuador;284;1057121;1;36014;3.4068001676250876
2023-03-05;EC;Ecuador;487;1057608;1;36015;3.405325980892732
2023-03-12;EC;Ecuador;396;1058004;1;36016;3.4041459200532325
2023-03-19;EC;Ecuador;487;1058491;1;36017;3.402674184286876
2023-03-26;EC;Ecuador;518;1059009;0;36017;3.401009812003486
2023-04-02;EC;Ecuador;520;1059529;0;36017;3.3993406504210837
2023-04-09;EC;Ecuador;0;1059529;0;36017;3.3993406504210837
2023-04-16;EC;Ecuador;998;1060527;1;36018;3.396236022279489
2023-04-23;EC;Ecuador;573;1061100;1;36019;3.3944962774479315
2023-04-30;EC;Ecuador;666;1061766;0;36019;3.3923670563947232
2023-05-07;EC;Ecuador;0;1061766;0;36019;3.3923670563947232
2023-05-14;EC;Ecuador;509;1062275;0;36019;3.3907415688028055
2023-05-21;EC;Ecuador;0;1062275;0;36019;3.3907415688028055
2023-05-28;EC;Ecuador;0;1062275;0;36019;3.3907415688028055
2023-06-04;EC;Ecuador;0;1062275;0;36019;3.3907415688028055
2023-06-11;EC;Ecuador;0;1062275;0;36019;3.3907415688028055
2023-06-18;EC;Ecuador;0;1062275;0;36019;3.3907415688028055
2023-06-25;EC;Ecuador;0;1062275;0;36019;3.3907415688028055
2023-07-02;EC;Ecuador;0;1062275;0;36019;3.3907415688028055
2023-07-09;EC;Ecuador;0;1062275;0;36019;3.3907415688028055
2023-07-16;EC;Ecuador;0;1062275;0;36019;3.3907415688028055
2023-07-23;EC;Ecuador;0;1062275;0;36019;3.3907415688028055
2023-07-30;EC;Ecuador;0;1062275;0;36019;3.3907415688028055
2023-08-06;EC;Ecuador;0;1062275;0;36019;3.3907415688028055
2023-08-13;EC;Ecuador;0;1062275;0;36019;3.3907415688028055
2023-08-20;EC;Ecuador;0;1062275;0;36019;3.3907415688028055
2023-08-27;EC;Ecuador;0;1062275;0;36019;3.3907415688028055
2023-09-03;EC;Ecuador;0;1062275;0;36019;3.3907415688028055
2023-09-10;EC;Ecuador;0;1062275;0;36019;3.3907415688028055
2023-09-17;EC;Ecuador;0;1062275;0;36019;3.3907415688028055
2023-09-24;EC;Ecuador;0;1062275;0;36019;3.3907415688028055
2023-10-01;EC;Ecuador;0;1062275;0;36019;3.3907415688028055
2023-10-08;EC;Ecuador;0;1062275;0;36019;3.3907415688028055
2023-10-15;EC;Ecuador;188;1062463;0;36019;3.3901415861069983
2023-10-22;EC;Ecuador;122;1062585;0;36019;3.389752349223827
2023-10-29;EC;Ecuador;171;1062756;0;36019;3.3892069299067704
2023-11-05;EC;Ecuador;140;1062896;0;36019;3.38876051843266
2023-11-12;EC;Ecuador;209;1063105;1;36020;3.388188372738347
2023-11-19;EC;Ecuador;357;1063462;0;36020;3.3870509712617847
2023-11-26;EC;Ecuador;495;1063957;1;36021;3.385569153640608
2023-12-03;EC;Ecuador;1027;1064984;1;36022;3.3823982332128932
2023-12-10;EC;Ecuador;918;1065902;1;36023;3.379578985685363
2023-12-17;EC;Ecuador;808;1066710;1;36024;3.377112804792305
2023-12-24;EC;Ecuador;932;1067642;0;36024;3.3741647481084485
2023-12-31;EC;Ecuador;757;1068399;0;36024;3.371774028242258
2024-01-07;EC;Ecuador;734;1069133;0;36024;3.369459178605468
2024-01-14;EC;Ecuador;1055;1070188;5;36029;3.366604746081997
2024-01-21;EC;Ecuador;0;1070188;0;36029;3.366604746081997
2020-01-05;EG;Egypt;0;0;0;0;0.0
2020-01-12;EG;Egypt;0;0;0;0;0.0
2020-01-19;EG;Egypt;0;0;0;0;0.0
2020-01-26;EG;Egypt;0;0;0;0;0.0
2020-02-02;EG;Egypt;0;0;0;0;0.0
2020-02-09;EG;Egypt;0;0;0;0;0.0
2020-02-16;EG;Egypt;1;1;0;0;0.0
2020-02-23;EG;Egypt;0;1;0;0;0.0
2020-03-01;EG;Egypt;0;1;0;0;0.0
2020-03-08;EG;Egypt;47;48;0;0;0.0
2020-03-15;EG;Egypt;62;110;2;2;1.8181818181818181
2020-03-22;EG;Egypt;184;294;8;10;3.4013605442176873
2020-03-29;EG;Egypt;282;576;26;36;6.25
2020-04-05;EG;Egypt;494;1070;35;71;6.635514018691589
2020-04-12;EG;Egypt;869;1939;75;146;7.529654461062403
2020-04-19;EG;Egypt;1093;3032;78;224;7.387862796833773
2020-04-26;EG;Egypt;1287;4319;83;307;7.108126881222505
2020-05-03;EG;Egypt;1874;6193;108;415;6.701114161149685
2020-05-10;EG;Egypt;2771;8964;99;514;5.734047300312361
2020-05-17;EG;Egypt;2755;11719;98;612;5.222288591176722
2020-05-24;EG;Egypt;4794;16513;123;735;4.451038575667656
2020-05-31;EG;Egypt;6936;23449;178;913;3.8935562284105933
2020-06-07;EG;Egypt;9163;32612;285;1198;3.6734944192321843
2020-06-14;EG;Egypt;10368;42980;286;1484;3.452768729641694
2020-06-21;EG;Egypt;10778;53758;622;2106;3.91755645671342
2020-06-28;EG;Egypt;10165;63923;602;2708;4.236346854809693
2020-07-05;EG;Egypt;10112;74035;572;3280;4.430337002768961
2020-07-12;EG;Egypt;7123;81158;489;3769;4.644027699056162
2020-07-19;EG;Egypt;6014;87172;482;4251;4.876565869774698
2020-07-26;EG;Egypt;4411;91583;307;4558;4.976906194381053
2020-08-02;EG;Egypt;2733;94316;276;4834;5.125323380974596
2020-08-09;EG;Egypt;998;95314;158;4992;5.2374257716599875
2020-08-16;EG;Egypt;1022;96336;149;5141;5.336530476665006
2020-08-23;EG;Egypt;901;97237;102;5243;5.391980418976316
2020-08-30;EG;Egypt;1260;98497;133;5376;5.458034254850402
2020-09-06;EG;Egypt;1215;99712;135;5511;5.526917522464698
2020-09-13;EG;Egypt;1144;100856;116;5627;5.579241691123979
2020-09-20;EG;Egypt;1044;101900;123;5750;5.642787046123651
2020-09-27;EG;Egypt;836;102736;119;5869;5.712700513938638
2020-10-04;EG;Egypt;839;103575;101;5970;5.763939174511224
2020-10-11;EG;Egypt;812;104387;70;6040;5.786161112015864
2020-10-18;EG;Egypt;910;105297;69;6109;5.8016847583501905
2020-10-25;EG;Egypt;1100;106397;78;6187;5.815013581209996
2020-11-01;EG;Egypt;1158;107555;79;6266;5.825856538515178
2020-11-08;EG;Egypt;1407;108962;89;6355;5.832308511224096
2020-11-15;EG;Egypt;1585;110547;87;6442;5.827385636878432
2020-11-22;EG;Egypt;2129;112676;93;6535;5.7998153999077
2020-11-29;EG;Egypt;2507;115183;86;6621;5.748244098521483
2020-12-06;EG;Egypt;2831;118014;129;6750;5.719660379277035
2020-12-13;EG;Egypt;3075;121089;148;6898;5.696636358381026
2020-12-20;EG;Egypt;3802;124891;171;7069;5.660135638276577
2020-12-27;EG;Egypt;6424;131315;283;7352;5.5987510946959596
2021-01-03;EG;Egypt;9563;140878;389;7741;5.494825309842559
2021-01-10;EG;Egypt;7921;148799;401;8142;5.4718109664715495
2021-01-17;EG;Egypt;6708;155507;385;8527;5.4833544470666915
2021-01-24;EG;Egypt;5636;161143;375;8902;5.524285882725281
2021-01-31;EG;Egypt;4275;165418;361;9263;5.599753352114038
2021-02-07;EG;Egypt;3688;169106;341;9604;5.679278085934266
2021-02-14;EG;Egypt;4096;173202;331;9935;5.7360769506125795
2021-02-21;EG;Egypt;4341;177543;363;10298;5.800285001379947
2021-02-28;EG;Egypt;4286;181829;341;10639;5.851101859439364
2021-03-07;EG;Egypt;4093;185922;315;10954;5.891718032293112
2021-03-14;EG;Egypt;4358;190280;302;11256;5.915492957746479
2021-03-21;EG;Egypt;4491;194771;301;11557;5.933634884043312
2021-03-28;EG;Egypt;4593;199364;288;11845;5.941393631748962
2021-04-04;EG;Egypt;4892;204256;278;12123;5.935198966003447
2021-04-11;EG;Egypt;5421;209677;282;12405;5.916242601715973
2021-04-18;EG;Egypt;5807;215484;289;12694;5.890924616212804
2021-04-25;EG;Egypt;6086;221570;304;12998;5.866317642280093
2021-05-02;EG;Egypt;7014;228584;404;13402;5.863052532110734
2021-05-09;EG;Egypt;7688;236272;443;13845;5.859771788447214
2021-05-16;EG;Egypt;8248;244520;424;14269;5.8355144773433665
2021-05-23;EG;Egypt;8170;252690;401;14670;5.8055324706161695
2021-05-30;EG;Egypt;7969;260659;331;15001;5.755028600585439
2021-06-06;EG;Egypt;6512;267171;308;15309;5.730038065508607
2021-06-13;EG;Egypt;5320;272491;273;15582;5.7183540006825915
2021-06-20;EG;Egypt;4265;276756;247;15829;5.719478529824105
2021-06-27;EG;Egypt;3249;280005;233;16062;5.736326137033267
2021-07-04;EG;Egypt;1898;281903;180;16242;5.76155627999702
2021-07-11;EG;Egypt;1082;282985;141;16383;5.789352792550842
2021-07-18;EG;Egypt;651;283636;56;16439;5.795808712575273
2021-07-25;EG;Egypt;349;283985;42;16481;5.803475535679701
2021-08-01;EG;Egypt;277;284262;43;16524;5.812947210671845
2021-08-08;EG;Egypt;379;284641;42;16566;5.819962689844401
2021-08-15;EG;Egypt;616;285257;49;16615;5.824572227850675
2021-08-22;EG;Egypt;911;286168;48;16663;5.822803388219508
2021-08-29;EG;Egypt;1476;287644;51;16714;5.810654837229353
2021-09-05;EG;Egypt;2040;289684;62;16776;5.7911379296060534
2021-09-12;EG;Egypt;2792;292476;84;16860;5.764575554917326
2021-09-19;EG;Egypt;3800;296276;91;16951;5.721354412777275
2021-09-26;EG;Egypt;4669;300945;198;17149;5.698383425542873
2021-10-03;EG;Egypt;5085;306030;250;17399;5.685390321210339
2021-10-10;EG;Egypt;5546;311576;259;17658;5.667317123270085
2021-10-17;EG;Egypt;6009;317585;268;17926;5.644473133176945
2021-10-24;EG;Egypt;6148;323733;316;18242;5.634890480735668
2021-10-31;EG;Egypt;6351;330084;350;18592;5.63250566522461
2021-11-07;EG;Egypt;6498;336582;419;19011;5.64825213469526
2021-11-14;EG;Egypt;6444;343026;424;19435;5.665751284159218
2021-11-21;EG;Egypt;6487;349513;437;19872;5.6856254273803835
2021-11-28;EG;Egypt;6254;355767;433;20305;5.707387138211245
2021-12-05;EG;Egypt;6493;362260;377;20682;5.709159167448793
2021-12-12;EG;Egypt;6075;368335;333;21015;5.705404047945485
2021-12-19;EG;Egypt;6076;374411;300;21315;5.692941713785118
2021-12-26;EG;Egypt;6109;380520;256;21571;5.6688216125302215
2022-01-02;EG;Egypt;5838;386358;197;21768;5.63415278058174
2022-01-09;EG;Egypt;5587;391945;170;21938;5.59721389480667
2022-01-16;EG;Egypt;6934;398879;185;22123;5.546293487498715
2022-01-23;EG;Egypt;9616;408495;207;22330;5.466407177566433
2022-01-30;EG;Egypt;12983;421478;236;22566;5.354016105229692
2022-02-06;EG;Egypt;15872;437350;311;22877;5.230821996112954
2022-02-13;EG;Egypt;15471;452821;415;23292;5.1437543753492
2022-02-20;EG;Egypt;14627;467448;402;23694;5.0687990963700775
2022-02-27;EG;Egypt;13279;480727;298;23992;4.990774389622384
2022-03-06;EG;Egypt;9149;489876;180;24172;4.934309906996873
2022-03-13;EG;Egypt;5497;495373;105;24277;4.900751554888942
2022-03-20;EG;Egypt;5516;500889;84;24361;4.863552603471029
2022-03-27;EG;Egypt;4375;505264;56;24417;4.832523195794674
2022-04-03;EG;Egypt;3913;509177;56;24473;4.806383634767478
2022-04-10;EG;Egypt;2800;511977;49;24522;4.78966828588003
2022-04-17;EG;Egypt;868;512845;42;24564;4.789751289375932
2022-04-24;EG;Egypt;623;513468;42;24606;4.792119469957232
2022-05-01;EG;Egypt;322;513790;35;24641;4.795928297553475
2022-05-08;EG;Egypt;56;513846;28;24669;4.80085473079483
2022-05-15;EG;Egypt;35;513881;21;24690;4.804614297862734
2022-05-22;EG;Egypt;35;513916;14;24704;4.80701126254096
2022-05-29;EG;Egypt;28;513944;14;24718;4.809473405662874
2022-06-05;EG;Egypt;31;513975;1;24719;4.809377888029574
2022-06-12;EG;Egypt;33;514008;1;24720;4.809263669047953
2022-06-19;EG;Egypt;39;514047;2;24722;4.80928786667367
2022-06-26;EG;Egypt;41;514088;1;24723;4.809098831328488
2022-07-03;EG;Egypt;45;514133;1;24724;4.808872412391346
2022-07-10;EG;Egypt;49;514182;1;24725;4.80860862496159
2022-07-17;EG;Egypt;231;514413;25;24750;4.811309200972759
2022-07-24;EG;Egypt;246;514659;15;24765;4.81192401182142
2022-07-31;EG;Egypt;232;514891;10;24775;4.81169800987005
2022-08-07;EG;Egypt;191;515082;6;24781;4.811078624374372
2022-08-14;EG;Egypt;116;515198;5;24786;4.810965881078731
2022-08-21;EG;Egypt;66;515264;5;24791;4.811320022357471
2022-08-28;EG;Egypt;44;515308;3;24794;4.811491379912596
2022-09-04;EG;Egypt;27;515335;2;24796;4.811627388009741
2022-09-11;EG;Egypt;13;515348;0;24796;4.8115060114718595
2022-09-18;EG;Egypt;13;515361;1;24797;4.811578679799209
2022-09-25;EG;Egypt;10;515371;0;24797;4.811485318343484
2022-10-02;EG;Egypt;10;515381;0;24797;4.811391960510767
2022-10-09;EG;Egypt;7;515388;0;24797;4.811326612183443
2022-10-16;EG;Egypt;9;515397;1;24798;4.8114366207021
2022-10-23;EG;Egypt;4;515401;0;24798;4.811399279396043
2022-10-30;EG;Egypt;5;515406;0;24798;4.811352603578538
2022-11-06;EG;Egypt;6;515412;0;24798;4.811296593792927
2022-11-13;EG;Egypt;8;515420;0;24798;4.811221916107252
2022-11-20;EG;Egypt;11;515431;0;24798;4.811119238074543
2022-11-27;EG;Egypt;11;515442;0;24798;4.811016564424319
2022-12-04;EG;Egypt;14;515456;1;24799;4.811079898187236
2022-12-11;EG;Egypt;19;515475;1;24800;4.81109656142393
2022-12-18;EG;Egypt;18;515493;1;24801;4.811122556465365
2022-12-25;EG;Egypt;21;515514;1;24802;4.811120551527213
2023-01-01;EG;Egypt;19;515533;0;24802;4.810943237387325
2023-01-08;EG;Egypt;23;515556;1;24803;4.810922576790881
2023-01-15;EG;Egypt;24;515580;2;24805;4.811086543310447
2023-01-22;EG;Egypt;29;515609;0;24805;4.810815947743348
2023-01-29;EG;Egypt;26;515635;1;24806;4.810767306331028
2023-02-05;EG;Egypt;31;515666;1;24807;4.810672024139656
2023-02-12;EG;Egypt;32;515698;2;24809;4.810761337061614
2023-02-19;EG;Egypt;31;515729;1;24810;4.8106660668684516
2023-02-26;EG;Egypt;30;515759;2;24812;4.810774024302048
2023-03-05;EG;Egypt;33;515792;3;24815;4.811047864255358
2023-03-12;EG;Egypt;31;515823;2;24817;4.811146459153624
2023-03-19;EG;Egypt;29;515852;2;24819;4.811263695788714
2023-03-26;EG;Egypt;30;515882;2;24821;4.81137159272857
2023-04-02;EG;Egypt;31;515913;2;24823;4.811470150975068
2023-04-09;EG;Egypt;29;515942;1;24824;4.811393528729973
2023-04-16;EG;Egypt;28;515970;2;24826;4.811520049615288
2023-04-23;EG;Egypt;26;515996;2;24828;4.811665206707029
2023-04-30;EG;Egypt;27;516023;2;24830;4.8118010243729445
2023-05-07;EG;Egypt;0;516023;0;24830;4.8118010243729445
2023-05-14;EG;Egypt;0;516023;0;24830;4.8118010243729445
2023-05-21;EG;Egypt;0;516023;0;24830;4.8118010243729445
2023-05-28;EG;Egypt;0;516023;0;24830;4.8118010243729445
2023-06-04;EG;Egypt;0;516023;0;24830;4.8118010243729445
2023-06-11;EG;Egypt;0;516023;0;24830;4.8118010243729445
2023-06-18;EG;Egypt;0;516023;0;24830;4.8118010243729445
2023-06-25;EG;Egypt;0;516023;0;24830;4.8118010243729445
2023-07-02;EG;Egypt;0;516023;0;24830;4.8118010243729445
2023-07-09;EG;Egypt;0;516023;0;24830;4.8118010243729445
2023-07-16;EG;Egypt;0;516023;0;24830;4.8118010243729445
2023-07-23;EG;Egypt;0;516023;0;24830;4.8118010243729445
2023-07-30;EG;Egypt;0;516023;0;24830;4.8118010243729445
2023-08-06;EG;Egypt;0;516023;0;24830;4.8118010243729445
2023-08-13;EG;Egypt;0;516023;0;24830;4.8118010243729445
2023-08-20;EG;Egypt;0;516023;0;24830;4.8118010243729445
2023-08-27;EG;Egypt;0;516023;0;24830;4.8118010243729445
2023-09-03;EG;Egypt;0;516023;0;24830;4.8118010243729445
2023-09-10;EG;Egypt;0;516023;0;24830;4.8118010243729445
2023-09-17;EG;Egypt;0;516023;0;24830;4.8118010243729445
2023-09-24;EG;Egypt;0;516023;0;24830;4.8118010243729445
2023-10-01;EG;Egypt;0;516023;0;24830;4.8118010243729445
2023-10-08;EG;Egypt;0;516023;0;24830;4.8118010243729445
2023-10-15;EG;Egypt;0;516023;0;24830;4.8118010243729445
2023-10-22;EG;Egypt;0;516023;0;24830;4.8118010243729445
2023-10-29;EG;Egypt;0;516023;0;24830;4.8118010243729445
2023-11-05;EG;Egypt;0;516023;0;24830;4.8118010243729445
2023-11-12;EG;Egypt;0;516023;0;24830;4.8118010243729445
2023-11-19;EG;Egypt;0;516023;0;24830;4.8118010243729445
2023-11-26;EG;Egypt;0;516023;0;24830;4.8118010243729445
2023-12-03;EG;Egypt;0;516023;0;24830;4.8118010243729445
2023-12-10;EG;Egypt;0;516023;0;24830;4.8118010243729445
2023-12-17;EG;Egypt;0;516023;0;24830;4.8118010243729445
2023-12-24;EG;Egypt;0;516023;0;24830;4.8118010243729445
2023-12-31;EG;Egypt;0;516023;0;24830;4.8118010243729445
2024-01-07;EG;Egypt;0;516023;0;24830;4.8118010243729445
2024-01-14;EG;Egypt;0;516023;0;24830;4.8118010243729445
2024-01-21;EG;Egypt;0;516023;0;24830;4.8118010243729445
2020-01-05;SV;El Salvador;0;0;0;0;0.0
2020-01-12;SV;El Salvador;0;0;0;0;0.0
2020-01-19;SV;El Salvador;0;0;0;0;0.0
2020-01-26;SV;El Salvador;0;0;0;0;0.0
2020-02-02;SV;El Salvador;0;0;0;0;0.0
2020-02-09;SV;El Salvador;0;0;0;0;0.0
2020-02-16;SV;El Salvador;0;0;0;0;0.0
2020-02-23;SV;El Salvador;0;0;0;0;0.0
2020-03-01;SV;El Salvador;0;0;0;0;0.0
2020-03-08;SV;El Salvador;0;0;0;0;0.0
2020-03-15;SV;El Salvador;0;0;0;0;0.0
2020-03-22;SV;El Salvador;1;1;0;0;0.0
2020-03-29;SV;El Salvador;18;19;0;0;0.0
2020-04-05;SV;El Salvador;37;56;3;3;5.357142857142857
2020-04-12;SV;El Salvador;62;118;3;6;5.084745762711865
2020-04-19;SV;El Salvador;72;190;1;7;3.684210526315789
2020-04-26;SV;El Salvador;84;274;1;8;2.9197080291970803
2020-05-03;SV;El Salvador;172;446;2;10;2.242152466367713
2020-05-10;SV;El Salvador;338;784;6;16;2.0408163265306123
2020-05-17;SV;El Salvador;481;1265;9;25;1.9762845849802373
2020-05-24;SV;El Salvador;554;1819;8;33;1.8141836173721826
2020-05-31;SV;El Salvador;576;2395;11;44;1.837160751565762
2020-06-07;SV;El Salvador;539;2934;9;53;1.8064076346284936
2020-06-14;SV;El Salvador;669;3603;19;72;1.9983347210657785
2020-06-21;SV;El Salvador;872;4475;21;93;2.0782122905027935
2020-06-28;SV;El Salvador;1252;5727;50;143;2.49694429893487
2020-07-05;SV;El Salvador;1780;7507;67;210;2.797389103503397
2020-07-12;SV;El Salvador;1884;9391;44;254;2.7047172825045256
2020-07-19;SV;El Salvador;2117;11508;70;324;2.815432742440042
2020-07-26;SV;El Salvador;2713;14221;66;390;2.742423176991773
2020-08-02;SV;El Salvador;2829;17050;69;459;2.69208211143695
2020-08-09;SV;El Salvador;2928;19978;77;536;2.682951246371008
2020-08-16;SV;El Salvador;2641;22619;67;603;2.665900349263893
2020-08-23;SV;El Salvador;1801;24420;51;654;2.678132678132678
2020-08-30;SV;El Salvador;1117;25537;54;708;2.772447820809022
2020-09-06;SV;El Salvador;669;26206;44;752;2.869571853773945
2020-09-13;SV;El Salvador;645;26851;30;782;2.9123682544411755
2020-09-20;SV;El Salvador;577;27428;26;808;2.945894706139711
2020-09-27;SV;El Salvador;987;28415;18;826;2.9069153616047863
2020-10-04;SV;El Salvador;943;29358;31;857;2.919136180938756
2020-10-11;SV;El Salvador;712;30070;30;887;2.949783837712005
2020-10-18;SV;El Salvador;1386;31456;30;917;2.9151831129196335
2020-10-25;SV;El Salvador;1129;32585;27;944;2.897038514653982
2020-11-01;SV;El Salvador;860;33445;31;975;2.915233966213186
2020-11-08;SV;El Salvador;1700;35145;31;1006;2.8624270877792006
2020-11-15;SV;El Salvador;1213;36358;33;1039;2.857692942406073
2020-11-22;SV;El Salvador;892;37250;31;1070;2.87248322147651
2020-11-29;SV;El Salvador;1155;38405;37;1107;2.882437182658508
2020-12-06;SV;El Salvador;1313;39718;46;1153;2.9029659096631253
2020-12-13;SV;El Salvador;1676;41394;40;1193;2.882060201961637
2020-12-20;SV;El Salvador;1801;43195;49;1242;2.875332793147355
2020-12-27;SV;El Salvador;1424;44619;55;1297;2.906833411775253
2021-01-03;SV;El Salvador;1623;46242;54;1351;2.9215864365728126
2021-01-10;SV;El Salvador;2332;48574;57;1408;2.8986700704080373
2021-01-17;SV;El Salvador;1583;50157;71;1479;2.9487409534063045
2021-01-24;SV;El Salvador;2515;52672;72;1551;2.944638517618469
2021-01-31;SV;El Salvador;1317;53989;63;1614;2.9894978606753226
2021-02-07;SV;El Salvador;2248;56237;59;1673;2.9749097569215994
2021-02-14;SV;El Salvador;1191;57428;61;1734;3.01943302918437
2021-02-21;SV;El Salvador;1118;58546;58;1792;3.0608410480647694
2021-02-28;SV;El Salvador;1320;59866;55;1847;3.0852236661878196
2021-03-07;SV;El Salvador;934;60800;47;1894;3.115131578947368
2021-03-14;SV;El Salvador;1286;62086;51;1945;3.132751344908675
2021-03-21;SV;El Salvador;445;62531;30;1975;3.1584334170251553
2021-03-28;SV;El Salvador;1235;63766;23;1998;3.1333312423548603
2021-04-04;SV;El Salvador;665;64431;23;2021;3.1366888609520265
2021-04-11;SV;El Salvador;1060;65491;27;2048;3.127147241605717
2021-04-18;SV;El Salvador;1913;67404;24;2072;3.0740015429351373
2021-04-25;SV;El Salvador;914;68318;26;2098;3.070932989841623
2021-05-02;SV;El Salvador;880;69198;30;2128;3.0752333882482152
2021-05-09;SV;El Salvador;1057;70255;22;2150;3.0602804070884635
2021-05-16;SV;El Salvador;660;70915;32;2182;3.076923076923077
2021-05-23;SV;El Salvador;1305;72220;29;2211;3.061478814732761
2021-05-30;SV;El Salvador;1026;73246;30;2241;3.0595527400813696
2021-06-06;SV;El Salvador;895;74141;25;2266;3.0563385980766378
2021-06-13;SV;El Salvador;1210;75351;26;2292;3.0417645419437034
2021-06-20;SV;El Salvador;1346;76697;35;2327;3.034016975892147
2021-06-27;SV;El Salvador;787;77484;34;2361;3.0470806876258325
2021-07-04;SV;El Salvador;2306;79790;36;2397;3.004135856623637
2021-07-11;SV;El Salvador;1142;80932;42;2439;3.0136410814016705
2021-07-18;SV;El Salvador;1920;82852;45;2484;2.9981171245111766
2021-07-25;SV;El Salvador;1839;84691;63;2547;3.007403384066784
2021-08-01;SV;El Salvador;1929;86620;82;2629;3.035095820826599
2021-08-08;SV;El Salvador;1751;88371;74;2703;3.0586957259734526
2021-08-15;SV;El Salvador;1758;90129;78;2781;3.085577339147222
2021-08-22;SV;El Salvador;2557;92686;50;2831;3.054398722568673
2021-08-29;SV;El Salvador;1374;94060;59;2890;3.0725069104826708
2021-09-05;SV;El Salvador;2007;96067;62;2952;3.0728554029999895
2021-09-12;SV;El Salvador;2989;99056;61;3013;3.041713778064933
2021-09-19;SV;El Salvador;645;99701;77;3090;3.0992668077551877
2021-09-26;SV;El Salvador;3977;103678;84;3174;3.0614016474083217
2021-10-03;SV;El Salvador;670;104348;88;3262;3.126078123203128
2021-10-10;SV;El Salvador;3316;107664;106;3368;3.1282508545103282
2021-10-17;SV;El Salvador;2524;110188;92;3460;3.1400878498566085
2021-10-24;SV;El Salvador;2102;112290;94;3554;3.1650191468519018
2021-10-31;SV;El Salvador;1132;113422;68;3622;3.1933839995768016
2021-11-07;SV;El Salvador;2836;116258;53;3675;3.161072786388894
2021-11-14;SV;El Salvador;1464;117722;46;3721;3.1608365471194846
2021-11-21;SV;El Salvador;319;118041;30;3751;3.17770943994036
2021-11-28;SV;El Salvador;0;118041;18;3769;3.1929583788683593
2021-12-05;SV;El Salvador;1762;119803;12;3781;3.1560144570670183
2021-12-12;SV;El Salvador;0;119803;12;3793;3.166030900728696
2021-12-19;SV;El Salvador;1681;121484;12;3805;3.1320997003720654
2021-12-26;SV;El Salvador;257;121741;13;3818;3.136166123163109
2022-01-02;SV;El Salvador;204;121945;6;3824;3.1358399278363196
2022-01-09;SV;El Salvador;289;122234;3;3827;3.1308801151888996
2022-01-16;SV;El Salvador;1343;123577;5;3832;3.1009006530341403
2022-01-23;SV;El Salvador;3435;127012;19;3851;3.0319969766636223
2022-01-30;SV;El Salvador;6250;133262;33;3884;2.9145592892197323
2022-02-06;SV;El Salvador;1847;135109;49;3933;2.910982984109127
2022-02-13;SV;El Salvador;0;135109;56;3989;2.95243100015543
2022-02-20;SV;El Salvador;12677;147786;43;4032;2.728269254191872
2022-02-27;SV;El Salvador;0;147786;36;4068;2.7526288011042994
2022-03-06;SV;El Salvador;8578;156364;18;4086;2.613133457829168
2022-03-13;SV;El Salvador;0;156364;9;4095;2.6188892583970733
2022-03-20;SV;El Salvador;4688;161052;14;4109;2.551349874574672
2022-03-27;SV;El Salvador;0;161052;7;4116;2.555696296848223
2022-04-03;SV;El Salvador;0;161052;3;4119;2.5575590492511733
2022-04-10;SV;El Salvador;518;161570;2;4121;2.550597264343628
2022-04-17;SV;El Salvador;519;162089;3;4124;2.544281228214129
2022-04-24;SV;El Salvador;0;162089;3;4127;2.546132063249203
2022-05-01;SV;El Salvador;0;162089;1;4128;2.5467490082608935
2022-05-08;SV;El Salvador;0;162089;0;4128;2.5467490082608935
2022-05-15;SV;El Salvador;0;162089;1;4129;2.547365953272585
2022-05-22;SV;El Salvador;0;162089;1;4130;2.5479828982842756
2022-05-29;SV;El Salvador;666;162755;1;4131;2.538170870326564
2022-06-05;SV;El Salvador;0;162755;1;4132;2.5387852907744772
2022-06-12;SV;El Salvador;1379;164134;2;4134;2.518673766556594
2022-06-19;SV;El Salvador;0;164134;3;4137;2.520501541423471
2022-06-26;SV;El Salvador;5512;169646;2;4139;2.439786378694458
2022-07-03;SV;El Salvador;0;169646;7;4146;2.4439126180399184
2022-07-10;SV;El Salvador;11324;180970;10;4156;2.296513234237719
2022-07-17;SV;El Salvador;0;180970;11;4167;2.3025915897662594
2022-07-24;SV;El Salvador;0;180970;17;4184;2.311985411946732
2022-07-31;SV;El Salvador;9848;190818;10;4194;2.1979058579379305
2022-08-07;SV;El Salvador;0;190818;14;4208;2.205242691989225
2022-08-14;SV;El Salvador;0;190818;9;4217;2.209959228165058
2022-08-21;SV;El Salvador;0;190818;1;4218;2.2104832877401503
2022-08-28;SV;El Salvador;0;190818;2;4220;2.211531406890335
2022-09-04;SV;El Salvador;10967;201785;4;4224;2.093317144485467
2022-09-11;SV;El Salvador;0;201785;3;4227;2.0948038754119485
2022-09-18;SV;El Salvador;0;201785;1;4228;2.0952994523874424
2022-09-25;SV;El Salvador;0;201785;1;4229;2.0957950293629355
2022-10-02;SV;El Salvador;0;201785;0;4229;2.0957950293629355
2022-10-09;SV;El Salvador;0;201785;1;4230;2.0962906063384295
2022-10-16;SV;El Salvador;0;201785;0;4230;2.0962906063384295
2022-10-23;SV;El Salvador;0;201785;0;4230;2.0962906063384295
2022-10-30;SV;El Salvador;0;201785;0;4230;2.0962906063384295
2022-11-06;SV;El Salvador;0;201785;0;4230;2.0962906063384295
2022-11-13;SV;El Salvador;0;201785;0;4230;2.0962906063384295
2022-11-20;SV;El Salvador;0;201785;0;4230;2.0962906063384295
2022-11-27;SV;El Salvador;0;201785;0;4230;2.0962906063384295
2022-12-04;SV;El Salvador;0;201785;0;4230;2.0962906063384295
2022-12-11;SV;El Salvador;0;201785;0;4230;2.0962906063384295
2022-12-18;SV;El Salvador;0;201785;0;4230;2.0962906063384295
2022-12-25;SV;El Salvador;0;201785;0;4230;2.0962906063384295
2023-01-01;SV;El Salvador;0;201785;0;4230;2.0962906063384295
2023-01-08;SV;El Salvador;0;201785;0;4230;2.0962906063384295
2023-01-15;SV;El Salvador;0;201785;0;4230;2.0962906063384295
2023-01-22;SV;El Salvador;0;201785;0;4230;2.0962906063384295
2023-01-29;SV;El Salvador;0;201785;0;4230;2.0962906063384295
2023-02-05;SV;El Salvador;0;201785;0;4230;2.0962906063384295
2023-02-12;SV;El Salvador;0;201785;0;4230;2.0962906063384295
2023-02-19;SV;El Salvador;0;201785;0;4230;2.0962906063384295
2023-02-26;SV;El Salvador;0;201785;0;4230;2.0962906063384295
2023-03-05;SV;El Salvador;0;201785;0;4230;2.0962906063384295
2023-03-12;SV;El Salvador;0;201785;0;4230;2.0962906063384295
2023-03-19;SV;El Salvador;0;201785;0;4230;2.0962906063384295
2023-03-26;SV;El Salvador;0;201785;0;4230;2.0962906063384295
2023-04-02;SV;El Salvador;0;201785;0;4230;2.0962906063384295
2023-04-09;SV;El Salvador;0;201785;0;4230;2.0962906063384295
2023-04-16;SV;El Salvador;0;201785;0;4230;2.0962906063384295
2023-04-23;SV;El Salvador;0;201785;0;4230;2.0962906063384295
2023-04-30;SV;El Salvador;0;201785;0;4230;2.0962906063384295
2023-05-07;SV;El Salvador;0;201785;0;4230;2.0962906063384295
2023-05-14;SV;El Salvador;0;201785;0;4230;2.0962906063384295
2023-05-21;SV;El Salvador;0;201785;0;4230;2.0962906063384295
2023-05-28;SV;El Salvador;0;201785;0;4230;2.0962906063384295
2023-06-04;SV;El Salvador;1;201786;0;4230;2.096280217656329
2023-06-11;SV;El Salvador;0;201786;0;4230;2.096280217656329
2023-06-18;SV;El Salvador;1;201787;0;4230;2.0962698290771953
2023-06-25;SV;El Salvador;0;201787;0;4230;2.0962698290771953
2023-07-02;SV;El Salvador;0;201787;0;4230;2.0962698290771953
2023-07-09;SV;El Salvador;3;201790;0;4230;2.0962386639575796
2023-07-16;SV;El Salvador;5;201795;0;4230;2.096186724150747
2023-07-23;SV;El Salvador;5;201800;0;4230;2.09613478691774
2023-07-30;SV;El Salvador;3;201803;0;4230;2.096103625813293
2023-08-06;SV;El Salvador;4;201807;0;4230;2.0960620791151943
2023-08-13;SV;El Salvador;6;201813;0;4230;2.0959997621560555
2023-08-20;SV;El Salvador;3;201816;0;4230;2.0959686050660005
2023-08-27;SV;El Salvador;6;201822;0;4230;2.0959062936647146
2023-09-03;SV;El Salvador;6;201828;0;4230;2.09584398596825
2023-09-10;SV;El Salvador;1;201829;0;4230;2.0958336017123407
2023-09-17;SV;El Salvador;0;201829;0;4230;2.0958336017123407
2023-09-24;SV;El Salvador;0;201829;0;4230;2.0958336017123407
2023-10-01;SV;El Salvador;1;201830;0;4230;2.095823217559332
2023-10-08;SV;El Salvador;0;201830;0;4230;2.095823217559332
2023-10-15;SV;El Salvador;0;201830;0;4230;2.095823217559332
2023-10-22;SV;El Salvador;2;201832;0;4230;2.095802449562012
2023-10-29;SV;El Salvador;0;201832;0;4230;2.095802449562012
2023-11-05;SV;El Salvador;0;201832;0;4230;2.095802449562012
2023-11-12;SV;El Salvador;1;201833;0;4230;2.0957920657176974
2023-11-19;SV;El Salvador;0;201833;0;4230;2.0957920657176974
2023-11-26;SV;El Salvador;0;201833;0;4230;2.0957920657176974
2023-12-03;SV;El Salvador;0;201833;0;4230;2.0957920657176974
2023-12-10;SV;El Salvador;0;201833;0;4230;2.0957920657176974
2023-12-17;SV;El Salvador;2;201835;0;4230;2.095771298337751
2023-12-24;SV;El Salvador;0;201835;0;4230;2.095771298337751
2023-12-31;SV;El Salvador;0;201835;0;4230;2.095771298337751
2024-01-07;SV;El Salvador;0;201835;0;4230;2.095771298337751
2024-01-14;SV;El Salvador;0;201835;0;4230;2.095771298337751
2024-01-21;SV;El Salvador;0;201835;0;4230;2.095771298337751
2020-01-05;GQ;Equatorial Guinea;0;0;0;0;0.0
2020-01-12;GQ;Equatorial Guinea;0;0;0;0;0.0
2020-01-19;GQ;Equatorial Guinea;0;0;0;0;0.0
2020-01-26;GQ;Equatorial Guinea;0;0;0;0;0.0
2020-02-02;GQ;Equatorial Guinea;0;0;0;0;0.0
2020-02-09;GQ;Equatorial Guinea;0;0;0;0;0.0
2020-02-16;GQ;Equatorial Guinea;0;0;0;0;0.0
2020-02-23;GQ;Equatorial Guinea;0;0;0;0;0.0
2020-03-01;GQ;Equatorial Guinea;0;0;0;0;0.0
2020-03-08;GQ;Equatorial Guinea;0;0;0;0;0.0
2020-03-15;GQ;Equatorial Guinea;1;1;0;0;0.0
2020-03-22;GQ;Equatorial Guinea;5;6;0;0;0.0
2020-03-29;GQ;Equatorial Guinea;7;13;0;0;0.0
2020-04-05;GQ;Equatorial Guinea;3;16;0;0;0.0
2020-04-12;GQ;Equatorial Guinea;5;21;0;0;0.0
2020-04-19;GQ;Equatorial Guinea;58;79;0;0;0.0
2020-04-26;GQ;Equatorial Guinea;206;285;1;1;0.3508771929824561
2020-05-03;GQ;Equatorial Guinea;220;505;3;4;0.7920792079207921
2020-05-10;GQ;Equatorial Guinea;183;688;3;7;1.0174418604651163
2020-05-17;GQ;Equatorial Guinea;239;927;0;7;0.7551240560949299
2020-05-24;GQ;Equatorial Guinea;386;1313;5;12;0.913937547600914
2020-05-31;GQ;Equatorial Guinea;415;1728;0;12;0.6944444444444444
2020-06-07;GQ;Equatorial Guinea;460;2188;0;12;0.5484460694698354
2020-06-14;GQ;Equatorial Guinea;306;2494;0;12;0.48115477145148355
2020-06-21;GQ;Equatorial Guinea;298;2792;29;41;1.4684813753581663
2020-06-28;GQ;Equatorial Guinea;683;3475;0;41;1.1798561151079137
2020-07-05;GQ;Equatorial Guinea;446;3921;0;41;1.0456516194848253
2020-07-12;GQ;Equatorial Guinea;316;4237;0;41;0.9676658012744868
2020-07-19;GQ;Equatorial Guinea;398;4635;0;41;0.8845738942826321
2020-07-26;GQ;Equatorial Guinea;143;4778;0;41;0.8580996232733361
2020-08-02;GQ;Equatorial Guinea;43;4821;42;83;1.7216345156606514
2020-08-09;GQ;Equatorial Guinea;0;4821;0;83;1.7216345156606514
2020-08-16;GQ;Equatorial Guinea;0;4821;0;83;1.7216345156606514
2020-08-23;GQ;Equatorial Guinea;105;4926;0;83;1.6849370686155096
2020-08-30;GQ;Equatorial Guinea;15;4941;0;83;1.6798218984011335
2020-09-06;GQ;Equatorial Guinea;31;4972;0;83;1.6693483507642801
2020-09-13;GQ;Equatorial Guinea;24;4996;0;83;1.6613290632506006
2020-09-20;GQ;Equatorial Guinea;6;5002;0;83;1.6593362654938024
2020-09-27;GQ;Equatorial Guinea;26;5028;0;83;1.650755767700875
2020-10-04;GQ;Equatorial Guinea;17;5045;0;83;1.6451932606541129
2020-10-11;GQ;Equatorial Guinea;21;5066;0;83;1.6383734701934465
2020-10-18;GQ;Equatorial Guinea;4;5070;0;83;1.6370808678500985
2020-10-25;GQ;Equatorial Guinea;9;5079;0;83;1.6341799566843869
2020-11-01;GQ;Equatorial Guinea;9;5088;0;83;1.6312893081761006
2020-11-08;GQ;Equatorial Guinea;4;5092;2;85;1.6692851531814612
2020-11-15;GQ;Equatorial Guinea;12;5104;0;85;1.6653605015673982
2020-11-22;GQ;Equatorial Guinea;26;5130;0;85;1.6569200779727096
2020-11-29;GQ;Equatorial Guinea;23;5153;0;85;1.6495245488065204
2020-12-06;GQ;Equatorial Guinea;13;5166;0;85;1.645373596593109
2020-12-13;GQ;Equatorial Guinea;19;5185;0;85;1.639344262295082
2020-12-20;GQ;Equatorial Guinea;29;5214;0;85;1.6302263137706177
2020-12-27;GQ;Equatorial Guinea;22;5236;1;86;1.6424751718869364
2021-01-03;GQ;Equatorial Guinea;43;5279;0;86;1.629096419776473
2021-01-10;GQ;Equatorial Guinea;17;5296;0;86;1.6238670694864048
2021-01-17;GQ;Equatorial Guinea;69;5365;0;86;1.602982292637465
2021-01-24;GQ;Equatorial Guinea;89;5454;0;86;1.5768243491015768
2021-01-31;GQ;Equatorial Guinea;80;5534;0;86;1.554029634983737
2021-02-07;GQ;Equatorial Guinea;80;5614;1;87;1.54969718560741
2021-02-14;GQ;Equatorial Guinea;80;5694;0;87;1.5279241306638567
2021-02-21;GQ;Equatorial Guinea;104;5798;2;89;1.5350120731286652
2021-02-28;GQ;Equatorial Guinea;297;6095;3;92;1.509433962264151
2021-03-07;GQ;Equatorial Guinea;276;6371;4;96;1.5068278135300581
2021-03-14;GQ;Equatorial Guinea;191;6562;2;98;1.4934471197805548
2021-03-21;GQ;Equatorial Guinea;174;6736;3;101;1.4994061757719714
2021-03-28;GQ;Equatorial Guinea;178;6914;1;102;1.4752675730402083
2021-04-04;GQ;Equatorial Guinea;145;7059;2;104;1.4732965009208103
2021-04-11;GQ;Equatorial Guinea;160;7219;2;106;1.468347416539687
2021-04-18;GQ;Equatorial Guinea;40;7259;0;106;1.4602562336409974
2021-04-25;GQ;Equatorial Guinea;300;7559;1;107;1.4155311549146712
2021-05-02;GQ;Equatorial Guinea;135;7694;5;112;1.4556797504549
2021-05-09;GQ;Equatorial Guinea;0;7694;0;112;1.4556797504549
2021-05-16;GQ;Equatorial Guinea;0;7694;0;112;1.4556797504549
2021-05-23;GQ;Equatorial Guinea;782;8476;1;113;1.33317602642756
2021-05-30;GQ;Equatorial Guinea;53;8529;5;118;1.3835150662445772
2021-06-06;GQ;Equatorial Guinea;97;8626;0;118;1.3679573382796197
2021-06-13;GQ;Equatorial Guinea;36;8662;2;120;1.385361348418379
2021-06-20;GQ;Equatorial Guinea;46;8708;0;120;1.3780431786862657
2021-06-27;GQ;Equatorial Guinea;15;8723;1;121;1.3871374527112232
2021-07-04;GQ;Equatorial Guinea;36;8759;1;122;1.3928530654184268
2021-07-11;GQ;Equatorial Guinea;56;8815;0;122;1.3840045377197958
2021-07-18;GQ;Equatorial Guinea;33;8848;1;123;1.3901446654611211
2021-07-25;GQ;Equatorial Guinea;32;8880;0;123;1.3851351351351353
2021-08-01;GQ;Equatorial Guinea;31;8911;0;123;1.380316462798788
2021-08-08;GQ;Equatorial Guinea;40;8951;0;123;1.3741481398726398
2021-08-15;GQ;Equatorial Guinea;21;8972;0;123;1.3709317877842175
2021-08-22;GQ;Equatorial Guinea;124;9096;0;123;1.3522427440633245
2021-08-29;GQ;Equatorial Guinea;230;9326;1;124;1.3296161269568947
2021-09-05;GQ;Equatorial Guinea;613;9939;5;129;1.2979172955025657
2021-09-12;GQ;Equatorial Guinea;559;10498;2;131;1.2478567346161173
2021-09-19;GQ;Equatorial Guinea;565;11063;6;137;1.2383621079273255
2021-09-26;GQ;Equatorial Guinea;743;11806;5;142;1.2027782483482974
2021-10-03;GQ;Equatorial Guinea;726;12532;8;150;1.196935844238749
2021-10-10;GQ;Equatorial Guinea;254;12786;5;155;1.212263413108087
2021-10-17;GQ;Equatorial Guinea;234;13020;6;161;1.2365591397849462
2021-10-24;GQ;Equatorial Guinea;146;13166;2;163;1.238037368980708
2021-10-31;GQ;Equatorial Guinea;211;13377;4;167;1.2484114524930852
2021-11-07;GQ;Equatorial Guinea;30;13407;1;168;1.2530767509509957
2021-11-14;GQ;Equatorial Guinea;52;13459;0;168;1.2482353815290883
2021-11-21;GQ;Equatorial Guinea;79;13538;2;170;1.2557246269759197
2021-11-28;GQ;Equatorial Guinea;41;13579;3;173;1.2740260696663965
2021-12-05;GQ;Equatorial Guinea;20;13599;2;175;1.2868593278917566
2021-12-12;GQ;Equatorial Guinea;13;13612;0;175;1.28563032618278
2021-12-19;GQ;Equatorial Guinea;6;13618;0;175;1.2850638860331913
2021-12-26;GQ;Equatorial Guinea;12;13630;0;175;1.2839325018341892
2022-01-02;GQ;Equatorial Guinea;80;13710;0;175;1.2764405543398978
2022-01-09;GQ;Equatorial Guinea;1161;14871;2;177;1.1902360298567682
2022-01-16;GQ;Equatorial Guinea;621;15492;1;178;1.1489801187709787
2022-01-23;GQ;Equatorial Guinea;240;15732;3;181;1.150521230612764
2022-01-30;GQ;Equatorial Guinea;70;15802;1;182;1.1517529426654853
2022-02-06;GQ;Equatorial Guinea;43;15845;0;182;1.1486273272325656
2022-02-13;GQ;Equatorial Guinea;8;15853;0;182;1.148047688134738
2022-02-20;GQ;Equatorial Guinea;21;15874;0;182;1.146528915207257
2022-02-27;GQ;Equatorial Guinea;10;15884;0;182;1.1458071014857718
2022-03-06;GQ;Equatorial Guinea;10;15894;1;183;1.1513778784446962
2022-03-13;GQ;Equatorial Guinea;4;15898;0;183;1.1510881871933576
2022-03-20;GQ;Equatorial Guinea;-98;15800;0;183;1.1582278481012658
2022-03-27;GQ;Equatorial Guinea;103;15903;0;183;1.1507262780607432
2022-04-03;GQ;Equatorial Guinea;1;15904;0;183;1.1506539235412476
2022-04-10;GQ;Equatorial Guinea;0;15904;0;183;1.1506539235412476
2022-04-17;GQ;Equatorial Guinea;3;15907;0;183;1.1504369145659143
2022-04-24;GQ;Equatorial Guinea;0;15907;0;183;1.1504369145659143
2022-05-01;GQ;Equatorial Guinea;0;15907;0;183;1.1504369145659143
2022-05-08;GQ;Equatorial Guinea;3;15910;0;183;1.1502199874292898
2022-05-15;GQ;Equatorial Guinea;0;15910;0;183;1.1502199874292898
2022-05-22;GQ;Equatorial Guinea;0;15910;0;183;1.1502199874292898
2022-05-29;GQ;Equatorial Guinea;11;15921;0;183;1.1494252873563218
2022-06-05;GQ;Equatorial Guinea;3;15924;0;183;1.1492087415222305
2022-06-12;GQ;Equatorial Guinea;21;15945;0;183;1.1476952022577611
2022-06-19;GQ;Equatorial Guinea;6;15951;0;183;1.1472634944517583
2022-06-26;GQ;Equatorial Guinea;44;15995;0;183;1.1441075336042514
2022-07-03;GQ;Equatorial Guinea;119;16114;0;183;1.1356584336601714
2022-07-10;GQ;Equatorial Guinea;353;16467;0;183;1.1113135361632356
2022-07-17;GQ;Equatorial Guinea;154;16621;0;183;1.1010167859936226
2022-07-24;GQ;Equatorial Guinea;33;16654;0;183;1.0988351146871622
2022-07-31;GQ;Equatorial Guinea;87;16741;0;183;1.0931246639985663
2022-08-07;GQ;Equatorial Guinea;44;16785;0;183;1.090259159964254
2022-08-14;GQ;Equatorial Guinea;16;16801;0;183;1.089220879709541
2022-08-21;GQ;Equatorial Guinea;39;16840;0;183;1.0866983372921615
2022-08-28;GQ;Equatorial Guinea;13;16853;0;183;1.0858600842579957
2022-09-04;GQ;Equatorial Guinea;7;16860;0;183;1.085409252669039
2022-09-11;GQ;Equatorial Guinea;13;16873;0;183;1.0845729864280211
2022-09-18;GQ;Equatorial Guinea;24;16897;0;183;1.083032490974729
2022-09-25;GQ;Equatorial Guinea;16;16913;0;183;1.0820079228995447
2022-10-02;GQ;Equatorial Guinea;6;16919;0;183;1.0816242094686446
2022-10-09;GQ;Equatorial Guinea;30;16949;0;183;1.0797097173874564
2022-10-16;GQ;Equatorial Guinea;71;17020;0;183;1.0752056404230317
2022-10-23;GQ;Equatorial Guinea;36;17056;0;183;1.0729362101313322
2022-10-30;GQ;Equatorial Guinea;20;17076;0;183;1.0716795502459593
2022-11-06;GQ;Equatorial Guinea;5;17081;0;183;1.0713658450910368
2022-11-13;GQ;Equatorial Guinea;4;17085;0;183;1.071115013169447
2022-11-20;GQ;Equatorial Guinea;0;17085;0;183;1.071115013169447
2022-11-27;GQ;Equatorial Guinea;1;17086;0;183;1.07105232353974
2022-12-04;GQ;Equatorial Guinea;1;17087;0;183;1.0709896412477322
2022-12-11;GQ;Equatorial Guinea;1;17088;0;183;1.0709269662921348
2022-12-18;GQ;Equatorial Guinea;1;17089;0;183;1.07086429867166
2022-12-25;GQ;Equatorial Guinea;0;17089;0;183;1.07086429867166
2023-01-01;GQ;Equatorial Guinea;0;17089;0;183;1.07086429867166
2023-01-08;GQ;Equatorial Guinea;0;17089;0;183;1.07086429867166
2023-01-15;GQ;Equatorial Guinea;0;17089;0;183;1.07086429867166
2023-01-22;GQ;Equatorial Guinea;0;17089;0;183;1.07086429867166
2023-01-29;GQ;Equatorial Guinea;4;17093;0;183;1.0706137015152402
2023-02-05;GQ;Equatorial Guinea;20;17113;0;183;1.0693624729737627
2023-02-12;GQ;Equatorial Guinea;2;17115;0;183;1.0692375109553023
2023-02-19;GQ;Equatorial Guinea;15;17130;0;183;1.0683012259194395
2023-02-26;GQ;Equatorial Guinea;0;17130;0;183;1.0683012259194395
2023-03-05;GQ;Equatorial Guinea;0;17130;0;183;1.0683012259194395
2023-03-12;GQ;Equatorial Guinea;0;17130;0;183;1.0683012259194395
2023-03-19;GQ;Equatorial Guinea;0;17130;0;183;1.0683012259194395
2023-03-26;GQ;Equatorial Guinea;0;17130;0;183;1.0683012259194395
2023-04-02;GQ;Equatorial Guinea;0;17130;0;183;1.0683012259194395
2023-04-09;GQ;Equatorial Guinea;0;17130;0;183;1.0683012259194395
2023-04-16;GQ;Equatorial Guinea;0;17130;0;183;1.0683012259194395
2023-04-23;GQ;Equatorial Guinea;0;17130;0;183;1.0683012259194395
2023-04-30;GQ;Equatorial Guinea;0;17130;0;183;1.0683012259194395
2023-05-07;GQ;Equatorial Guinea;0;17130;0;183;1.0683012259194395
2023-05-14;GQ;Equatorial Guinea;0;17130;0;183;1.0683012259194395
2023-05-21;GQ;Equatorial Guinea;0;17130;0;183;1.0683012259194395
2023-05-28;GQ;Equatorial Guinea;0;17130;0;183;1.0683012259194395
2023-06-04;GQ;Equatorial Guinea;0;17130;0;183;1.0683012259194395
2023-06-11;GQ;Equatorial Guinea;0;17130;0;183;1.0683012259194395
2023-06-18;GQ;Equatorial Guinea;0;17130;0;183;1.0683012259194395
2023-06-25;GQ;Equatorial Guinea;0;17130;0;183;1.0683012259194395
2023-07-02;GQ;Equatorial Guinea;0;17130;0;183;1.0683012259194395
2023-07-09;GQ;Equatorial Guinea;0;17130;0;183;1.0683012259194395
2023-07-16;GQ;Equatorial Guinea;0;17130;0;183;1.0683012259194395
2023-07-23;GQ;Equatorial Guinea;0;17130;0;183;1.0683012259194395
2023-07-30;GQ;Equatorial Guinea;0;17130;0;183;1.0683012259194395
2023-08-06;GQ;Equatorial Guinea;0;17130;0;183;1.0683012259194395
2023-08-13;GQ;Equatorial Guinea;0;17130;0;183;1.0683012259194395
2023-08-20;GQ;Equatorial Guinea;0;17130;0;183;1.0683012259194395
2023-08-27;GQ;Equatorial Guinea;0;17130;0;183;1.0683012259194395
2023-09-03;GQ;Equatorial Guinea;0;17130;0;183;1.0683012259194395
2023-09-10;GQ;Equatorial Guinea;0;17130;0;183;1.0683012259194395
2023-09-17;GQ;Equatorial Guinea;0;17130;0;183;1.0683012259194395
2023-09-24;GQ;Equatorial Guinea;0;17130;0;183;1.0683012259194395
2023-10-01;GQ;Equatorial Guinea;0;17130;0;183;1.0683012259194395
2023-10-08;GQ;Equatorial Guinea;0;17130;0;183;1.0683012259194395
2023-10-15;GQ;Equatorial Guinea;0;17130;0;183;1.0683012259194395
2023-10-22;GQ;Equatorial Guinea;0;17130;0;183;1.0683012259194395
2023-10-29;GQ;Equatorial Guinea;0;17130;0;183;1.0683012259194395
2023-11-05;GQ;Equatorial Guinea;0;17130;0;183;1.0683012259194395
2023-11-12;GQ;Equatorial Guinea;0;17130;0;183;1.0683012259194395
2023-11-19;GQ;Equatorial Guinea;0;17130;0;183;1.0683012259194395
2023-11-26;GQ;Equatorial Guinea;0;17130;0;183;1.0683012259194395
2023-12-03;GQ;Equatorial Guinea;0;17130;0;183;1.0683012259194395
2023-12-10;GQ;Equatorial Guinea;0;17130;0;183;1.0683012259194395
2023-12-17;GQ;Equatorial Guinea;0;17130;0;183;1.0683012259194395
2023-12-24;GQ;Equatorial Guinea;0;17130;0;183;1.0683012259194395
2023-12-31;GQ;Equatorial Guinea;0;17130;0;183;1.0683012259194395
2024-01-07;GQ;Equatorial Guinea;0;17130;0;183;1.0683012259194395
2024-01-14;GQ;Equatorial Guinea;0;17130;0;183;1.0683012259194395
2024-01-21;GQ;Equatorial Guinea;0;17130;0;183;1.0683012259194395
2020-01-05;ER;Eritrea;0;0;0;0;0.0
2020-01-12;ER;Eritrea;0;0;0;0;0.0
2020-01-19;ER;Eritrea;0;0;0;0;0.0
2020-01-26;ER;Eritrea;0;0;0;0;0.0
2020-02-02;ER;Eritrea;0;0;0;0;0.0
2020-02-09;ER;Eritrea;0;0;0;0;0.0
2020-02-16;ER;Eritrea;0;0;0;0;0.0
2020-02-23;ER;Eritrea;0;0;0;0;0.0
2020-03-01;ER;Eritrea;0;0;0;0;0.0
2020-03-08;ER;Eritrea;0;0;0;0;0.0
2020-03-15;ER;Eritrea;0;0;0;0;0.0
2020-03-22;ER;Eritrea;1;1;0;0;0.0
2020-03-29;ER;Eritrea;5;6;0;0;0.0
2020-04-05;ER;Eritrea;14;20;0;0;0.0
2020-04-12;ER;Eritrea;14;34;0;0;0.0
2020-04-19;ER;Eritrea;5;39;0;0;0.0
2020-04-26;ER;Eritrea;0;39;0;0;0.0
2020-05-03;ER;Eritrea;0;39;0;0;0.0
2020-05-10;ER;Eritrea;0;39;0;0;0.0
2020-05-17;ER;Eritrea;0;39;0;0;0.0
2020-05-24;ER;Eritrea;0;39;0;0;0.0
2020-05-31;ER;Eritrea;0;39;0;0;0.0
2020-06-07;ER;Eritrea;2;41;0;0;0.0
2020-06-14;ER;Eritrea;24;65;0;0;0.0
2020-06-21;ER;Eritrea;78;143;0;0;0.0
2020-06-28;ER;Eritrea;48;191;0;0;0.0
2020-07-05;ER;Eritrea;24;215;0;0;0.0
2020-07-12;ER;Eritrea;17;232;0;0;0.0
2020-07-19;ER;Eritrea;19;251;0;0;0.0
2020-07-26;ER;Eritrea;12;263;0;0;0.0
2020-08-02;ER;Eritrea;16;279;0;0;0.0
2020-08-09;ER;Eritrea;6;285;0;0;0.0
2020-08-16;ER;Eritrea;0;285;0;0;0.0
2020-08-23;ER;Eritrea;21;306;0;0;0.0
2020-08-30;ER;Eritrea;12;318;0;0;0.0
2020-09-06;ER;Eritrea;12;330;0;0;0.0
2020-09-13;ER;Eritrea;31;361;0;0;0.0
2020-09-20;ER;Eritrea;3;364;0;0;0.0
2020-09-27;ER;Eritrea;11;375;0;0;0.0
2020-10-04;ER;Eritrea;23;398;0;0;0.0
2020-10-11;ER;Eritrea;16;414;0;0;0.0
2020-10-18;ER;Eritrea;38;452;0;0;0.0
2020-10-25;ER;Eritrea;9;461;0;0;0.0
2020-11-01;ER;Eritrea;2;463;0;0;0.0
2020-11-08;ER;Eritrea;28;491;0;0;0.0
2020-11-15;ER;Eritrea;2;493;0;0;0.0
2020-11-22;ER;Eritrea;58;551;0;0;0.0
2020-11-29;ER;Eritrea;26;577;0;0;0.0
2020-12-06;ER;Eritrea;55;632;0;0;0.0
2020-12-13;ER;Eritrea;79;711;0;0;0.0
2020-12-20;ER;Eritrea;43;754;0;0;0.0
2020-12-27;ER;Eritrea;243;997;1;1;0.10030090270812438
2021-01-03;ER;Eritrea;323;1320;2;3;0.22727272727272727
2021-01-10;ER;Eritrea;236;1556;3;6;0.3856041131105398
2021-01-17;ER;Eritrea;321;1877;0;6;0.31965903036760784
2021-01-24;ER;Eritrea;63;1940;0;6;0.30927835051546393
2021-01-31;ER;Eritrea;195;2135;1;7;0.32786885245901637
2021-02-07;ER;Eritrea;191;2326;0;7;0.3009458297506449
2021-02-14;ER;Eritrea;103;2429;0;7;0.2881844380403458
2021-02-21;ER;Eritrea;256;2685;0;7;0.260707635009311
2021-02-28;ER;Eritrea;162;2847;0;7;0.24587284861257463
2021-03-07;ER;Eritrea;97;2944;0;7;0.2377717391304348
2021-03-14;ER;Eritrea;94;3038;0;7;0.2304147465437788
2021-03-21;ER;Eritrea;80;3118;0;7;0.22450288646568314
2021-03-28;ER;Eritrea;90;3208;2;9;0.2805486284289277
2021-04-04;ER;Eritrea;126;3334;1;10;0.2999400119976005
2021-04-11;ER;Eritrea;113;3447;0;10;0.2901073397156948
2021-04-18;ER;Eritrea;44;3491;0;10;0.2864508736751647
2021-04-25;ER;Eritrea;114;3605;0;10;0.27739251040221913
2021-05-02;ER;Eritrea;66;3671;0;10;0.2724053391446472
2021-05-09;ER;Eritrea;71;3742;2;12;0.3206841261357563
2021-05-16;ER;Eritrea;102;3844;0;12;0.31217481789802287
2021-05-23;ER;Eritrea;88;3932;2;14;0.3560528992878942
2021-05-30;ER;Eritrea;129;4061;0;14;0.3447426742181729
2021-06-06;ER;Eritrea;400;4461;0;14;0.3138309796009863
2021-06-13;ER;Eritrea;387;4848;2;16;0.33003300330033003
2021-06-20;ER;Eritrea;488;5336;3;19;0.356071964017991
2021-06-27;ER;Eritrea;444;5780;2;21;0.3633217993079585
2021-07-04;ER;Eritrea;294;6074;4;25;0.4115903852486006
2021-07-11;ER;Eritrea;203;6277;4;29;0.4620041421061016
2021-07-18;ER;Eritrea;125;6402;1;30;0.4686035613870665
2021-07-25;ER;Eritrea;93;6495;3;33;0.5080831408775982
2021-08-01;ER;Eritrea;52;6547;2;35;0.5345959981670995
2021-08-08;ER;Eritrea;29;6576;0;35;0.5322384428223844
2021-08-15;ER;Eritrea;25;6601;2;37;0.5605211331616422
2021-08-22;ER;Eritrea;19;6620;0;37;0.5589123867069486
2021-08-29;ER;Eritrea;19;6639;0;37;0.5573128483205302
2021-09-05;ER;Eritrea;8;6647;1;38;0.5716864751015496
2021-09-12;ER;Eritrea;8;6655;2;40;0.6010518407212623
2021-09-19;ER;Eritrea;16;6671;0;40;0.599610253335332
2021-09-26;ER;Eritrea;23;6694;2;42;0.6274275470570659
2021-10-03;ER;Eritrea;28;6722;0;42;0.6248140434394526
2021-10-10;ER;Eritrea;19;6741;0;42;0.6230529595015576
2021-10-17;ER;Eritrea;32;6773;2;44;0.6496382695998819
2021-10-24;ER;Eritrea;16;6789;1;45;0.6628369421122404
2021-10-31;ER;Eritrea;42;6831;0;45;0.6587615283267457
2021-11-07;ER;Eritrea;112;6943;1;46;0.6625378078640357
2021-11-14;ER;Eritrea;108;7051;2;48;0.680754502907389
2021-11-21;ER;Eritrea;105;7156;6;54;0.7546115148127445
2021-11-28;ER;Eritrea;149;7305;6;60;0.8213552361396305
2021-12-05;ER;Eritrea;153;7458;1;61;0.8179136497720568
2021-12-12;ER;Eritrea;171;7629;2;63;0.8257963035784506
2021-12-19;ER;Eritrea;124;7753;5;68;0.8770798400619115
2021-12-26;ER;Eritrea;120;7873;4;72;0.9145179728184936
2022-01-02;ER;Eritrea;153;8026;4;76;0.946922501868926
2022-01-09;ER;Eritrea;277;8303;6;82;0.9875948452366614
2022-01-16;ER;Eritrea;573;8876;4;86;0.9689049121225778
2022-01-23;ER;Eritrea;374;9250;5;91;0.9837837837837837
2022-01-30;ER;Eritrea;258;9508;6;97;1.0201935212452673
2022-02-06;ER;Eritrea;123;9631;3;100;1.0383137784238397
2022-02-13;ER;Eritrea;33;9664;3;103;1.0658112582781458
2022-02-20;ER;Eritrea;23;9687;0;103;1.0632806854547332
2022-02-27;ER;Eritrea;13;9700;0;103;1.0618556701030928
2022-03-06;ER;Eritrea;15;9715;0;103;1.0602161605764282
2022-03-13;ER;Eritrea;6;9721;0;103;1.0595617734800946
2022-03-20;ER;Eritrea;2;9723;0;103;1.0593438239226576
2022-03-27;ER;Eritrea;1;9724;0;103;1.0592348827642946
2022-04-03;ER;Eritrea;4;9728;0;103;1.0587993421052633
2022-04-10;ER;Eritrea;1;9729;0;103;1.0586905128995785
2022-04-17;ER;Eritrea;4;9733;0;103;1.0582554197061544
2022-04-24;ER;Eritrea;1;9734;0;103;1.0581467022806657
2022-05-01;ER;Eritrea;0;9734;0;103;1.0581467022806657
2022-05-08;ER;Eritrea;3;9737;0;103;1.0578206839889084
2022-05-15;ER;Eritrea;8;9745;0;103;1.0569522832221652
2022-05-22;ER;Eritrea;9;9754;0;103;1.0559770350625384
2022-05-29;ER;Eritrea;3;9757;0;103;1.0556523521574255
2022-06-05;ER;Eritrea;10;9767;0;103;1.0545715163305007
2022-06-12;ER;Eritrea;2;9769;0;103;1.0543556146995599
2022-06-19;ER;Eritrea;8;9777;0;103;1.053492891480004
2022-06-26;ER;Eritrea;11;9788;0;103;1.0523089497343687
2022-07-03;ER;Eritrea;13;9801;0;103;1.0509131721252933
2022-07-10;ER;Eritrea;23;9824;0;103;1.0484527687296417
2022-07-17;ER;Eritrea;40;9864;0;103;1.0442011354420113
2022-07-24;ER;Eritrea;64;9928;0;103;1.0374697824335213
2022-07-31;ER;Eritrea;104;10032;0;103;1.026714513556619
2022-08-07;ER;Eritrea;84;10116;0;103;1.018189007512851
2022-08-14;ER;Eritrea;18;10134;0;103;1.0163805012828102
2022-08-21;ER;Eritrea;15;10149;0;103;1.014878313134299
2022-08-28;ER;Eritrea;2;10151;0;103;1.0146783568121367
2022-09-04;ER;Eritrea;4;10155;0;103;1.0142786804529789
2022-09-11;ER;Eritrea;8;10163;0;103;1.0134802715733544
2022-09-18;ER;Eritrea;1;10164;0;103;1.0133805588351041
2022-09-25;ER;Eritrea;4;10168;0;103;1.0129819040125885
2022-10-02;ER;Eritrea;2;10170;0;103;1.0127826941986233
2022-10-09;ER;Eritrea;7;10177;0;103;1.01208607644689
2022-10-16;ER;Eritrea;5;10182;0;103;1.0115890787664505
2022-10-23;ER;Eritrea;3;10185;0;103;1.0112911143838978
2022-10-30;ER;Eritrea;3;10188;0;103;1.010993325480958
2022-11-06;ER;Eritrea;1;10189;0;103;1.0108941014819903
2022-11-13;ER;Eritrea;0;10189;0;103;1.0108941014819903
2022-11-20;ER;Eritrea;0;10189;0;103;1.0108941014819903
2022-11-27;ER;Eritrea;0;10189;0;103;1.0108941014819903
2022-12-04;ER;Eritrea;0;10189;0;103;1.0108941014819903
2022-12-11;ER;Eritrea;0;10189;0;103;1.0108941014819903
2022-12-18;ER;Eritrea;0;10189;0;103;1.0108941014819903
2022-12-25;ER;Eritrea;0;10189;0;103;1.0108941014819903
2023-01-01;ER;Eritrea;0;10189;0;103;1.0108941014819903
2023-01-08;ER;Eritrea;0;10189;0;103;1.0108941014819903
2023-01-15;ER;Eritrea;0;10189;0;103;1.0108941014819903
2023-01-22;ER;Eritrea;0;10189;0;103;1.0108941014819903
2023-01-29;ER;Eritrea;0;10189;0;103;1.0108941014819903
2023-02-05;ER;Eritrea;0;10189;0;103;1.0108941014819903
2023-02-12;ER;Eritrea;0;10189;0;103;1.0108941014819903
2023-02-19;ER;Eritrea;0;10189;0;103;1.0108941014819903
2023-02-26;ER;Eritrea;0;10189;0;103;1.0108941014819903
2023-03-05;ER;Eritrea;0;10189;0;103;1.0108941014819903
2023-03-12;ER;Eritrea;0;10189;0;103;1.0108941014819903
2023-03-19;ER;Eritrea;0;10189;0;103;1.0108941014819903
2023-03-26;ER;Eritrea;0;10189;0;103;1.0108941014819903
2023-04-02;ER;Eritrea;0;10189;0;103;1.0108941014819903
2023-04-09;ER;Eritrea;0;10189;0;103;1.0108941014819903
2023-04-16;ER;Eritrea;0;10189;0;103;1.0108941014819903
2023-04-23;ER;Eritrea;0;10189;0;103;1.0108941014819903
2023-04-30;ER;Eritrea;0;10189;0;103;1.0108941014819903
2023-05-07;ER;Eritrea;0;10189;0;103;1.0108941014819903
2023-05-14;ER;Eritrea;0;10189;0;103;1.0108941014819903
2023-05-21;ER;Eritrea;0;10189;0;103;1.0108941014819903
2023-05-28;ER;Eritrea;0;10189;0;103;1.0108941014819903
2023-06-04;ER;Eritrea;0;10189;0;103;1.0108941014819903
2023-06-11;ER;Eritrea;0;10189;0;103;1.0108941014819903
2023-06-18;ER;Eritrea;0;10189;0;103;1.0108941014819903
2023-06-25;ER;Eritrea;0;10189;0;103;1.0108941014819903
2023-07-02;ER;Eritrea;0;10189;0;103;1.0108941014819903
2023-07-09;ER;Eritrea;0;10189;0;103;1.0108941014819903
2023-07-16;ER;Eritrea;0;10189;0;103;1.0108941014819903
2023-07-23;ER;Eritrea;0;10189;0;103;1.0108941014819903
2023-07-30;ER;Eritrea;0;10189;0;103;1.0108941014819903
2023-08-06;ER;Eritrea;0;10189;0;103;1.0108941014819903
2023-08-13;ER;Eritrea;0;10189;0;103;1.0108941014819903
2023-08-20;ER;Eritrea;0;10189;0;103;1.0108941014819903
2023-08-27;ER;Eritrea;0;10189;0;103;1.0108941014819903
2023-09-03;ER;Eritrea;0;10189;0;103;1.0108941014819903
2023-09-10;ER;Eritrea;0;10189;0;103;1.0108941014819903
2023-09-17;ER;Eritrea;0;10189;0;103;1.0108941014819903
2023-09-24;ER;Eritrea;0;10189;0;103;1.0108941014819903
2023-10-01;ER;Eritrea;0;10189;0;103;1.0108941014819903
2023-10-08;ER;Eritrea;0;10189;0;103;1.0108941014819903
2023-10-15;ER;Eritrea;0;10189;0;103;1.0108941014819903
2023-10-22;ER;Eritrea;0;10189;0;103;1.0108941014819903
2023-10-29;ER;Eritrea;0;10189;0;103;1.0108941014819903
2023-11-05;ER;Eritrea;0;10189;0;103;1.0108941014819903
2023-11-12;ER;Eritrea;0;10189;0;103;1.0108941014819903
2023-11-19;ER;Eritrea;0;10189;0;103;1.0108941014819903
2023-11-26;ER;Eritrea;0;10189;0;103;1.0108941014819903
2023-12-03;ER;Eritrea;0;10189;0;103;1.0108941014819903
2023-12-10;ER;Eritrea;0;10189;0;103;1.0108941014819903
2023-12-17;ER;Eritrea;0;10189;0;103;1.0108941014819903
2023-12-24;ER;Eritrea;0;10189;0;103;1.0108941014819903
2023-12-31;ER;Eritrea;0;10189;0;103;1.0108941014819903
2024-01-07;ER;Eritrea;0;10189;0;103;1.0108941014819903
2024-01-14;ER;Eritrea;0;10189;0;103;1.0108941014819903
2024-01-21;ER;Eritrea;0;10189;0;103;1.0108941014819903
2020-01-05;EE;Estonia;0;0;0;0;0.0
2020-01-12;EE;Estonia;0;0;0;0;0.0
2020-01-19;EE;Estonia;0;0;0;0;0.0
2020-01-26;EE;Estonia;0;0;0;0;0.0
2020-02-02;EE;Estonia;0;0;0;0;0.0
2020-02-09;EE;Estonia;0;0;0;0;0.0
2020-02-16;EE;Estonia;0;0;0;0;0.0
2020-02-23;EE;Estonia;0;0;0;0;0.0
2020-03-01;EE;Estonia;1;1;0;0;0.0
2020-03-08;EE;Estonia;9;10;0;0;0.0
2020-03-15;EE;Estonia;210;220;0;0;0.0
2020-03-22;EE;Estonia;165;385;0;0;0.0
2020-03-29;EE;Estonia;5570;5955;73;73;1.2258606213266163
2020-04-05;EE;Estonia;404;6359;16;89;1.3995911306809246
2020-04-12;EE;Estonia;223;6582;9;98;1.4889091461561836
2020-04-19;EE;Estonia;199;6781;14;112;1.651673794425601
2020-04-26;EE;Estonia;109;6890;9;121;1.7561683599419449
2020-05-03;EE;Estonia;56;6946;4;125;1.7995968902965735
2020-05-10;EE;Estonia;38;6984;4;129;1.8470790378006874
2020-05-17;EE;Estonia;43;7027;2;131;1.86423793937669
2020-05-24;EE;Estonia;39;7066;1;132;1.86810076422304
2020-05-31;EE;Estonia;46;7112;3;135;1.8982002249718786
2020-06-07;EE;Estonia;71;7183;1;136;1.893359320618126
2020-06-14;EE;Estonia;35;7218;1;137;1.8980326960376837
2020-06-21;EE;Estonia;8;7226;0;137;1.895931358981456
2020-06-28;EE;Estonia;6;7232;0;137;1.8943584070796462
2020-07-05;EE;Estonia;6;7238;0;137;1.892788063000829
2020-07-12;EE;Estonia;21;7259;0;137;1.8873123019699682
2020-07-19;EE;Estonia;4;7263;0;137;1.8862728899903622
2020-07-26;EE;Estonia;11;7274;0;137;1.8834204014297498
2020-08-02;EE;Estonia;45;7319;0;137;1.8718404153572892
2020-08-09;EE;Estonia;74;7393;0;137;1.8531042878398483
2020-08-16;EE;Estonia;35;7428;0;137;1.8443726440495423
2020-08-23;EE;Estonia;88;7516;1;138;1.8360830228845133
2020-08-30;EE;Estonia;100;7616;0;138;1.8119747899159666
2020-09-06;EE;Estonia;157;7773;0;138;1.7753763025858742
2020-09-13;EE;Estonia;160;7933;0;138;1.7395688894491366
2020-09-20;EE;Estonia;244;8177;0;138;1.687660511189923
2020-09-27;EE;Estonia;337;8514;0;138;1.620859760394644
2020-10-04;EE;Estonia;344;8858;3;141;1.5917814405057578
2020-10-11;EE;Estonia;255;9113;1;142;1.5582135410951388
2020-10-18;EE;Estonia;211;9324;0;142;1.522951522951523
2020-10-25;EE;Estonia;343;9667;5;147;1.5206372194062274
2020-11-01;EE;Estonia;614;10281;0;147;1.4298220017508025
2020-11-08;EE;Estonia;1202;11483;3;150;1.3062788469912043
2020-11-15;EE;Estonia;1591;13074;5;155;1.185559124980878
2020-11-22;EE;Estonia;2104;15178;10;165;1.0870997496376333
2020-11-29;EE;Estonia;2350;17528;24;189;1.0782747603833864
2020-12-06;EE;Estonia;2921;20449;16;205;1.0024940094870165
2020-12-13;EE;Estonia;3156;23605;19;224;0.9489514933276847
2020-12-20;EE;Estonia;3696;27301;28;252;0.9230431119739204
2020-12-27;EE;Estonia;3730;31031;32;284;0.9152138184396249
2021-01-03;EE;Estonia;3709;34740;39;323;0.9297639608520437
2021-01-10;EE;Estonia;4276;39016;34;357;0.9150092269838015
2021-01-17;EE;Estonia;3543;42559;48;405;0.9516201038558236
2021-01-24;EE;Estonia;3631;46190;47;452;0.9785667893483438
2021-01-31;EE;Estonia;3604;49794;42;494;0.992087400088364
2021-02-07;EE;Estonia;3762;53556;42;536;1.0008215699454777
2021-02-14;EE;Estonia;4561;58117;36;572;0.9842214842472943
2021-02-21;EE;Estonia;5572;63689;38;610;0.9577792083405299
2021-02-28;EE;Estonia;8183;71872;57;667;0.9280387355298307
2021-03-07;EE;Estonia;9570;81442;66;733;0.9000270130890695
2021-03-14;EE;Estonia;9905;91347;59;792;0.8670235475713488
2021-03-21;EE;Estonia;10309;101656;69;861;0.8469741087589518
2021-03-28;EE;Estonia;7822;109478;82;943;0.8613602732969181
2021-04-04;EE;Estonia;423;109901;3;946;0.8607746972275048
2021-04-11;EE;Estonia;4663;114564;86;1032;0.900806536084634
2021-04-18;EE;Estonia;3341;117905;60;1092;0.9261693736482761
2021-04-25;EE;Estonia;2604;120509;49;1141;0.9468172501638882
2021-05-02;EE;Estonia;2402;122911;26;1167;0.9494675008746166
2021-05-09;EE;Estonia;2283;125194;31;1198;0.9569148681246704
2021-05-16;EE;Estonia;1870;127064;21;1219;0.9593590631492791
2021-05-23;EE;Estonia;1465;128529;14;1233;0.9593165744695751
2021-05-30;EE;Estonia;876;129405;13;1246;0.9628685135813917
2021-06-06;EE;Estonia;612;130017;11;1257;0.9667966496688895
2021-06-13;EE;Estonia;380;130397;2;1259;0.9655130102686411
2021-06-20;EE;Estonia;282;130679;2;1261;0.9649599400056627
2021-06-27;EE;Estonia;165;130844;1;1262;0.9645073522668215
2021-07-04;EE;Estonia;227;131071;1;1263;0.9635998809805372
2021-07-11;EE;Estonia;301;131372;0;1263;0.9613920774594282
2021-07-18;EE;Estonia;375;131747;1;1264;0.9594146356273767
2021-07-25;EE;Estonia;645;132392;0;1264;0.9547404677019761
2021-08-01;EE;Estonia;1246;133638;1;1265;0.9465870485939628
2021-08-08;EE;Estonia;1472;135110;4;1269;0.9392346976537637
2021-08-15;EE;Estonia;1942;137052;2;1271;0.9273852260455885
2021-08-22;EE;Estonia;1970;139022;5;1276;0.9178403418164031
2021-08-29;EE;Estonia;2476;141498;7;1283;0.9067265968423582
2021-09-05;EE;Estonia;2405;143903;11;1294;0.8992168335614963
2021-09-12;EE;Estonia;2976;146879;11;1305;0.8884864412203242
2021-09-19;EE;Estonia;3258;150137;14;1319;0.8785309417398776
2021-09-26;EE;Estonia;3784;153921;22;1341;0.8712261484787651
2021-10-03;EE;Estonia;4970;158891;23;1364;0.8584501324807573
2021-10-10;EE;Estonia;6455;165346;27;1391;0.8412661933158347
2021-10-17;EE;Estonia;7999;173345;31;1422;0.8203294009057083
2021-10-24;EE;Estonia;9988;183333;37;1459;0.7958196287629613
2021-10-31;EE;Estonia;12069;195402;72;1531;0.7835129630198258
2021-11-07;EE;Estonia;173;195575;0;1531;0.7828198900677489
2021-11-14;EE;Estonia;6726;202301;72;1603;0.7923836263785152
2021-11-21;EE;Estonia;5181;207482;53;1656;0.7981415255299255
2021-11-28;EE;Estonia;4077;211559;55;1711;0.8087578406023852
2021-12-05;EE;Estonia;3437;214996;27;1738;0.8083871327838656
2021-12-12;EE;Estonia;3305;218301;38;1776;0.8135555952560913
2021-12-19;EE;Estonia;3913;222214;23;1799;0.809579954458315
2021-12-26;EE;Estonia;4595;226809;29;1828;0.8059644899452844
2022-01-02;EE;Estonia;6140;232949;23;1851;0.794594524981863
2022-01-09;EE;Estonia;5742;238691;16;1867;0.7821828221424352
2022-01-16;EE;Estonia;15424;254115;28;1895;0.7457253605650984
2022-01-23;EE;Estonia;27269;281384;24;1919;0.6819861825832315
2022-01-30;EE;Estonia;41085;322469;25;1944;0.6028486459163517
2022-02-06;EE;Estonia;48031;370500;32;1976;0.5333333333333333
2022-02-13;EE;Estonia;37947;408447;45;2021;0.494801039057699
2022-02-20;EE;Estonia;39239;447686;54;2075;0.4634945028435108
2022-02-27;EE;Estonia;31712;479398;64;2139;0.44618458983975734
2022-03-06;EE;Estonia;22671;502069;59;2198;0.4377884314705748
2022-03-13;EE;Estonia;14983;517052;58;2256;0.43631975120490785
2022-03-20;EE;Estonia;10967;528019;33;2289;0.433507127584424
2022-03-27;EE;Estonia;9226;537245;40;2329;0.433507989837039
2022-04-03;EE;Estonia;6835;544080;22;2351;0.43210557270989564
2022-04-10;EE;Estonia;5185;549265;29;2380;0.43330632754681253
2022-04-17;EE;Estonia;3337;552602;22;2402;0.4346708842892353
2022-04-24;EE;Estonia;2756;555358;13;2415;0.43485463430795995
2022-05-01;EE;Estonia;2039;557397;9;2424;0.43487855155302235
2022-05-08;EE;Estonia;1489;558886;8;2432;0.4351513546590897
2022-05-15;EE;Estonia;1173;560059;3;2435;0.4347756218541261
2022-05-22;EE;Estonia;953;561012;5;2440;0.4349283081288814
2022-05-29;EE;Estonia;821;561833;8;2448;0.4357166631365548
2022-06-05;EE;Estonia;781;562614;10;2458;0.4368892348928395
2022-06-12;EE;Estonia;840;563454;2;2460;0.436592871822722
2022-06-19;EE;Estonia;822;564276;2;2462;0.43631130865037676
2022-06-26;EE;Estonia;798;565074;3;2465;0.4362260518091436
2022-07-03;EE;Estonia;1345;566419;8;2473;0.4366025857183463
2022-07-10;EE;Estonia;1161;567580;8;2481;0.43711899644103036
2022-07-17;EE;Estonia;1552;569132;4;2485;0.43662981522739885
2022-07-24;EE;Estonia;2007;571139;8;2493;0.4364961944465358
2022-07-31;EE;Estonia;2229;573368;8;2501;0.4361945556780288
2022-08-07;EE;Estonia;2239;575607;6;2507;0.4355402210188548
2022-08-14;EE;Estonia;1933;577540;8;2515;0.43546767323475427
2022-08-21;EE;Estonia;1426;578966;5;2520;0.4352587198557428
2022-08-28;EE;Estonia;1107;580073;4;2524;0.43511764898555877
2022-09-04;EE;Estonia;822;580895;6;2530;0.43553482126718257
2022-09-11;EE;Estonia;914;581809;4;2534;0.43553812333600894
2022-09-18;EE;Estonia;1189;582998;6;2540;0.4356790246278718
2022-09-25;EE;Estonia;1188;584186;14;2554;0.4371895252539431
2022-10-02;EE;Estonia;1316;585502;11;2565;0.438085608588869
2022-10-09;EE;Estonia;1196;586698;21;2586;0.44077191331826593
2022-10-16;EE;Estonia;1063;587761;16;2602;0.4426969465480017
2022-10-23;EE;Estonia;1055;588816;10;2612;0.4436020760305427
2022-10-30;EE;Estonia;733;589549;9;2621;0.44457712590471704
2022-11-06;EE;Estonia;553;590102;9;2630;0.4456856611229923
2022-11-13;EE;Estonia;490;590592;15;2645;0.44785571087993065
2022-11-20;EE;Estonia;491;591083;9;2654;0.44900631552590753
2022-11-27;EE;Estonia;474;591557;9;2663;0.450167946622219
2022-12-04;EE;Estonia;536;592093;9;2672;0.45128045763081137
2022-12-11;EE;Estonia;624;592717;15;2687;0.4533360777571759
2022-12-18;EE;Estonia;819;593536;23;2710;0.4565856156998059
2022-12-25;EE;Estonia;681;594217;17;2727;0.4589232553090874
2023-01-01;EE;Estonia;541;594758;19;2746;0.4617003890658049
2023-01-08;EE;Estonia;397;595155;13;2759;0.46357671530945715
2023-01-15;EE;Estonia;377;595532;12;2771;0.46529825433394
2023-01-22;EE;Estonia;301;595833;8;2779;0.46640585533194706
2023-01-29;EE;Estonia;384;596217;8;2787;0.4674472549424119
2023-02-05;EE;Estonia;306;596523;7;2794;0.4683809341802412
2023-02-12;EE;Estonia;328;596851;7;2801;0.46929635704723627
2023-02-19;EE;Estonia;322;597173;8;2809;0.4703829543532611
2023-02-26;EE;Estonia;271;597444;6;2815;0.47117386734154165
2023-03-05;EE;Estonia;305;597749;6;2821;0.47193721779542924
2023-03-12;EE;Estonia;312;598061;3;2824;0.47219263586824756
2023-03-19;EE;Estonia;364;598425;8;2832;0.4732422609349542
2023-03-26;EE;Estonia;349;598774;8;2840;0.4743024914241434
2023-04-02;EE;Estonia;382;599156;6;2846;0.47500150211297226
2023-04-09;EE;Estonia;392;599548;8;2854;0.47602527237185344
2023-04-16;EE;Estonia;365;599913;7;2861;0.4769024841935414
2023-04-23;EE;Estonia;330;600243;14;2875;0.4789726827301609
2023-04-30;EE;Estonia;284;600527;9;2884;0.48024485160534
2023-05-07;EE;Estonia;208;600735;1;2885;0.48024503316770295
2023-05-14;EE;Estonia;193;600928;3;2888;0.480590020767879
2023-05-21;EE;Estonia;181;601109;3;2891;0.4809443877899017
2023-05-28;EE;Estonia;149;601258;2;2893;0.4811578390640956
2023-06-04;EE;Estonia;120;601378;2;2895;0.4813943975336643
2023-06-11;EE;Estonia;96;601474;2;2897;0.4816500796376901
2023-06-18;EE;Estonia;63;601537;0;2897;0.48159963560013763
2023-06-25;EE;Estonia;51;601588;1;2898;0.48172503440893105
2023-07-02;EE;Estonia;36;601624;0;2898;0.4816962089278353
2023-07-09;EE;Estonia;31;601655;0;2898;0.4816713897499397
2023-07-16;EE;Estonia;44;601699;1;2899;0.48180236297550766
2023-07-23;EE;Estonia;47;601746;1;2900;0.48193091437250934
2023-07-30;EE;Estonia;0;601746;0;2900;0.48193091437250934
2023-08-06;EE;Estonia;27;601773;1;2901;0.4820754669950297
2023-08-13;EE;Estonia;17;601790;0;2901;0.48206184881769387
2023-08-20;EE;Estonia;23;601813;0;2901;0.4820434254494336
2023-08-27;EE;Estonia;38;601851;0;2901;0.48201298992607805
2023-09-03;EE;Estonia;60;601911;0;2901;0.48196494166081033
2023-09-10;EE;Estonia;85;601996;0;2901;0.48189688968033006
2023-09-17;EE;Estonia;90;602086;0;2901;0.4818248555854147
2023-09-24;EE;Estonia;101;602187;1;2902;0.4819101043363606
2023-10-01;EE;Estonia;108;602295;0;2902;0.4818236910484065
2023-10-08;EE;Estonia;82;602377;0;2902;0.4817581016539476
2023-10-15;EE;Estonia;101;602478;0;2902;0.48167733925554124
2023-10-22;EE;Estonia;158;602636;1;2903;0.4817169900238286
2023-10-29;EE;Estonia;273;602909;3;2906;0.4819964538595377
2023-11-05;EE;Estonia;427;603336;6;2912;0.4826498004428709
2023-11-12;EE;Estonia;474;603810;2;2914;0.4826021430582468
2023-11-19;EE;Estonia;529;604339;5;2919;0.4830070539879107
2023-11-26;EE;Estonia;591;604930;1;2920;0.48270047774122626
2023-12-03;EE;Estonia;706;605636;12;2932;0.4841191738932296
2023-12-10;EE;Estonia;744;606380;15;2947;0.48599887859098256
2023-12-17;EE;Estonia;808;607188;15;2962;0.48782255248786205
2023-12-24;EE;Estonia;777;607965;5;2967;0.4880215143963879
2023-12-31;EE;Estonia;616;608581;5;2972;0.48834912690340315
2024-01-07;EE;Estonia;358;608939;4;2976;0.4887189028786134
2024-01-14;EE;Estonia;320;609259;5;2981;0.4892828829775186
2024-01-21;EE;Estonia;261;609520;5;2986;0.4898936868355427
2020-01-05;SZ;Eswatini;0;0;0;0;0.0
2020-01-12;SZ;Eswatini;0;0;0;0;0.0
2020-01-19;SZ;Eswatini;0;0;0;0;0.0
2020-01-26;SZ;Eswatini;0;0;0;0;0.0
2020-02-02;SZ;Eswatini;0;0;0;0;0.0
2020-02-09;SZ;Eswatini;0;0;0;0;0.0
2020-02-16;SZ;Eswatini;0;0;0;0;0.0
2020-02-23;SZ;Eswatini;0;0;0;0;0.0
2020-03-01;SZ;Eswatini;0;0;0;0;0.0
2020-03-08;SZ;Eswatini;0;0;0;0;0.0
2020-03-15;SZ;Eswatini;1;1;0;0;0.0
2020-03-22;SZ;Eswatini;0;1;0;0;0.0
2020-03-29;SZ;Eswatini;8;9;0;0;0.0
2020-04-05;SZ;Eswatini;0;9;0;0;0.0
2020-04-12;SZ;Eswatini;5;14;0;0;0.0
2020-04-19;SZ;Eswatini;8;22;1;1;4.545454545454546
2020-04-26;SZ;Eswatini;34;56;0;1;1.7857142857142856
2020-05-03;SZ;Eswatini;52;108;0;1;0.9259259259259258
2020-05-10;SZ;Eswatini;55;163;1;2;1.2269938650306749
2020-05-17;SZ;Eswatini;39;202;0;2;0.9900990099009901
2020-05-24;SZ;Eswatini;36;238;0;2;0.8403361344537815
2020-05-31;SZ;Eswatini;45;283;0;2;0.7067137809187279
2020-06-07;SZ;Eswatini;50;333;1;3;0.9009009009009009
2020-06-14;SZ;Eswatini;153;486;0;3;0.6172839506172839
2020-06-21;SZ;Eswatini;141;627;2;5;0.7974481658692184
2020-06-28;SZ;Eswatini;118;745;3;8;1.0738255033557047
2020-07-05;SZ;Eswatini;209;954;5;13;1.3626834381551363
2020-07-12;SZ;Eswatini;357;1311;5;18;1.3729977116704806
2020-07-19;SZ;Eswatini;418;1729;3;21;1.214574898785425
2020-07-26;SZ;Eswatini;413;2142;7;28;1.3071895424836601
2020-08-02;SZ;Eswatini;564;2706;14;42;1.5521064301552108
2020-08-09;SZ;Eswatini;422;3128;14;56;1.7902813299232736
2020-08-16;SZ;Eswatini;617;3745;13;69;1.8424566088117489
2020-08-23;SZ;Eswatini;444;4189;12;81;1.933635712580568
2020-08-30;SZ;Eswatini;321;4510;10;91;2.0177383592017737
2020-09-06;SZ;Eswatini;309;4819;3;94;1.9506121601992115
2020-09-13;SZ;Eswatini;231;5050;4;98;1.9405940594059405
2020-09-20;SZ;Eswatini;195;5245;6;104;1.9828408007626313
2020-09-27;SZ;Eswatini;174;5419;4;108;1.9929876360952206
2020-10-04;SZ;Eswatini;111;5530;4;112;2.0253164556962027
2020-10-11;SZ;Eswatini;130;5660;1;113;1.9964664310954066
2020-10-18;SZ;Eswatini;105;5765;2;115;1.99479618386817
2020-10-25;SZ;Eswatini;82;5847;1;116;1.9839233795108602
2020-11-01;SZ;Eswatini;70;5917;1;117;1.9773533885414907
2020-11-08;SZ;Eswatini;72;5989;0;117;1.9535815662047085
2020-11-15;SZ;Eswatini;104;6093;2;119;1.9530608895453798
2020-11-22;SZ;Eswatini;112;6205;0;119;1.9178082191780823
2020-11-29;SZ;Eswatini;201;6406;2;121;1.8888541991882608
2020-12-06;SZ;Eswatini;89;6495;1;122;1.878367975365666
2020-12-13;SZ;Eswatini;219;6714;5;127;1.891569854036342
2020-12-20;SZ;Eswatini;591;7305;10;137;1.8754277891854896
2020-12-27;SZ;Eswatini;1060;8365;26;163;1.9485953377166767
2021-01-03;SZ;Eswatini;1115;9480;64;227;2.3945147679324896
2021-01-10;SZ;Eswatini;1700;11180;64;291;2.6028622540250446
2021-01-17;SZ;Eswatini;1556;12736;69;360;2.8266331658291457
2021-01-24;SZ;Eswatini;1594;14330;98;458;3.1960921144452197
2021-01-31;SZ;Eswatini;1336;15666;104;562;3.5873866973062682
2021-02-07;SZ;Eswatini;515;16181;42;604;3.7327730053766763
2021-02-14;SZ;Eswatini;307;16488;26;630;3.820960698689956
2021-02-21;SZ;Eswatini;276;16764;15;645;3.847530422333572
2021-02-28;SZ;Eswatini;238;17002;5;650;3.8230796376896836
2021-03-07;SZ;Eswatini;171;17173;8;658;3.831596110172946
2021-03-14;SZ;Eswatini;61;17234;3;661;3.835441568991528
2021-03-21;SZ;Eswatini;49;17283;4;665;3.847711624139328
2021-03-28;SZ;Eswatini;35;17318;1;666;3.8457096662432155
2021-04-04;SZ;Eswatini;31;17349;2;668;3.850366015332296
2021-04-11;SZ;Eswatini;24;17373;1;669;3.8508029701260575
2021-04-18;SZ;Eswatini;1042;18415;2;671;3.6437686668476785
2021-04-25;SZ;Eswatini;25;18440;0;671;3.63882863340564
2021-05-02;SZ;Eswatini;18;18458;0;671;3.635280095351609
2021-05-09;SZ;Eswatini;19;18477;0;671;3.631541916977864
2021-05-16;SZ;Eswatini;42;18519;1;672;3.6287056536530047
2021-05-23;SZ;Eswatini;31;18550;0;672;3.6226415094339623
2021-05-30;SZ;Eswatini;39;18589;0;672;3.6150411533702727
2021-06-06;SZ;Eswatini;47;18636;1;673;3.611289976389783
2021-06-13;SZ;Eswatini;96;18732;3;676;3.608797779201366
2021-06-20;SZ;Eswatini;79;18811;1;677;3.5989580564563286
2021-06-27;SZ;Eswatini;207;19018;1;678;3.565043642864654
2021-07-04;SZ;Eswatini;66;19084;0;678;3.5527143156570946
2021-07-11;SZ;Eswatini;786;19870;9;687;3.4574735782586816
2021-07-18;SZ;Eswatini;1192;21062;16;703;3.3377646947108532
2021-07-25;SZ;Eswatini;1625;22687;44;747;3.2926345484198
2021-08-01;SZ;Eswatini;3292;25979;40;787;3.0293698756688094
2021-08-08;SZ;Eswatini;4808;30787;57;844;2.741416831779647
2021-08-15;SZ;Eswatini;5064;35851;80;924;2.5773339655797605
2021-08-22;SZ;Eswatini;4432;40283;67;991;2.460094829084229
2021-08-29;SZ;Eswatini;2436;42719;76;1067;2.4977176432032584
2021-09-05;SZ;Eswatini;1415;44134;77;1144;2.5921058594281052
2021-09-12;SZ;Eswatini;697;44831;25;1169;2.607570654234793
2021-09-19;SZ;Eswatini;521;45352;25;1194;2.632739460222261
2021-09-26;SZ;Eswatini;390;45742;18;1212;2.649643653535044
2021-10-03;SZ;Eswatini;263;46005;12;1224;2.660580371698728
2021-10-10;SZ;Eswatini;268;46273;3;1227;2.6516543124500247
2021-10-17;SZ;Eswatini;88;46361;6;1233;2.6595629947585255
2021-10-24;SZ;Eswatini;23;46384;8;1241;2.6754915488099345
2021-10-31;SZ;Eswatini;29;46413;1;1242;2.675974403723095
2021-11-07;SZ;Eswatini;44;46457;2;1244;2.6777450115160253
2021-11-14;SZ;Eswatini;15;46472;1;1245;2.679032535720434
2021-11-21;SZ;Eswatini;14;46486;3;1248;2.6846792582713075
2021-11-28;SZ;Eswatini;42;46528;0;1248;2.6822558459422283
2021-12-05;SZ;Eswatini;840;47368;0;1248;2.634690086134099
2021-12-12;SZ;Eswatini;4806;52174;0;1248;2.391996013339978
2021-12-19;SZ;Eswatini;7540;59714;12;1260;2.1100579428609705
2021-12-26;SZ;Eswatini;4667;64381;12;1272;1.9757381836256038
2022-01-02;SZ;Eswatini;1860;66241;36;1308;1.9746078712579822
2022-01-09;SZ;Eswatini;999;67240;24;1332;1.9809637120761452
2022-01-16;SZ;Eswatini;590;67830;25;1357;2.000589709568038
2022-01-23;SZ;Eswatini;231;68061;10;1367;2.008492381833943
2022-01-30;SZ;Eswatini;268;68329;7;1374;2.01085922521916
2022-02-06;SZ;Eswatini;222;68551;3;1377;2.008723432189173
2022-02-13;SZ;Eswatini;230;68781;6;1383;2.0107297073319668
2022-02-20;SZ;Eswatini;191;68972;5;1388;2.0124108333816624
2022-02-27;SZ;Eswatini;153;69125;2;1390;2.010849909584087
2022-03-06;SZ;Eswatini;172;69297;1;1391;2.0073019034013018
2022-03-13;SZ;Eswatini;132;69429;1;1392;2.0049258955191633
2022-03-20;SZ;Eswatini;119;69548;0;1392;2.001495370104101
2022-03-27;SZ;Eswatini;115;69663;1;1393;1.9996267746149317
2022-04-03;SZ;Eswatini;175;69838;1;1394;1.996047996792577
2022-04-10;SZ;Eswatini;128;69966;1;1395;1.9938255724208904
2022-04-17;SZ;Eswatini;132;70098;0;1395;1.9900710433963882
2022-04-24;SZ;Eswatini;186;70284;2;1397;1.987650105287121
2022-05-01;SZ;Eswatini;359;70643;0;1397;1.9775490848350155
2022-05-08;SZ;Eswatini;446;71089;3;1400;1.9693623486052696
2022-05-15;SZ;Eswatini;609;71698;2;1402;1.9554241401433792
2022-05-22;SZ;Eswatini;427;72125;2;1404;1.9466204506065856
2022-05-29;SZ;Eswatini;265;72390;2;1406;1.942257217847769
2022-06-05;SZ;Eswatini;295;72685;4;1410;1.9398775538281627
2022-06-12;SZ;Eswatini;194;72879;0;1410;1.9347137035359978
2022-06-19;SZ;Eswatini;124;73003;4;1414;1.9369067024642823
2022-06-26;SZ;Eswatini;68;73071;1;1415;1.936472745685703
2022-07-03;SZ;Eswatini;62;73133;1;1416;1.9361984329919462
2022-07-10;SZ;Eswatini;80;73213;1;1417;1.9354486225123955
2022-07-17;SZ;Eswatini;29;73242;0;1417;1.9346822861199857
2022-07-24;SZ;Eswatini;11;73253;0;1417;1.9343917655249614
2022-07-31;SZ;Eswatini;26;73279;0;1417;1.9337054272028822
2022-08-07;SZ;Eswatini;22;73301;2;1419;1.9358535354224362
2022-08-14;SZ;Eswatini;25;73326;0;1419;1.935193519351935
2022-08-21;SZ;Eswatini;18;73344;0;1419;1.9347185863874345
2022-08-28;SZ;Eswatini;14;73358;3;1422;1.9384388887374246
2022-09-04;SZ;Eswatini;10;73368;0;1422;1.9381746810598626
2022-09-11;SZ;Eswatini;6;73374;0;1422;1.9380161910213425
2022-09-18;SZ;Eswatini;5;73379;0;1422;1.9378841357881684
2022-09-25;SZ;Eswatini;11;73390;0;1422;1.9375936776127538
2022-10-02;SZ;Eswatini;20;73410;0;1422;1.9370657948508379
2022-10-09;SZ;Eswatini;26;73436;0;1422;1.9363799771229369
2022-10-16;SZ;Eswatini;0;73436;0;1422;1.9363799771229369
2022-10-23;SZ;Eswatini;90;73526;0;1422;1.9340097380518457
2022-10-30;SZ;Eswatini;32;73558;0;1422;1.9331683841322493
2022-11-06;SZ;Eswatini;60;73618;0;1422;1.9315928169741097
2022-11-13;SZ;Eswatini;90;73708;0;1422;1.929234275790959
2022-11-20;SZ;Eswatini;62;73770;0;1422;1.9276128507523385
2022-11-27;SZ;Eswatini;0;73770;0;1422;1.9276128507523385
2022-12-04;SZ;Eswatini;138;73908;0;1422;1.9240136385776911
2022-12-11;SZ;Eswatini;54;73962;0;1422;1.9226089072767096
2022-12-18;SZ;Eswatini;30;73992;0;1422;1.9218293869607526
2022-12-25;SZ;Eswatini;29;74021;0;1422;1.9210764512773402
2023-01-01;SZ;Eswatini;13;74034;0;1422;1.9207391198638464
2023-01-08;SZ;Eswatini;19;74053;0;1422;1.9202463100752163
2023-01-15;SZ;Eswatini;33;74086;0;1422;1.9193909780525333
2023-01-22;SZ;Eswatini;28;74114;0;1422;1.9186658391127183
2023-01-29;SZ;Eswatini;19;74133;0;1422;1.9181740925094086
2023-02-05;SZ;Eswatini;10;74143;1;1423;1.9192641247319369
2023-02-12;SZ;Eswatini;15;74158;0;1423;1.9188759135899027
2023-02-19;SZ;Eswatini;41;74199;0;1423;1.9178156039838812
2023-02-26;SZ;Eswatini;0;74199;0;1423;1.9178156039838812
2023-03-05;SZ;Eswatini;68;74267;2;1425;1.9187526088303013
2023-03-12;SZ;Eswatini;56;74323;0;1425;1.9173068901954982
2023-03-19;SZ;Eswatini;0;74323;0;1425;1.9173068901954982
2023-03-26;SZ;Eswatini;0;74323;0;1425;1.9173068901954982
2023-04-02;SZ;Eswatini;0;74323;0;1425;1.9173068901954982
2023-04-09;SZ;Eswatini;197;74520;0;1425;1.9122383252818036
2023-04-16;SZ;Eswatini;66;74586;0;1425;1.9105462151073929
2023-04-23;SZ;Eswatini;41;74627;0;1425;1.9094965629061866
2023-04-30;SZ;Eswatini;43;74670;0;1425;1.9083969465648856
2023-05-07;SZ;Eswatini;28;74698;0;1425;1.9076815979008808
2023-05-14;SZ;Eswatini;30;74728;0;1425;1.9069157477786105
2023-05-21;SZ;Eswatini;32;74760;1;1426;1.9074371321562331
2023-05-28;SZ;Eswatini;45;74805;1;1427;1.9076264955551099
2023-06-04;SZ;Eswatini;47;74852;0;1427;1.9064286859402555
2023-06-11;SZ;Eswatini;30;74882;0;1427;1.9056649127961327
2023-06-18;SZ;Eswatini;0;74882;0;1427;1.9056649127961327
2023-06-25;SZ;Eswatini;0;74882;0;1427;1.9056649127961327
2023-07-02;SZ;Eswatini;0;74882;0;1427;1.9056649127961327
2023-07-09;SZ;Eswatini;0;74882;0;1427;1.9056649127961327
2023-07-16;SZ;Eswatini;0;74882;0;1427;1.9056649127961327
2023-07-23;SZ;Eswatini;0;74882;0;1427;1.9056649127961327
2023-07-30;SZ;Eswatini;0;74882;0;1427;1.9056649127961327
2023-08-06;SZ;Eswatini;0;74882;0;1427;1.9056649127961327
2023-08-13;SZ;Eswatini;100;74982;0;1427;1.9031234162865753
2023-08-20;SZ;Eswatini;2;74984;0;1427;1.9030726554998398
2023-08-27;SZ;Eswatini;3;74987;0;1427;1.9029965193966953
2023-09-03;SZ;Eswatini;0;74987;0;1427;1.9029965193966953
2023-09-10;SZ;Eswatini;2;74989;0;1427;1.9029457653789223
2023-09-17;SZ;Eswatini;2;74991;0;1427;1.9028950140683547
2023-09-24;SZ;Eswatini;5;74996;0;1427;1.9027681476345406
2023-10-01;SZ;Eswatini;4;75000;0;1427;1.9026666666666667
2023-10-08;SZ;Eswatini;7;75007;0;1427;1.9024891010172382
2023-10-15;SZ;Eswatini;45;75052;0;1427;1.9013483984437456
2023-10-22;SZ;Eswatini;42;75094;0;1427;1.900284976163209
2023-10-29;SZ;Eswatini;33;75127;0;1427;1.8994502642192552
2023-11-05;SZ;Eswatini;22;75149;0;1427;1.8988941968622337
2023-11-12;SZ;Eswatini;17;75166;0;1427;1.8984647313945133
2023-11-19;SZ;Eswatini;5;75171;0;1427;1.8983384549892912
2023-11-26;SZ;Eswatini;13;75184;0;1427;1.898010214939349
2023-12-03;SZ;Eswatini;4;75188;0;1427;1.8979092408363036
2023-12-10;SZ;Eswatini;1;75189;0;1427;1.8978839989892138
2023-12-17;SZ;Eswatini;0;75189;0;1427;1.8978839989892138
2023-12-24;SZ;Eswatini;2;75191;0;1427;1.8978335173092526
2023-12-31;SZ;Eswatini;0;75191;0;1427;1.8978335173092526
2024-01-07;SZ;Eswatini;0;75191;0;1427;1.8978335173092526
2024-01-14;SZ;Eswatini;0;75191;0;1427;1.8978335173092526
2024-01-21;SZ;Eswatini;0;75191;0;1427;1.8978335173092526
2020-01-05;ET;Ethiopia;0;0;0;0;0.0
2020-01-12;ET;Ethiopia;0;0;0;0;0.0
2020-01-19;ET;Ethiopia;0;0;0;0;0.0
2020-01-26;ET;Ethiopia;0;0;0;0;0.0
2020-02-02;ET;Ethiopia;0;0;0;0;0.0
2020-02-09;ET;Ethiopia;0;0;0;0;0.0
2020-02-16;ET;Ethiopia;0;0;0;0;0.0
2020-02-23;ET;Ethiopia;0;0;0;0;0.0
2020-03-01;ET;Ethiopia;0;0;0;0;0.0
2020-03-08;ET;Ethiopia;0;0;0;0;0.0
2020-03-15;ET;Ethiopia;1;1;0;0;0.0
2020-03-22;ET;Ethiopia;8;9;0;0;0.0
2020-03-29;ET;Ethiopia;7;16;0;0;0.0
2020-04-05;ET;Ethiopia;22;38;0;0;0.0
2020-05-10;ET;Ethiopia;77;210;1;25;11.904761904761903
2020-05-17;ET;Ethiopia;96;306;0;25;8.169934640522875
2020-05-24;ET;Ethiopia;188;494;0;25;5.060728744939271
2020-05-31;ET;Ethiopia;569;1063;3;28;2.634054562558796
2020-06-07;ET;Ethiopia;871;1934;9;37;1.9131334022750777
2020-06-14;ET;Ethiopia;1232;3166;35;72;2.274162981680354
2020-06-21;ET;Ethiopia;1303;4469;17;89;1.9914969791899755
2020-06-28;ET;Ethiopia;1101;5570;22;111;1.992818671454219
2020-07-05;ET;Ethiopia;816;6386;22;133;2.082680864390855
2020-07-12;ET;Ethiopia;1174;7560;11;144;1.9047619047619049
2020-07-19;ET;Ethiopia;1943;9503;38;182;1.915184678522572
2020-07-26;ET;Ethiopia;3745;13248;42;224;1.6908212560386473
2020-08-02;ET;Ethiopia;4751;17999;75;299;1.6612034001888993
2020-08-09;ET;Ethiopia;4254;22253;108;407;1.828966880869995
2020-08-16;ET;Ethiopia;6641;28894;119;526;1.8204471516577836
2020-08-23;ET;Ethiopia;10139;39033;153;679;1.739553710962519
2020-08-30;ET;Ethiopia;10621;49654;92;771;1.5527449953679462
2020-09-06;ET;Ethiopia;7812;57466;127;898;1.5626631399436188
2020-09-13;ET;Ethiopia;6422;63888;99;997;1.5605434510393188
2020-09-20;ET;Ethiopia;4243;68131;93;1090;1.5998590949787908
2020-09-27;ET;Ethiopia;4569;72700;76;1166;1.6038514442916092
2020-10-04;ET;Ethiopia;5160;77860;48;1214;1.559208836372977
2020-10-11;ET;Ethiopia;5569;83429;63;1277;1.5306428220402977
2020-10-18;ET;Ethiopia;5005;88434;69;1346;1.5220390347603863
2020-10-25;ET;Ethiopia;4424;92858;73;1419;1.5281397402485515
2020-11-01;ET;Ethiopia;3311;96169;50;1469;1.5275192629641567
2020-11-08;ET;Ethiopia;3035;99204;49;1518;1.530180234667957
2020-11-15;ET;Ethiopia;3117;102321;47;1565;1.5295002980815278
2020-11-22;ET;Ethiopia;3031;105352;71;1636;1.5528893613789962
2020-11-29;ET;Ethiopia;3578;108930;59;1695;1.5560451666207655
2020-12-06;ET;Ethiopia;3810;112740;50;1745;1.5478091183253504
2020-12-13;ET;Ethiopia;3557;116297;58;1803;1.5503409374274488
2020-12-20;ET;Ethiopia;3197;119494;43;1846;1.5448474400388303
2020-12-27;ET;Ethiopia;2919;122413;55;1901;1.5529396387638568
2021-01-03;ET;Ethiopia;2636;125049;43;1944;1.5545906004846102
2021-01-10;ET;Ethiopia;2743;127792;41;1985;1.5533053712282459
2021-01-17;ET;Ethiopia;2980;130772;44;2029;1.551555378827272
2021-01-24;ET;Ethiopia;2526;133298;34;2063;1.5476601299344326
2021-01-31;ET;Ethiopia;3723;137021;28;2091;1.5260434531933063
2021-02-07;ET;Ethiopia;4432;141453;54;2145;1.516404742211194
2021-02-14;ET;Ethiopia;4251;145704;36;2181;1.496870367320046
2021-02-21;ET;Ethiopia;6153;151857;90;2271;1.4954858847468342
2021-02-28;ET;Ethiopia;6201;158058;83;2354;1.4893267028559136
2021-03-07;ET;Ethiopia;6971;165029;66;2420;1.4664089341873248
2021-03-14;ET;Ethiopia;9025;174054;120;2540;1.459317223390442
2021-03-21;ET;Ethiopia;11587;185641;107;2647;1.4258703626892766
2021-03-28;ET;Ethiopia;13153;198794;137;2784;1.400444681429017
2021-04-04;ET;Ethiopia;14517;213311;152;2936;1.3763940912564283
2021-04-11;ET;Ethiopia;13944;227255;210;3146;1.3843479791423732
2021-04-18;ET;Ethiopia;12981;240236;182;3328;1.3853044506235535
2021-04-25;ET;Ethiopia;10719;250955;203;3531;1.4070251638740012
2021-05-02;ET;Ethiopia;7107;258062;178;3709;1.4372515132022539
2021-05-09;ET;Ethiopia;4155;262217;162;3871;1.476258213616966
2021-05-16;ET;Ethiopia;3615;265832;105;3976;1.4956814830419212
2021-05-23;ET;Ethiopia;3069;268901;92;4068;1.5128244223710585
2021-05-30;ET;Ethiopia;2299;271200;75;4143;1.5276548672566372
2021-06-06;ET;Ethiopia;1605;272805;58;4201;1.5399277872473012
2021-06-13;ET;Ethiopia;1223;274028;36;4237;1.5461923599048273
2021-06-20;ET;Ethiopia;1008;275036;43;4280;1.5561599208830843
2021-06-27;ET;Ethiopia;845;275881;29;4309;1.5619053142478099
2021-07-04;ET;Ethiopia;487;276368;21;4330;1.5667515776066694
2021-07-11;ET;Ethiopia;616;276984;13;4343;1.5679606042226266
2021-07-18;ET;Ethiopia;631;277615;11;4354;1.5683590584082272
2021-07-25;ET;Ethiopia;831;278446;13;4367;1.5683471840141356
2021-08-01;ET;Ethiopia;1919;280365;18;4385;1.5640326003602447
2021-08-08;ET;Ethiopia;3302;283667;36;4421;1.5585175575586867
2021-08-15;ET;Ethiopia;5121;288788;50;4471;1.5481945233181436
2021-08-22;ET;Ethiopia;6231;295019;82;4553;1.5432904321416587
2021-08-29;ET;Ethiopia;10058;305077;78;4631;1.5179774286491607
2021-09-05;ET;Ethiopia;8391;313468;118;4749;1.514987175724476
2021-09-12;ET;Ethiopia;9269;322737;158;4907;1.5204330461025541
2021-09-19;ET;Ethiopia;9266;332003;208;5115;1.5406487290777493
2021-09-26;ET;Ethiopia;8842;340845;254;5369;1.5752028047939677
2021-10-03;ET;Ethiopia;7127;347972;306;5675;1.630878346533629
2021-10-10;ET;Ethiopia;6061;354033;275;5950;1.6806342911536494
2021-10-17;ET;Ethiopia;4706;358739;247;6197;1.7274397263748853
2021-10-24;ET;Ethiopia;2908;361647;136;6333;1.75115513193805
2021-10-31;ET;Ethiopia;3313;364960;118;6451;1.7675909688733011
2021-11-07;ET;Ethiopia;2102;367062;80;6531;1.7792634486816943
2021-11-14;ET;Ethiopia;1584;368646;82;6613;1.7938618620573665
2021-11-21;ET;Ethiopia;1408;370054;59;6672;1.8029801056062087
2021-11-28;ET;Ethiopia;1123;371177;64;6736;1.8147676176056167
2021-12-05;ET;Ethiopia;913;372090;58;6794;1.8259023354564756
2021-12-12;ET;Ethiopia;910;373000;35;6829;1.8308310991957104
2021-12-19;ET;Ethiopia;2810;375810;32;6861;1.825656581783348
2021-12-26;ET;Ethiopia;19940;395750;33;6894;1.742008843967151
2022-01-02;ET;Ethiopia;28590;424340;53;6947;1.6371306028184947
2022-01-09;ET;Ethiopia;18999;443339;73;7020;1.5834384071782541
2022-01-16;ET;Ethiopia;12940;456279;111;7131;1.5628595661864781
2022-01-23;ET;Ethiopia;5454;461733;105;7236;1.5671394507215208
2022-01-30;ET;Ethiopia;3021;464754;91;7327;1.5765329615237307
2022-02-06;ET;Ethiopia;1701;466455;29;7356;1.577000996880728
2022-02-13;ET;Ethiopia;944;467399;65;7421;1.5877226951705075
2022-02-20;ET;Ethiopia;885;468284;17;7438;1.5883523673668114
2022-02-27;ET;Ethiopia;341;468625;20;7458;1.5914643905041344
2022-03-06;ET;Ethiopia;305;468930;18;7476;1.5942678011643527
2022-03-13;ET;Ethiopia;240;469170;9;7485;1.595370547989002
2022-03-20;ET;Ethiopia;271;469441;4;7489;1.595301646000243
2022-03-27;ET;Ethiopia;170;469611;3;7492;1.5953629706288823
2022-04-03;ET;Ethiopia;195;469806;12;7504;1.5972550371855618
2022-04-10;ET;Ethiopia;219;470025;5;7509;1.597574597095899
2022-04-17;ET;Ethiopia;234;470259;0;7509;1.596779646960505
2022-04-24;ET;Ethiopia;158;470417;1;7510;1.5964559103943947
2022-05-01;ET;Ethiopia;151;470568;0;7510;1.5959436255758999
2022-05-08;ET;Ethiopia;162;470730;0;7510;1.5953943874407837
2022-05-15;ET;Ethiopia;207;470937;0;7510;1.594693133051767
2022-05-22;ET;Ethiopia;406;471343;2;7512;1.59374383410807
2022-05-29;ET;Ethiopia;889;472232;1;7513;1.5909552931609887
2022-06-05;ET;Ethiopia;2483;474715;2;7515;1.5830550962156242
2022-06-12;ET;Ethiopia;3829;478544;1;7516;1.570597479019693
2022-06-19;ET;Ethiopia;5195;483739;6;7522;1.5549707590250115
2022-06-26;ET;Ethiopia;3478;487217;8;7530;1.5455125744791334
2022-07-03;ET;Ethiopia;2038;489255;8;7538;1.540709854779205
2022-07-10;ET;Ethiopia;1041;490296;13;7551;1.5400900680405305
2022-07-17;ET;Ethiopia;735;491031;10;7561;1.5398213147438757
2022-07-24;ET;Ethiopia;698;491729;5;7566;1.5386523877989706
2022-07-31;ET;Ethiopia;465;492194;2;7568;1.5376050906756278
2022-08-07;ET;Ethiopia;282;492476;1;7569;1.5369276878467173
2022-08-14;ET;Ethiopia;262;492738;0;7569;1.536110468443676
2022-08-21;ET;Ethiopia;222;492960;2;7571;1.5358244076598506
2022-08-28;ET;Ethiopia;172;493132;0;7571;1.535288725939505
2022-09-04;ET;Ethiopia;102;493234;1;7572;1.5351739742191333
2022-09-11;ET;Ethiopia;106;493340;0;7572;1.534844123728058
2022-09-18;ET;Ethiopia;89;493429;0;7572;1.5345672832362913
2022-09-25;ET;Ethiopia;76;493505;0;7572;1.5343309591594816
2022-10-02;ET;Ethiopia;82;493587;0;7572;1.5340760595396556
2022-10-09;ET;Ethiopia;95;493682;0;7572;1.5337808548822927
2022-10-16;ET;Ethiopia;99;493781;0;7572;1.5334733414205892
2022-10-23;ET;Ethiopia;83;493864;0;7572;1.5332156221145903
2022-10-30;ET;Ethiopia;75;493939;0;7572;1.5329828177163578
2022-11-06;ET;Ethiopia;100;494039;0;7572;1.5326725218049586
2022-11-13;ET;Ethiopia;141;494180;0;7572;1.5322352179367842
2022-11-20;ET;Ethiopia;120;494300;0;7572;1.5318632409467934
2022-11-27;ET;Ethiopia;162;494462;0;7572;1.5313613584057015
2022-12-04;ET;Ethiopia;264;494726;0;7572;1.5305441800107533
2022-12-11;ET;Ethiopia;470;495196;0;7572;1.5290915112399939
2022-12-18;ET;Ethiopia;887;496083;0;7572;1.5263574845338381
2022-12-25;ET;Ethiopia;1013;497096;0;7572;1.5232470186845197
2023-01-01;ET;Ethiopia;905;498001;0;7572;1.5204788745404125
2023-01-08;ET;Ethiopia;659;498660;0;7572;1.5184694982553242
2023-01-15;ET;Ethiopia;422;499082;0;7572;1.5171855526747107
2023-01-22;ET;Ethiopia;213;499295;0;7572;1.516538319029832
2023-01-29;ET;Ethiopia;171;499466;0;7572;1.5160191084077794
2023-02-05;ET;Ethiopia;177;499643;0;7572;1.5154820541866894
2023-02-12;ET;Ethiopia;118;499761;0;7572;1.5151242293816445
2023-02-19;ET;Ethiopia;98;499859;0;7572;1.5148271812651168
2023-02-26;ET;Ethiopia;100;499959;0;7572;1.5145241909836606
2023-03-05;ET;Ethiopia;80;500039;0;7572;1.514281886012891
2023-03-12;ET;Ethiopia;111;500150;0;7572;1.5139458162551234
2023-03-19;ET;Ethiopia;109;500259;0;7572;1.5136159469394854
2023-03-26;ET;Ethiopia;177;500436;1;7573;1.5132804194742187
2023-04-02;ET;Ethiopia;128;500564;0;7573;1.5128934561814273
2023-04-09;ET;Ethiopia;143;500707;0;7573;1.5124613796092325
2023-04-16;ET;Ethiopia;67;500774;1;7574;1.512458713910866
2023-04-23;ET;Ethiopia;40;500814;0;7574;1.5123379138762094
2023-04-30;ET;Ethiopia;17;500831;0;7574;1.512286579704531
2023-05-07;ET;Ethiopia;22;500853;0;7574;1.5122201524199714
2023-05-14;ET;Ethiopia;15;500868;0;7574;1.5121748644353403
2023-05-21;ET;Ethiopia;9;500877;0;7574;1.5121476929465718
2023-05-28;ET;Ethiopia;13;500890;0;7574;1.5121084469644033
2023-06-04;ET;Ethiopia;18;500908;0;7574;1.5120541097367182
2023-06-11;ET;Ethiopia;8;500916;0;7574;1.5120299611112442
2023-06-18;ET;Ethiopia;4;500920;0;7574;1.5120178870877585
2023-06-25;ET;Ethiopia;0;500920;0;7574;1.5120178870877585
2023-07-02;ET;Ethiopia;0;500920;0;7574;1.5120178870877585
2023-07-09;ET;Ethiopia;23;500943;0;7574;1.511948465194643
2023-07-16;ET;Ethiopia;3;500946;0;7574;1.5119394106350783
2023-07-23;ET;Ethiopia;0;500946;0;7574;1.5119394106350783
2023-07-30;ET;Ethiopia;0;500946;0;7574;1.5119394106350783
2023-08-06;ET;Ethiopia;45;500991;0;7574;1.5118036052543857
2023-08-13;ET;Ethiopia;0;500991;0;7574;1.5118036052543857
2023-08-20;ET;Ethiopia;0;500991;0;7574;1.5118036052543857
2023-08-27;ET;Ethiopia;0;500991;0;7574;1.5118036052543857
2023-09-03;ET;Ethiopia;46;501037;0;7574;1.5116648071898882
2023-09-10;ET;Ethiopia;12;501049;0;7574;1.5116286031905064
2023-09-17;ET;Ethiopia;11;501060;0;7574;1.5115954177144455
2023-09-24;ET;Ethiopia;0;501060;0;7574;1.5115954177144455
2023-10-01;ET;Ethiopia;0;501060;0;7574;1.5115954177144455
2023-10-08;ET;Ethiopia;4;501064;0;7574;1.5115833506298597
2023-10-15;ET;Ethiopia;1;501065;0;7574;1.5115803338888167
2023-10-22;ET;Ethiopia;7;501072;0;7574;1.5115592170386691
2023-10-29;ET;Ethiopia;5;501077;0;7574;1.511544133935503
2023-11-05;ET;Ethiopia;10;501087;0;7574;1.5115139686321937
2023-11-12;ET;Ethiopia;5;501092;0;7574;1.5114988864320325
2023-11-19;ET;Ethiopia;1;501093;0;7574;1.5114958700281185
2023-11-26;ET;Ethiopia;11;501104;0;7574;1.5114626903796418
2023-12-03;ET;Ethiopia;13;501117;0;7574;1.511423479945801
2023-12-10;ET;Ethiopia;0;501117;0;7574;1.511423479945801
2023-12-17;ET;Ethiopia;0;501117;0;7574;1.511423479945801
2023-12-24;ET;Ethiopia;0;501117;0;7574;1.511423479945801
2023-12-31;ET;Ethiopia;0;501117;0;7574;1.511423479945801
2024-01-07;ET;Ethiopia;0;501117;0;7574;1.511423479945801
2024-01-14;ET;Ethiopia;0;501117;0;7574;1.511423479945801
2024-01-21;ET;Ethiopia;0;501117;0;7574;1.511423479945801
2020-01-05;FK;Falkland Islands (Malvinas);0;0;0;0;0.0
2020-01-12;FK;Falkland Islands (Malvinas);0;0;0;0;0.0
2020-01-19;FK;Falkland Islands (Malvinas);0;0;0;0;0.0
2020-01-26;FK;Falkland Islands (Malvinas);0;0;0;0;0.0
2020-02-02;FK;Falkland Islands (Malvinas);0;0;0;0;0.0
2020-02-09;FK;Falkland Islands (Malvinas);0;0;0;0;0.0
2020-02-16;FK;Falkland Islands (Malvinas);0;0;0;0;0.0
2020-02-23;FK;Falkland Islands (Malvinas);0;0;0;0;0.0
2020-03-01;FK;Falkland Islands (Malvinas);0;0;0;0;0.0
2020-03-08;FK;Falkland Islands (Malvinas);0;0;0;0;0.0
2020-03-15;FK;Falkland Islands (Malvinas);0;0;0;0;0.0
2020-03-22;FK;Falkland Islands (Malvinas);0;0;0;0;0.0
2020-03-29;FK;Falkland Islands (Malvinas);0;0;0;0;0.0
2020-04-05;FK;Falkland Islands (Malvinas);1;1;0;0;0.0
2020-04-12;FK;Falkland Islands (Malvinas);4;5;0;0;0.0
2020-04-19;FK;Falkland Islands (Malvinas);6;11;0;0;0.0
2020-04-26;FK;Falkland Islands (Malvinas);2;13;0;0;0.0
2020-05-03;FK;Falkland Islands (Malvinas);0;13;0;0;0.0
2020-05-10;FK;Falkland Islands (Malvinas);0;13;0;0;0.0
2020-05-17;FK;Falkland Islands (Malvinas);0;13;0;0;0.0
2020-05-24;FK;Falkland Islands (Malvinas);0;13;0;0;0.0
2020-05-31;FK;Falkland Islands (Malvinas);0;13;0;0;0.0
2020-06-07;FK;Falkland Islands (Malvinas);0;13;0;0;0.0
2020-06-14;FK;Falkland Islands (Malvinas);0;13;0;0;0.0
2020-06-21;FK;Falkland Islands (Malvinas);0;13;0;0;0.0
2020-06-28;FK;Falkland Islands (Malvinas);0;13;0;0;0.0
2020-07-05;FK;Falkland Islands (Malvinas);0;13;0;0;0.0
2020-07-12;FK;Falkland Islands (Malvinas);0;13;0;0;0.0
2020-07-19;FK;Falkland Islands (Malvinas);0;13;0;0;0.0
2020-07-26;FK;Falkland Islands (Malvinas);0;13;0;0;0.0
2020-08-02;FK;Falkland Islands (Malvinas);0;13;0;0;0.0
2020-08-09;FK;Falkland Islands (Malvinas);0;13;0;0;0.0
2020-08-16;FK;Falkland Islands (Malvinas);0;13;0;0;0.0
2020-08-23;FK;Falkland Islands (Malvinas);0;13;0;0;0.0
2020-08-30;FK;Falkland Islands (Malvinas);0;13;0;0;0.0
2020-09-06;FK;Falkland Islands (Malvinas);0;13;0;0;0.0
2020-09-13;FK;Falkland Islands (Malvinas);0;13;0;0;0.0
2020-09-20;FK;Falkland Islands (Malvinas);0;13;0;0;0.0
2020-09-27;FK;Falkland Islands (Malvinas);0;13;0;0;0.0
2020-10-04;FK;Falkland Islands (Malvinas);0;13;0;0;0.0
2020-10-11;FK;Falkland Islands (Malvinas);0;13;0;0;0.0
2020-10-18;FK;Falkland Islands (Malvinas);0;13;0;0;0.0
2020-10-25;FK;Falkland Islands (Malvinas);0;13;0;0;0.0
2020-11-01;FK;Falkland Islands (Malvinas);0;13;0;0;0.0
2020-11-08;FK;Falkland Islands (Malvinas);0;13;0;0;0.0
2020-11-15;FK;Falkland Islands (Malvinas);2;15;0;0;0.0
2020-11-22;FK;Falkland Islands (Malvinas);1;16;0;0;0.0
2020-11-29;FK;Falkland Islands (Malvinas);1;17;0;0;0.0
2020-12-06;FK;Falkland Islands (Malvinas);0;17;0;0;0.0
2020-12-13;FK;Falkland Islands (Malvinas);2;19;0;0;0.0
2020-12-20;FK;Falkland Islands (Malvinas);4;23;0;0;0.0
2020-12-27;FK;Falkland Islands (Malvinas);6;29;0;0;0.0
2021-01-03;FK;Falkland Islands (Malvinas);0;29;0;0;0.0
2021-01-10;FK;Falkland Islands (Malvinas);0;29;0;0;0.0
2021-01-17;FK;Falkland Islands (Malvinas);3;32;0;0;0.0
2021-01-24;FK;Falkland Islands (Malvinas);5;37;0;0;0.0
2021-01-31;FK;Falkland Islands (Malvinas);3;40;0;0;0.0
2021-02-07;FK;Falkland Islands (Malvinas);4;44;0;0;0.0
2021-02-14;FK;Falkland Islands (Malvinas);5;49;0;0;0.0
2021-02-21;FK;Falkland Islands (Malvinas);0;49;0;0;0.0
2021-02-28;FK;Falkland Islands (Malvinas);2;51;0;0;0.0
2021-03-07;FK;Falkland Islands (Malvinas);0;51;0;0;0.0
2021-03-14;FK;Falkland Islands (Malvinas);0;51;0;0;0.0
2021-03-21;FK;Falkland Islands (Malvinas);0;51;0;0;0.0
2021-03-28;FK;Falkland Islands (Malvinas);0;51;0;0;0.0
2021-04-04;FK;Falkland Islands (Malvinas);1;52;0;0;0.0
2021-04-11;FK;Falkland Islands (Malvinas);8;60;0;0;0.0
2021-04-18;FK;Falkland Islands (Malvinas);0;60;0;0;0.0
2021-04-25;FK;Falkland Islands (Malvinas);0;60;0;0;0.0
2021-05-02;FK;Falkland Islands (Malvinas);0;60;0;0;0.0
2021-05-09;FK;Falkland Islands (Malvinas);0;60;0;0;0.0
2021-05-16;FK;Falkland Islands (Malvinas);0;60;0;0;0.0
2021-05-23;FK;Falkland Islands (Malvinas);0;60;0;0;0.0
2021-05-30;FK;Falkland Islands (Malvinas);0;60;0;0;0.0
2021-06-06;FK;Falkland Islands (Malvinas);0;60;0;0;0.0
2021-06-13;FK;Falkland Islands (Malvinas);0;60;0;0;0.0
2021-06-20;FK;Falkland Islands (Malvinas);0;60;0;0;0.0
2021-06-27;FK;Falkland Islands (Malvinas);0;60;0;0;0.0
2021-07-04;FK;Falkland Islands (Malvinas);0;60;0;0;0.0
2021-07-11;FK;Falkland Islands (Malvinas);0;60;0;0;0.0
2021-07-18;FK;Falkland Islands (Malvinas);0;60;0;0;0.0
2021-07-25;FK;Falkland Islands (Malvinas);0;60;0;0;0.0
2021-08-01;FK;Falkland Islands (Malvinas);0;60;0;0;0.0
2021-08-08;FK;Falkland Islands (Malvinas);4;64;0;0;0.0
2021-08-15;FK;Falkland Islands (Malvinas);0;64;0;0;0.0
2021-08-22;FK;Falkland Islands (Malvinas);0;64;0;0;0.0
2021-08-29;FK;Falkland Islands (Malvinas);0;64;0;0;0.0
2021-09-05;FK;Falkland Islands (Malvinas);0;64;0;0;0.0
2021-09-12;FK;Falkland Islands (Malvinas);0;64;0;0;0.0
2021-09-19;FK;Falkland Islands (Malvinas);0;64;0;0;0.0
2021-09-26;FK;Falkland Islands (Malvinas);3;67;0;0;0.0
2021-10-03;FK;Falkland Islands (Malvinas);0;67;0;0;0.0
2021-10-10;FK;Falkland Islands (Malvinas);2;69;0;0;0.0
2021-10-17;FK;Falkland Islands (Malvinas);0;69;0;0;0.0
2021-10-24;FK;Falkland Islands (Malvinas);0;69;0;0;0.0
2021-10-31;FK;Falkland Islands (Malvinas);0;69;0;0;0.0
2021-11-07;FK;Falkland Islands (Malvinas);9;78;0;0;0.0
2021-11-14;FK;Falkland Islands (Malvinas);1;79;0;0;0.0
2021-11-21;FK;Falkland Islands (Malvinas);0;79;0;0;0.0
2021-11-28;FK;Falkland Islands (Malvinas);0;79;0;0;0.0
2021-12-05;FK;Falkland Islands (Malvinas);0;79;0;0;0.0
2021-12-12;FK;Falkland Islands (Malvinas);1;80;0;0;0.0
2021-12-19;FK;Falkland Islands (Malvinas);1;81;0;0;0.0
2021-12-26;FK;Falkland Islands (Malvinas);0;81;0;0;0.0
2022-01-02;FK;Falkland Islands (Malvinas);1;82;0;0;0.0
2022-01-09;FK;Falkland Islands (Malvinas);3;85;0;0;0.0
2022-01-16;FK;Falkland Islands (Malvinas);0;85;0;0;0.0
2022-01-23;FK;Falkland Islands (Malvinas);1;86;0;0;0.0
2022-01-30;FK;Falkland Islands (Malvinas);3;89;0;0;0.0
2022-02-06;FK;Falkland Islands (Malvinas);2;91;0;0;0.0
2022-02-13;FK;Falkland Islands (Malvinas);7;98;0;0;0.0
2022-02-20;FK;Falkland Islands (Malvinas);7;105;0;0;0.0
2022-02-27;FK;Falkland Islands (Malvinas);5;110;0;0;0.0
2022-03-06;FK;Falkland Islands (Malvinas);5;115;0;0;0.0
2022-03-13;FK;Falkland Islands (Malvinas);3;118;0;0;0.0
2022-03-20;FK;Falkland Islands (Malvinas);1;119;0;0;0.0
2022-03-27;FK;Falkland Islands (Malvinas);0;119;0;0;0.0
2022-04-03;FK;Falkland Islands (Malvinas);5;124;0;0;0.0
2022-04-10;FK;Falkland Islands (Malvinas);5;129;0;0;0.0
2022-04-17;FK;Falkland Islands (Malvinas);2;131;0;0;0.0
2022-04-24;FK;Falkland Islands (Malvinas);21;152;0;0;0.0
2022-05-01;FK;Falkland Islands (Malvinas);29;181;0;0;0.0
2022-05-08;FK;Falkland Islands (Malvinas);211;392;0;0;0.0
2022-05-15;FK;Falkland Islands (Malvinas);734;1126;0;0;0.0
2022-05-22;FK;Falkland Islands (Malvinas);0;1126;0;0;0.0
2022-05-29;FK;Falkland Islands (Malvinas);537;1663;0;0;0.0
2022-06-05;FK;Falkland Islands (Malvinas);54;1717;0;0;0.0
2022-06-12;FK;Falkland Islands (Malvinas);16;1733;0;0;0.0
2022-06-19;FK;Falkland Islands (Malvinas);23;1756;0;0;0.0
2022-06-26;FK;Falkland Islands (Malvinas);51;1807;0;0;0.0
2022-07-03;FK;Falkland Islands (Malvinas);8;1815;0;0;0.0
2022-07-10;FK;Falkland Islands (Malvinas);16;1831;0;0;0.0
2022-07-17;FK;Falkland Islands (Malvinas);0;1831;0;0;0.0
2022-07-24;FK;Falkland Islands (Malvinas);4;1835;0;0;0.0
2022-07-31;FK;Falkland Islands (Malvinas);4;1839;0;0;0.0
2022-08-07;FK;Falkland Islands (Malvinas);8;1847;0;0;0.0
2022-08-14;FK;Falkland Islands (Malvinas);20;1867;0;0;0.0
2022-08-21;FK;Falkland Islands (Malvinas);14;1881;0;0;0.0
2022-08-28;FK;Falkland Islands (Malvinas);5;1886;0;0;0.0
2022-09-04;FK;Falkland Islands (Malvinas);0;1886;0;0;0.0
2022-09-11;FK;Falkland Islands (Malvinas);0;1886;0;0;0.0
2022-09-18;FK;Falkland Islands (Malvinas);0;1886;0;0;0.0
2022-09-25;FK;Falkland Islands (Malvinas);0;1886;0;0;0.0
2022-10-02;FK;Falkland Islands (Malvinas);37;1923;0;0;0.0
2022-10-09;FK;Falkland Islands (Malvinas);0;1923;0;0;0.0
2022-10-16;FK;Falkland Islands (Malvinas);0;1923;0;0;0.0
2022-10-23;FK;Falkland Islands (Malvinas);0;1923;0;0;0.0
2022-10-30;FK;Falkland Islands (Malvinas);0;1923;0;0;0.0
2022-11-06;FK;Falkland Islands (Malvinas);0;1923;0;0;0.0
2022-11-13;FK;Falkland Islands (Malvinas);0;1923;0;0;0.0
2022-11-20;FK;Falkland Islands (Malvinas);0;1923;0;0;0.0
2022-11-27;FK;Falkland Islands (Malvinas);0;1923;0;0;0.0
2022-12-04;FK;Falkland Islands (Malvinas);0;1923;0;0;0.0
2022-12-11;FK;Falkland Islands (Malvinas);0;1923;0;0;0.0
2022-12-18;FK;Falkland Islands (Malvinas);0;1923;0;0;0.0
2022-12-25;FK;Falkland Islands (Malvinas);0;1923;0;0;0.0
2023-01-01;FK;Falkland Islands (Malvinas);0;1923;0;0;0.0
2023-01-08;FK;Falkland Islands (Malvinas);0;1923;0;0;0.0
2023-01-15;FK;Falkland Islands (Malvinas);0;1923;0;0;0.0
2023-01-22;FK;Falkland Islands (Malvinas);0;1923;0;0;0.0
2023-01-29;FK;Falkland Islands (Malvinas);0;1923;0;0;0.0
2023-02-05;FK;Falkland Islands (Malvinas);0;1923;0;0;0.0
2023-02-12;FK;Falkland Islands (Malvinas);0;1923;0;0;0.0
2023-02-19;FK;Falkland Islands (Malvinas);0;1923;0;0;0.0
2023-02-26;FK;Falkland Islands (Malvinas);0;1923;0;0;0.0
2023-03-05;FK;Falkland Islands (Malvinas);0;1923;0;0;0.0
2023-03-12;FK;Falkland Islands (Malvinas);0;1923;0;0;0.0
2023-03-19;FK;Falkland Islands (Malvinas);0;1923;0;0;0.0
2023-03-26;FK;Falkland Islands (Malvinas);0;1923;0;0;0.0
2023-04-02;FK;Falkland Islands (Malvinas);0;1923;0;0;0.0
2023-04-09;FK;Falkland Islands (Malvinas);0;1923;0;0;0.0
2023-04-16;FK;Falkland Islands (Malvinas);0;1923;0;0;0.0
2023-04-23;FK;Falkland Islands (Malvinas);0;1923;0;0;0.0
2023-04-30;FK;Falkland Islands (Malvinas);0;1923;0;0;0.0
2023-05-07;FK;Falkland Islands (Malvinas);0;1923;0;0;0.0
2023-05-14;FK;Falkland Islands (Malvinas);0;1923;0;0;0.0
2023-05-21;FK;Falkland Islands (Malvinas);0;1923;0;0;0.0
2023-05-28;FK;Falkland Islands (Malvinas);0;1923;0;0;0.0
2023-06-04;FK;Falkland Islands (Malvinas);0;1923;0;0;0.0
2023-06-11;FK;Falkland Islands (Malvinas);0;1923;0;0;0.0
2023-06-18;FK;Falkland Islands (Malvinas);0;1923;0;0;0.0
2023-06-25;FK;Falkland Islands (Malvinas);0;1923;0;0;0.0
2023-07-02;FK;Falkland Islands (Malvinas);0;1923;0;0;0.0
2023-07-09;FK;Falkland Islands (Malvinas);0;1923;0;0;0.0
2023-07-16;FK;Falkland Islands (Malvinas);0;1923;0;0;0.0
2023-07-23;FK;Falkland Islands (Malvinas);0;1923;0;0;0.0
2023-07-30;FK;Falkland Islands (Malvinas);0;1923;0;0;0.0
2023-08-06;FK;Falkland Islands (Malvinas);0;1923;0;0;0.0
2023-08-13;FK;Falkland Islands (Malvinas);0;1923;0;0;0.0
2023-08-20;FK;Falkland Islands (Malvinas);0;1923;0;0;0.0
2023-08-27;FK;Falkland Islands (Malvinas);0;1923;0;0;0.0
2023-09-03;FK;Falkland Islands (Malvinas);0;1923;0;0;0.0
2023-09-10;FK;Falkland Islands (Malvinas);0;1923;0;0;0.0
2023-09-17;FK;Falkland Islands (Malvinas);0;1923;0;0;0.0
2023-09-24;FK;Falkland Islands (Malvinas);0;1923;0;0;0.0
2023-10-01;FK;Falkland Islands (Malvinas);0;1923;0;0;0.0
2023-10-08;FK;Falkland Islands (Malvinas);0;1923;0;0;0.0
2023-10-15;FK;Falkland Islands (Malvinas);0;1923;0;0;0.0
2023-10-22;FK;Falkland Islands (Malvinas);0;1923;0;0;0.0
2023-10-29;FK;Falkland Islands (Malvinas);0;1923;0;0;0.0
2023-11-05;FK;Falkland Islands (Malvinas);0;1923;0;0;0.0
2023-11-12;FK;Falkland Islands (Malvinas);0;1923;0;0;0.0
2023-11-19;FK;Falkland Islands (Malvinas);0;1923;0;0;0.0
2023-11-26;FK;Falkland Islands (Malvinas);0;1923;0;0;0.0
2023-12-03;FK;Falkland Islands (Malvinas);0;1923;0;0;0.0
2023-12-10;FK;Falkland Islands (Malvinas);0;1923;0;0;0.0
2023-12-17;FK;Falkland Islands (Malvinas);0;1923;0;0;0.0
2023-12-24;FK;Falkland Islands (Malvinas);0;1923;0;0;0.0
2023-12-31;FK;Falkland Islands (Malvinas);0;1923;0;0;0.0
2024-01-07;FK;Falkland Islands (Malvinas);0;1923;0;0;0.0
2024-01-14;FK;Falkland Islands (Malvinas);0;1923;0;0;0.0
2024-01-21;FK;Falkland Islands (Malvinas);0;1923;0;0;0.0
2020-01-05;FO;Faroe Islands;0;0;0;0;0.0
2020-01-12;FO;Faroe Islands;0;0;0;0;0.0
2020-01-19;FO;Faroe Islands;0;0;0;0;0.0
2020-01-26;FO;Faroe Islands;0;0;0;0;0.0
2020-02-02;FO;Faroe Islands;0;0;0;0;0.0
2020-02-09;FO;Faroe Islands;0;0;0;0;0.0
2020-02-16;FO;Faroe Islands;0;0;0;0;0.0
2020-02-23;FO;Faroe Islands;0;0;0;0;0.0
2020-03-01;FO;Faroe Islands;0;0;0;0;0.0
2020-03-08;FO;Faroe Islands;2;2;0;0;0.0
2020-03-15;FO;Faroe Islands;8;10;0;0;0.0
2020-03-22;FO;Faroe Islands;90;100;0;0;0.0
2020-03-29;FO;Faroe Islands;56;156;0;0;0.0
2020-04-05;FO;Faroe Islands;25;181;0;0;0.0
2020-04-12;FO;Faroe Islands;3;184;0;0;0.0
2020-04-19;FO;Faroe Islands;1;185;0;0;0.0
2020-04-26;FO;Faroe Islands;2;187;0;0;0.0
2020-05-03;FO;Faroe Islands;0;187;0;0;0.0
2020-05-10;FO;Faroe Islands;0;187;0;0;0.0
2020-05-17;FO;Faroe Islands;0;187;0;0;0.0
2020-05-24;FO;Faroe Islands;0;187;0;0;0.0
2020-05-31;FO;Faroe Islands;0;187;0;0;0.0
2020-06-07;FO;Faroe Islands;0;187;0;0;0.0
2020-06-14;FO;Faroe Islands;0;187;0;0;0.0
2020-06-21;FO;Faroe Islands;0;187;0;0;0.0
2020-06-28;FO;Faroe Islands;0;187;0;0;0.0
2020-07-05;FO;Faroe Islands;0;187;0;0;0.0
2020-07-12;FO;Faroe Islands;1;188;0;0;0.0
2020-07-19;FO;Faroe Islands;0;188;0;0;0.0
2020-07-26;FO;Faroe Islands;26;214;0;0;0.0
2020-08-02;FO;Faroe Islands;11;225;0;0;0.0
2020-08-09;FO;Faroe Islands;81;306;0;0;0.0
2020-08-16;FO;Faroe Islands;64;370;0;0;0.0
2020-08-23;FO;Faroe Islands;14;384;0;0;0.0
2020-08-30;FO;Faroe Islands;30;414;0;0;0.0
2020-09-06;FO;Faroe Islands;2;416;0;0;0.0
2020-09-13;FO;Faroe Islands;5;421;0;0;0.0
2020-09-20;FO;Faroe Islands;13;434;0;0;0.0
2020-09-27;FO;Faroe Islands;29;463;0;0;0.0
2020-10-04;FO;Faroe Islands;13;476;0;0;0.0
2020-10-11;FO;Faroe Islands;4;480;0;0;0.0
2020-10-18;FO;Faroe Islands;6;486;0;0;0.0
2020-10-25;FO;Faroe Islands;7;493;0;0;0.0
2020-11-01;FO;Faroe Islands;5;498;0;0;0.0
2020-11-08;FO;Faroe Islands;0;498;0;0;0.0
2020-11-15;FO;Faroe Islands;2;500;0;0;0.0
2020-11-22;FO;Faroe Islands;2;502;0;0;0.0
2020-11-29;FO;Faroe Islands;3;505;0;0;0.0
2020-12-06;FO;Faroe Islands;4;509;0;0;0.0
2020-12-13;FO;Faroe Islands;19;528;0;0;0.0
2020-12-20;FO;Faroe Islands;14;542;0;0;0.0
2020-12-27;FO;Faroe Islands;32;574;0;0;0.0
2021-01-03;FO;Faroe Islands;43;617;0;0;0.0
2021-01-10;FO;Faroe Islands;32;649;1;1;0.15408320493066258
2021-01-17;FO;Faroe Islands;3;652;0;1;0.15337423312883436
2021-01-24;FO;Faroe Islands;3;655;0;1;0.15267175572519084
2021-01-31;FO;Faroe Islands;2;657;0;1;0.15220700152207
2021-02-07;FO;Faroe Islands;1;658;0;1;0.1519756838905775
2021-02-14;FO;Faroe Islands;2;660;0;1;0.15151515151515152
2021-02-21;FO;Faroe Islands;1;661;0;1;0.15128593040847202
2021-02-28;FO;Faroe Islands;0;661;0;1;0.15128593040847202
2021-03-07;FO;Faroe Islands;0;661;0;1;0.15128593040847202
2021-03-14;FO;Faroe Islands;3;664;0;1;0.15060240963855423
2021-03-21;FO;Faroe Islands;0;664;0;1;0.15060240963855423
2021-03-28;FO;Faroe Islands;0;664;0;1;0.15060240963855423
2021-04-04;FO;Faroe Islands;0;664;0;1;0.15060240963855423
2021-04-11;FO;Faroe Islands;0;664;0;1;0.15060240963855423
2021-04-18;FO;Faroe Islands;1;665;0;1;0.15037593984962408
2021-04-25;FO;Faroe Islands;1;666;0;1;0.15015015015015015
2021-05-02;FO;Faroe Islands;1;667;0;1;0.14992503748125938
2021-05-09;FO;Faroe Islands;4;671;0;1;0.14903129657228018
2021-05-16;FO;Faroe Islands;2;673;0;1;0.1485884101040119
2021-05-23;FO;Faroe Islands;3;676;0;1;0.14792899408284024
2021-05-30;FO;Faroe Islands;39;715;0;1;0.13986013986013987
2021-06-06;FO;Faroe Islands;29;744;0;1;0.13440860215053765
2021-06-13;FO;Faroe Islands;14;758;0;1;0.13192612137203166
2021-06-20;FO;Faroe Islands;6;764;0;1;0.13089005235602094
2021-06-27;FO;Faroe Islands;10;774;0;1;0.12919896640826875
2021-07-04;FO;Faroe Islands;10;784;0;1;0.12755102040816327
2021-07-11;FO;Faroe Islands;64;848;0;1;0.1179245283018868
2021-07-18;FO;Faroe Islands;76;924;0;1;0.10822510822510822
2021-07-25;FO;Faroe Islands;49;973;0;1;0.10277492291880781
2021-08-01;FO;Faroe Islands;13;986;0;1;0.10141987829614604
2021-08-08;FO;Faroe Islands;5;991;1;2;0.20181634712411706
2021-08-15;FO;Faroe Islands;4;995;0;2;0.20100502512562815
2021-08-22;FO;Faroe Islands;3;998;0;2;0.2004008016032064
2021-08-29;FO;Faroe Islands;5;1003;0;2;0.19940179461615154
2021-09-05;FO;Faroe Islands;6;1009;0;2;0.19821605550049554
2021-09-12;FO;Faroe Islands;29;1038;0;2;0.1926782273603083
2021-09-19;FO;Faroe Islands;24;1062;0;2;0.18832391713747645
2021-09-26;FO;Faroe Islands;56;1118;0;2;0.17889087656529518
2021-10-03;FO;Faroe Islands;95;1213;0;2;0.16488046166529266
2021-10-10;FO;Faroe Islands;69;1282;0;2;0.15600624024961
2021-10-17;FO;Faroe Islands;61;1343;0;2;0.14892032762472077
2021-10-24;FO;Faroe Islands;197;1540;0;2;0.12987012987012986
2021-10-31;FO;Faroe Islands;546;2086;0;2;0.09587727708533077
2021-11-07;FO;Faroe Islands;505;2591;3;5;0.19297568506368198
2021-11-14;FO;Faroe Islands;318;2909;2;7;0.24063251976624267
2021-11-21;FO;Faroe Islands;265;3174;5;12;0.3780718336483932
2021-11-28;FO;Faroe Islands;302;3476;1;13;0.3739930955120829
2021-12-05;FO;Faroe Islands;387;3863;0;13;0.3365260160497023
2021-12-12;FO;Faroe Islands;479;4342;0;13;0.29940119760479045
2021-12-19;FO;Faroe Islands;363;4705;0;13;0.27630180658873543
2021-12-26;FO;Faroe Islands;445;5150;0;13;0.2524271844660194
2022-01-02;FO;Faroe Islands;936;6086;1;14;0.23003614853762733
2022-01-09;FO;Faroe Islands;1473;7559;1;15;0.19843894695065487
2022-01-16;FO;Faroe Islands;2210;9769;0;15;0.15354693417954754
2022-01-23;FO;Faroe Islands;4062;13831;2;17;0.12291229845998121
2022-01-30;FO;Faroe Islands;4791;18622;1;18;0.09665986467618945
2022-02-06;FO;Faroe Islands;4973;23595;2;20;0.0847637211273575
2022-02-13;FO;Faroe Islands;4835;28430;2;22;0.07738304607808652
2022-02-20;FO;Faroe Islands;3454;31884;2;24;0.07527286413248024
2022-02-27;FO;Faroe Islands;2254;34138;4;28;0.08202003632315895
2022-03-06;FO;Faroe Islands;520;34658;0;28;0.08078942812626233
2022-03-13;FO;Faroe Islands;0;34658;0;28;0.08078942812626233
2022-03-20;FO;Faroe Islands;0;34658;0;28;0.08078942812626233
2022-03-27;FO;Faroe Islands;0;34658;0;28;0.08078942812626233
2022-04-03;FO;Faroe Islands;0;34658;0;28;0.08078942812626233
2022-04-10;FO;Faroe Islands;0;34658;0;28;0.08078942812626233
2022-04-17;FO;Faroe Islands;0;34658;0;28;0.08078942812626233
2022-04-24;FO;Faroe Islands;0;34658;0;28;0.08078942812626233
2022-05-01;FO;Faroe Islands;0;34658;0;28;0.08078942812626233
2022-05-08;FO;Faroe Islands;0;34658;0;28;0.08078942812626233
2022-05-15;FO;Faroe Islands;0;34658;0;28;0.08078942812626233
2022-05-22;FO;Faroe Islands;0;34658;0;28;0.08078942812626233
2022-05-29;FO;Faroe Islands;0;34658;0;28;0.08078942812626233
2022-06-05;FO;Faroe Islands;0;34658;0;28;0.08078942812626233
2022-06-12;FO;Faroe Islands;0;34658;0;28;0.08078942812626233
2022-06-19;FO;Faroe Islands;0;34658;0;28;0.08078942812626233
2022-06-26;FO;Faroe Islands;0;34658;0;28;0.08078942812626233
2022-07-03;FO;Faroe Islands;0;34658;0;28;0.08078942812626233
2022-07-10;FO;Faroe Islands;0;34658;0;28;0.08078942812626233
2022-07-17;FO;Faroe Islands;0;34658;0;28;0.08078942812626233
2022-07-24;FO;Faroe Islands;0;34658;0;28;0.08078942812626233
2022-07-31;FO;Faroe Islands;0;34658;0;28;0.08078942812626233
2022-08-07;FO;Faroe Islands;0;34658;0;28;0.08078942812626233
2022-08-14;FO;Faroe Islands;0;34658;0;28;0.08078942812626233
2022-08-21;FO;Faroe Islands;0;34658;0;28;0.08078942812626233
2022-08-28;FO;Faroe Islands;0;34658;0;28;0.08078942812626233
2022-09-04;FO;Faroe Islands;0;34658;0;28;0.08078942812626233
2022-09-11;FO;Faroe Islands;0;34658;0;28;0.08078942812626233
2022-09-18;FO;Faroe Islands;0;34658;0;28;0.08078942812626233
2022-09-25;FO;Faroe Islands;0;34658;0;28;0.08078942812626233
2022-10-02;FO;Faroe Islands;0;34658;0;28;0.08078942812626233
2022-10-09;FO;Faroe Islands;0;34658;0;28;0.08078942812626233
2022-10-16;FO;Faroe Islands;0;34658;0;28;0.08078942812626233
2022-10-23;FO;Faroe Islands;0;34658;0;28;0.08078942812626233
2022-10-30;FO;Faroe Islands;0;34658;0;28;0.08078942812626233
2022-11-06;FO;Faroe Islands;0;34658;0;28;0.08078942812626233
2022-11-13;FO;Faroe Islands;0;34658;0;28;0.08078942812626233
2022-11-20;FO;Faroe Islands;0;34658;0;28;0.08078942812626233
2022-11-27;FO;Faroe Islands;0;34658;0;28;0.08078942812626233
2022-12-04;FO;Faroe Islands;0;34658;0;28;0.08078942812626233
2022-12-11;FO;Faroe Islands;0;34658;0;28;0.08078942812626233
2022-12-18;FO;Faroe Islands;0;34658;0;28;0.08078942812626233
2022-12-25;FO;Faroe Islands;0;34658;0;28;0.08078942812626233
2023-01-01;FO;Faroe Islands;0;34658;0;28;0.08078942812626233
2023-01-08;FO;Faroe Islands;0;34658;0;28;0.08078942812626233
2023-01-15;FO;Faroe Islands;0;34658;0;28;0.08078942812626233
2023-01-22;FO;Faroe Islands;0;34658;0;28;0.08078942812626233
2023-01-29;FO;Faroe Islands;0;34658;0;28;0.08078942812626233
2023-02-05;FO;Faroe Islands;0;34658;0;28;0.08078942812626233
2023-02-12;FO;Faroe Islands;0;34658;0;28;0.08078942812626233
2023-02-19;FO;Faroe Islands;0;34658;0;28;0.08078942812626233
2023-02-26;FO;Faroe Islands;0;34658;0;28;0.08078942812626233
2023-03-05;FO;Faroe Islands;0;34658;0;28;0.08078942812626233
2023-03-12;FO;Faroe Islands;0;34658;0;28;0.08078942812626233
2023-03-19;FO;Faroe Islands;0;34658;0;28;0.08078942812626233
2023-03-26;FO;Faroe Islands;0;34658;0;28;0.08078942812626233
2023-04-02;FO;Faroe Islands;0;34658;0;28;0.08078942812626233
2023-04-09;FO;Faroe Islands;0;34658;0;28;0.08078942812626233
2023-04-16;FO;Faroe Islands;0;34658;0;28;0.08078942812626233
2023-04-23;FO;Faroe Islands;0;34658;0;28;0.08078942812626233
2023-04-30;FO;Faroe Islands;0;34658;0;28;0.08078942812626233
2023-05-07;FO;Faroe Islands;0;34658;0;28;0.08078942812626233
2023-05-14;FO;Faroe Islands;0;34658;0;28;0.08078942812626233
2023-05-21;FO;Faroe Islands;0;34658;0;28;0.08078942812626233
2023-05-28;FO;Faroe Islands;0;34658;0;28;0.08078942812626233
2023-06-04;FO;Faroe Islands;0;34658;0;28;0.08078942812626233
2023-06-11;FO;Faroe Islands;0;34658;0;28;0.08078942812626233
2023-06-18;FO;Faroe Islands;0;34658;0;28;0.08078942812626233
2023-06-25;FO;Faroe Islands;0;34658;0;28;0.08078942812626233
2023-07-02;FO;Faroe Islands;0;34658;0;28;0.08078942812626233
2023-07-09;FO;Faroe Islands;0;34658;0;28;0.08078942812626233
2023-07-16;FO;Faroe Islands;0;34658;0;28;0.08078942812626233
2023-07-23;FO;Faroe Islands;0;34658;0;28;0.08078942812626233
2023-07-30;FO;Faroe Islands;0;34658;0;28;0.08078942812626233
2023-08-06;FO;Faroe Islands;0;34658;0;28;0.08078942812626233
2023-08-13;FO;Faroe Islands;0;34658;0;28;0.08078942812626233
2023-08-20;FO;Faroe Islands;0;34658;0;28;0.08078942812626233
2023-08-27;FO;Faroe Islands;0;34658;0;28;0.08078942812626233
2023-09-03;FO;Faroe Islands;0;34658;0;28;0.08078942812626233
2023-09-10;FO;Faroe Islands;0;34658;0;28;0.08078942812626233
2023-09-17;FO;Faroe Islands;0;34658;0;28;0.08078942812626233
2023-09-24;FO;Faroe Islands;0;34658;0;28;0.08078942812626233
2023-10-01;FO;Faroe Islands;0;34658;0;28;0.08078942812626233
2023-10-08;FO;Faroe Islands;0;34658;0;28;0.08078942812626233
2023-10-15;FO;Faroe Islands;0;34658;0;28;0.08078942812626233
2023-10-22;FO;Faroe Islands;0;34658;0;28;0.08078942812626233
2023-10-29;FO;Faroe Islands;0;34658;0;28;0.08078942812626233
2023-11-05;FO;Faroe Islands;0;34658;0;28;0.08078942812626233
2023-11-12;FO;Faroe Islands;0;34658;0;28;0.08078942812626233
2023-11-19;FO;Faroe Islands;0;34658;0;28;0.08078942812626233
2023-11-26;FO;Faroe Islands;0;34658;0;28;0.08078942812626233
2023-12-03;FO;Faroe Islands;0;34658;0;28;0.08078942812626233
2023-12-10;FO;Faroe Islands;0;34658;0;28;0.08078942812626233
2023-12-17;FO;Faroe Islands;0;34658;0;28;0.08078942812626233
2023-12-24;FO;Faroe Islands;0;34658;0;28;0.08078942812626233
2023-12-31;FO;Faroe Islands;0;34658;0;28;0.08078942812626233
2024-01-07;FO;Faroe Islands;0;34658;0;28;0.08078942812626233
2024-01-14;FO;Faroe Islands;0;34658;0;28;0.08078942812626233
2024-01-21;FO;Faroe Islands;0;34658;0;28;0.08078942812626233
2020-01-05;FJ;Fiji;0;0;0;0;0.0
2020-01-12;FJ;Fiji;0;0;0;0;0.0
2020-01-19;FJ;Fiji;0;0;0;0;0.0
2020-01-26;FJ;Fiji;0;0;0;0;0.0
2020-02-02;FJ;Fiji;0;0;0;0;0.0
2020-02-09;FJ;Fiji;0;0;0;0;0.0
2020-02-16;FJ;Fiji;0;0;0;0;0.0
2020-02-23;FJ;Fiji;0;0;0;0;0.0
2020-03-01;FJ;Fiji;0;0;0;0;0.0
2020-03-08;FJ;Fiji;0;0;0;0;0.0
2020-03-15;FJ;Fiji;0;0;0;0;0.0
2020-03-22;FJ;Fiji;2;2;0;0;0.0
2020-03-29;FJ;Fiji;3;5;0;0;0.0
2020-04-05;FJ;Fiji;7;12;0;0;0.0
2020-04-12;FJ;Fiji;4;16;0;0;0.0
2020-04-19;FJ;Fiji;1;17;0;0;0.0
2020-04-26;FJ;Fiji;1;18;0;0;0.0
2020-05-03;FJ;Fiji;0;18;0;0;0.0
2020-05-10;FJ;Fiji;0;18;0;0;0.0
2020-05-17;FJ;Fiji;0;18;0;0;0.0
2020-05-24;FJ;Fiji;0;18;0;0;0.0
2020-05-31;FJ;Fiji;0;18;0;0;0.0
2020-06-07;FJ;Fiji;0;18;0;0;0.0
2020-06-14;FJ;Fiji;0;18;0;0;0.0
2020-06-21;FJ;Fiji;0;18;0;0;0.0
2020-06-28;FJ;Fiji;0;18;0;0;0.0
2020-07-05;FJ;Fiji;0;18;0;0;0.0
2020-07-12;FJ;Fiji;8;26;0;0;0.0
2020-07-19;FJ;Fiji;0;26;0;0;0.0
2020-07-26;FJ;Fiji;1;27;0;0;0.0
2020-08-02;FJ;Fiji;0;27;1;1;3.7037037037037033
2020-08-09;FJ;Fiji;0;27;0;1;3.7037037037037033
2020-08-16;FJ;Fiji;1;28;0;1;3.571428571428571
2020-08-23;FJ;Fiji;0;28;0;1;3.571428571428571
2020-08-30;FJ;Fiji;0;28;1;2;7.142857142857142
2020-09-06;FJ;Fiji;3;31;0;2;6.451612903225806
2020-09-13;FJ;Fiji;1;32;0;2;6.25
2020-09-20;FJ;Fiji;0;32;0;2;6.25
2020-09-27;FJ;Fiji;0;32;0;2;6.25
2020-10-04;FJ;Fiji;0;32;0;2;6.25
2020-10-11;FJ;Fiji;0;32;0;2;6.25
2020-10-18;FJ;Fiji;0;32;0;2;6.25
2020-10-25;FJ;Fiji;1;33;0;2;6.0606060606060606
2020-11-01;FJ;Fiji;1;34;0;2;5.88235294117647
2020-11-08;FJ;Fiji;0;34;0;2;5.88235294117647
2020-11-15;FJ;Fiji;1;35;0;2;5.714285714285714
2020-11-22;FJ;Fiji;0;35;0;2;5.714285714285714
2020-11-29;FJ;Fiji;3;38;0;2;5.263157894736842
2020-12-06;FJ;Fiji;6;44;0;2;4.545454545454546
2020-12-13;FJ;Fiji;0;44;0;2;4.545454545454546
2020-12-20;FJ;Fiji;2;46;0;2;4.3478260869565215
2020-12-27;FJ;Fiji;0;46;0;2;4.3478260869565215
2021-01-03;FJ;Fiji;3;49;0;2;4.081632653061225
2021-01-10;FJ;Fiji;4;53;0;2;3.7735849056603774
2021-01-17;FJ;Fiji;2;55;0;2;3.6363636363636362
2021-01-24;FJ;Fiji;0;55;0;2;3.6363636363636362
2021-01-31;FJ;Fiji;0;55;0;2;3.6363636363636362
2021-02-07;FJ;Fiji;1;56;0;2;3.571428571428571
2021-02-14;FJ;Fiji;0;56;0;2;3.571428571428571
2021-02-21;FJ;Fiji;0;56;0;2;3.571428571428571
2021-02-28;FJ;Fiji;3;59;0;2;3.389830508474576
2021-03-07;FJ;Fiji;4;63;0;2;3.1746031746031744
2021-03-14;FJ;Fiji;3;66;0;2;3.0303030303030303
2021-03-21;FJ;Fiji;1;67;0;2;2.9850746268656714
2021-03-28;FJ;Fiji;0;67;0;2;2.9850746268656714
2021-04-04;FJ;Fiji;0;67;0;2;2.9850746268656714
2021-04-11;FJ;Fiji;1;68;0;2;2.941176470588235
2021-04-18;FJ;Fiji;6;74;0;2;2.7027027027027026
2021-04-25;FJ;Fiji;17;91;0;2;2.197802197802198
2021-05-02;FJ;Fiji;28;119;0;2;1.680672268907563
2021-05-09;FJ;Fiji;20;139;1;3;2.158273381294964
2021-05-16;FJ;Fiji;33;172;1;4;2.3255813953488373
2021-05-23;FJ;Fiji;58;230;0;4;1.7391304347826086
2021-05-30;FJ;Fiji;171;401;0;4;0.997506234413965
2021-06-06;FJ;Fiji;286;687;0;4;0.5822416302765648
2021-06-13;FJ;Fiji;430;1117;0;4;0.35810205908683973
2021-06-20;FJ;Fiji;847;1964;3;7;0.3564154786150713
2021-06-27;FJ;Fiji;1627;3591;8;15;0.4177109440267335
2021-07-04;FJ;Fiji;2570;6161;15;30;0.48693393929556894
2021-07-11;FJ;Fiji;4351;10512;25;55;0.5232115677321156
2021-07-18;FJ;Fiji;7002;17514;43;98;0.5595523581135092
2021-07-25;FJ;Fiji;5625;23139;88;186;0.803837676649812
2021-08-01;FJ;Fiji;7274;30413;55;241;0.7924242922434485
2021-08-08;FJ;Fiji;6566;36979;58;299;0.8085670245274346
2021-08-15;FJ;Fiji;3258;40237;72;371;0.9220369311827422
2021-08-22;FJ;Fiji;3360;43597;67;438;1.0046562836892445
2021-08-29;FJ;Fiji;2430;46027;41;479;1.040693505985617
2021-09-05;FJ;Fiji;1838;47865;29;508;1.0613182910268464
2021-09-12;FJ;Fiji;1121;48986;27;535;1.0921487772016494
2021-09-19;FJ;Fiji;973;49959;31;566;1.1329290017814608
2021-09-26;FJ;Fiji;796;50755;24;590;1.1624470495517685
2021-10-03;FJ;Fiji;447;51202;43;633;1.2362798328190305
2021-10-10;FJ;Fiji;297;51499;20;653;1.2679857861317696
2021-10-17;FJ;Fiji;202;51701;8;661;1.2785052513491035
2021-10-24;FJ;Fiji;313;52014;12;673;1.293882416272542
2021-10-31;FJ;Fiji;157;52171;1;674;1.2919054647217803
2021-11-07;FJ;Fiji;105;52276;0;674;1.289310582293978
2021-11-14;FJ;Fiji;133;52409;20;694;1.3242000419775228
2021-11-21;FJ;Fiji;51;52460;1;695;1.3248189096454441
2021-11-28;FJ;Fiji;34;52494;1;696;1.3258658132357983
2021-12-05;FJ;Fiji;58;52552;1;697;1.3263053737250723
2021-12-12;FJ;Fiji;37;52589;0;697;1.3253722261309397
2021-12-19;FJ;Fiji;57;52646;0;697;1.3239372411959125
2021-12-26;FJ;Fiji;298;52944;0;697;1.3164853430039285
2022-01-02;FJ;Fiji;1890;54834;3;700;1.276580223948645
2022-01-09;FJ;Fiji;2922;57756;9;709;1.2275780871251472
2022-01-16;FJ;Fiji;1700;59456;21;730;1.2277987082884823
2022-01-23;FJ;Fiji;1525;60981;38;768;1.2594086682737247
2022-01-30;FJ;Fiji;1414;62395;30;798;1.2789486337046236
2022-02-06;FJ;Fiji;886;63281;13;811;1.2815853099666568
2022-02-13;FJ;Fiji;220;63501;8;819;1.2897434686067937
2022-02-20;FJ;Fiji;123;63624;5;824;1.295108763988432
2022-02-27;FJ;Fiji;203;63827;9;833;1.305090322277406
2022-03-06;FJ;Fiji;192;64019;1;834;1.3027382495821553
2022-03-13;FJ;Fiji;48;64067;0;834;1.3017622176783679
2022-03-20;FJ;Fiji;242;64309;0;834;1.2968635805252764
2022-03-27;FJ;Fiji;67;64376;0;834;1.2955138560954393
2022-04-03;FJ;Fiji;41;64417;0;834;1.2946892900942297
2022-04-10;FJ;Fiji;75;64492;0;834;1.2931836506853562
2022-04-17;FJ;Fiji;10;64502;28;862;1.3363926699947288
2022-04-24;FJ;Fiji;22;64524;0;862;1.3359370156840866
2022-05-01;FJ;Fiji;110;64634;0;862;1.3336633969737288
2022-05-08;FJ;Fiji;65;64699;0;862;1.3323235289571709
2022-05-15;FJ;Fiji;74;64773;0;862;1.3308014141694842
2022-05-22;FJ;Fiji;68;64841;0;862;1.3294057772088648
2022-05-29;FJ;Fiji;100;64941;1;863;1.3288985386735652
2022-06-05;FJ;Fiji;121;65062;1;864;1.3279640957855583
2022-06-12;FJ;Fiji;95;65157;1;865;1.3275626563531162
2022-06-19;FJ;Fiji;109;65266;0;865;1.3253455091471822
2022-06-26;FJ;Fiji;197;65463;0;865;1.3213571024853734
2022-07-03;FJ;Fiji;250;65713;1;866;1.3178518710148677
2022-07-10;FJ;Fiji;403;66116;3;869;1.3143565853953658
2022-07-17;FJ;Fiji;591;66707;1;870;1.3042109523738137
2022-07-24;FJ;Fiji;480;67187;0;870;1.2948933573459152
2022-07-31;FJ;Fiji;362;67549;3;873;1.2923951501872715
2022-08-07;FJ;Fiji;254;67803;1;874;1.2890285090630207
2022-08-14;FJ;Fiji;119;67922;1;875;1.2882423956891729
2022-08-21;FJ;Fiji;106;68028;2;877;1.2891750455694713
2022-08-28;FJ;Fiji;88;68116;1;878;1.28897762640202
2022-09-04;FJ;Fiji;61;68177;0;878;1.287824339586664
2022-09-11;FJ;Fiji;29;68206;0;878;1.287276779168988
2022-09-18;FJ;Fiji;15;68221;0;878;1.2869937409302121
2022-09-25;FJ;Fiji;21;68242;0;878;1.2865976964332817
2022-10-02;FJ;Fiji;3;68245;0;878;1.2865411385449483
2022-10-09;FJ;Fiji;0;68245;0;878;1.2865411385449483
2022-10-16;FJ;Fiji;3;68248;0;878;1.286484585628883
2022-10-23;FJ;Fiji;9;68257;0;878;1.2863149567077368
2022-10-30;FJ;Fiji;7;68264;0;878;1.286183054025548
2022-11-06;FJ;Fiji;6;68270;0;878;1.2860700161124945
2022-11-13;FJ;Fiji;17;68287;0;878;1.2857498498982236
2022-11-20;FJ;Fiji;20;68307;0;878;1.2853733877933446
2022-11-27;FJ;Fiji;68;68375;0;878;1.2840950639853748
2022-12-04;FJ;Fiji;76;68451;0;878;1.2826693547208952
2022-12-11;FJ;Fiji;102;68553;0;878;1.2807608711507883
2022-12-18;FJ;Fiji;72;68625;0;878;1.279417122040073
2022-12-25;FJ;Fiji;77;68702;3;881;1.282349858810515
2023-01-01;FJ;Fiji;48;68750;0;881;1.2814545454545456
2023-01-08;FJ;Fiji;21;68771;2;883;1.2839714414506114
2023-01-15;FJ;Fiji;22;68793;0;883;1.2835608274097656
2023-01-22;FJ;Fiji;15;68808;0;883;1.2832810138356006
2023-01-29;FJ;Fiji;12;68820;0;883;1.2830572507991862
2023-02-05;FJ;Fiji;28;68848;0;883;1.2825354403904252
2023-02-12;FJ;Fiji;16;68864;0;883;1.2822374535315986
2023-02-19;FJ;Fiji;12;68876;0;883;1.2820140542424066
2023-02-26;FJ;Fiji;13;68889;0;883;1.28177212617399
2023-03-05;FJ;Fiji;8;68897;0;883;1.2816232927413387
2023-03-12;FJ;Fiji;1;68898;0;883;1.2816046909924816
2023-03-19;FJ;Fiji;6;68904;0;883;1.2814930918379195
2023-03-26;FJ;Fiji;7;68911;0;883;1.2813629173861938
2023-04-02;FJ;Fiji;3;68914;0;883;1.2813071364309139
2023-04-09;FJ;Fiji;3;68917;0;883;1.2812513603319935
2023-04-16;FJ;Fiji;1;68918;0;883;1.2812327693781016
2023-04-23;FJ;Fiji;0;68918;0;883;1.2812327693781016
2023-04-30;FJ;Fiji;3;68921;0;883;1.2811769997533407
2023-05-07;FJ;Fiji;0;68921;0;883;1.2811769997533407
2023-05-14;FJ;Fiji;0;68921;0;883;1.2811769997533407
2023-05-21;FJ;Fiji;0;68921;0;883;1.2811769997533407
2023-05-28;FJ;Fiji;0;68921;0;883;1.2811769997533407
2023-06-04;FJ;Fiji;0;68921;0;883;1.2811769997533407
2023-06-11;FJ;Fiji;108;69029;1;884;1.2806211881962652
2023-06-18;FJ;Fiji;7;69036;1;885;1.2819398574656702
2023-06-25;FJ;Fiji;0;69036;0;885;1.2819398574656702
2023-07-02;FJ;Fiji;11;69047;0;885;1.2817356293539184
2023-07-09;FJ;Fiji;0;69047;0;885;1.2817356293539184
2023-07-16;FJ;Fiji;0;69047;0;885;1.2817356293539184
2023-07-23;FJ;Fiji;0;69047;0;885;1.2817356293539184
2023-07-30;FJ;Fiji;0;69047;0;885;1.2817356293539184
2023-08-06;FJ;Fiji;0;69047;0;885;1.2817356293539184
2023-08-13;FJ;Fiji;0;69047;0;885;1.2817356293539184
2023-08-20;FJ;Fiji;0;69047;0;885;1.2817356293539184
2023-08-27;FJ;Fiji;0;69047;0;885;1.2817356293539184
2023-09-03;FJ;Fiji;0;69047;0;885;1.2817356293539184
2023-09-10;FJ;Fiji;0;69047;0;885;1.2817356293539184
2023-09-17;FJ;Fiji;0;69047;0;885;1.2817356293539184
2023-09-24;FJ;Fiji;0;69047;0;885;1.2817356293539184
2023-10-01;FJ;Fiji;0;69047;0;885;1.2817356293539184
2023-10-08;FJ;Fiji;0;69047;0;885;1.2817356293539184
2023-10-15;FJ;Fiji;-7;69040;0;885;1.2818655851680185
2023-10-22;FJ;Fiji;7;69047;0;885;1.2817356293539184
2023-10-29;FJ;Fiji;0;69047;0;885;1.2817356293539184
2023-11-05;FJ;Fiji;0;69047;0;885;1.2817356293539184
2023-11-12;FJ;Fiji;0;69047;0;885;1.2817356293539184
2023-11-19;FJ;Fiji;0;69047;0;885;1.2817356293539184
2023-11-26;FJ;Fiji;0;69047;0;885;1.2817356293539184
2023-12-03;FJ;Fiji;0;69047;0;885;1.2817356293539184
2023-12-10;FJ;Fiji;0;69047;0;885;1.2817356293539184
2023-12-17;FJ;Fiji;0;69047;0;885;1.2817356293539184
2023-12-24;FJ;Fiji;0;69047;0;885;1.2817356293539184
2023-12-31;FJ;Fiji;0;69047;0;885;1.2817356293539184
2024-01-07;FJ;Fiji;0;69047;0;885;1.2817356293539184
2024-01-14;FJ;Fiji;0;69047;0;885;1.2817356293539184
2024-01-21;FJ;Fiji;0;69047;0;885;1.2817356293539184
2020-01-05;FI;Finland;0;0;0;0;0.0
2020-01-12;FI;Finland;0;0;0;0;0.0
2020-01-19;FI;Finland;0;0;0;0;0.0
2020-01-26;FI;Finland;0;0;0;0;0.0
2020-02-02;FI;Finland;1;1;0;0;0.0
2020-02-09;FI;Finland;0;1;0;0;0.0
2020-02-16;FI;Finland;1;2;0;0;0.0
2020-02-23;FI;Finland;0;2;0;0;0.0
2020-03-01;FI;Finland;6;8;0;0;0.0
2020-03-08;FI;Finland;112;120;1;1;0.8333333333333334
2020-03-15;FI;Finland;652;772;18;19;2.461139896373057
2020-03-22;FI;Finland;806;1578;43;62;3.929024081115336
2020-03-29;FI;Finland;1105;2683;62;124;4.621692135669027
2020-04-05;FI;Finland;769;3452;65;189;5.475086906141367
2020-04-12;FI;Finland;743;4195;43;232;5.530393325387366
2020-04-19;FI;Finland;699;4894;22;254;5.190028606456886
2020-04-26;FI;Finland;627;5521;28;282;5.107770331461692
2020-05-03;FI;Finland;444;5965;8;290;4.861693210393965
2020-05-10;FI;Finland;260;6225;6;296;4.755020080321285
2020-05-17;FI;Finland;190;6415;2;298;4.645362431800468
2020-05-24;FI;Finland;112;6527;1;299;4.580971349777846
2020-05-31;FI;Finland;64;6591;0;299;4.536489151873767
2020-06-07;FI;Finland;56;6647;0;299;4.498269896193772
2020-06-14;FI;Finland;57;6704;3;302;4.504773269689737
2020-06-21;FI;Finland;47;6751;1;303;4.488223966819731
2020-06-28;FI;Finland;39;6790;0;303;4.462444771723122
2020-07-05;FI;Finland;35;6825;0;303;4.43956043956044
2020-07-12;FI;Finland;52;6877;1;304;4.4205322088119825
2020-07-19;FI;Finland;63;6940;2;306;4.409221902017292
2020-07-26;FI;Finland;151;7091;1;307;4.3294316739528975
2020-08-02;FI;Finland;152;7243;0;307;4.238575176032031
2020-08-09;FI;Finland;224;7467;1;308;4.124815856434981
2020-08-16;FI;Finland;136;7603;0;308;4.051032487176115
2020-08-23;FI;Finland;210;7813;2;310;3.967746064251888
2020-08-30;FI;Finland;308;8121;5;315;3.8788326560768382
2020-09-06;FI;Finland;398;8519;4;319;3.7445709590327505
2020-09-13;FI;Finland;663;9182;3;322;3.5068612502722716
2020-09-20;FI;Finland;890;10072;3;325;3.226767275615568
2020-09-27;FI;Finland;1670;11742;5;330;2.810424118548799
2020-10-04;FI;Finland;1318;13060;5;335;2.565084226646248
2020-10-11;FI;Finland;1249;14309;5;340;2.3761269131315954
2020-10-18;FI;Finland;1390;15699;3;343;2.1848525383782404
2020-10-25;FI;Finland;1450;17149;1;344;2.0059478686803893
2020-11-01;FI;Finland;1515;18664;19;363;1.9449207029575655
2020-11-08;FI;Finland;2229;20893;19;382;1.828363566744843
2020-11-15;FI;Finland;3069;23962;41;423;1.7652950504966198
2020-11-22;FI;Finland;3042;27004;38;461;1.707154495630277
2020-11-29;FI;Finland;2941;29945;41;502;1.6764067457004508
2020-12-06;FI;Finland;2471;32416;39;541;1.6689289239881542
2020-12-13;FI;Finland;1952;34368;27;568;1.6527001862197392
2020-12-20;FI;Finland;1785;36153;23;591;1.6347191104472656
2020-12-27;FI;Finland;1899;38052;27;618;1.6240933459476505
2021-01-03;FI;Finland;1772;39824;36;654;1.6422257934913622
2021-01-10;FI;Finland;2219;42043;23;677;1.6102561663059247
2021-01-17;FI;Finland;2594;44637;15;692;1.5502833971817103
2021-01-24;FI;Finland;2633;47270;16;708;1.4977787180029618
2021-01-31;FI;Finland;2443;49713;16;724;1.4563595035503791
2021-02-07;FI;Finland;3278;52991;20;744;1.404012002038082
2021-02-14;FI;Finland;3726;56717;30;774;1.3646702047005308
2021-02-21;FI;Finland;4513;61230;17;791;1.291850400130655
2021-02-28;FI;Finland;4665;65895;26;817;1.239851278549207
2021-03-07;FI;Finland;4876;70771;17;834;1.178448799649574
2021-03-14;FI;Finland;4342;75113;29;863;1.1489356036904397
2021-03-21;FI;Finland;3677;78790;16;879;1.1156238101281888
2021-03-28;FI;Finland;2740;81530;13;892;1.094075800318901
2021-04-04;FI;Finland;2157;83687;12;904;1.0802155651415393
2021-04-11;FI;Finland;1654;85341;13;917;1.0745128367373245
2021-04-18;FI;Finland;1495;86836;10;927;1.067529596020084
2021-04-25;FI;Finland;1465;88301;7;934;1.057745665394503
2021-05-02;FI;Finland;1363;89664;7;941;1.0494735902926482
2021-05-09;FI;Finland;1495;91159;22;963;1.0563959674853827
2021-05-16;FI;Finland;984;92143;5;968;1.0505410069131675
2021-05-23;FI;Finland;778;92921;3;971;1.0449736873257929
2021-05-30;FI;Finland;618;93539;4;975;1.0423459733373246
2021-06-06;FI;Finland;491;94030;2;977;1.039030096777624
2021-06-13;FI;Finland;744;94774;2;979;1.0329837297149007
2021-06-20;FI;Finland;1333;96107;0;979;1.0186562893441684
2021-06-27;FI;Finland;1485;97592;2;981;1.0052053447003853
2021-07-04;FI;Finland;2048;99640;5;986;0.9895624247290244
2021-07-11;FI;Finland;2602;102242;2;988;0.966334774358874
2021-07-18;FI;Finland;4208;106450;12;1000;0.9394081728511038
2021-07-25;FI;Finland;4968;111418;12;1012;0.9082912994309716
2021-08-01;FI;Finland;5280;116698;10;1022;0.8757647945980221
2021-08-08;FI;Finland;4491;121189;10;1032;0.8515624355345782
2021-08-15;FI;Finland;4110;125299;11;1043;0.8324088779639104
2021-08-22;FI;Finland;4299;129598;14;1057;0.8155990061575025
2021-08-29;FI;Finland;3239;132837;13;1070;0.8054984680473061
2021-09-05;FI;Finland;3013;135850;11;1081;0.7957305852042694
2021-09-12;FI;Finland;2851;138701;14;1095;0.7894679922999834
2021-09-19;FI;Finland;3729;142430;21;1116;0.7835427929509232
2021-09-26;FI;Finland;4133;146563;29;1145;0.7812340085833396
2021-10-03;FI;Finland;3916;150479;31;1176;0.7815043959622273
2021-10-10;FI;Finland;3586;154065;18;1194;0.7749975659624184
2021-10-17;FI;Finland;4087;158152;41;1235;0.7808943295057919
2021-10-24;FI;Finland;4805;162957;40;1275;0.7824149929122406
2021-10-31;FI;Finland;5725;168682;55;1330;0.7884658706915972
2021-11-07;FI;Finland;6973;175655;49;1379;0.7850616264837323
2021-11-14;FI;Finland;7953;183608;60;1439;0.7837349135113938
2021-11-21;FI;Finland;8925;192533;58;1497;0.7775290469685716
2021-11-28;FI;Finland;9936;202469;44;1541;0.7611041690332842
2021-12-05;FI;Finland;12486;214955;47;1588;0.7387592751971342
2021-12-12;FI;Finland;19191;234146;47;1635;0.698282268328308
2021-12-19;FI;Finland;36453;270599;83;1718;0.6348877859859053
2021-12-26;FI;Finland;52236;322835;118;1836;0.5687115709263246
2022-01-02;FI;Finland;61448;384283;130;1966;0.5116021265577712
2022-01-09;FI;Finland;59617;443900;137;2103;0.4737553503041225
2022-01-16;FI;Finland;50478;494378;119;2222;0.44945365691839034
2022-01-23;FI;Finland;45303;539681;140;2362;0.4376659545175761
2022-01-30;FI;Finland;45279;584960;122;2484;0.424644420131291
2022-02-06;FI;Finland;44745;629705;131;2615;0.41527381869288
2022-02-13;FI;Finland;45014;674719;156;2771;0.4106894870308973
2022-02-20;FI;Finland;44912;719631;161;2932;0.40743103062541774
2022-02-27;FI;Finland;48818;768449;191;3123;0.40640302739674333
2022-03-06;FI;Finland;54053;822502;208;3331;0.4049838176685284
2022-03-13;FI;Finland;54223;876725;255;3586;0.4090222133508226
2022-03-20;FI;Finland;48332;925057;211;3797;0.41046119320214863
2022-03-27;FI;Finland;38754;963811;200;3997;0.41470786284862904
2022-04-03;FI;Finland;33726;997537;205;4202;0.4212375079821601
2022-04-10;FI;Finland;26539;1024076;151;4353;0.42506610837476905
2022-04-17;FI;Finland;20917;1044993;139;4492;0.42985933877069027
2022-04-24;FI;Finland;17852;1062845;84;4576;0.4305425532415357
2022-05-01;FI;Finland;15720;1078565;82;4658;0.4318701237292143
2022-05-08;FI;Finland;11808;1090373;80;4738;0.4345302020501241
2022-05-15;FI;Finland;10247;1100620;76;4814;0.43738983482037397
2022-05-22;FI;Finland;11545;1112165;44;4858;0.43680568980322165
2022-05-29;FI;Finland;10612;1122777;62;4920;0.43819921498213804
2022-06-05;FI;Finland;10572;1133349;62;4982;0.43958215871721773
2022-06-12;FI;Finland;11536;1144885;53;5035;0.4397821615271403
2022-06-19;FI;Finland;11488;1156373;56;5091;0.44025586899728725
2022-06-26;FI;Finland;11565;1167938;82;5173;0.44291734663997573
2022-07-03;FI;Finland;14574;1182512;86;5259;0.4447312162582705
2022-07-10;FI;Finland;16971;1199483;92;5351;0.4461088652361059
2022-07-17;FI;Finland;17749;1217232;111;5462;0.4487230043245659
2022-07-24;FI;Finland;15829;1233061;108;5570;0.45172136658283735
2022-07-31;FI;Finland;13367;1246428;121;5691;0.45658473654314574
2022-08-07;FI;Finland;11624;1258052;104;5795;0.4606327878338892
2022-08-14;FI;Finland;7926;1265978;75;5870;0.46367314439903384
2022-08-21;FI;Finland;6134;1272112;59;5929;0.46607531412328473
2022-08-28;FI;Finland;6404;1278516;79;6008;0.46991981328352556
2022-09-04;FI;Finland;8414;1286930;105;6113;0.4750064106050834
2022-09-11;FI;Finland;8323;1295253;92;6205;0.47905698732216795
2022-09-18;FI;Finland;10024;1305277;142;6347;0.48625694009777237
2022-09-25;FI;Finland;12296;1317573;168;6515;0.4944697561349542
2022-10-02;FI;Finland;13920;1331493;201;6716;0.5043961928451746
2022-10-09;FI;Finland;13466;1344959;213;6929;0.515182990708267
2022-10-16;FI;Finland;12837;1357796;178;7107;0.5234217805914879
2022-10-23;FI;Finland;12153;1369949;189;7296;0.5325745702942226
2022-10-30;FI;Finland;12416;1382365;206;7502;0.5426931382087943
2022-11-06;FI;Finland;12234;1394599;172;7674;0.5502657036180293
2022-11-13;FI;Finland;11580;1406179;158;7832;0.5569703430359862
2022-11-20;FI;Finland;11967;1418146;140;7972;0.5621424028273534
2022-11-27;FI;Finland;11488;1429634;164;8136;0.5690967058701738
2022-12-04;FI;Finland;10908;1440542;142;8278;0.5746448211853594
2022-12-11;FI;Finland;8283;1448825;163;8441;0.5826100460718169
2022-12-18;FI;Finland;4406;1453231;135;8576;0.590133296083004
2022-12-25;FI;Finland;2918;1456149;122;8698;0.5973289821302628
2023-01-01;FI;Finland;1521;1457670;77;8775;0.6019881043034432
2023-01-08;FI;Finland;1003;1458673;49;8824;0.6049333880862949
2023-01-15;FI;Finland;715;1459388;36;8860;0.6071037996749322
2023-01-22;FI;Finland;648;1460036;34;8894;0.6091630617327244
2023-01-29;FI;Finland;579;1460615;22;8916;0.6104277992489465
2023-02-05;FI;Finland;570;1461185;24;8940;0.6118321773081438
2023-02-12;FI;Finland;651;1461836;43;8983;0.614501216278707
2023-02-19;FI;Finland;693;1462529;29;9012;0.6161929096790559
2023-02-26;FI;Finland;747;1463276;30;9042;0.6179285384302073
2023-03-05;FI;Finland;838;1464114;39;9081;0.6202385879788049
2023-03-12;FI;Finland;1155;1465269;43;9124;0.6226842989239518
2023-03-19;FI;Finland;1391;1466660;78;9202;0.6274119427815581
2023-03-26;FI;Finland;1522;1468182;84;9286;0.632482893810168
2023-04-02;FI;Finland;1721;1469903;74;9360;0.6367767124769458
2023-04-09;FI;Finland;1811;1471714;104;9464;0.6430597249193797
2023-04-16;FI;Finland;1978;1473692;97;9561;0.6487787135982281
2023-04-23;FI;Finland;1690;1475382;97;9658;0.6546101280888611
2023-04-30;FI;Finland;1483;1476865;90;9748;0.6600467882981856
2023-05-07;FI;Finland;1325;1478190;71;9819;0.6642583159133806
2023-05-14;FI;Finland;979;1479169;69;9888;0.6684834525331453
2023-05-21;FI;Finland;734;1479903;35;9923;0.6705169190142867
2023-05-28;FI;Finland;605;1480508;35;9958;0.6726069700400134
2023-06-04;FI;Finland;628;1481136;58;10016;0.6762376986313208
2023-06-11;FI;Finland;531;1481667;41;10057;0.6787625019656913
2023-06-18;FI;Finland;335;1482002;29;10086;0.6805658831769458
2023-06-25;FI;Finland;226;1482228;21;10107;0.6818789012216744
2023-07-02;FI;Finland;194;1482422;12;10119;0.6825991519283983
2023-07-09;FI;Finland;155;1482577;13;10132;0.6834046393543135
2023-07-16;FI;Finland;164;1482741;13;10145;0.6842058053294541
2023-07-23;FI;Finland;174;1482915;11;10156;0.6848673052737345
2023-07-30;FI;Finland;187;1483102;18;10174;0.6859946247796848
2023-08-06;FI;Finland;246;1483348;15;10189;0.6868920846625336
2023-08-13;FI;Finland;234;1483582;16;10205;0.6878622145590874
2023-08-20;FI;Finland;315;1483897;22;10227;0.6891987786214272
2023-08-27;FI;Finland;346;1484243;22;10249;0.6905203527993732
2023-09-03;FI;Finland;436;1484679;31;10280;0.6924055637615942
2023-09-10;FI;Finland;492;1485171;28;10308;0.6940614919090125
2023-09-17;FI;Finland;564;1485735;36;10344;0.6962210623024967
2023-09-24;FI;Finland;624;1486359;51;10395;0.6993599796549824
2023-10-01;FI;Finland;842;1487201;74;10469;0.7039398171464382
2023-10-08;FI;Finland;1241;1488442;90;10559;0.7093994928925682
2023-10-15;FI;Finland;1935;1490377;119;10678;0.7164630157336029
2023-10-22;FI;Finland;2857;1493234;114;10792;0.7227266456563406
2023-10-29;FI;Finland;3629;1496863;59;10851;0.7249160410805798
2023-11-05;FI;Finland;2585;1499448;164;11015;0.734603667482967
2023-11-12;FI;Finland;264;1499712;204;11219;0.7480769641104426
2023-11-19;FI;Finland;0;1499712;108;11327;0.7552783467759143
2023-11-26;FI;Finland;0;1499712;7;11334;0.7557451030597875
2023-12-03;FI;Finland;0;1499712;15;11349;0.7567452950966586
2023-12-10;FI;Finland;0;1499712;19;11368;0.7580122050100285
2023-12-17;FI;Finland;0;1499712;16;11384;0.7590790765160245
2023-12-24;FI;Finland;0;1499712;11;11395;0.7598125506763965
2023-12-31;FI;Finland;0;1499712;13;11408;0.7606793837750181
2024-01-07;FI;Finland;0;1499712;7;11415;0.7611461400588913
2024-01-14;FI;Finland;0;1499712;4;11419;0.7614128579353903
2024-01-21;FI;Finland;0;1499712;4;11423;0.7616795758118893
2020-01-05;FR;France;0;0;0;0;0.0
2020-01-12;FR;France;0;0;0;0;0.0
2020-01-19;FR;France;0;0;0;0;0.0
2020-01-26;FR;France;3;3;0;0;0.0
2020-02-02;FR;France;3;6;0;0;0.0
2020-02-09;FR;France;6;12;0;0;0.0
2020-02-16;FR;France;0;12;0;0;0.0
2020-02-23;FR;France;4;16;0;0;0.0
2020-03-01;FR;France;0;16;0;0;0.0
2020-03-08;FR;France;0;16;0;0;0.0
2020-09-06;FR;France;50197;180767;126;20327;11.244862170639552
2020-09-13;FR;France;61432;242199;258;20585;8.499209327866755
2020-09-20;FR;France;73481;315680;429;21014;6.656741003547896
2020-09-27;FR;France;72509;388189;559;21573;5.557344489411086
2020-10-04;FR;France;74819;463008;561;22134;4.780478955007257
2020-10-11;FR;France;116159;579167;690;22824;3.9408322642692006
2020-10-18;FR;France;167835;747002;963;23787;3.184328823751476
2020-10-25;FR;France;261329;1008331;1774;25561;2.534981072683474
2020-11-01;FR;France;332505;1340836;3154;28715;2.1415743610702576
2020-11-08;FR;France;303116;1643952;4794;33509;2.0383198536210303
2020-11-15;FR;France;176429;1820381;5487;38996;2.1421889153973814
2020-11-22;FR;France;114947;1935328;5602;44598;2.3044155822682253
2020-11-29;FR;France;77077;2012405;4679;49277;2.4486621728727567
2020-12-06;FR;France;71372;2083777;3963;53240;2.5549758923339683
2020-12-13;FR;France;77674;2161451;3792;57032;2.6385978678211996
2020-12-20;FR;France;92919;2254370;3383;60415;2.679906137856696
2020-12-27;FR;France;83888;2338258;3119;63534;2.7171509730748276
2021-01-03;FR;France;88948;2427206;2915;66449;2.7376745113517353
2021-01-10;FR;France;122263;2549469;3429;69878;2.7408844743748597
2021-01-17;FR;France;118842;2668311;3454;73332;2.748255357040465
2021-01-24;FR;France;130149;2798460;3414;76746;2.7424369117300227
2021-01-31;FR;France;132624;2931084;3159;79905;2.726124532766717
2021-02-07;FR;France;128451;3059535;3069;82974;2.7119807421716047
2021-02-14;FR;France;110436;3169971;2892;85866;2.7087314047983404
2021-02-21;FR;France;117551;3287522;2516;88382;2.6884078646469893
2021-02-28;FR;France;127696;3415218;2151;90533;2.650870310475056
2021-03-07;FR;France;124259;3539477;2033;92566;2.615245133673704
2021-03-14;FR;France;142978;3682455;1872;94438;2.5645391457600972
2021-03-21;FR;France;183823;3866278;1799;96237;2.4891381323329567
2021-03-28;FR;France;223964;4090242;1834;98071;2.3976820931377656
2021-04-04;FR;France;242407;4332649;1959;100030;2.308749220165308
2021-04-11;FR;France;203218;4535867;2120;102150;2.252050159319045
2021-04-18;FR;France;202154;4738021;1967;104117;2.197478651951944
2021-04-25;FR;France;179462;4917483;2062;106179;2.1592143785753812
2021-05-02;FR;France;142908;5060391;1954;108133;2.1368506899960895
2021-05-09;FR;France;106629;5167020;1533;109666;2.1224225956160416
2021-05-16;FR;France;80870;5247890;1189;110855;2.112372782203895
2021-05-23;FR;France;83455;5331345;940;111795;2.0969380147036065
2021-05-30;FR;France;60391;5391736;772;112567;2.08776913409707
2021-06-06;FR;France;46483;5438219;565;113132;2.080313426141904
2021-06-13;FR;France;27004;5465223;355;113487;2.076530088525207
2021-06-20;FR;France;14820;5480043;309;113796;2.076553048945054
2021-06-27;FR;France;10690;5490733;234;114030;2.076771899125308
2021-07-04;FR;France;13906;5504639;171;114201;2.074631960424653
2021-07-11;FR;France;23318;5527957;142;114343;2.068449519415582
2021-07-18;FR;France;46656;5574613;96;114439;2.0528599922541706
2021-07-25;FR;France;118078;5692691;119;114558;2.0123698967676273
2021-08-01;FR;France;143183;5835874;240;114798;1.9671089540315643
2021-08-08;FR;France;147135;5983009;282;115080;1.9234468809924905
2021-08-15;FR;France;150930;6133939;353;115433;1.8818739475563746
2021-08-22;FR;France;133571;6267510;699;116132;1.8529208569272326
2021-08-29;FR;France;112124;6379634;464;116596;1.827628356109457
2021-09-05;FR;France;85782;6465416;489;117085;1.8109430236198258
2021-09-12;FR;France;64820;6530236;437;117522;1.7996593078718748
2021-09-19;FR;France;46736;6576972;386;117908;1.7927398809056811
2021-09-26;FR;France;36114;6613086;331;118239;1.7879549729127975
2021-10-03;FR;France;30916;6644002;276;118515;1.7837893486486005
2021-10-10;FR;France;26346;6670348;191;118706;1.7796073008484716
2021-10-17;FR;France;31095;6701443;175;118881;1.7739612199939625
2021-10-24;FR;France;34241;6735684;179;119060;1.7676007366141284
2021-10-31;FR;France;38425;6774109;177;119237;1.760187206907949
2021-11-07;FR;France;48057;6822166;212;119449;1.7508955366961165
2021-11-14;FR;France;66361;6888527;233;119682;1.7374106249420231
2021-11-21;FR;France;119701;7008228;317;119999;1.7122587906671987
2021-11-28;FR;France;195222;7203450;454;120453;1.6721570913937074
2021-12-05;FR;France;288799;7492249;619;121072;1.6159633776186562
2021-12-12;FR;France;337285;7829534;903;121975;1.5578832661049815
2021-12-19;FR;France;360652;8190186;1033;123008;1.501895072956829
2021-12-26;FR;France;519740;8709926;1157;124165;1.4255574616822233
2022-01-02;FR;France;1140724;9850650;1315;125480;1.2738245699522366
2022-01-09;FR;France;1726217;11576867;1484;126964;1.0967043155976484
2022-01-16;FR;France;1961912;13538779;1499;128463;0.9488521823127477
2022-01-23;FR;France;2417043;15955822;1658;130121;0.8155079694421259
2022-01-30;FR;France;2329374;18285196;1933;132054;0.72219078209498
2022-02-06;FR;France;1707588;19992784;1996;134050;0.6704919134823845
2022-02-13;FR;France;958639;20951423;1988;136038;0.6493019591079804
2022-02-20;FR;France;565947;21517370;1745;137783;0.6403338326198788
2022-02-27;FR;France;393549;21910919;1331;139114;0.6349071894245969
2022-03-06;FR;France;348284;22259203;1094;140208;0.6298877816964066
2022-03-13;FR;France;419228;22678431;820;141028;0.6218595986644755
2022-03-20;FR;France;586328;23264759;792;141820;0.6095915285432357
2022-03-27;FR;France;851993;24116752;727;142547;0.5910704725080724
2022-04-03;FR;France;959358;25076110;801;143348;0.5716516636751076
2022-04-10;FR;France;928373;26004483;788;144136;0.5542736611991094
2022-04-17;FR;France;822438;26826921;852;144988;0.5404571027737398
2022-04-24;FR;France;539161;27366082;889;145877;0.5330576733636916
2022-05-01;FR;France;376510;27742592;867;146744;0.5289484126068682
2022-05-08;FR;France;264928;28007520;749;147493;0.5266192793935343
2022-05-15;FR;France;216715;28224235;614;148107;0.5247511580030425
2022-05-22;FR;France;162239;28386474;466;148573;0.523393641633688
2022-05-29;FR;France;113355;28499829;300;148873;0.5223645376959981
2022-06-05;FR;France;148073;28647902;329;149202;0.5208130075284396
2022-06-12;FR;France;193813;28841715;237;149439;0.5181349306031212
2022-06-19;FR;France;297927;29139642;265;149704;0.5137468744468446
2022-06-26;FR;France;456705;29596347;291;149995;0.5068024104461271
2022-07-03;FR;France;731586;30327933;264;150259;0.49544754665608104
2022-07-10;FR;France;903969;31231902;424;150683;0.48246501285768634
2022-07-17;FR;France;683784;31915686;585;151268;0.47396129915553126
2022-07-24;FR;France;522296;32437982;731;151999;0.46858340324623154
2022-07-31;FR;France;329431;32767413;597;152596;0.46569437752073983
2022-08-07;FR;France;212195;32979608;529;153125;0.4643020620499795
2022-08-14;FR;France;151186;33130794;518;153643;0.4637468090864348
2022-08-21;FR;France;119216;33250010;413;154056;0.46332617644325524
2022-08-28;FR;France;117039;33367049;317;154373;0.46265104235019405
2022-09-04;FR;France;106571;33473620;302;154675;0.46208028889615166
2022-09-11;FR;France;112374;33585994;263;154938;0.4613172979188885
2022-09-18;FR;France;188853;33774847;202;155140;0.4593359075764281
2022-09-25;FR;France;230732;34005579;217;155357;0.4568573880185954
2022-10-02;FR;France;310114;34315693;217;155574;0.45336109050748297
2022-10-09;FR;France;385474;34701167;314;155888;0.44922984866762555
2022-10-16;FR;France;392073;35093240;414;156302;0.4453906222394968
2022-10-23;FR;France;348646;35441886;522;156824;0.44248209590200704
2022-10-30;FR;France;222885;35664771;495;157319;0.44110475292270906
2022-11-06;FR;France;153617;35818388;445;157764;0.44045533260737474
2022-11-13;FR;France;151055;35969443;397;158161;0.4397093388407488
2022-11-20;FR;France;221689;36191132;469;158630;0.438311794171014
2022-11-27;FR;France;293632;36484764;455;159085;0.43603132529512867
2022-12-04;FR;France;384070;36868834;485;159570;0.43280457418317053
2022-12-11;FR;France;429679;37298513;569;160139;0.42934419396290674
2022-12-18;FR;France;391192;37689705;721;160860;0.42680089960905765
2022-12-25;FR;France;299842;37989547;807;161667;0.4255565353279943
2023-01-01;FR;France;151707;38141254;808;162475;0.4259823234967576
2023-01-08;FR;France;80829;38222083;775;163250;0.42710911385965017
2023-01-15;FR;France;43524;38265607;506;163756;0.4279456484252295
2023-01-22;FR;France;31693;38297300;398;164154;0.42863073898159926
2023-01-29;FR;France;29999;38327299;326;164480;0.42914581588439094
2023-02-05;FR;France;26127;38353426;260;164740;0.42953138006497776
2023-02-12;FR;France;22545;38375971;171;164911;0.42972463159303514
2023-02-19;FR;France;24116;38400087;180;165091;0.42992350512122535
2023-02-26;FR;France;26274;38426361;170;165261;0.43007194982631847
2023-03-05;FR;France;25318;38451679;152;165413;0.4301840759671379
2023-03-12;FR;France;35851;38487530;125;165538;0.43010814152012355
2023-03-19;FR;France;46305;38533835;163;165701;0.4300142978242368
2023-03-26;FR;France;54593;38588428;168;165869;0.4298412985364421
2023-04-02;FR;France;57282;38645710;210;166079;0.42974757094642585
2023-04-09;FR;France;55344;38701054;188;166267;0.42961879022726357
2023-04-16;FR;France;52509;38753563;162;166429;0.4294547058808502
2023-04-23;FR;France;48578;38802141;280;166709;0.42963866349539837
2023-04-30;FR;France;40443;38842584;249;166958;0.4298323716053494
2023-05-07;FR;France;31332;38873916;239;167197;0.43010073901481904
2023-05-14;FR;France;24280;38898196;160;167357;0.4302436030709496
2023-05-21;FR;France;20650;38918846;132;167489;0.4303544868725038
2023-05-28;FR;France;25230;38944076;149;167638;0.4304582807408244
2023-06-04;FR;France;18614;38962690;112;167750;0.4305400884795172
2023-06-11;FR;France;15618;38978308;106;167856;0.4306395239116074
2023-06-18;FR;France;11200;38989508;67;167923;0.43068766089584926
2023-06-25;FR;France;7982;38997490;62;167985;0.4307584924055368
2023-07-02;FR;France;0;38997490;0;167985;0.4307584924055368
2023-07-09;FR;France;0;38997490;0;167985;0.4307584924055368
2023-07-16;FR;France;0;38997490;0;167985;0.4307584924055368
2023-07-23;FR;France;0;38997490;0;167985;0.4307584924055368
2023-07-30;FR;France;0;38997490;0;167985;0.4307584924055368
2023-08-06;FR;France;0;38997490;0;167985;0.4307584924055368
2023-08-13;FR;France;0;38997490;0;167985;0.4307584924055368
2023-08-20;FR;France;0;38997490;0;167985;0.4307584924055368
2023-08-27;FR;France;0;38997490;0;167985;0.4307584924055368
2023-09-03;FR;France;0;38997490;0;167985;0.4307584924055368
2023-09-10;FR;France;0;38997490;0;167985;0.4307584924055368
2023-09-17;FR;France;0;38997490;0;167985;0.4307584924055368
2023-09-24;FR;France;0;38997490;0;167985;0.4307584924055368
2023-10-01;FR;France;0;38997490;0;167985;0.4307584924055368
2023-10-08;FR;France;0;38997490;0;167985;0.4307584924055368
2023-10-15;FR;France;0;38997490;0;167985;0.4307584924055368
2023-10-22;FR;France;0;38997490;0;167985;0.4307584924055368
2023-10-29;FR;France;0;38997490;0;167985;0.4307584924055368
2023-11-05;FR;France;0;38997490;0;167985;0.4307584924055368
2023-11-12;FR;France;0;38997490;0;167985;0.4307584924055368
2023-11-19;FR;France;0;38997490;0;167985;0.4307584924055368
2023-11-26;FR;France;0;38997490;0;167985;0.4307584924055368
2023-12-03;FR;France;0;38997490;0;167985;0.4307584924055368
2023-12-10;FR;France;0;38997490;0;167985;0.4307584924055368
2023-12-17;FR;France;0;38997490;0;167985;0.4307584924055368
2023-12-24;FR;France;0;38997490;0;167985;0.4307584924055368
2023-12-31;FR;France;0;38997490;0;167985;0.4307584924055368
2024-01-07;FR;France;0;38997490;0;167985;0.4307584924055368
2024-01-14;FR;France;0;38997490;0;167985;0.4307584924055368
2024-01-21;FR;France;0;38997490;0;167985;0.4307584924055368
2020-01-05;GF;French Guiana;0;0;0;0;0.0
2020-01-12;GF;French Guiana;0;0;0;0;0.0
2020-01-19;GF;French Guiana;0;0;0;0;0.0
2020-01-26;GF;French Guiana;0;0;0;0;0.0
2020-02-02;GF;French Guiana;0;0;0;0;0.0
2020-02-09;GF;French Guiana;0;0;0;0;0.0
2020-02-16;GF;French Guiana;0;0;0;0;0.0
2020-02-23;GF;French Guiana;0;0;0;0;0.0
2020-03-01;GF;French Guiana;0;0;0;0;0.0
2020-03-08;GF;French Guiana;5;5;0;0;0.0
2020-03-15;GF;French Guiana;1;6;0;0;0.0
2020-03-22;GF;French Guiana;9;15;0;0;0.0
2020-03-29;GF;French Guiana;16;31;0;0;0.0
2020-04-05;GF;French Guiana;31;62;0;0;0.0
2020-04-12;GF;French Guiana;24;86;0;0;0.0
2020-04-19;GF;French Guiana;10;96;0;0;0.0
2020-04-26;GF;French Guiana;13;109;1;1;0.9174311926605505
2020-05-03;GF;French Guiana;19;128;0;1;0.78125
2020-05-10;GF;French Guiana;13;141;0;1;0.7092198581560284
2020-05-17;GF;French Guiana;48;189;0;1;0.5291005291005291
2020-05-24;GF;French Guiana;72;261;0;1;0.38314176245210724
2020-05-31;GF;French Guiana;175;436;0;1;0.22935779816513763
2020-06-07;GF;French Guiana;203;639;0;1;0.1564945226917058
2020-06-14;GF;French Guiana;522;1161;1;2;0.17226528854435832
2020-06-21;GF;French Guiana;1002;2163;3;5;0.2311604253351826
2020-06-28;GF;French Guiana;1298;3461;7;12;0.34672060098237506
2020-07-05;GF;French Guiana;1452;4913;4;16;0.3256665988194586
2020-07-12;GF;French Guiana;1036;5949;10;26;0.43704824340225246
2020-07-19;GF;French Guiana;706;6655;11;37;0.5559729526671675
2020-07-26;GF;French Guiana;677;7332;4;41;0.5591925804691762
2020-08-02;GF;French Guiana;525;7857;2;43;0.5472826778668703
2020-08-09;GF;French Guiana;410;8267;5;48;0.5806217491230192
2020-08-16;GF;French Guiana;321;8588;5;53;0.6171401956217979
2020-08-23;GF;French Guiana;209;8797;2;55;0.6252131408434694
2020-08-30;GF;French Guiana;279;9076;3;58;0.639048038783605
2020-09-06;GF;French Guiana;246;9322;4;62;0.6650933276121004
2020-09-13;GF;French Guiana;199;9521;1;63;0.6616952000840248
2020-09-20;GF;French Guiana;171;9692;2;65;0.6706562113082956
2020-09-27;GF;French Guiana;171;9863;0;65;0.659028693095407
2020-10-04;GF;French Guiana;166;10029;2;67;0.6680626184066207
2020-10-11;GF;French Guiana;115;10144;2;69;0.680205047318612
2020-10-18;GF;French Guiana;95;10239;0;69;0.6738939349545854
2020-10-25;GF;French Guiana;137;10376;0;69;0.6649961449498843
2020-11-01;GF;French Guiana;160;10536;1;70;0.6643887623386484
2020-11-08;GF;French Guiana;168;10704;0;70;0.6539611360239163
2020-11-15;GF;French Guiana;140;10844;0;70;0.6455182589450387
2020-11-22;GF;French Guiana;170;11014;0;70;0.6355547485019067
2020-11-29;GF;French Guiana;165;11179;0;70;0.6261740763932373
2020-12-06;GF;French Guiana;228;11407;1;71;0.6224248268606996
2020-12-13;GF;French Guiana;393;11800;0;71;0.6016949152542372
2020-12-20;GF;French Guiana;569;12369;0;71;0.574015684372221
2020-12-27;GF;French Guiana;404;12773;0;71;0.5558600172238315
2021-01-03;GF;French Guiana;500;13273;0;71;0.5349205153318768
2021-01-10;GF;French Guiana;840;14113;3;74;0.5243392616736342
2021-01-17;GF;French Guiana;862;14975;1;75;0.5008347245409015
2021-01-24;GF;French Guiana;689;15664;1;76;0.4851889683350358
2021-01-31;GF;French Guiana;419;16083;0;76;0.472548653858111
2021-02-07;GF;French Guiana;213;16296;3;79;0.4847815414825724
2021-02-14;GF;French Guiana;160;16456;1;80;0.48614487117160915
2021-02-21;GF;French Guiana;73;16529;3;83;0.5021477403351685
2021-02-28;GF;French Guiana;98;16627;2;85;0.5112166957358513
2021-03-07;GF;French Guiana;66;16693;2;87;0.5211765410651171
2021-03-14;GF;French Guiana;71;16764;0;87;0.5189692197566214
2021-03-21;GF;French Guiana;0;16764;0;87;0.5189692197566214
2021-03-28;GF;French Guiana;158;16922;2;89;0.5259425599810897
2021-04-04;GF;French Guiana;210;17132;4;93;0.5428438010740135
2021-04-11;GF;French Guiana;417;17549;1;94;0.5356430565844208
2021-04-18;GF;French Guiana;532;18081;1;95;0.5254134173994801
2021-04-25;GF;French Guiana;745;18826;3;98;0.5205566769361522
2021-05-02;GF;French Guiana;717;19543;3;101;0.516809087652868
2021-05-09;GF;French Guiana;823;20366;3;104;0.5106550132573897
2021-05-16;GF;French Guiana;1099;21465;4;108;0.5031446540880503
2021-05-23;GF;French Guiana;1315;22780;4;112;0.4916593503072871
2021-05-30;GF;French Guiana;983;23763;4;116;0.48815385262803523
2021-06-06;GF;French Guiana;962;24725;5;121;0.48938321536905965
2021-06-13;GF;French Guiana;781;25506;12;133;0.521445934289971
2021-06-20;GF;French Guiana;944;26450;8;141;0.5330812854442344
2021-06-27;GF;French Guiana;836;27286;1;142;0.5204133988125779
2021-07-04;GF;French Guiana;444;27730;6;148;0.5337179949513162
2021-07-11;GF;French Guiana;551;28281;9;157;0.5551430288886532
2021-07-18;GF;French Guiana;522;28803;6;163;0.5659132729229595
2021-07-25;GF;French Guiana;730;29533;11;174;0.589171435343514
2021-08-01;GF;French Guiana;631;30164;13;187;0.6199443044689034
2021-08-08;GF;French Guiana;711;30875;6;193;0.6251012145748988
2021-08-15;GF;French Guiana;951;31826;5;198;0.6221328473575064
2021-08-22;GF;French Guiana;1234;33060;6;204;0.617059891107078
2021-08-29;GF;French Guiana;1315;34375;11;215;0.6254545454545455
2021-09-05;GF;French Guiana;1346;35721;6;221;0.6186836874667563
2021-09-12;GF;French Guiana;1138;36859;6;227;0.6158604411405627
2021-09-19;GF;French Guiana;1407;38266;8;235;0.6141221972508232
2021-09-26;GF;French Guiana;1524;39790;21;256;0.6433777330987686
2021-10-03;GF;French Guiana;1535;41325;12;268;0.6485178463399879
2021-10-10;GF;French Guiana;1218;42543;18;286;0.6722610065110595
2021-10-17;GF;French Guiana;833;43376;9;295;0.6800995942456658
2021-10-24;GF;French Guiana;684;44060;4;299;0.6786200635497049
2021-10-31;GF;French Guiana;569;44629;9;308;0.690134217661162
2021-11-07;GF;French Guiana;399;45028;7;315;0.699564715288265
2021-11-14;GF;French Guiana;338;45366;7;322;0.7097826566150862
2021-11-21;GF;French Guiana;250;45616;0;322;0.7058926692388635
2021-11-28;GF;French Guiana;248;45864;4;326;0.710797139368568
2021-12-05;GF;French Guiana;278;46142;2;328;0.7108491179402713
2021-12-12;GF;French Guiana;279;46421;4;332;0.7151935546412185
2021-12-19;GF;French Guiana;311;46732;4;336;0.7189934092270821
2021-12-26;GF;French Guiana;497;47229;1;337;0.7135446441804822
2022-01-02;GF;French Guiana;1708;48937;2;339;0.6927273841878333
2022-01-09;GF;French Guiana;7043;55980;4;343;0.6127188281529117
2022-01-16;GF;French Guiana;11295;67275;5;348;0.5172798216276477
2022-01-23;GF;French Guiana;5544;72819;11;359;0.49300319971436024
2022-01-30;GF;French Guiana;2423;75242;12;371;0.49307567581935624
2022-02-06;GF;French Guiana;1267;76509;12;383;0.5005947012769739
2022-02-13;GF;French Guiana;655;77164;1;384;0.4976413871753667
2022-02-20;GF;French Guiana;290;77454;3;387;0.4996514059958169
2022-02-27;GF;French Guiana;198;77652;4;391;0.5035285633338484
2022-03-06;GF;French Guiana;130;77782;2;393;0.5052582859787612
2022-03-13;GF;French Guiana;293;78075;1;394;0.5046429715017611
2022-03-20;GF;French Guiana;251;78326;0;394;0.503025815182698
2022-03-27;GF;French Guiana;353;78679;0;394;0.5007689472413224
2022-04-03;GF;French Guiana;396;79075;0;394;0.49826114448308567
2022-04-10;GF;French Guiana;454;79529;0;394;0.49541676621106767
2022-04-17;GF;French Guiana;506;80035;0;394;0.4922846254763541
2022-04-24;GF;French Guiana;387;80422;0;394;0.48991569471040264
2022-05-01;GF;French Guiana;437;80859;1;395;0.48850468098789246
2022-05-08;GF;French Guiana;0;80859;0;395;0.48850468098789246
2022-05-15;GF;French Guiana;925;81784;2;397;0.485425022009195
2022-05-22;GF;French Guiana;529;82313;0;397;0.48230534666456093
2022-05-29;GF;French Guiana;639;82952;0;397;0.4785900279679815
2022-06-05;GF;French Guiana;719;83671;0;397;0.4744774175042727
2022-06-12;GF;French Guiana;836;84507;2;399;0.472150236075118
2022-06-19;GF;French Guiana;1089;85596;1;400;0.46731155661479507
2022-06-26;GF;French Guiana;1315;86911;1;401;0.4613915384703893
2022-07-03;GF;French Guiana;1451;88362;0;401;0.4538149883434055
2022-07-10;GF;French Guiana;1417;89779;1;402;0.4477661814009958
2022-07-17;GF;French Guiana;1142;90921;0;402;0.4421420793876002
2022-07-24;GF;French Guiana;891;91812;2;404;0.4400296257569817
2022-07-31;GF;French Guiana;763;92575;3;407;0.4396435322711315
2022-08-07;GF;French Guiana;414;92989;0;407;0.43768617793502457
2022-08-14;GF;French Guiana;288;93277;1;408;0.43740686342828344
2022-08-21;GF;French Guiana;143;93420;0;408;0.4367373153500321
2022-08-28;GF;French Guiana;166;93586;0;408;0.4359626439852115
2022-09-04;GF;French Guiana;149;93735;0;408;0.43526964314290284
2022-09-11;GF;French Guiana;102;93837;1;409;0.4358621865575413
2022-09-18;GF;French Guiana;88;93925;1;410;0.43651849880223587
2022-09-25;GF;French Guiana;49;93974;0;410;0.43629088896928936
2022-10-02;GF;French Guiana;49;94023;0;410;0.43606351637365326
2022-10-09;GF;French Guiana;50;94073;0;410;0.4358317476853082
2022-10-16;GF;French Guiana;55;94128;0;410;0.4355770865204827
2022-10-23;GF;French Guiana;68;94196;1;411;0.43632426005350544
2022-10-30;GF;French Guiana;63;94259;0;411;0.4360326334885793
2022-11-06;GF;French Guiana;50;94309;0;411;0.4358014611542907
2022-11-13;GF;French Guiana;112;94421;0;411;0.43528452356996855
2022-11-20;GF;French Guiana;308;94729;0;411;0.43386924806553434
2022-11-27;GF;French Guiana;722;95451;0;411;0.4305874218185247
2022-12-04;GF;French Guiana;938;96389;0;411;0.4263972030003424
2022-12-11;GF;French Guiana;708;97097;0;411;0.4232880521540316
2022-12-18;GF;French Guiana;429;97526;1;412;0.42245144884441077
2022-12-25;GF;French Guiana;250;97776;1;413;0.42239404352806414
2023-01-01;GF;French Guiana;103;97879;0;413;0.42194954995453565
2023-01-08;GF;French Guiana;67;97946;0;413;0.42166091519817045
2023-01-15;GF;French Guiana;36;97982;0;413;0.42150599089628704
2023-01-22;GF;French Guiana;30;98012;0;413;0.42137697424805126
2023-01-29;GF;French Guiana;16;98028;0;413;0.4213081976578121
2023-02-05;GF;French Guiana;13;98041;0;413;0.42125233320753563
2023-02-12;GF;French Guiana;0;98041;0;413;0.42125233320753563
2023-02-19;GF;French Guiana;0;98041;0;413;0.42125233320753563
2023-02-26;GF;French Guiana;0;98041;0;413;0.42125233320753563
2023-03-05;GF;French Guiana;0;98041;0;413;0.42125233320753563
2023-03-12;GF;French Guiana;0;98041;0;413;0.42125233320753563
2023-03-19;GF;French Guiana;0;98041;0;413;0.42125233320753563
2023-03-26;GF;French Guiana;0;98041;0;413;0.42125233320753563
2023-04-02;GF;French Guiana;0;98041;0;413;0.42125233320753563
2023-04-09;GF;French Guiana;0;98041;0;413;0.42125233320753563
2023-04-16;GF;French Guiana;0;98041;0;413;0.42125233320753563
2023-04-23;GF;French Guiana;0;98041;0;413;0.42125233320753563
2023-04-30;GF;French Guiana;0;98041;0;413;0.42125233320753563
2023-05-07;GF;French Guiana;0;98041;0;413;0.42125233320753563
2023-05-14;GF;French Guiana;0;98041;0;413;0.42125233320753563
2023-05-21;GF;French Guiana;0;98041;0;413;0.42125233320753563
2023-05-28;GF;French Guiana;0;98041;0;413;0.42125233320753563
2023-06-04;GF;French Guiana;0;98041;0;413;0.42125233320753563
2023-06-11;GF;French Guiana;0;98041;0;413;0.42125233320753563
2023-06-18;GF;French Guiana;0;98041;0;413;0.42125233320753563
2023-06-25;GF;French Guiana;0;98041;0;413;0.42125233320753563
2023-07-02;GF;French Guiana;0;98041;0;413;0.42125233320753563
2023-07-09;GF;French Guiana;0;98041;0;413;0.42125233320753563
2023-07-16;GF;French Guiana;0;98041;0;413;0.42125233320753563
2023-07-23;GF;French Guiana;0;98041;0;413;0.42125233320753563
2023-07-30;GF;French Guiana;0;98041;0;413;0.42125233320753563
2023-08-06;GF;French Guiana;0;98041;0;413;0.42125233320753563
2023-08-13;GF;French Guiana;0;98041;0;413;0.42125233320753563
2023-08-20;GF;French Guiana;0;98041;0;413;0.42125233320753563
2023-08-27;GF;French Guiana;0;98041;0;413;0.42125233320753563
2023-09-03;GF;French Guiana;0;98041;0;413;0.42125233320753563
2023-09-10;GF;French Guiana;0;98041;0;413;0.42125233320753563
2023-09-17;GF;French Guiana;0;98041;0;413;0.42125233320753563
2023-09-24;GF;French Guiana;0;98041;0;413;0.42125233320753563
2023-10-01;GF;French Guiana;0;98041;0;413;0.42125233320753563
2023-10-08;GF;French Guiana;0;98041;0;413;0.42125233320753563
2023-10-15;GF;French Guiana;0;98041;0;413;0.42125233320753563
2023-10-22;GF;French Guiana;0;98041;0;413;0.42125233320753563
2023-10-29;GF;French Guiana;0;98041;0;413;0.42125233320753563
2023-11-05;GF;French Guiana;0;98041;0;413;0.42125233320753563
2023-11-12;GF;French Guiana;0;98041;0;413;0.42125233320753563
2023-11-19;GF;French Guiana;0;98041;0;413;0.42125233320753563
2023-11-26;GF;French Guiana;0;98041;0;413;0.42125233320753563
2023-12-03;GF;French Guiana;0;98041;0;413;0.42125233320753563
2023-12-10;GF;French Guiana;0;98041;0;413;0.42125233320753563
2023-12-17;GF;French Guiana;0;98041;0;413;0.42125233320753563
2023-12-24;GF;French Guiana;0;98041;0;413;0.42125233320753563
2023-12-31;GF;French Guiana;0;98041;0;413;0.42125233320753563
2024-01-07;GF;French Guiana;0;98041;0;413;0.42125233320753563
2024-01-14;GF;French Guiana;0;98041;0;413;0.42125233320753563
2024-01-21;GF;French Guiana;0;98041;0;413;0.42125233320753563
2020-01-05;PF;French Polynesia;0;0;0;0;0.0
2020-01-12;PF;French Polynesia;0;0;0;0;0.0
2020-01-19;PF;French Polynesia;0;0;0;0;0.0
2020-01-26;PF;French Polynesia;0;0;0;0;0.0
2020-02-02;PF;French Polynesia;0;0;0;0;0.0
2020-02-09;PF;French Polynesia;0;0;0;0;0.0
2020-02-16;PF;French Polynesia;0;0;0;0;0.0
2020-02-23;PF;French Polynesia;0;0;0;0;0.0
2020-03-01;PF;French Polynesia;0;0;0;0;0.0
2020-03-08;PF;French Polynesia;0;0;0;0;0.0
2020-03-15;PF;French Polynesia;3;3;0;0;0.0
2020-03-22;PF;French Polynesia;15;18;0;0;0.0
2020-03-29;PF;French Polynesia;17;35;0;0;0.0
2020-04-05;PF;French Polynesia;5;40;0;0;0.0
2020-04-12;PF;French Polynesia;11;51;0;0;0.0
2020-04-19;PF;French Polynesia;4;55;0;0;0.0
2020-04-26;PF;French Polynesia;2;57;0;0;0.0
2020-05-03;PF;French Polynesia;1;58;0;0;0.0
2020-05-10;PF;French Polynesia;2;60;0;0;0.0
2020-05-17;PF;French Polynesia;0;60;0;0;0.0
2020-05-24;PF;French Polynesia;0;60;0;0;0.0
2020-05-31;PF;French Polynesia;0;60;0;0;0.0
2020-06-07;PF;French Polynesia;0;60;0;0;0.0
2020-06-14;PF;French Polynesia;0;60;0;0;0.0
2020-06-21;PF;French Polynesia;0;60;0;0;0.0
2020-06-28;PF;French Polynesia;2;62;0;0;0.0
2020-07-05;PF;French Polynesia;0;62;0;0;0.0
2020-07-12;PF;French Polynesia;0;62;0;0;0.0
2020-07-19;PF;French Polynesia;0;62;0;0;0.0
2020-07-26;PF;French Polynesia;0;62;0;0;0.0
2020-08-02;PF;French Polynesia;0;62;0;0;0.0
2020-08-09;PF;French Polynesia;7;69;0;0;0.0
2020-08-16;PF;French Polynesia;97;166;0;0;0.0
2020-08-23;PF;French Polynesia;132;298;0;0;0.0
2020-08-30;PF;French Polynesia;184;482;0;0;0.0
2020-09-06;PF;French Polynesia;238;720;0;0;0.0
2020-09-13;PF;French Polynesia;300;1020;2;2;0.19607843137254902
2020-09-20;PF;French Polynesia;298;1318;0;2;0.15174506828528073
2020-09-27;PF;French Polynesia;261;1579;4;6;0.37998733375554145
2020-10-04;PF;French Polynesia;447;2026;2;8;0.3948667324777887
2020-10-11;PF;French Polynesia;728;2754;2;10;0.36310820624546114
2020-10-18;PF;French Polynesia;1043;3797;4;14;0.3687121411640769
2020-10-25;PF;French Polynesia;2062;5859;6;20;0.3413551800648575
2020-11-01;PF;French Polynesia;1403;7262;9;29;0.39933902506196645
2020-11-08;PF;French Polynesia;2733;9995;10;39;0.3901950975487744
2020-11-15;PF;French Polynesia;1711;11706;14;53;0.4527592687510678
2020-11-22;PF;French Polynesia;1272;12978;10;63;0.48543689320388345
2020-11-29;PF;French Polynesia;1118;14096;10;73;0.5178774120317821
2020-12-06;PF;French Polynesia;1011;15107;6;79;0.5229363871053154
2020-12-13;PF;French Polynesia;511;15618;12;91;0.5826610321423998
2020-12-20;PF;French Polynesia;564;16182;12;103;0.6365097021381781
2020-12-27;PF;French Polynesia;368;16550;5;108;0.6525679758308157
2021-01-03;PF;French Polynesia;376;16926;6;114;0.673520028358738
2021-01-10;PF;French Polynesia;315;17241;8;122;0.7076155675424859
2021-01-17;PF;French Polynesia;394;17635;4;126;0.7144882336263113
2021-01-24;PF;French Polynesia;217;17852;2;128;0.7170064978713869
2021-01-31;PF;French Polynesia;208;18060;3;131;0.7253599114064231
2021-02-07;PF;French Polynesia;125;18185;2;133;0.7313720098982678
2021-02-14;PF;French Polynesia;78;18263;2;135;0.7391994743470405
2021-02-21;PF;French Polynesia;83;18346;2;137;0.7467567862204295
2021-02-28;PF;French Polynesia;41;18387;2;139;0.755968891064339
2021-03-07;PF;French Polynesia;72;18459;1;140;0.7584376185058779
2021-03-14;PF;French Polynesia;68;18527;1;141;0.7610514384411939
2021-03-21;PF;French Polynesia;49;18576;0;141;0.7590439276485789
2021-03-28;PF;French Polynesia;31;18607;0;141;0.757779330359542
2021-04-04;PF;French Polynesia;26;18633;0;141;0.7567219449364031
2021-04-11;PF;French Polynesia;19;18652;0;141;0.7559511044392022
2021-04-18;PF;French Polynesia;44;18696;0;141;0.7541720154043646
2021-04-25;PF;French Polynesia;38;18734;0;141;0.7526422547240311
2021-05-02;PF;French Polynesia;24;18758;0;141;0.7516792835057042
2021-05-09;PF;French Polynesia;32;18790;0;141;0.7503991484832357
2021-05-16;PF;French Polynesia;25;18815;0;141;0.7494020728142439
2021-05-23;PF;French Polynesia;29;18844;0;141;0.7482487794523456
2021-05-30;PF;French Polynesia;16;18860;1;142;0.752916224814422
2021-06-06;PF;French Polynesia;29;18889;0;142;0.7517602837630367
2021-06-13;PF;French Polynesia;41;18930;0;142;0.7501320655044903
2021-06-20;PF;French Polynesia;33;18963;0;142;0.748826662447925
2021-06-27;PF;French Polynesia;31;18994;0;142;0.747604506686322
2021-07-04;PF;French Polynesia;17;19011;0;142;0.7469359844300668
2021-07-11;PF;French Polynesia;15;19026;2;144;0.7568590350047304
2021-07-18;PF;French Polynesia;59;19085;0;144;0.7545192559601782
2021-07-25;PF;French Polynesia;200;19285;1;145;0.7518796992481203
2021-08-01;PF;French Polynesia;763;20048;4;149;0.7432162809257782
2021-08-08;PF;French Polynesia;2411;22459;8;157;0.699051605147157
2021-08-15;PF;French Polynesia;5871;28330;31;188;0.6636074832333216
2021-08-22;PF;French Polynesia;8042;36372;69;257;0.7065874848784779
2021-08-29;PF;French Polynesia;3806;40178;128;385;0.9582358504654288
2021-09-05;PF;French Polynesia;1931;42109;95;480;1.1398988339784846
2021-09-12;PF;French Polynesia;1602;43711;71;551;1.2605522637322413
2021-09-19;PF;French Polynesia;901;44612;42;593;1.3292387698377117
2021-09-26;PF;French Polynesia;330;44942;18;611;1.3595300609674692
2021-10-03;PF;French Polynesia;239;45181;12;623;1.3788982094243154
2021-10-10;PF;French Polynesia;178;45359;3;626;1.3801009722436561
2021-10-17;PF;French Polynesia;80;45439;7;633;1.393076432139792
2021-10-24;PF;French Polynesia;67;45506;2;635;1.3954203841251704
2021-10-31;PF;French Polynesia;35;45541;1;636;1.396543773742342
2021-11-07;PF;French Polynesia;32;45573;0;636;1.3955631623987887
2021-11-14;PF;French Polynesia;28;45601;0;636;1.3947062564417447
2021-11-21;PF;French Polynesia;13;45614;0;636;1.394308764852896
2021-11-28;PF;French Polynesia;17;45631;0;636;1.3937893098989722
2021-12-05;PF;French Polynesia;693;46324;0;636;1.372938433641309
2021-12-12;PF;French Polynesia;10;46334;0;636;1.3726421202572625
2021-12-19;PF;French Polynesia;8;46342;0;636;1.3724051616244444
2021-12-26;PF;French Polynesia;40;46382;0;636;1.371221594584106
2022-01-02;PF;French Polynesia;43;46425;0;636;1.369951534733441
2022-01-09;PF;French Polynesia;109;46534;0;636;1.366742596810934
2022-01-16;PF;French Polynesia;598;47132;0;636;1.3494016803869981
2022-01-23;PF;French Polynesia;524;47656;0;636;1.3345643780426388
2022-01-30;PF;French Polynesia;610;48266;0;636;1.3176977582563296
2022-02-06;PF;French Polynesia;1255;49521;0;636;1.2843036287635547
2022-02-13;PF;French Polynesia;7137;56658;1;637;1.124289597232518
2022-02-20;PF;French Polynesia;5913;62571;0;637;1.018043502581068
2022-02-27;PF;French Polynesia;4128;66699;2;639;0.9580353528538659
2022-03-06;PF;French Polynesia;2276;68975;4;643;0.9322218194998187
2022-03-13;PF;French Polynesia;1461;70436;2;645;0.9157249133965586
2022-03-20;PF;French Polynesia;1033;71469;0;645;0.9024891911178273
2022-03-27;PF;French Polynesia;589;72058;1;646;0.8965000416331288
2022-04-03;PF;French Polynesia;328;72386;1;647;0.8938192468156825
2022-04-10;PF;French Polynesia;184;72570;1;648;0.8929309632079372
2022-04-17;PF;French Polynesia;26;72596;0;648;0.8926111631494849
2022-04-24;PF;French Polynesia;82;72678;0;648;0.8916040617518368
2022-05-01;PF;French Polynesia;68;72746;0;648;0.8907706265636599
2022-05-08;PF;French Polynesia;40;72786;0;648;0.8902810980133543
2022-05-15;PF;French Polynesia;50;72836;1;649;0.8910428908781372
2022-05-22;PF;French Polynesia;40;72876;0;649;0.8905538174433283
2022-05-29;PF;French Polynesia;46;72922;0;649;0.8899920462960423
2022-06-05;PF;French Polynesia;92;73014;0;649;0.8888706275508806
2022-06-12;PF;French Polynesia;92;73106;0;649;0.8877520312970207
2022-06-19;PF;French Polynesia;60;73166;0;649;0.8870240275537818
2022-06-26;PF;French Polynesia;102;73268;0;649;0.8857891576131464
2022-07-03;PF;French Polynesia;118;73386;0;649;0.8843648652331507
2022-07-10;PF;French Polynesia;302;73688;0;649;0.8807404190641623
2022-07-17;PF;French Polynesia;425;74113;0;649;0.8756898249969641
2022-07-24;PF;French Polynesia;696;74809;0;649;0.8675426753465492
2022-07-31;PF;French Polynesia;631;75440;0;649;0.860286320254507
2022-08-07;PF;French Polynesia;518;75958;0;649;0.8544195476447511
2022-08-14;PF;French Polynesia;239;76197;0;649;0.851739569799336
2022-08-21;PF;French Polynesia;123;76320;0;649;0.8503668763102725
2022-08-28;PF;French Polynesia;119;76439;0;649;0.8490430277737804
2022-09-04;PF;French Polynesia;61;76500;0;649;0.8483660130718953
2022-09-11;PF;French Polynesia;42;76542;0;649;0.8479004990724046
2022-09-18;PF;French Polynesia;36;76578;0;649;0.847501893494215
2022-09-25;PF;French Polynesia;10;76588;0;649;0.8473912362249961
2022-10-02;PF;French Polynesia;115;76703;0;649;0.8461207514699556
2022-10-09;PF;French Polynesia;3;76706;0;649;0.8460876593747555
2022-10-16;PF;French Polynesia;25;76731;0;649;0.8458119925453857
2022-10-23;PF;French Polynesia;0;76731;0;649;0.8458119925453857
2022-10-30;PF;French Polynesia;27;76758;0;649;0.8455144740613356
2022-11-06;PF;French Polynesia;6;76764;0;649;0.8454483872648638
2022-11-13;PF;French Polynesia;63;76827;0;649;0.8447550991187994
2022-11-20;PF;French Polynesia;0;76827;0;649;0.8447550991187994
2022-11-27;PF;French Polynesia;72;76899;0;649;0.843964160782325
2022-12-04;PF;French Polynesia;376;77275;0;649;0.8398576512455517
2022-12-11;PF;French Polynesia;429;77704;0;649;0.8352208380520951
2022-12-18;PF;French Polynesia;68;77772;0;649;0.8344905621560459
2022-12-25;PF;French Polynesia;138;77910;0;649;0.8330124502631242
2023-01-01;PF;French Polynesia;47;77957;0;649;0.8325102299985889
2023-01-08;PF;French Polynesia;0;77957;0;649;0.8325102299985889
2023-01-15;PF;French Polynesia;0;77957;0;649;0.8325102299985889
2023-01-22;PF;French Polynesia;0;77957;0;649;0.8325102299985889
2023-01-29;PF;French Polynesia;0;77957;0;649;0.8325102299985889
2023-02-05;PF;French Polynesia;0;77957;0;649;0.8325102299985889
2023-02-12;PF;French Polynesia;0;77957;0;649;0.8325102299985889
2023-02-19;PF;French Polynesia;0;77957;0;649;0.8325102299985889
2023-02-26;PF;French Polynesia;86;78043;0;649;0.831592839844701
2023-03-05;PF;French Polynesia;12;78055;0;649;0.8314649926333996
2023-03-12;PF;French Polynesia;22;78077;0;649;0.8312307081470856
2023-03-19;PF;French Polynesia;24;78101;0;649;0.8309752756046658
2023-03-26;PF;French Polynesia;52;78153;0;649;0.8304223766202193
2023-04-02;PF;French Polynesia;66;78219;0;649;0.8297216788759764
2023-04-09;PF;French Polynesia;78;78297;0;649;0.8288951045378495
2023-04-16;PF;French Polynesia;81;78378;0;649;0.8280384801857663
2023-04-23;PF;French Polynesia;40;78418;0;649;0.8276161085465071
2023-04-30;PF;French Polynesia;30;78448;0;649;0.8272996124821538
2023-05-07;PF;French Polynesia;70;78518;0;649;0.8265620622022976
2023-05-14;PF;French Polynesia;27;78545;0;649;0.8262779298491311
2023-05-21;PF;French Polynesia;24;78569;0;649;0.8260255316982524
2023-05-28;PF;French Polynesia;12;78581;0;649;0.8258993904378922
2023-06-04;PF;French Polynesia;9;78590;0;649;0.8258048097722357
2023-06-11;PF;French Polynesia;6;78596;0;649;0.8257417680289073
2023-06-18;PF;French Polynesia;4;78600;0;649;0.8256997455470738
2023-06-25;PF;French Polynesia;1;78601;0;649;0.8256892405949033
2023-07-02;PF;French Polynesia;0;78601;0;649;0.8256892405949033
2023-07-09;PF;French Polynesia;12;78613;0;649;0.8255632020149339
2023-07-16;PF;French Polynesia;2;78615;0;649;0.8255421993258284
2023-07-23;PF;French Polynesia;1;78616;0;649;0.8255316983820088
2023-07-30;PF;French Polynesia;1;78617;0;649;0.825521197705331
2023-08-06;PF;French Polynesia;0;78617;0;649;0.825521197705331
2023-08-13;PF;French Polynesia;2;78619;0;649;0.8255001971533598
2023-08-20;PF;French Polynesia;2;78621;0;649;0.8254791976698338
2023-08-27;PF;French Polynesia;2;78623;0;649;0.825458199254671
2023-09-03;PF;French Polynesia;2;78625;0;649;0.8254372019077902
2023-09-10;PF;French Polynesia;0;78625;0;649;0.8254372019077902
2023-09-17;PF;French Polynesia;2;78627;0;649;0.8254162056291096
2023-09-24;PF;French Polynesia;5;78632;0;649;0.8253637196052498
2023-10-01;PF;French Polynesia;0;78632;0;649;0.8253637196052498
2023-10-08;PF;French Polynesia;7;78639;0;649;0.8252902503846691
2023-10-15;PF;French Polynesia;3;78642;0;649;0.8252587675796649
2023-10-22;PF;French Polynesia;7;78649;0;649;0.825185317041539
2023-10-29;PF;French Polynesia;4;78653;0;649;0.825143351175416
2023-11-05;PF;French Polynesia;6;78659;0;649;0.8250804103789776
2023-11-12;PF;French Polynesia;11;78670;0;649;0.8249650438540739
2023-11-19;PF;French Polynesia;30;78700;0;649;0.8246505717916137
2023-11-26;PF;French Polynesia;0;78700;0;649;0.8246505717916137
2023-12-03;PF;French Polynesia;0;78700;0;649;0.8246505717916137
2023-12-10;PF;French Polynesia;527;79227;0;649;0.8191651835864036
2023-12-17;PF;French Polynesia;0;79227;0;649;0.8191651835864036
2023-12-24;PF;French Polynesia;0;79227;0;649;0.8191651835864036
2023-12-31;PF;French Polynesia;0;79227;0;649;0.8191651835864036
2024-01-07;PF;French Polynesia;27;79254;1;650;0.8201478789714084
2024-01-14;PF;French Polynesia;0;79254;0;650;0.8201478789714084
2024-01-21;PF;French Polynesia;0;79254;0;650;0.8201478789714084
2020-01-05;GA;Gabon;0;0;0;0;0.0
2020-01-12;GA;Gabon;0;0;0;0;0.0
2020-01-19;GA;Gabon;0;0;0;0;0.0
2020-01-26;GA;Gabon;0;0;0;0;0.0
2020-02-02;GA;Gabon;0;0;0;0;0.0
2020-02-09;GA;Gabon;0;0;0;0;0.0
2020-02-16;GA;Gabon;0;0;0;0;0.0
2020-02-23;GA;Gabon;0;0;0;0;0.0
2020-03-01;GA;Gabon;0;0;0;0;0.0
2020-03-08;GA;Gabon;0;0;0;0;0.0
2020-03-15;GA;Gabon;1;1;0;0;0.0
2020-03-22;GA;Gabon;5;6;0;0;0.0
2020-03-29;GA;Gabon;1;7;0;0;0.0
2020-04-12;GA;Gabon;29;50;0;3;6.0
2020-04-19;GA;Gabon;60;110;0;3;2.727272727272727
2020-04-26;GA;Gabon;67;177;2;5;2.824858757062147
2020-05-03;GA;Gabon;159;336;2;7;2.083333333333333
2020-05-10;GA;Gabon;325;661;1;8;1.2102874432677762
2020-05-17;GA;Gabon;659;1320;3;11;0.8333333333333334
2020-05-24;GA;Gabon;614;1934;1;12;0.6204756980351602
2020-05-31;GA;Gabon;721;2655;5;17;0.64030131826742
2020-06-07;GA;Gabon;446;3101;4;21;0.6772009029345373
2020-06-14;GA;Gabon;362;3463;2;23;0.6641640196361537
2020-06-21;GA;Gabon;965;4428;11;34;0.7678410117434508
2020-06-28;GA;Gabon;781;5209;6;40;0.7679017085813016
2020-07-05;GA;Gabon;411;5620;4;44;0.7829181494661922
2020-07-12;GA;Gabon;322;5942;2;46;0.7741501178054527
2020-07-19;GA;Gabon;373;6315;0;46;0.728424386381631
2020-07-26;GA;Gabon;669;6984;3;49;0.7016036655211914
2020-08-02;GA;Gabon;547;7531;1;50;0.6639224538573895
2020-08-09;GA;Gabon;392;7923;1;51;0.6436955698599016
2020-08-16;GA;Gabon;302;8225;0;51;0.6200607902735562
2020-08-23;GA;Gabon;163;8388;2;53;0.631855030996662
2020-08-30;GA;Gabon;117;8505;0;53;0.6231628453850676
2020-09-06;GA;Gabon;96;8601;0;53;0.6162074177421231
2020-09-13;GA;Gabon;42;8643;0;53;0.6132130047437232
2020-09-20;GA;Gabon;53;8696;0;53;0.609475620975161
2020-09-27;GA;Gabon;32;8728;1;54;0.618698441796517
2020-10-04;GA;Gabon;69;8797;0;54;0.6138456291917699
2020-10-11;GA;Gabon;18;8815;0;54;0.6125921724333522
2020-10-18;GA;Gabon;66;8881;0;54;0.6080396351762188
2020-10-25;GA;Gabon;38;8919;0;54;0.6054490413723511
2020-11-01;GA;Gabon;49;8968;1;55;0.6132917038358608
2020-11-08;GA;Gabon;54;9022;0;55;0.6096209266238084
2020-11-15;GA;Gabon;40;9062;3;58;0.640035312293092
2020-11-22;GA;Gabon;69;9131;1;59;0.64615047639908
2020-11-29;GA;Gabon;60;9191;0;59;0.6419323251006419
2020-12-06;GA;Gabon;63;9254;1;60;0.6483682731791658
2020-12-13;GA;Gabon;76;9330;3;63;0.67524115755627
2020-12-20;GA;Gabon;70;9400;1;64;0.6808510638297872
2020-12-27;GA;Gabon;97;9497;0;64;0.6738970201116142
2021-01-03;GA;Gabon;74;9571;0;64;0.6686866576115349
2021-01-10;GA;Gabon;123;9694;2;66;0.6808335052609862
2021-01-17;GA;Gabon;205;9899;0;66;0.6667340135367209
2021-01-24;GA;Gabon;379;10278;1;67;0.6518777972368165
2021-01-31;GA;Gabon;470;10748;1;68;0.6326758466691477
2021-02-07;GA;Gabon;709;11457;3;71;0.6197084751680195
2021-02-14;GA;Gabon;1120;12577;2;73;0.5804245845591158
2021-02-21;GA;Gabon;976;13553;2;75;0.5533830148306649
2021-02-28;GA;Gabon;1011;14564;8;83;0.5698983795660533
2021-03-07;GA;Gabon;953;15517;7;90;0.5800090223625701
2021-03-14;GA;Gabon;1143;16660;6;96;0.5762304921968787
2021-03-21;GA;Gabon;637;17297;9;105;0.6070416835289356
2021-03-28;GA;Gabon;1129;18426;4;109;0.5915554108325193
2021-04-04;GA;Gabon;1437;19863;10;119;0.599103861450939
2021-04-11;GA;Gabon;773;20636;8;127;0.6154293467726304
2021-04-18;GA;Gabon;1222;21858;6;133;0.6084728703449538
2021-04-25;GA;Gabon;575;22433;5;138;0.6151651584718941
2021-05-02;GA;Gabon;642;23075;1;139;0.6023835319609968
2021-05-09;GA;Gabon;357;23432;4;143;0.6102765448958689
2021-05-16;GA;Gabon;367;23799;0;143;0.6008655825875037
2021-05-23;GA;Gabon;308;24107;4;147;0.6097813912971336
2021-05-30;GA;Gabon;258;24365;3;150;0.615637184485943
2021-06-06;GA;Gabon;226;24591;4;154;0.6262453743239397
2021-06-13;GA;Gabon;145;24736;2;156;0.630659767141009
2021-06-20;GA;Gabon;0;24736;0;156;0.630659767141009
2021-06-27;GA;Gabon;248;24984;3;159;0.6364073006724303
2021-07-04;GA;Gabon;92;25076;0;159;0.6340724198436752
2021-07-11;GA;Gabon;88;25164;3;162;0.6437768240343348
2021-07-18;GA;Gabon;96;25260;0;162;0.6413301662707839
2021-07-25;GA;Gabon;65;25325;1;163;0.6436327739387957
2021-08-01;GA;Gabon;59;25384;1;164;0.6460762685156004
2021-08-08;GA;Gabon;78;25462;1;165;0.6480245071086325
2021-08-15;GA;Gabon;102;25564;0;165;0.6454388984509466
2021-08-22;GA;Gabon;103;25667;0;165;0.6428487941715043
2021-08-29;GA;Gabon;152;25819;0;165;0.6390642550060033
2021-09-05;GA;Gabon;260;26079;2;167;0.6403619770696729
2021-09-12;GA;Gabon;559;26638;3;170;0.6381860500037541
2021-09-19;GA;Gabon;1005;27643;5;175;0.6330716637123323
2021-09-26;GA;Gabon;1483;29126;3;178;0.6111378150106433
2021-10-03;GA;Gabon;1522;30648;12;190;0.6199425737405377
2021-10-10;GA;Gabon;1487;32135;11;201;0.6254862299673253
2021-10-17;GA;Gabon;1307;33442;12;213;0.6369236289695592
2021-10-24;GA;Gabon;1159;34601;11;224;0.6473801335221525
2021-10-31;GA;Gabon;924;35525;15;239;0.6727656579873329
2021-11-07;GA;Gabon;669;36194;15;254;0.7017737746587832
2021-11-14;GA;Gabon;498;36692;12;266;0.7249536683745775
2021-11-21;GA;Gabon;353;37045;7;273;0.7369415575651235
2021-11-28;GA;Gabon;253;37298;6;279;0.7480293849536168
2021-12-05;GA;Gabon;44;37342;0;279;0.7471479835038295
2021-12-12;GA;Gabon;249;37591;3;282;0.7501795642574021
2021-12-19;GA;Gabon;152;37743;3;285;0.7551069072410779
2021-12-26;GA;Gabon;1127;38870;2;287;0.73835863133522
2022-01-02;GA;Gabon;2928;41798;1;288;0.6890281831666587
2022-01-09;GA;Gabon;2141;43939;7;295;0.6713853296615763
2022-01-16;GA;Gabon;1213;45152;2;297;0.6577781715095676
2022-01-23;GA;Gabon;1046;46198;3;300;0.6493787609853241
2022-01-30;GA;Gabon;524;46722;1;301;0.6442361200291084
2022-02-06;GA;Gabon;426;47148;0;301;0.638415203189955
2022-02-13;GA;Gabon;251;47399;1;302;0.637144243549442
2022-02-20;GA;Gabon;85;47484;1;303;0.6381096790497852
2022-02-27;GA;Gabon;50;47534;0;303;0.6374384650986662
2022-03-06;GA;Gabon;25;47559;0;303;0.6371033873714754
2022-03-13;GA;Gabon;5;47564;0;303;0.6370364140946935
2022-03-20;GA;Gabon;6;47570;0;303;0.6369560647466891
2022-03-27;GA;Gabon;14;47584;0;303;0.636768661735037
2022-04-03;GA;Gabon;2;47586;0;303;0.6367418988778212
2022-04-10;GA;Gabon;5;47591;0;303;0.6366750015759282
2022-04-17;GA;Gabon;3;47594;0;303;0.6366348699415892
2022-04-24;GA;Gabon;3;47597;0;303;0.6365947433661786
2022-05-01;GA;Gabon;5;47602;1;304;0.6386286290491996
2022-05-08;GA;Gabon;0;47602;0;304;0.6386286290491996
2022-05-15;GA;Gabon;6;47608;0;304;0.6385481431692153
2022-05-22;GA;Gabon;14;47622;0;304;0.6383604216538574
2022-05-29;GA;Gabon;28;47650;0;304;0.6379853095487933
2022-06-05;GA;Gabon;27;47677;0;304;0.6376240115779096
2022-06-12;GA;Gabon;34;47711;0;304;0.6371696254532498
2022-06-19;GA;Gabon;31;47742;0;304;0.6367558962758159
2022-06-26;GA;Gabon;82;47824;1;305;0.6377551020408163
2022-07-03;GA;Gabon;115;47939;0;305;0.6362252028619705
2022-07-10;GA;Gabon;218;48157;0;305;0.6333451004007725
2022-07-17;GA;Gabon;132;48289;1;306;0.6336846900950527
2022-07-24;GA;Gabon;128;48417;0;306;0.632009418179565
2022-07-31;GA;Gabon;94;48511;0;306;0.6307847704644307
2022-08-07;GA;Gabon;81;48592;0;306;0.6297332894303589
2022-08-14;GA;Gabon;43;48635;0;306;0.6291765189678216
2022-08-21;GA;Gabon;0;48635;0;306;0.6291765189678216
2022-08-28;GA;Gabon;14;48649;0;306;0.6289954572550309
2022-09-04;GA;Gabon;6;48655;0;306;0.6289178912753057
2022-09-11;GA;Gabon;13;48668;0;306;0.6287498972630887
2022-09-18;GA;Gabon;14;48682;0;306;0.6285690809744875
2022-09-25;GA;Gabon;9;48691;0;306;0.6284528968392515
2022-10-02;GA;Gabon;22;48713;0;306;0.6281690719109888
2022-10-09;GA;Gabon;59;48772;0;306;0.62740916919544
2022-10-16;GA;Gabon;38;48810;0;306;0.626920712968654
2022-10-23;GA;Gabon;104;48914;0;306;0.6255877662836816
2022-10-30;GA;Gabon;31;48945;0;306;0.6251915415262029
2022-11-06;GA;Gabon;14;48959;0;306;0.6250127657836149
2022-11-13;GA;Gabon;0;48959;0;306;0.6250127657836149
2022-11-20;GA;Gabon;13;48972;0;306;0.6248468512619456
2022-11-27;GA;Gabon;1;48973;0;306;0.624834092254916
2022-12-04;GA;Gabon;0;48973;0;306;0.624834092254916
2022-12-11;GA;Gabon;0;48973;0;306;0.624834092254916
2022-12-18;GA;Gabon;3;48976;0;306;0.6247958183600131
2022-12-25;GA;Gabon;3;48979;0;306;0.624757549153719
2023-01-01;GA;Gabon;1;48980;0;306;0.6247447937933851
2023-01-08;GA;Gabon;0;48980;0;306;0.6247447937933851
2023-01-15;GA;Gabon;0;48980;0;306;0.6247447937933851
2023-01-22;GA;Gabon;1;48981;0;306;0.6247320389538801
2023-01-29;GA;Gabon;0;48981;0;306;0.6247320389538801
2023-02-05;GA;Gabon;0;48981;0;306;0.6247320389538801
2023-02-12;GA;Gabon;0;48981;0;306;0.6247320389538801
2023-02-19;GA;Gabon;0;48981;0;306;0.6247320389538801
2023-02-26;GA;Gabon;0;48981;0;306;0.6247320389538801
2023-03-05;GA;Gabon;0;48981;0;306;0.6247320389538801
2023-03-12;GA;Gabon;0;48981;0;306;0.6247320389538801
2023-03-19;GA;Gabon;0;48981;0;306;0.6247320389538801
2023-03-26;GA;Gabon;0;48981;0;306;0.6247320389538801
2023-04-02;GA;Gabon;0;48981;0;306;0.6247320389538801
2023-04-09;GA;Gabon;11;48992;1;307;0.6266329196603527
2023-04-16;GA;Gabon;0;48992;0;307;0.6266329196603527
2023-04-23;GA;Gabon;0;48992;0;307;0.6266329196603527
2023-04-30;GA;Gabon;0;48992;0;307;0.6266329196603527
2023-05-07;GA;Gabon;0;48992;0;307;0.6266329196603527
2023-05-14;GA;Gabon;0;48992;0;307;0.6266329196603527
2023-05-21;GA;Gabon;0;48992;0;307;0.6266329196603527
2023-05-28;GA;Gabon;0;48992;0;307;0.6266329196603527
2023-06-04;GA;Gabon;0;48992;0;307;0.6266329196603527
2023-06-11;GA;Gabon;0;48992;0;307;0.6266329196603527
2023-06-18;GA;Gabon;0;48992;0;307;0.6266329196603527
2023-06-25;GA;Gabon;0;48992;0;307;0.6266329196603527
2023-07-02;GA;Gabon;0;48992;0;307;0.6266329196603527
2023-07-09;GA;Gabon;0;48992;0;307;0.6266329196603527
2023-07-16;GA;Gabon;0;48992;0;307;0.6266329196603527
2023-07-23;GA;Gabon;0;48992;0;307;0.6266329196603527
2023-07-30;GA;Gabon;0;48992;0;307;0.6266329196603527
2023-08-06;GA;Gabon;0;48992;0;307;0.6266329196603527
2023-08-13;GA;Gabon;0;48992;0;307;0.6266329196603527
2023-08-20;GA;Gabon;0;48992;0;307;0.6266329196603527
2023-08-27;GA;Gabon;0;48992;0;307;0.6266329196603527
2023-09-03;GA;Gabon;0;48992;0;307;0.6266329196603527
2023-09-10;GA;Gabon;0;48992;0;307;0.6266329196603527
2023-09-17;GA;Gabon;0;48992;0;307;0.6266329196603527
2023-09-24;GA;Gabon;0;48992;0;307;0.6266329196603527
2023-10-01;GA;Gabon;0;48992;0;307;0.6266329196603527
2023-10-08;GA;Gabon;1;48993;0;307;0.6266201294062417
2023-10-15;GA;Gabon;2;48995;0;307;0.6265945504643331
2023-10-22;GA;Gabon;0;48995;0;307;0.6265945504643331
2023-10-29;GA;Gabon;0;48995;0;307;0.6265945504643331
2023-11-05;GA;Gabon;12;49007;0;307;0.6264411206562328
2023-11-12;GA;Gabon;10;49017;0;307;0.626313319868617
2023-11-19;GA;Gabon;32;49049;0;307;0.6259047075373606
2023-11-26;GA;Gabon;0;49049;0;307;0.6259047075373606
2023-12-03;GA;Gabon;0;49049;0;307;0.6259047075373606
2023-12-10;GA;Gabon;2;49051;0;307;0.6258791869686653
2023-12-17;GA;Gabon;0;49051;0;307;0.6258791869686653
2023-12-24;GA;Gabon;0;49051;0;307;0.6258791869686653
2023-12-31;GA;Gabon;0;49051;0;307;0.6258791869686653
2024-01-07;GA;Gabon;0;49051;0;307;0.6258791869686653
2024-01-14;GA;Gabon;0;49051;0;307;0.6258791869686653
2024-01-21;GA;Gabon;0;49051;0;307;0.6258791869686653
2020-01-05;GM;Gambia;0;0;0;0;0.0
2020-01-12;GM;Gambia;0;0;0;0;0.0
2020-01-19;GM;Gambia;0;0;0;0;0.0
2020-01-26;GM;Gambia;0;0;0;0;0.0
2020-02-02;GM;Gambia;0;0;0;0;0.0
2020-02-09;GM;Gambia;0;0;0;0;0.0
2020-02-16;GM;Gambia;0;0;0;0;0.0
2020-02-23;GM;Gambia;0;0;0;0;0.0
2020-03-01;GM;Gambia;0;0;0;0;0.0
2020-03-08;GM;Gambia;0;0;0;0;0.0
2020-03-15;GM;Gambia;0;0;0;0;0.0
2020-03-22;GM;Gambia;1;1;0;0;0.0
2020-03-29;GM;Gambia;2;3;0;0;0.0
2020-04-05;GM;Gambia;1;4;0;0;0.0
2020-04-12;GM;Gambia;5;9;0;0;0.0
2020-04-19;GM;Gambia;0;9;0;0;0.0
2020-04-26;GM;Gambia;1;10;0;0;0.0
2020-05-03;GM;Gambia;7;17;0;0;0.0
2020-05-10;GM;Gambia;3;20;0;0;0.0
2020-05-17;GM;Gambia;4;24;0;0;0.0
2020-05-24;GM;Gambia;1;25;0;0;0.0
2020-05-31;GM;Gambia;0;25;0;0;0.0
2020-06-07;GM;Gambia;1;26;0;0;0.0
2020-06-14;GM;Gambia;2;28;0;0;0.0
2020-06-21;GM;Gambia;9;37;0;0;0.0
2020-06-28;GM;Gambia;8;45;0;0;0.0
2020-07-05;GM;Gambia;12;57;0;0;0.0
2020-07-12;GM;Gambia;7;64;0;0;0.0
2020-07-19;GM;Gambia;48;112;0;0;0.0
2020-07-26;GM;Gambia;165;277;0;0;0.0
2020-08-02;GM;Gambia;207;484;0;0;0.0
2020-08-09;GM;Gambia;848;1332;0;0;0.0
2020-08-16;GM;Gambia;526;1858;0;0;0.0
2020-08-23;GM;Gambia;727;2585;0;0;0.0
2020-08-30;GM;Gambia;378;2963;0;0;0.0
2020-09-06;GM;Gambia;233;3196;0;0;0.0
2020-09-13;GM;Gambia;209;3405;0;0;0.0
2020-09-20;GM;Gambia;121;3526;0;0;0.0
2020-09-27;GM;Gambia;43;3569;0;0;0.0
2020-10-04;GM;Gambia;25;3594;115;115;3.1997774067890927
2020-10-11;GM;Gambia;38;3632;2;117;3.2213656387665197
2020-10-18;GM;Gambia;17;3649;1;118;3.233762674705399
2020-10-25;GM;Gambia;11;3660;1;119;3.2513661202185795
2020-11-01;GM;Gambia;12;3672;0;119;3.2407407407407405
2020-11-08;GM;Gambia;12;3684;2;121;3.2844733984799133
2020-11-15;GM;Gambia;18;3702;1;122;3.2955159373311727
2020-11-22;GM;Gambia;24;3726;1;123;3.3011272141706924
2020-11-29;GM;Gambia;8;3734;0;123;3.2940546331012315
2020-12-06;GM;Gambia;36;3770;0;123;3.2625994694960214
2020-12-13;GM;Gambia;12;3782;0;123;3.252247488101533
2020-12-20;GM;Gambia;6;3788;0;123;3.2470960929250268
2020-12-27;GM;Gambia;4;3792;0;123;3.2436708860759493
2021-01-03;GM;Gambia;10;3802;1;124;3.2614413466596526
2021-01-10;GM;Gambia;55;3857;1;125;3.2408607726212084
2021-01-17;GM;Gambia;53;3910;3;128;3.273657289002557
2021-01-24;GM;Gambia;62;3972;0;128;3.2225579053373616
2021-01-31;GM;Gambia;118;4090;0;128;3.1295843520782394
2021-02-07;GM;Gambia;147;4237;6;134;3.1626150578239325
2021-02-14;GM;Gambia;177;4414;4;138;3.1264159492523786
2021-02-21;GM;Gambia;140;4554;6;144;3.1620553359683794
2021-02-28;GM;Gambia;158;4712;6;150;3.183361629881155
2021-03-07;GM;Gambia;80;4792;3;153;3.192821368948247
2021-03-14;GM;Gambia;227;5019;0;153;3.048416019127316
2021-03-21;GM;Gambia;236;5255;8;161;3.063748810656518
2021-03-28;GM;Gambia;165;5420;3;164;3.025830258302583
2021-04-04;GM;Gambia;85;5505;2;166;3.0154405086285196
2021-04-11;GM;Gambia;97;5602;2;168;2.9989289539450197
2021-04-18;GM;Gambia;131;5733;2;170;2.965288679574394
2021-04-25;GM;Gambia;124;5857;3;173;2.953730578794605
2021-05-02;GM;Gambia;44;5901;2;175;2.965599051008304
2021-05-09;GM;Gambia;28;5929;0;175;2.95159386068477
2021-05-16;GM;Gambia;17;5946;0;175;2.9431550622267073
2021-05-23;GM;Gambia;32;5978;3;178;2.977584476413516
2021-05-30;GM;Gambia;15;5993;1;179;2.986817954279993
2021-06-06;GM;Gambia;9;6002;0;179;2.982339220259913
2021-06-13;GM;Gambia;14;6016;1;180;2.992021276595745
2021-06-20;GM;Gambia;29;6045;1;181;2.994210090984285
2021-06-27;GM;Gambia;24;6069;0;181;2.9823694183555776
2021-07-04;GM;Gambia;47;6116;1;182;2.9758011772400264
2021-07-11;GM;Gambia;212;6328;3;185;2.9235145385587864
2021-07-18;GM;Gambia;592;6920;5;190;2.745664739884393
2021-07-25;GM;Gambia;413;7333;18;208;2.836492567843993
2021-08-01;GM;Gambia;963;8296;19;227;2.73625843780135
2021-08-08;GM;Gambia;467;8763;18;245;2.795846171402488
2021-08-15;GM;Gambia;432;9195;26;271;2.9472539423599784
2021-08-22;GM;Gambia;275;9470;30;301;3.1784582893347415
2021-08-29;GM;Gambia;228;9698;18;319;3.289338007836667
2021-09-05;GM;Gambia;91;9789;9;328;3.350699765042395
2021-09-12;GM;Gambia;59;9848;0;328;3.3306255077173033
2021-09-19;GM;Gambia;40;9888;4;332;3.357605177993527
2021-09-26;GM;Gambia;42;9930;3;335;3.3736153071500503
2021-10-03;GM;Gambia;5;9935;3;338;3.402113739305486
2021-10-10;GM;Gambia;8;9943;1;339;3.409433772503269
2021-10-17;GM;Gambia;3;9946;0;339;3.408405389101146
2021-10-24;GM;Gambia;16;9962;1;340;3.4129692832764507
2021-10-31;GM;Gambia;5;9967;0;340;3.411257148590348
2021-11-07;GM;Gambia;12;9979;1;341;3.4171760697464677
2021-11-14;GM;Gambia;7;9986;0;341;3.414780692970158
2021-11-21;GM;Gambia;2;9988;1;342;3.4241089307168604
2021-11-28;GM;Gambia;4;9992;0;342;3.422738190552442
2021-12-05;GM;Gambia;6;9998;0;342;3.4206841368273655
2021-12-12;GM;Gambia;47;10045;0;342;3.4046789447486314
2021-12-19;GM;Gambia;33;10078;0;342;3.3935304623933322
2021-12-26;GM;Gambia;58;10136;0;342;3.3741120757695344
2022-01-02;GM;Gambia;358;10494;1;343;3.268534400609872
2022-01-09;GM;Gambia;748;11242;1;344;3.059953744885252
2022-01-16;GM;Gambia;330;11572;3;347;2.9986173522295196
2022-01-23;GM;Gambia;270;11842;15;362;3.056916061476102
2022-01-30;GM;Gambia;21;11863;2;364;3.0683638202815477
2022-02-06;GM;Gambia;17;11880;0;364;3.063973063973064
2022-02-13;GM;Gambia;31;11911;1;365;3.0643942574091176
2022-02-20;GM;Gambia;13;11924;0;365;3.0610533378061056
2022-02-27;GM;Gambia;15;11939;0;365;3.0572074713125055
2022-03-06;GM;Gambia;17;11956;0;365;3.052860488457678
2022-03-13;GM;Gambia;17;11973;0;365;3.0485258498287813
2022-03-20;GM;Gambia;5;11978;0;365;3.047253297712473
2022-03-27;GM;Gambia;10;11988;0;365;3.0447113780447115
2022-04-03;GM;Gambia;2;11990;0;365;3.0442035029190992
2022-04-10;GM;Gambia;0;11990;0;365;3.0442035029190992
2022-04-17;GM;Gambia;4;11994;0;365;3.0431882607970655
2022-04-24;GM;Gambia;1;11995;0;365;3.0429345560650267
2022-05-01;GM;Gambia;1;11996;0;365;3.04268089363121
2022-05-08;GM;Gambia;0;11996;0;365;3.04268089363121
2022-05-15;GM;Gambia;3;11999;0;365;3.0419201600133348
2022-05-22;GM;Gambia;3;12002;0;365;3.0411598066988836
2022-05-29;GM;Gambia;1;12003;0;365;3.0409064400566526
2022-06-05;GM;Gambia;2;12005;0;365;3.040399833402749
2022-06-12;GM;Gambia;2;12007;0;365;3.03989339551928
2022-06-19;GM;Gambia;2;12009;0;365;3.039387126321925
2022-06-26;GM;Gambia;0;12009;0;365;3.039387126321925
2022-07-03;GM;Gambia;0;12009;0;365;3.039387126321925
2022-07-10;GM;Gambia;0;12009;0;365;3.039387126321925
2022-07-17;GM;Gambia;39;12048;3;368;3.054448871181939
2022-07-24;GM;Gambia;43;12091;0;368;3.043586138450087
2022-07-31;GM;Gambia;58;12149;0;368;3.0290558893736113
2022-08-07;GM;Gambia;89;12238;0;368;3.007027292041183
2022-08-14;GM;Gambia;73;12311;3;371;3.0135651043781984
2022-08-21;GM;Gambia;34;12345;0;371;3.0052652895909278
2022-08-28;GM;Gambia;35;12380;0;371;2.996768982229402
2022-09-04;GM;Gambia;27;12407;0;371;2.990247440960748
2022-09-11;GM;Gambia;8;12415;1;372;2.996375352396295
2022-09-18;GM;Gambia;0;12415;0;372;2.996375352396295
2022-09-25;GM;Gambia;27;12442;0;372;2.9898730107699727
2022-10-02;GM;Gambia;0;12442;0;372;2.9898730107699727
2022-10-09;GM;Gambia;0;12442;0;372;2.9898730107699727
2022-10-16;GM;Gambia;0;12442;0;372;2.9898730107699727
2022-10-23;GM;Gambia;0;12442;0;372;2.9898730107699727
2022-10-30;GM;Gambia;121;12563;0;372;2.961076176072594
2022-11-06;GM;Gambia;23;12586;0;372;2.955665024630542
2022-11-13;GM;Gambia;0;12586;0;372;2.955665024630542
2022-11-20;GM;Gambia;0;12586;0;372;2.955665024630542
2022-11-27;GM;Gambia;0;12586;0;372;2.955665024630542
2022-12-04;GM;Gambia;0;12586;0;372;2.955665024630542
2022-12-11;GM;Gambia;0;12586;0;372;2.955665024630542
2022-12-18;GM;Gambia;0;12586;0;372;2.955665024630542
2022-12-25;GM;Gambia;0;12586;0;372;2.955665024630542
2023-01-01;GM;Gambia;0;12586;0;372;2.955665024630542
2023-01-08;GM;Gambia;0;12586;0;372;2.955665024630542
2023-01-15;GM;Gambia;0;12586;0;372;2.955665024630542
2023-01-22;GM;Gambia;0;12586;0;372;2.955665024630542
2023-01-29;GM;Gambia;0;12586;0;372;2.955665024630542
2023-02-05;GM;Gambia;7;12593;0;372;2.9540220757563724
2023-02-12;GM;Gambia;0;12593;0;372;2.9540220757563724
2023-02-19;GM;Gambia;1;12594;0;372;2.9537875178656505
2023-02-26;GM;Gambia;2;12596;0;372;2.953318513813909
2023-03-05;GM;Gambia;2;12598;0;372;2.95284965867598
2023-03-12;GM;Gambia;3;12601;0;372;2.952146655027379
2023-03-19;GM;Gambia;5;12606;0;372;2.950975725844836
2023-03-26;GM;Gambia;0;12606;0;372;2.950975725844836
2023-04-02;GM;Gambia;16;12622;0;372;2.947234986531453
2023-04-09;GM;Gambia;0;12622;0;372;2.947234986531453
2023-04-16;GM;Gambia;4;12626;0;372;2.946301283066688
2023-04-23;GM;Gambia;0;12626;0;372;2.946301283066688
2023-04-30;GM;Gambia;0;12626;0;372;2.946301283066688
2023-05-07;GM;Gambia;0;12626;0;372;2.946301283066688
2023-05-14;GM;Gambia;0;12626;0;372;2.946301283066688
2023-05-21;GM;Gambia;0;12626;0;372;2.946301283066688
2023-05-28;GM;Gambia;0;12626;0;372;2.946301283066688
2023-06-04;GM;Gambia;0;12626;0;372;2.946301283066688
2023-06-11;GM;Gambia;0;12626;0;372;2.946301283066688
2023-06-18;GM;Gambia;0;12626;0;372;2.946301283066688
2023-06-25;GM;Gambia;0;12626;0;372;2.946301283066688
2023-07-02;GM;Gambia;0;12626;0;372;2.946301283066688
2023-07-09;GM;Gambia;0;12626;0;372;2.946301283066688
2023-07-16;GM;Gambia;0;12626;0;372;2.946301283066688
2023-07-23;GM;Gambia;0;12626;0;372;2.946301283066688
2023-07-30;GM;Gambia;0;12626;0;372;2.946301283066688
2023-08-06;GM;Gambia;0;12626;0;372;2.946301283066688
2023-08-13;GM;Gambia;0;12626;0;372;2.946301283066688
2023-08-20;GM;Gambia;0;12626;0;372;2.946301283066688
2023-08-27;GM;Gambia;0;12626;0;372;2.946301283066688
2023-09-03;GM;Gambia;0;12626;0;372;2.946301283066688
2023-09-10;GM;Gambia;0;12626;0;372;2.946301283066688
2023-09-17;GM;Gambia;0;12626;0;372;2.946301283066688
2023-09-24;GM;Gambia;0;12626;0;372;2.946301283066688
2023-10-01;GM;Gambia;0;12626;0;372;2.946301283066688
2023-10-08;GM;Gambia;0;12626;0;372;2.946301283066688
2023-10-15;GM;Gambia;0;12626;0;372;2.946301283066688
2023-10-22;GM;Gambia;0;12626;0;372;2.946301283066688
2023-10-29;GM;Gambia;0;12626;0;372;2.946301283066688
2023-11-05;GM;Gambia;0;12626;0;372;2.946301283066688
2023-11-12;GM;Gambia;0;12626;0;372;2.946301283066688
2023-11-19;GM;Gambia;0;12626;0;372;2.946301283066688
2023-11-26;GM;Gambia;0;12626;0;372;2.946301283066688
2023-12-03;GM;Gambia;0;12626;0;372;2.946301283066688
2023-12-10;GM;Gambia;0;12626;0;372;2.946301283066688
2023-12-17;GM;Gambia;0;12626;0;372;2.946301283066688
2023-12-24;GM;Gambia;0;12626;0;372;2.946301283066688
2023-12-31;GM;Gambia;0;12626;0;372;2.946301283066688
2024-01-07;GM;Gambia;0;12626;0;372;2.946301283066688
2024-01-14;GM;Gambia;0;12626;0;372;2.946301283066688
2024-01-21;GM;Gambia;0;12626;0;372;2.946301283066688
2020-01-05;GE;Georgia;0;0;0;0;0.0
2020-01-12;GE;Georgia;0;0;0;0;0.0
2020-01-19;GE;Georgia;0;0;0;0;0.0
2020-01-26;GE;Georgia;0;0;0;0;0.0
2020-02-02;GE;Georgia;0;0;0;0;0.0
2020-02-09;GE;Georgia;0;0;0;0;0.0
2020-02-16;GE;Georgia;0;0;0;0;0.0
2020-02-23;GE;Georgia;0;0;0;0;0.0
2020-03-01;GE;Georgia;3;3;0;0;0.0
2020-03-08;GE;Georgia;9;12;0;0;0.0
2020-03-15;GE;Georgia;18;30;0;0;0.0
2020-03-22;GE;Georgia;24;54;0;0;0.0
2020-03-29;GE;Georgia;44;98;0;0;0.0
2020-04-05;GE;Georgia;72;170;1;1;0.5882352941176471
2020-04-12;GE;Georgia;82;252;2;3;1.1904761904761905
2020-04-19;GE;Georgia;142;394;1;4;1.015228426395939
2020-04-26;GE;Georgia;91;485;1;5;1.0309278350515463
2020-05-03;GE;Georgia;104;589;3;8;1.3582342954159592
2020-05-10;GE;Georgia;46;635;2;10;1.574803149606299
2020-05-17;GE;Georgia;60;695;2;12;1.7266187050359711
2020-05-24;GE;Georgia;35;730;0;12;1.643835616438356
2020-05-31;GE;Georgia;53;783;0;12;1.532567049808429
2020-06-07;GE;Georgia;26;809;1;13;1.6069221260815822
2020-06-14;GE;Georgia;55;864;1;14;1.6203703703703702
2020-06-21;GE;Georgia;42;906;0;14;1.545253863134658
2020-06-28;GE;Georgia;18;924;1;15;1.6233766233766231
2020-07-05;GE;Georgia;27;951;0;15;1.5772870662460567
2020-07-12;GE;Georgia;35;986;0;15;1.5212981744421907
2020-07-19;GE;Georgia;42;1028;0;15;1.4591439688715953
2020-07-26;GE;Georgia;103;1131;1;16;1.414677276746242
2020-08-02;GE;Georgia;46;1177;1;17;1.4443500424808835
2020-08-09;GE;Georgia;48;1225;0;17;1.3877551020408163
2020-08-16;GE;Georgia;111;1336;0;17;1.2724550898203593
2020-08-23;GE;Georgia;75;1411;0;17;1.2048192771084338
2020-08-30;GE;Georgia;58;1469;2;19;1.2933968686181077
2020-09-06;GE;Georgia;181;1650;0;19;1.1515151515151514
2020-09-13;GE;Georgia;577;2227;0;19;0.8531656937584194
2020-09-20;GE;Georgia;1275;3502;0;19;0.5425471159337522
2020-09-27;GE;Georgia;1752;5254;9;28;0.5329272934906737
2020-10-04;GE;Georgia;2864;8118;22;50;0.6159152500615915
2020-10-11;GE;Georgia;3676;11794;35;85;0.72070544344582
2020-10-18;GE;Georgia;5683;17477;51;136;0.7781655890599073
2020-10-25;GE;Georgia;10954;28431;65;201;0.7069747810488551
2020-11-01;GE;Georgia;12296;40727;134;335;0.8225501510054755
2020-11-08;GE;Georgia;17026;57753;140;475;0.8224680968953993
2020-11-15;GE;Georgia;21925;79678;228;703;0.8823012625818921
2020-11-22;GE;Georgia;25054;104732;273;976;0.9319023794064851
2020-11-29;GE;Georgia;27636;132368;254;1230;0.9292276078810588
2020-12-06;GE;Georgia;30107;162475;274;1504;0.9256808739806124
2020-12-13;GE;Georgia;27251;189726;286;1790;0.9434658402116736
2020-12-20;GE;Georgia;18912;208638;304;2094;1.0036522589365313
2020-12-27;GE;Georgia;12967;221605;283;2377;1.0726292276798808
2021-01-03;GE;Georgia;7564;229169;226;2603;1.1358429805078347
2021-01-10;GE;Georgia;10060;239229;170;2773;1.1591404052184309
2021-01-17;GE;Georgia;8576;247805;160;2933;1.1835919372086923
2021-01-24;GE;Georgia;5713;253518;122;3055;1.2050426399703373
2021-01-31;GE;Georgia;4593;258111;123;3178;1.231253220513655
2021-02-07;GE;Georgia;3913;262024;105;3283;1.252938662107288
2021-02-14;GE;Georgia;3533;265557;69;3352;1.2622525484171006
2021-02-21;GE;Georgia;2798;268355;83;3435;1.2800208678802332
2021-02-28;GE;Georgia;2403;270758;75;3510;1.2963605876834663
2021-03-07;GE;Georgia;2093;272851;66;3576;1.3106054220068828
2021-03-14;GE;Georgia;2138;274989;72;3648;1.326598518486194
2021-03-21;GE;Georgia;2491;277480;52;3700;1.3334294363557735
2021-03-28;GE;Georgia;2821;280301;51;3751;1.3382042875337583
2021-04-04;GE;Georgia;3532;283833;60;3811;1.3426909485507323
2021-04-11;GE;Georgia;4563;288396;66;3877;1.344332098919541
2021-04-18;GE;Georgia;6962;295358;62;3939;1.3336357911415975
2021-04-25;GE;Georgia;8393;303751;86;4025;1.3250985181941788
2021-05-02;GE;Georgia;8694;312445;126;4151;1.3285538254732834
2021-05-09;GE;Georgia;9474;321919;130;4281;1.3298376299628167
2021-05-16;GE;Georgia;8456;330375;161;4442;1.3445327279606507
2021-05-23;GE;Georgia;7198;337573;180;4622;1.3691853317652773
2021-05-30;GE;Georgia;6030;343603;135;4757;1.3844465851578713
2021-06-06;GE;Georgia;5495;349098;153;4910;1.4064818475041394
2021-06-13;GE;Georgia;4867;353965;138;5048;1.4261297020891897
2021-06-20;GE;Georgia;4916;358881;112;5160;1.437802502779473
2021-06-27;GE;Georgia;4641;363522;106;5266;1.4486055864569407
2021-07-04;GE;Georgia;5526;369048;81;5347;1.448863020528495
2021-07-11;GE;Georgia;8104;377152;105;5452;1.445571016460207
2021-07-18;GE;Georgia;10329;387481;99;5551;1.4325863719769485
2021-07-25;GE;Georgia;15278;402759;137;5688;1.4122589439342137
2021-08-01;GE;Georgia;19429;422188;165;5853;1.386349209356969
2021-08-08;GE;Georgia;25725;447913;231;6084;1.3582994911958348
2021-08-15;GE;Georgia;33665;481578;322;6406;1.3302102670803069
2021-08-22;GE;Georgia;33166;514744;365;6771;1.3154111558366879
2021-08-29;GE;Georgia;28374;543118;480;7251;1.3350689905324442
2021-09-05;GE;Georgia;21719;564837;555;7806;1.381991618821005
2021-09-12;GE;Georgia;16032;580869;379;8185;1.4090956825032839
2021-09-19;GE;Georgia;14395;595264;356;8541;1.4348255563917858
2021-09-26;GE;Georgia;11228;606492;276;8817;1.4537702063671079
2021-10-03;GE;Georgia;11261;617753;221;9038;1.4630442911649155
2021-10-10;GE;Georgia;16300;634053;208;9246;1.458237718297997
2021-10-17;GE;Georgia;28281;662334;222;9468;1.429490257181422
2021-10-24;GE;Georgia;29906;692240;274;9742;1.4073153819484572
2021-10-31;GE;Georgia;27007;719247;303;10045;1.3965994991984672
2021-11-07;GE;Georgia;33608;752855;390;10435;1.3860570760637838
2021-11-14;GE;Georgia;31236;784091;540;10975;1.399709982642321
2021-11-21;GE;Georgia;28155;812246;523;11498;1.4155809939353348
2021-11-28;GE;Georgia;26393;838639;429;11927;1.4221852310708183
2021-12-05;GE;Georgia;26654;865293;417;12344;1.4265688038618134
2021-12-12;GE;Georgia;23993;889286;387;12731;1.431597933623154
2021-12-19;GE;Georgia;19874;909160;340;13071;1.4377007347441595
2021-12-26;GE;Georgia;15208;924368;441;13512;1.4617554913194746
2022-01-02;GE;Georgia;13272;937640;373;13885;1.480845527067958
2022-01-09;GE;Georgia;22234;959874;252;14137;1.4727974713347793
2022-01-16;GE;Georgia;35813;995687;262;14399;1.4461371896991724
2022-01-23;GE;Georgia;55758;1051445;252;14651;1.393415727879252
2022-01-30;GE;Georgia;111328;1162773;244;14895;1.2809894966601392
2022-02-06;GE;Georgia;151830;1314603;267;15162;1.1533520005659503
2022-02-13;GE;Georgia;139462;1454065;344;15506;1.0663897418616086
2022-02-20;GE;Georgia;94828;1548893;300;15806;1.0204707491092024
2022-02-27;GE;Georgia;54114;1603007;282;16088;1.0036138332521318
2022-03-06;GE;Georgia;22365;1625372;228;16316;1.0038317382113142
2022-03-13;GE;Georgia;10137;1635509;188;16504;1.009104810795905
2022-03-20;GE;Georgia;6365;1641874;109;16613;1.0118316021814098
2022-03-27;GE;Georgia;4442;1646316;45;16658;1.011834908972518
2022-04-03;GE;Georgia;2906;1649222;48;16706;1.012962475640029
2022-04-10;GE;Georgia;2248;1651470;15;16721;1.0124919011547289
2022-04-17;GE;Georgia;1574;1653044;21;16742;1.0127982074282353
2022-04-24;GE;Georgia;1211;1654255;8;16750;1.0125403882714574
2022-05-01;GE;Georgia;915;1655170;10;16760;1.0125848100195145
2022-05-08;GE;Georgia;51;1655221;1;16761;1.0126140255591247
2022-05-15;GE;Georgia;745;1655966;8;16769;1.0126415638968433
2022-05-22;GE;Georgia;602;1656568;3;16772;1.0124546653080344
2022-05-29;GE;Georgia;586;1657154;5;16777;1.0123983649075463
2022-06-05;GE;Georgia;575;1657729;1;16778;1.0121075278287344
2022-06-12;GE;Georgia;1026;1658755;10;16788;1.0120843644781778
2022-06-19;GE;Georgia;0;1658755;0;16788;1.0120843644781778
2022-06-26;GE;Georgia;1674;1660429;3;16791;1.0112446843556695
2022-07-03;GE;Georgia;0;1660429;0;16791;1.0112446843556695
2022-07-10;GE;Georgia;1870;1662299;3;16794;1.0102875595786316
2022-07-17;GE;Georgia;5154;1667453;3;16797;1.007344734754143
2022-07-24;GE;Georgia;9512;1676965;7;16804;1.0020483432868308
2022-07-31;GE;Georgia;11253;1688218;5;16809;0.9956652517625094
2022-08-07;GE;Georgia;12802;1701020;10;16819;0.9887596853652515
2022-08-14;GE;Georgia;13729;1714749;8;16827;0.9813098010262725
2022-08-21;GE;Georgia;13338;1728087;6;16833;0.9740829020761108
2022-08-28;GE;Georgia;13595;1741682;6;16839;0.9668240241329933
2022-09-04;GE;Georgia;19907;1761589;4;16843;0.9561254072317664
2022-09-11;GE;Georgia;10340;1771929;6;16849;0.9508846009066955
2022-09-18;GE;Georgia;8480;1780409;5;16854;0.9466364189351997
2022-09-25;GE;Georgia;7214;1787623;4;16858;0.9430400034011646
2022-10-02;GE;Georgia;5150;1792773;4;16862;0.9405541024993126
2022-10-09;GE;Georgia;3997;1796770;5;16867;0.9387400724633649
2022-10-16;GE;Georgia;2229;1798999;3;16870;0.9377437119197954
2022-10-23;GE;Georgia;1814;1800813;1;16871;0.9368546317690953
2022-10-30;GE;Georgia;1444;1802257;2;16873;0.9362149793286972
2022-11-06;GE;Georgia;1139;1803396;5;16878;0.9359009335719941
2022-11-13;GE;Georgia;1169;1804565;0;16878;0.9352946554986936
2022-11-20;GE;Georgia;1077;1805642;3;16881;0.9349029320319311
2022-11-27;GE;Georgia;889;1806531;6;16887;0.9347749914061813
2022-12-04;GE;Georgia;748;1807279;3;16890;0.9345541003906978
2022-12-11;GE;Georgia;623;1807902;3;16893;0.9343979928115573
2022-12-18;GE;Georgia;636;1808538;4;16897;0.9342905706156023
2022-12-25;GE;Georgia;641;1809179;1;16898;0.9340148210873551
2023-01-01;GE;Georgia;691;1809870;5;16903;0.9339344814820953
2023-01-08;GE;Georgia;1044;1810914;5;16908;0.9336721677561718
2023-01-15;GE;Georgia;1152;1812066;7;16915;0.9334648958702387
2023-01-22;GE;Georgia;1612;1813678;8;16923;0.9330763233605965
2023-01-29;GE;Georgia;2034;1815712;10;16933;0.932581819143124
2023-02-05;GE;Georgia;2940;1818652;7;16940;0.9314591246703603
2023-02-12;GE;Georgia;3195;1821847;9;16949;0.9303196152036916
2023-02-19;GE;Georgia;2997;1824844;15;16964;0.9296137094458485
2023-02-26;GE;Georgia;2531;1827375;5;16969;0.9285997674259525
2023-03-05;GE;Georgia;2058;1829433;16;16985;0.928429737519767
2023-03-12;GE;Georgia;1812;1831245;15;17000;0.9283301797411051
2023-03-19;GE;Georgia;1791;1833036;13;17013;0.9281323443729419
2023-03-26;GE;Georgia;1597;1834633;9;17022;0.9278149907910738
2023-04-02;GE;Georgia;1465;1836098;7;17029;0.927455941894169
2023-04-09;GE;Georgia;1558;1837656;11;17040;0.9272682155963903
2023-04-16;GE;Georgia;1147;1838803;7;17047;0.9270704909661339
2023-04-23;GE;Georgia;1054;1839857;10;17057;0.9270829200312851
2023-04-30;GE;Georgia;1008;1840865;7;17064;0.9269555344905792
2023-05-07;GE;Georgia;874;1841739;2;17066;0.9266242393737658
2023-05-14;GE;Georgia;686;1842425;8;17074;0.9267134347395416
2023-05-21;GE;Georgia;684;1843109;7;17081;0.9267493132527702
2023-05-28;GE;Georgia;558;1843667;5;17086;0.9267400240932879
2023-06-04;GE;Georgia;533;1844200;3;17089;0.9266348552217764
2023-06-11;GE;Georgia;410;1844610;3;17092;0.9265915288326529
2023-06-18;GE;Georgia;422;1845032;3;17095;0.9265421954741164
2023-06-25;GE;Georgia;376;1845408;4;17099;0.9265701676810765
2023-07-02;GE;Georgia;423;1845831;3;17102;0.9265203585810402
2023-07-09;GE;Georgia;460;1846291;4;17106;0.9265061683125791
2023-07-16;GE;Georgia;442;1846733;1;17107;0.9263385665388554
2023-07-23;GE;Georgia;610;1847343;3;17110;0.9261950812599501
2023-07-30;GE;Georgia;781;1848124;4;17114;0.9260201155333733
2023-08-06;GE;Georgia;1126;1849250;2;17116;0.9255644180073002
2023-08-13;GE;Georgia;1522;1850772;6;17122;0.9251274603246645
2023-08-20;GE;Georgia;2093;1852865;5;17127;0.9243522868638567
2023-08-27;GE;Georgia;2424;1855289;5;17132;0.9234140880477381
2023-09-03;GE;Georgia;0;1855289;0;17132;0.9234140880477381
2023-09-10;GE;Georgia;0;1855289;0;17132;0.9234140880477381
2023-09-17;GE;Georgia;0;1855289;0;17132;0.9234140880477381
2023-09-24;GE;Georgia;0;1855289;0;17132;0.9234140880477381
2023-10-01;GE;Georgia;0;1855289;0;17132;0.9234140880477381
2023-10-08;GE;Georgia;0;1855289;0;17132;0.9234140880477381
2023-10-15;GE;Georgia;0;1855289;0;17132;0.9234140880477381
2023-10-22;GE;Georgia;0;1855289;0;17132;0.9234140880477381
2023-10-29;GE;Georgia;0;1855289;0;17132;0.9234140880477381
2023-11-05;GE;Georgia;0;1855289;0;17132;0.9234140880477381
2023-11-12;GE;Georgia;0;1855289;0;17132;0.9234140880477381
2023-11-19;GE;Georgia;0;1855289;0;17132;0.9234140880477381
2023-11-26;GE;Georgia;0;1855289;0;17132;0.9234140880477381
2023-12-03;GE;Georgia;0;1855289;0;17132;0.9234140880477381
2023-12-10;GE;Georgia;0;1855289;0;17132;0.9234140880477381
2023-12-17;GE;Georgia;0;1855289;0;17132;0.9234140880477381
2023-12-24;GE;Georgia;0;1855289;0;17132;0.9234140880477381
2023-12-31;GE;Georgia;0;1855289;0;17132;0.9234140880477381
2024-01-07;GE;Georgia;0;1855289;0;17132;0.9234140880477381
2024-01-14;GE;Georgia;0;1855289;0;17132;0.9234140880477381
2024-01-21;GE;Georgia;0;1855289;0;17132;0.9234140880477381
2020-03-01;DE;Germany;139;170;1;11;6.470588235294119
2020-03-08;DE;Germany;905;1075;12;23;2.1395348837209305
2020-03-15;DE;Germany;6441;7516;84;107;1.423629590207557
2020-03-22;DE;Germany;22407;29923;479;586;1.9583597901279952
2020-03-29;DE;Germany;33981;63904;1459;2045;3.2001126690035053
2020-04-05;DE;Germany;36067;99971;2273;4318;4.319252583249143
2020-04-12;DE;Germany;27145;127116;1878;6196;4.874288051858145
2020-04-19;DE;Germany;17345;144461;1226;7422;5.137718830687867
2020-04-26;DE;Germany;12351;156812;727;8149;5.196668622299313
2020-05-03;DE;Germany;7442;164254;388;8537;5.197438114140295
2020-05-10;DE;Germany;6243;170497;258;8795;5.158448535751362
2020-05-17;DE;Germany;4775;175272;165;8960;5.112054406864758
2020-05-24;DE;Germany;3604;178876;111;9071;5.071110713566941
2020-05-31;DE;Germany;3206;182082;65;9136;5.017519579090739
2020-06-07;DE;Germany;2354;184436;44;9180;4.977336311782949
2020-06-14;DE;Germany;2348;186784;35;9215;4.933506081891383
2020-06-21;DE;Germany;4192;190976;41;9256;4.8466823056300266
2020-06-28;DE;Germany;3167;194143;21;9277;4.778436513291749
2020-07-05;DE;Germany;2691;196834;26;9303;4.726317607730372
2020-07-12;DE;Germany;2429;199263;25;9328;4.681250407752568
2020-07-19;DE;Germany;3044;202307;31;9359;4.626137503892599
2020-07-26;DE;Germany;3936;206243;33;9392;4.553851524657807
2020-08-02;DE;Germany;4843;211086;37;9429;4.466899747022541
2020-08-09;DE;Germany;6067;217153;34;9463;4.357756973194015
2020-08-16;DE;Germany;7971;225124;31;9494;4.217231392477035
2020-08-23;DE;Germany;9580;234704;31;9525;4.058303224487013
2020-08-30;DE;Germany;8844;243548;18;9543;3.91832410859461
2020-09-06;DE;Germany;8609;252157;35;9578;3.798427170374013
2020-09-13;DE;Germany;9785;261942;68;9646;3.6824945980407877
2020-09-20;DE;Germany;12285;274227;82;9728;3.5474260375528304
2020-09-27;DE;Germany;13064;287291;110;9838;3.4244024351615607
2020-10-04;DE;Germany;15946;303237;121;9959;3.2842298268351158
2020-10-11;DE;Germany;26145;329382;247;10206;3.0985299743155363
2020-10-18;DE;Germany;42031;371413;464;10670;2.8728127448419953
2020-10-25;DE;Germany;74792;446205;1015;11685;2.618751470736545
2020-11-01;DE;Germany;111009;557214;1621;13306;2.38795148722035
2020-11-08;DE;Germany;125692;682906;1910;15216;2.2281251006727136
2020-11-15;DE;Germany;127862;810768;2536;17752;2.18952894046139
2020-11-22;DE;Germany;128400;939168;3226;20978;2.2336791713516644
2020-11-29;DE;Germany;123122;1062290;3601;24579;2.313774957874027
2020-12-06;DE;Germany;128258;1190548;4480;29059;2.4408087704149684
2020-12-13;DE;Germany;156213;1346761;5762;34821;2.5855367062158763
2020-12-20;DE;Germany;174589;1521350;6460;41281;2.71344529529694
2020-12-27;DE;Germany;138828;1660178;5728;47009;2.831563844358858
2021-01-03;DE;Germany;122953;1783131;5744;52753;2.9584478089383226
2021-01-10;DE;Germany;145505;1928636;5759;58512;3.033853977629786
2021-01-17;DE;Germany;118929;2047565;5096;63608;3.106519206960463
2021-01-24;DE;Germany;95553;2143118;4107;67715;3.1596486987650705
2021-01-31;DE;Germany;78172;2221290;3102;70817;3.188102408960559
2021-02-07;DE;Germany;64596;2285886;2268;73085;3.197228558204565
2021-02-14;DE;Germany;50827;2336713;1680;74765;3.1995799227376236
2021-02-21;DE;Germany;52329;2389042;1478;76243;3.191362897764041
2021-02-28;DE;Germany;56356;2445398;1227;77470;3.1679914680555066
2021-03-07;DE;Germany;58425;2503823;1049;78519;3.1359644831124243
2021-03-14;DE;Germany;71391;2575214;1104;79623;3.0918983820373764
2021-03-21;DE;Germany;92610;2667824;1277;80900;3.032433923677124
2021-03-28;DE;Germany;116309;2784133;1526;82426;2.960562588066016
2021-04-04;DE;Germany;110007;2894140;1590;84016;2.9029694486099498
2021-04-11;DE;Germany;118188;3012328;1582;85598;2.841589627689946
2021-04-18;DE;Germany;142021;3154349;1627;87225;2.7652298461584306
2021-04-25;DE;Germany;144678;3299027;1622;88847;2.693127397866098
2021-05-02;DE;Germany;124684;3423711;1307;90154;2.6332245916784447
2021-05-09;DE;Germany;100847;3524558;1010;91164;2.5865370920268584
2021-05-16;DE;Germany;70746;3595304;676;91840;2.554443240404706
2021-05-23;DE;Germany;52670;3647974;448;92288;2.5298425920798775
2021-05-30;DE;Germany;29867;3677841;261;92549;2.516394808802229
2021-06-06;DE;Germany;20680;3698521;141;92690;2.506136912565861
2021-06-13;DE;Germany;14062;3712583;67;92757;2.4984491929204005
2021-06-20;DE;Germany;7285;3719868;47;92804;2.4948197086563284
2021-06-27;DE;Germany;4859;3724727;30;92834;2.4923705817902895
2021-07-04;DE;Germany;4388;3729115;25;92859;2.4901082428404595
2021-07-11;DE;Germany;5597;3734712;25;92884;2.4870458552091836
2021-07-18;DE;Germany;9113;3743825;30;92914;2.4817933530546967
2021-07-25;DE;Germany;12646;3756471;40;92954;2.4745033303864186
2021-08-01;DE;Germany;15522;3771993;72;93026;2.4662293911998248
2021-08-08;DE;Germany;20423;3792416;89;93115;2.455294988735413
2021-08-15;DE;Germany;32077;3824493;144;93259;2.4384670072608317
2021-08-22;DE;Germany;49652;3874145;224;93483;2.4129969322263363
2021-08-29;DE;Germany;66371;3940516;351;93834;2.3812617433858914
2021-09-05;DE;Germany;74737;4015253;432;94266;2.3476976419667706
2021-09-12;DE;Germany;71656;4086909;449;94715;2.317521628203613
2021-09-19;DE;Germany;61471;4148380;385;95100;2.292461153510527
2021-09-26;DE;Germany;53623;4202003;354;95454;2.271630934104521
2021-10-03;DE;Germany;56481;4258484;423;95877;2.251435017719921
2021-10-10;DE;Germany;58025;4316509;489;96366;2.2324985306413123
2021-10-17;DE;Germany;65359;4381868;581;96947;2.2124582483999977
2021-10-24;DE;Germany;97723;4479591;1051;97998;2.187655078331928
2021-10-31;DE;Germany;137011;4616602;1274;99272;2.1503261489727725
2021-11-07;DE;Germany;177868;4794470;1672;100944;2.105425625773026
2021-11-14;DE;Germany;271174;5065644;2286;103230;2.0378455335590107
2021-11-21;DE;Germany;351654;5417298;2710;105940;1.9555874533762037
2021-11-28;DE;Germany;403348;5820646;3093;109033;1.8732113239664463
2021-12-05;DE;Germany;388054;6208700;2865;111898;1.8022774493855396
2021-12-12;DE;Germany;338008;6546708;2513;114411;1.7476111657950835
2021-12-19;DE;Germany;273503;6820211;1994;116405;1.706765377200207
2021-12-26;DE;Germany;193832;7014043;1287;117692;1.6779480821546147
2022-01-02;DE;Germany;208696;7222739;1029;118721;1.6437116168810753
2022-01-09;DE;Germany;337882;7560621;870;119591;1.5817616039740652
2022-01-16;DE;Germany;486124;8046745;693;120284;1.4948156055647346
2022-01-23;DE;Germany;796815;8843560;867;121151;1.369934732166684
2022-01-30;DE;Germany;1114352;9957912;1117;122268;1.227847765676178
2022-02-06;DE;Germany;1292740;11250652;1504;123772;1.1001317968060873
2022-02-13;DE;Germany;1309845;12560497;1705;125477;0.9989811708883812
2022-02-20;DE;Germany;1193271;13753768;1786;127263;0.925295526287778
2022-02-27;DE;Germany;1093093;14846861;1645;128908;0.8682508713458017
2022-03-06;DE;Germany;1134009;15980870;1606;130514;0.8166889537303037
2022-03-13;DE;Germany;1413846;17394716;1778;132292;0.7605298068677867
2022-03-20;DE;Germany;1582504;18977220;1934;134226;0.7073006478293449
2022-03-27;DE;Germany;1588891;20566111;1881;136107;0.6618023213042077
2022-04-03;DE;Germany;1295125;21861236;1536;137643;0.6296213077796698
2022-04-10;DE;Germany;984600;22845836;1292;138935;0.6081414573754271
2022-04-17;DE;Germany;778948;23624784;985;139920;0.5922593831969003
2022-04-24;DE;Germany;731499;24356283;808;140728;0.5777893121048069
2022-05-01;DE;Germany;596917;24953200;678;141406;0.5666848340092653
2022-05-08;DE;Germany;471440;25424640;541;141947;0.5583048570205911
2022-05-15;DE;Germany;408745;25833385;418;142365;0.5510892204022044
2022-05-22;DE;Germany;292505;26125890;330;142695;0.5461823501515164
2022-05-29;DE;Germany;187159;26313049;213;142908;0.5431069580723997
2022-06-05;DE;Germany;245141;26558190;223;143131;0.5389335643731745
2022-06-12;DE;Germany;331434;26889624;285;143416;0.5333507080649398
2022-06-19;DE;Germany;413791;27303415;402;143818;0.5267399700733406
2022-06-26;DE;Germany;574225;27877640;566;144384;0.5179204552465704
2022-07-03;DE;Germany;622776;28500416;610;144994;0.5087434513236578
2022-07-10;DE;Germany;629349;29129765;702;145696;0.5001619477534405
2022-07-17;DE;Germany;675130;29804895;960;146656;0.4920534026373856
2022-07-24;DE;Germany;627179;30432074;1129;147785;0.4856225047297138
2022-07-31;DE;Germany;495729;30927803;1038;148823;0.48119486534494543
2022-08-07;DE;Germany;362936;31290739;791;149614;0.47814147182653627
2022-08-14;DE;Germany;298292;31589031;623;150237;0.47559863422211335
2022-08-21;DE;Germany;263329;31852360;593;150830;0.47352849208033565
2022-08-28;DE;Germany;227979;32080339;397;151227;0.47140087889968996
2022-09-04;DE;Germany;201757;32282096;351;151578;0.46954200247716255
2022-09-11;DE;Germany;204084;32486180;317;151895;0.4675680550929657
2022-09-18;DE;Germany;228913;32715093;354;152249;0.46537847225438117
2022-09-25;DE;Germany;286535;33001628;520;152769;0.4629135265690529
2022-10-02;DE;Germany;458852;33460480;880;153649;0.45919544489499253
2022-10-09;DE;Germany;594073;34054553;1284;154933;0.45495531830941954
2022-10-16;DE;Germany;644986;34699539;1560;156493;0.4509944642204037
2022-10-23;DE;Germany;544616;35244155;1477;157970;0.4482161652052659
2022-10-30;DE;Germany;373903;35618058;1049;159019;0.44645612065655016
2022-11-06;DE;Germany;243578;35861636;698;159717;0.4453700885257995
2022-11-13;DE;Germany;202015;36063651;640;160357;0.4446499329754494
2022-11-20;DE;Germany;169667;36233318;553;160910;0.44409402417962385
2022-11-27;DE;Germany;170589;36403907;640;161550;0.4437710490799792
2022-12-04;DE;Germany;184825;36588732;800;162350;0.44371584125954405
2022-12-11;DE;Germany;199505;36788237;961;163311;0.4439217894567767
2022-12-18;DE;Germany;222953;37011190;1139;164450;0.4443250811443782
2022-12-25;DE;Germany;230746;37241936;1288;165738;0.44503056983933376
2023-01-01;DE;Germany;151567;37393503;970;166708;0.4458207619649862
2023-01-08;DE;Germany;130316;37523819;829;167537;0.4464817400382408
2023-01-15;DE;Germany;89089;37612908;517;168054;0.44679874260187485
2023-01-22;DE;Germany;62867;37675775;338;168392;0.4469503281617963
2023-01-29;DE;Germany;73298;37749073;331;168723;0.4469593200341635
2023-02-05;DE;Germany;84243;37833316;344;169067;0.4468733324882228
2023-02-12;DE;Germany;86595;37919911;455;169522;0.4470527370172362
2023-02-19;DE;Germany;97850;38017761;601;170123;0.4474829540855917
2023-02-26;DE;Germany;113434;38131195;599;170722;0.4477226585739052
2023-03-05;DE;Germany;86321;38217516;535;171257;0.4481112796551194
2023-03-12;DE;Germany;43758;38261274;572;171829;0.4490937756019311
2023-03-19;DE;Germany;40307;38301581;626;172455;0.45025556516844567
2023-03-26;DE;Germany;32639;38334220;545;173000;0.45129390920175233
2023-04-02;DE;Germany;22652;38356872;431;173431;0.45215105131617617
2023-04-09;DE;Germany;14679;38371551;278;173709;0.452702576447848
2023-04-16;DE;Germany;13045;38384596;304;174013;0.4533407099035248
2023-04-23;DE;Germany;11468;38396064;231;174244;0.4538069318771841
2023-04-30;DE;Germany;9193;38405257;162;174406;0.4541201221489027
2023-05-07;DE;Germany;7360;38412617;167;174573;0.45446786403540274
2023-05-14;DE;Germany;6708;38419325;109;174682;0.45467222550109876
2023-05-21;DE;Germany;4359;38423684;85;174767;0.4548418626386788
2023-05-28;DE;Germany;4272;38427956;72;174839;0.4549786618887562
2023-06-04;DE;Germany;2767;38430723;55;174894;0.4550890182315852
2023-06-11;DE;Germany;2392;38433115;32;174926;0.4551439559348754
2023-06-18;DE;Germany;2014;38435129;30;174956;0.4551981599957684
2023-06-25;DE;Germany;1528;38436657;15;174971;0.45521908942289124
2023-07-02;DE;Germany;1099;38437756;8;174979;0.4552268868141002
2023-07-09;DE;Germany;0;38437756;0;174979;0.4552268868141002
2023-07-16;DE;Germany;0;38437756;0;174979;0.4552268868141002
2023-07-23;DE;Germany;0;38437756;0;174979;0.4552268868141002
2023-07-30;DE;Germany;0;38437756;0;174979;0.4552268868141002
2023-08-06;DE;Germany;0;38437756;0;174979;0.4552268868141002
2023-08-13;DE;Germany;0;38437756;0;174979;0.4552268868141002
2023-08-20;DE;Germany;0;38437756;0;174979;0.4552268868141002
2023-08-27;DE;Germany;0;38437756;0;174979;0.4552268868141002
2023-09-03;DE;Germany;0;38437756;0;174979;0.4552268868141002
2023-09-10;DE;Germany;0;38437756;0;174979;0.4552268868141002
2023-09-17;DE;Germany;0;38437756;0;174979;0.4552268868141002
2023-09-24;DE;Germany;0;38437756;0;174979;0.4552268868141002
2023-10-01;DE;Germany;0;38437756;0;174979;0.4552268868141002
2023-10-08;DE;Germany;0;38437756;0;174979;0.4552268868141002
2023-10-15;DE;Germany;0;38437756;0;174979;0.4552268868141002
2023-10-22;DE;Germany;0;38437756;0;174979;0.4552268868141002
2023-10-29;DE;Germany;0;38437756;0;174979;0.4552268868141002
2023-11-05;DE;Germany;0;38437756;0;174979;0.4552268868141002
2023-11-12;DE;Germany;0;38437756;0;174979;0.4552268868141002
2023-11-19;DE;Germany;0;38437756;0;174979;0.4552268868141002
2023-11-26;DE;Germany;0;38437756;0;174979;0.4552268868141002
2023-12-03;DE;Germany;0;38437756;0;174979;0.4552268868141002
2023-12-10;DE;Germany;0;38437756;0;174979;0.4552268868141002
2023-12-17;DE;Germany;0;38437756;0;174979;0.4552268868141002
2023-12-24;DE;Germany;0;38437756;0;174979;0.4552268868141002
2023-12-31;DE;Germany;0;38437756;0;174979;0.4552268868141002
2024-01-07;DE;Germany;0;38437756;0;174979;0.4552268868141002
2024-01-14;DE;Germany;0;38437756;0;174979;0.4552268868141002
2024-01-21;DE;Germany;0;38437756;0;174979;0.4552268868141002
2020-01-05;GH;Ghana;0;0;0;0;0.0
2020-01-12;GH;Ghana;0;0;0;0;0.0
2020-01-19;GH;Ghana;0;0;0;0;0.0
2020-01-26;GH;Ghana;0;0;0;0;0.0
2020-02-02;GH;Ghana;0;0;0;0;0.0
2020-02-09;GH;Ghana;0;0;0;0;0.0
2020-02-16;GH;Ghana;0;0;0;0;0.0
2020-02-23;GH;Ghana;0;0;0;0;0.0
2020-03-01;GH;Ghana;0;0;0;0;0.0
2020-03-08;GH;Ghana;0;0;0;0;0.0
2020-03-15;GH;Ghana;8;8;0;0;0.0
2020-03-22;GH;Ghana;23;31;0;0;0.0
2020-03-29;GH;Ghana;110;141;0;0;0.0
2020-04-05;GH;Ghana;73;214;0;0;0.0
2020-04-12;GH;Ghana;352;566;0;0;0.0
2020-04-19;GH;Ghana;268;834;0;0;0.0
2020-04-26;GH;Ghana;445;1279;0;0;0.0
2020-05-03;GH;Ghana;890;2169;0;0;0.0
2020-05-10;GH;Ghana;2094;4263;0;0;0.0
2020-05-17;GH;Ghana;1472;5735;0;0;0.0
2020-05-24;GH;Ghana;882;6617;0;0;0.0
2020-05-31;GH;Ghana;1151;7768;0;0;0.0
2020-06-07;GH;Ghana;1694;9462;0;0;0.0
2020-06-14;GH;Ghana;2502;11964;0;0;0.0
2020-06-21;GH;Ghana;2190;14154;0;0;0.0
2020-06-28;GH;Ghana;3197;17351;0;0;0.0
2020-07-05;GH;Ghana;4617;21968;0;0;0.0
2020-07-12;GH;Ghana;3284;25252;0;0;0.0
2020-07-19;GH;Ghana;3737;28989;0;0;0.0
2020-07-26;GH;Ghana;4635;33624;0;0;0.0
2020-08-02;GH;Ghana;4877;38501;0;0;0.0
2020-08-09;GH;Ghana;2903;41404;0;0;0.0
2020-08-16;GH;Ghana;1249;42653;0;0;0.0
2020-08-23;GH;Ghana;1064;43717;0;0;0.0
2020-08-30;GH;Ghana;743;44460;0;0;0.0
2020-09-06;GH;Ghana;728;45188;0;0;0.0
2020-09-13;GH;Ghana;467;45655;0;0;0.0
2020-09-20;GH;Ghana;461;46116;0;0;0.0
2020-09-27;GH;Ghana;510;46626;301;301;0.6455625616608759
2020-10-04;GH;Ghana;203;46829;2;303;0.6470349569711076
2020-10-11;GH;Ghana;297;47126;7;310;0.6578109748334252
2020-10-18;GH;Ghana;335;47461;2;312;0.6573818503613493
2020-10-25;GH;Ghana;314;47775;4;316;0.6614338042909471
2020-11-01;GH;Ghana;736;48511;4;320;0.6596442044072478
2020-11-08;GH;Ghana;791;49302;0;320;0.6490608900247454
2020-11-15;GH;Ghana;1155;50457;3;323;0.6401490377945578
2020-11-22;GH;Ghana;727;51184;0;323;0.6310565801813066
2020-11-29;GH;Ghana;606;51790;0;323;0.6236725236532149
2020-12-06;GH;Ghana;832;52622;3;326;0.6195127513207404
2020-12-13;GH;Ghana;764;53386;1;327;0.6125201363653392
2020-12-20;GH;Ghana;657;54043;6;333;0.6161760079936347
2020-12-27;GH;Ghana;638;54681;2;335;0.6126442457160622
2021-01-03;GH;Ghana;487;55168;0;335;0.6072360788863109
2021-01-10;GH;Ghana;1253;56421;3;338;0.5990677230109357
2021-01-17;GH;Ghana;2010;58431;20;358;0.6126884701613869
2021-01-24;GH;Ghana;4320;62751;19;377;0.6007872384503833
2021-01-31;GH;Ghana;5031;67782;47;424;0.6255348027499926
2021-02-07;GH;Ghana;5221;73003;58;482;0.6602468391709929
2021-02-14;GH;Ghana;4745;77748;79;561;0.7215619694397283
2021-02-21;GH;Ghana;3497;81245;23;584;0.7188134654440274
2021-02-28;GH;Ghana;3104;84349;27;611;0.7243713618418712
2021-03-07;GH;Ghana;2624;86973;51;662;0.7611557609832936
2021-03-14;GH;Ghana;1448;88421;43;705;0.7973219031677995
2021-03-21;GH;Ghana;1472;89893;29;734;0.8165263146184909
2021-03-28;GH;Ghana;659;90552;8;742;0.8194186765615338
2021-04-04;GH;Ghana;457;91009;10;752;0.8262919051961893
2021-04-11;GH;Ghana;468;91477;11;763;0.8340894432480296
2021-04-18;GH;Ghana;306;91783;9;772;0.841114367584411
2021-04-25;GH;Ghana;681;92464;7;779;0.8424900501816924
2021-05-02;GH;Ghana;276;92740;1;780;0.8410610308389044
2021-05-09;GH;Ghana;271;93011;3;783;0.8418359118813903
2021-05-16;GH;Ghana;445;93456;0;783;0.8378274268104776
2021-05-23;GH;Ghana;255;93711;0;783;0.8355475877965233
2021-05-30;GH;Ghana;300;94011;2;785;0.8350086691982852
2021-06-06;GH;Ghana;358;94369;4;789;0.8360796447986096
2021-06-13;GH;Ghana;455;94824;1;790;0.8331224162659242
2021-06-20;GH;Ghana;412;95236;4;794;0.8337183418035197
2021-06-27;GH;Ghana;678;95914;2;796;0.8299101278228412
2021-07-04;GH;Ghana;794;96708;1;797;0.8241303718410059
2021-07-11;GH;Ghana;1020;97728;5;802;0.820645055664702
2021-07-18;GH;Ghana;2006;99734;15;817;0.8191790161830468
2021-07-25;GH;Ghana;2835;102569;6;823;0.8023866860357418
2021-08-01;GH;Ghana;450;103019;0;823;0.7988817596753998
2021-08-08;GH;Ghana;5658;108677;57;880;0.8097389512040266
2021-08-15;GH;Ghana;3701;112378;65;945;0.8409119222623644
2021-08-22;GH;Ghana;3147;115525;37;982;0.8500324605063839
2021-08-29;GH;Ghana;3911;119436;54;1036;0.8674101610904585
2021-09-05;GH;Ghana;2721;122157;47;1083;0.886564011886343
2021-09-12;GH;Ghana;1717;123874;15;1098;0.8863845520448197
2021-09-19;GH;Ghana;1956;125830;32;1130;0.8980370340936183
2021-09-26;GH;Ghana;1186;127016;20;1150;0.9053977451659633
2021-10-03;GH;Ghana;1143;128159;7;1157;0.9027848219789479
2021-10-10;GH;Ghana;933;129092;7;1164;0.9016825209927803
2021-10-17;GH;Ghana;559;129651;5;1169;0.9016513563335415
2021-10-24;GH;Ghana;390;130041;5;1174;0.9027921963073184
2021-10-31;GH;Ghana;350;130391;14;1188;0.911105827856217
2021-11-07;GH;Ghana;217;130608;15;1203;0.9210768099963249
2021-11-14;GH;Ghana;136;130744;5;1208;0.9239429725264638
2021-11-21;GH;Ghana;176;130920;1;1209;0.9234647112740605
2021-11-28;GH;Ghana;217;131137;15;1224;0.9333750200172339
2021-12-05;GH;Ghana;215;131352;11;1235;0.940221694378464
2021-12-12;GH;Ghana;488;131840;18;1253;0.9503944174757282
2021-12-19;GH;Ghana;2194;134034;14;1267;0.9452825402509811
2021-12-26;GH;Ghana;7261;141295;20;1287;0.9108602569093032
2022-01-02;GH;Ghana;6784;148079;26;1313;0.8866888620263509
2022-01-09;GH;Ghana;4650;152729;23;1336;0.8747520117332007
2022-01-16;GH;Ghana;2162;154891;21;1357;0.8760999670736196
2022-01-23;GH;Ghana;1501;156392;27;1384;0.8849557522123894
2022-01-30;GH;Ghana;828;157220;20;1404;0.893016155705381
2022-02-06;GH;Ghana;697;157917;22;1426;0.9030060094859957
2022-02-13;GH;Ghana;517;158434;12;1438;0.9076334625143593
2022-02-20;GH;Ghana;690;159124;4;1442;0.9062115080063348
2022-02-27;GH;Ghana;904;160028;0;1442;0.9010923088459519
2022-03-06;GH;Ghana;612;160640;0;1442;0.8976593625498007
2022-03-13;GH;Ghana;121;160761;3;1445;0.8988498454227082
2022-03-20;GH;Ghana;109;160870;0;1445;0.8982408155653633
2022-03-27;GH;Ghana;55;160925;0;1445;0.8979338201025323
2022-04-03;GH;Ghana;109;161034;0;1445;0.8973260305277145
2022-04-10;GH;Ghana;52;161086;0;1445;0.8970363656680284
2022-04-17;GH;Ghana;31;161117;0;1445;0.8968637698070346
2022-04-24;GH;Ghana;55;161172;0;1445;0.8965577147395329
2022-05-01;GH;Ghana;44;161216;0;1445;0.8963130210400954
2022-05-08;GH;Ghana;55;161271;0;1445;0.8960073416795331
2022-05-15;GH;Ghana;54;161325;0;1445;0.8957074229040756
2022-05-22;GH;Ghana;45;161370;0;1445;0.8954576439239016
2022-05-29;GH;Ghana;111;161481;0;1445;0.894842117648516
2022-06-05;GH;Ghana;360;161841;0;1445;0.8928516259785839
2022-06-12;GH;Ghana;805;162646;0;1445;0.8884325467579897
2022-06-19;GH;Ghana;1895;164541;3;1448;0.8800238238493749
2022-06-26;GH;Ghana;1208;165749;1;1449;0.8742134190854847
2022-07-03;GH;Ghana;1067;166816;4;1453;0.8710195664684444
2022-07-10;GH;Ghana;399;167215;3;1456;0.8707352809257543
2022-07-17;GH;Ghana;0;167215;0;1456;0.8707352809257543
2022-07-24;GH;Ghana;792;168007;1;1457;0.8672257703548066
2022-07-31;GH;Ghana;120;168127;0;1457;0.8666067912946761
2022-08-07;GH;Ghana;236;168363;1;1458;0.8659859945474956
2022-08-14;GH;Ghana;94;168457;1;1459;0.8660963925512148
2022-08-21;GH;Ghana;0;168457;0;1459;0.8660963925512148
2022-08-28;GH;Ghana;123;168580;0;1459;0.8654644679084115
2022-09-04;GH;Ghana;36;168616;0;1459;0.86527968876026
2022-09-11;GH;Ghana;0;168616;0;1459;0.86527968876026
2022-09-18;GH;Ghana;197;168813;0;1459;0.8642699318180471
2022-09-25;GH;Ghana;287;169100;0;1459;0.8628030751034891
2022-10-02;GH;Ghana;585;169685;0;1459;0.8598285057606742
2022-10-09;GH;Ghana;418;170103;0;1459;0.8577156193600348
2022-10-16;GH;Ghana;318;170421;1;1460;0.8567019322736048
2022-10-23;GH;Ghana;152;170573;0;1460;0.855938513129276
2022-10-30;GH;Ghana;134;170707;0;1460;0.855266626441798
2022-11-06;GH;Ghana;187;170894;0;1460;0.8543307547368545
2022-11-13;GH;Ghana;78;170972;1;1461;0.8545258872797884
2022-11-20;GH;Ghana;24;170996;0;1461;0.854405951016398
2022-11-27;GH;Ghana;13;171009;0;1461;0.8543409995965124
2022-12-04;GH;Ghana;14;171023;0;1461;0.8542710629564444
2022-12-11;GH;Ghana;8;171031;0;1461;0.8542311043027286
2022-12-18;GH;Ghana;7;171038;0;1461;0.854196143547048
2022-12-25;GH;Ghana;0;171038;0;1461;0.854196143547048
2023-01-01;GH;Ghana;27;171065;0;1461;0.8540613217198141
2023-01-08;GH;Ghana;5;171070;0;1461;0.8540363593850471
2023-01-15;GH;Ghana;18;171088;1;1462;0.8545310015898252
2023-01-22;GH;Ghana;14;171102;0;1462;0.8544610816939604
2023-01-29;GH;Ghana;10;171112;0;1462;0.8544111459161251
2023-02-05;GH;Ghana;28;171140;0;1462;0.8542713567839196
2023-02-12;GH;Ghana;12;171152;0;1462;0.8542114611573339
2023-02-19;GH;Ghana;8;171160;0;1462;0.8541715354054685
2023-02-26;GH;Ghana;12;171172;0;1462;0.8541116537751501
2023-03-05;GH;Ghana;57;171229;0;1462;0.8538273306507659
2023-03-12;GH;Ghana;52;171281;0;1462;0.8535681132174613
2023-03-19;GH;Ghana;7;171288;0;1462;0.8535332305824108
2023-03-26;GH;Ghana;124;171412;0;1462;0.8529157818589129
2023-04-02;GH;Ghana;115;171527;0;1462;0.8523439458510905
2023-04-09;GH;Ghana;0;171527;0;1462;0.8523439458510905
2023-04-16;GH;Ghana;92;171619;0;1462;0.8518870288254796
2023-04-23;GH;Ghana;0;171619;0;1462;0.8518870288254796
2023-04-30;GH;Ghana;34;171653;0;1462;0.8517182921358788
2023-05-07;GH;Ghana;0;171653;0;1462;0.8517182921358788
2023-05-14;GH;Ghana;0;171653;0;1462;0.8517182921358788
2023-05-21;GH;Ghana;0;171653;0;1462;0.8517182921358788
2023-05-28;GH;Ghana;0;171653;0;1462;0.8517182921358788
2023-06-04;GH;Ghana;0;171653;0;1462;0.8517182921358788
2023-06-11;GH;Ghana;0;171653;0;1462;0.8517182921358788
2023-06-18;GH;Ghana;0;171653;0;1462;0.8517182921358788
2023-06-25;GH;Ghana;0;171653;0;1462;0.8517182921358788
2023-07-02;GH;Ghana;0;171653;0;1462;0.8517182921358788
2023-07-09;GH;Ghana;0;171653;0;1462;0.8517182921358788
2023-07-16;GH;Ghana;0;171653;0;1462;0.8517182921358788
2023-07-23;GH;Ghana;0;171653;0;1462;0.8517182921358788
2023-07-30;GH;Ghana;0;171653;0;1462;0.8517182921358788
2023-08-06;GH;Ghana;0;171653;0;1462;0.8517182921358788
2023-08-13;GH;Ghana;0;171653;0;1462;0.8517182921358788
2023-08-20;GH;Ghana;0;171653;0;1462;0.8517182921358788
2023-08-27;GH;Ghana;0;171653;0;1462;0.8517182921358788
2023-09-03;GH;Ghana;0;171653;0;1462;0.8517182921358788
2023-09-10;GH;Ghana;0;171653;0;1462;0.8517182921358788
2023-09-17;GH;Ghana;0;171653;0;1462;0.8517182921358788
2023-09-24;GH;Ghana;0;171653;0;1462;0.8517182921358788
2023-10-01;GH;Ghana;0;171653;0;1462;0.8517182921358788
2023-10-08;GH;Ghana;30;171683;0;1462;0.8515694623230022
2023-10-15;GH;Ghana;20;171703;0;1462;0.8514702713406289
2023-10-22;GH;Ghana;23;171726;0;1462;0.8513562302738084
2023-10-29;GH;Ghana;27;171753;0;1462;0.8512223949508888
2023-11-05;GH;Ghana;31;171784;0;1462;0.8510687840543939
2023-11-12;GH;Ghana;24;171808;0;1462;0.850949897560067
2023-11-19;GH;Ghana;10;171818;0;1462;0.8509003713231442
2023-11-26;GH;Ghana;9;171827;0;1462;0.8508558026387005
2023-12-03;GH;Ghana;7;171834;0;1462;0.8508211413340782
2023-12-10;GH;Ghana;0;171834;0;1462;0.8508211413340782
2023-12-17;GH;Ghana;0;171834;0;1462;0.8508211413340782
2023-12-24;GH;Ghana;0;171834;0;1462;0.8508211413340782
2023-12-31;GH;Ghana;0;171834;0;1462;0.8508211413340782
2024-01-07;GH;Ghana;0;171834;0;1462;0.8508211413340782
2024-01-14;GH;Ghana;0;171834;0;1462;0.8508211413340782
2024-01-21;GH;Ghana;0;171834;0;1462;0.8508211413340782
2020-01-05;GI;Gibraltar;0;0;0;0;0.0
2020-01-12;GI;Gibraltar;0;0;0;0;0.0
2020-01-19;GI;Gibraltar;0;0;0;0;0.0
2020-01-26;GI;Gibraltar;0;0;0;0;0.0
2020-02-02;GI;Gibraltar;0;0;0;0;0.0
2020-02-09;GI;Gibraltar;0;0;0;0;0.0
2020-02-16;GI;Gibraltar;0;0;0;0;0.0
2020-02-23;GI;Gibraltar;0;0;0;0;0.0
2020-03-01;GI;Gibraltar;0;0;0;0;0.0
2020-03-08;GI;Gibraltar;1;1;0;0;0.0
2020-03-15;GI;Gibraltar;0;1;0;0;0.0
2020-03-22;GI;Gibraltar;9;10;0;0;0.0
2020-03-29;GI;Gibraltar;38;48;0;0;0.0
2020-04-05;GI;Gibraltar;42;90;0;0;0.0
2020-04-12;GI;Gibraltar;15;105;0;0;0.0
2020-04-19;GI;Gibraltar;20;125;0;0;0.0
2020-04-26;GI;Gibraltar;3;128;0;0;0.0
2020-05-03;GI;Gibraltar;8;136;0;0;0.0
2020-05-10;GI;Gibraltar;2;138;0;0;0.0
2020-05-17;GI;Gibraltar;1;139;0;0;0.0
2020-05-24;GI;Gibraltar;4;143;0;0;0.0
2020-05-31;GI;Gibraltar;10;153;0;0;0.0
2020-06-07;GI;Gibraltar;13;166;0;0;0.0
2020-06-14;GI;Gibraltar;2;168;0;0;0.0
2020-06-21;GI;Gibraltar;0;168;0;0;0.0
2020-06-28;GI;Gibraltar;0;168;0;0;0.0
2020-07-05;GI;Gibraltar;2;170;0;0;0.0
2020-07-12;GI;Gibraltar;2;172;0;0;0.0
2020-07-19;GI;Gibraltar;0;172;0;0;0.0
2020-07-26;GI;Gibraltar;5;177;0;0;0.0
2020-08-02;GI;Gibraltar;2;179;0;0;0.0
2020-08-09;GI;Gibraltar;6;185;0;0;0.0
2020-08-16;GI;Gibraltar;13;198;0;0;0.0
2020-08-23;GI;Gibraltar;23;221;0;0;0.0
2020-08-30;GI;Gibraltar;45;266;0;0;0.0
2020-09-06;GI;Gibraltar;31;297;0;0;0.0
2020-09-13;GI;Gibraltar;18;315;0;0;0.0
2020-09-20;GI;Gibraltar;23;338;0;0;0.0
2020-09-27;GI;Gibraltar;18;356;0;0;0.0
2020-10-04;GI;Gibraltar;52;408;0;0;0.0
2020-10-11;GI;Gibraltar;52;460;0;0;0.0
2020-10-18;GI;Gibraltar;76;536;0;0;0.0
2020-10-25;GI;Gibraltar;97;633;0;0;0.0
2020-11-01;GI;Gibraltar;52;685;0;0;0.0
2020-11-08;GI;Gibraltar;77;762;0;0;0.0
2020-11-15;GI;Gibraltar;106;868;1;1;0.1152073732718894
2020-11-22;GI;Gibraltar;67;935;2;3;0.32085561497326204
2020-11-29;GI;Gibraltar;56;991;2;5;0.5045408678102926
2020-12-06;GI;Gibraltar;43;1034;0;5;0.4835589941972921
2020-12-13;GI;Gibraltar;28;1062;0;5;0.4708097928436911
2020-12-20;GI;Gibraltar;114;1176;1;6;0.5102040816326531
2020-12-27;GI;Gibraltar;350;1526;0;6;0.39318479685452157
2021-01-03;GI;Gibraltar;678;2204;1;7;0.3176043557168784
2021-01-10;GI;Gibraltar;809;3013;5;12;0.39827414537006306
2021-01-17;GI;Gibraltar;554;3567;18;30;0.8410428931875525
2021-01-24;GI;Gibraltar;330;3897;29;59;1.5139851167564793
2021-01-31;GI;Gibraltar;191;4088;14;73;1.7857142857142856
2021-02-07;GI;Gibraltar;74;4162;7;80;1.9221528111484865
2021-02-14;GI;Gibraltar;42;4204;4;84;1.9980970504281639
2021-02-21;GI;Gibraltar;16;4220;4;88;2.085308056872038
2021-02-28;GI;Gibraltar;8;4228;4;92;2.1759697256385997
2021-03-07;GI;Gibraltar;8;4236;1;93;2.1954674220963173
2021-03-14;GI;Gibraltar;19;4255;0;93;2.1856639247943597
2021-03-21;GI;Gibraltar;7;4262;1;94;2.2055373064289068
2021-03-28;GI;Gibraltar;3;4265;0;94;2.2039859320046893
2021-04-04;GI;Gibraltar;2;4267;0;94;2.2029528943051324
2021-04-11;GI;Gibraltar;2;4269;0;94;2.2019208245490747
2021-04-18;GI;Gibraltar;14;4283;0;94;2.194723324772356
2021-04-25;GI;Gibraltar;0;4283;0;94;2.194723324772356
2021-05-02;GI;Gibraltar;0;4283;0;94;2.194723324772356
2021-05-09;GI;Gibraltar;3;4286;0;94;2.1931871208586093
2021-05-16;GI;Gibraltar;0;4286;0;94;2.1931871208586093
2021-05-23;GI;Gibraltar;0;4286;0;94;2.1931871208586093
2021-05-30;GI;Gibraltar;7;4293;0;94;2.1896109946424414
2021-06-06;GI;Gibraltar;7;4300;0;94;2.186046511627907
2021-06-13;GI;Gibraltar;8;4308;0;94;2.181987000928505
2021-06-20;GI;Gibraltar;10;4318;0;94;2.176933765632237
2021-06-27;GI;Gibraltar;20;4338;0;94;2.1668971876440755
2021-07-04;GI;Gibraltar;19;4357;0;94;2.157447785173284
2021-07-11;GI;Gibraltar;46;4403;0;94;2.1349080172609587
2021-07-18;GI;Gibraltar;152;4555;0;94;2.063666300768386
2021-07-25;GI;Gibraltar;198;4753;0;94;1.9776982958131708
2021-08-01;GI;Gibraltar;194;4947;0;94;1.9001414998989286
2021-08-08;GI;Gibraltar;154;5101;1;95;1.862379925504803
2021-08-15;GI;Gibraltar;104;5205;0;95;1.8251681075888568
2021-08-22;GI;Gibraltar;64;5269;1;96;1.821977604858607
2021-08-29;GI;Gibraltar;54;5323;1;97;1.8222806687957918
2021-09-05;GI;Gibraltar;63;5386;0;97;1.8009654660230228
2021-09-12;GI;Gibraltar;33;5419;0;97;1.7899981546410777
2021-09-19;GI;Gibraltar;50;5469;0;97;1.7736332053391843
2021-09-26;GI;Gibraltar;33;5502;0;97;1.762995274445656
2021-10-03;GI;Gibraltar;53;5555;0;97;1.7461746174617463
2021-10-10;GI;Gibraltar;58;5613;0;97;1.72813112417602
2021-10-17;GI;Gibraltar;127;5740;1;98;1.707317073170732
2021-10-24;GI;Gibraltar;102;5842;0;98;1.6775077028414926
2021-10-31;GI;Gibraltar;132;5974;0;98;1.6404419149648477
2021-11-07;GI;Gibraltar;164;6138;0;98;1.5966112740306289
2021-11-14;GI;Gibraltar;326;6464;0;98;1.516089108910891
2021-11-21;GI;Gibraltar;427;6891;0;98;1.422144826585401
2021-11-28;GI;Gibraltar;271;7162;0;98;1.3683328679139906
2021-12-05;GI;Gibraltar;198;7360;1;99;1.345108695652174
2021-12-12;GI;Gibraltar;148;7508;1;100;1.3319126265316994
2021-12-19;GI;Gibraltar;270;7778;0;100;1.2856775520699408
2021-12-26;GI;Gibraltar;364;8142;0;100;1.2281994595922379
2022-01-02;GI;Gibraltar;652;8794;0;100;1.137138958380714
2022-01-09;GI;Gibraltar;924;9718;0;100;1.029018316526034
2022-01-16;GI;Gibraltar;1007;10725;0;100;0.9324009324009324
2022-01-23;GI;Gibraltar;977;11702;0;100;0.8545547769612033
2022-01-30;GI;Gibraltar;1050;12752;0;100;0.7841907151819323
2022-02-06;GI;Gibraltar;825;13577;1;101;0.7439051336819621
2022-02-13;GI;Gibraltar;768;14345;0;101;0.7040780759846637
2022-02-20;GI;Gibraltar;528;14873;0;101;0.6790829019027768
2022-02-27;GI;Gibraltar;440;15313;0;101;0.6595702997453144
2022-03-06;GI;Gibraltar;296;15609;0;101;0.6470625920943046
2022-03-13;GI;Gibraltar;231;15840;0;101;0.6376262626262627
2022-03-20;GI;Gibraltar;326;16166;0;101;0.624768031671409
2022-03-27;GI;Gibraltar;434;16600;0;101;0.608433734939759
2022-04-03;GI;Gibraltar;379;16979;0;101;0.5948524648094705
2022-04-10;GI;Gibraltar;331;17310;0;101;0.5834777585210861
2022-04-17;GI;Gibraltar;0;17310;0;101;0.5834777585210861
2022-04-24;GI;Gibraltar;447;17757;0;101;0.568789773047249
2022-05-01;GI;Gibraltar;129;17886;1;102;0.5702784300570278
2022-05-08;GI;Gibraltar;121;18007;0;102;0.5664463819625701
2022-05-15;GI;Gibraltar;133;18140;0;102;0.5622932745314222
2022-05-22;GI;Gibraltar;144;18284;0;102;0.5578647998249836
2022-05-29;GI;Gibraltar;143;18427;0;102;0.5535355728007815
2022-06-05;GI;Gibraltar;164;18591;0;102;0.5486525738260448
2022-06-12;GI;Gibraltar;215;18806;0;102;0.5423800914601723
2022-06-19;GI;Gibraltar;204;19010;0;102;0.536559705418201
2022-06-26;GI;Gibraltar;296;19306;2;104;0.5386926344141718
2022-07-03;GI;Gibraltar;327;19633;0;104;0.5297203687668721
2022-07-10;GI;Gibraltar;163;19796;1;105;0.5304101838755304
2022-07-17;GI;Gibraltar;66;19862;0;105;0.5286476689155171
2022-07-24;GI;Gibraltar;40;19902;0;105;0.5275851673198674
2022-07-31;GI;Gibraltar;0;19902;0;105;0.5275851673198674
2022-08-07;GI;Gibraltar;97;19999;1;106;0.5300265013250662
2022-08-14;GI;Gibraltar;35;20034;0;106;0.5291005291005291
2022-08-21;GI;Gibraltar;15;20049;1;107;0.533692453488952
2022-08-28;GI;Gibraltar;0;20049;0;107;0.533692453488952
2022-09-04;GI;Gibraltar;20;20069;1;108;0.5381434052518811
2022-09-11;GI;Gibraltar;0;20069;0;108;0.5381434052518811
2022-09-18;GI;Gibraltar;0;20069;0;108;0.5381434052518811
2022-09-25;GI;Gibraltar;23;20092;0;108;0.5375273740792356
2022-10-02;GI;Gibraltar;3;20095;0;108;0.5374471261507837
2022-10-09;GI;Gibraltar;0;20095;0;108;0.5374471261507837
2022-10-16;GI;Gibraltar;26;20121;0;108;0.5367526464887431
2022-10-23;GI;Gibraltar;0;20121;0;108;0.5367526464887431
2022-10-30;GI;Gibraltar;0;20121;0;108;0.5367526464887431
2022-11-06;GI;Gibraltar;0;20121;0;108;0.5367526464887431
2022-11-13;GI;Gibraltar;45;20166;2;110;0.5454725776058713
2022-11-20;GI;Gibraltar;18;20184;0;110;0.5449861276258423
2022-11-27;GI;Gibraltar;9;20193;0;110;0.5447432278512356
2022-12-04;GI;Gibraltar;14;20207;0;110;0.5443658138268916
2022-12-11;GI;Gibraltar;16;20223;0;110;0.5439351233743758
2022-12-18;GI;Gibraltar;29;20252;0;110;0.5431562314833103
2022-12-25;GI;Gibraltar;23;20275;0;110;0.5425400739827373
2023-01-01;GI;Gibraltar;30;20305;0;110;0.5417384880571288
2023-01-08;GI;Gibraltar;37;20342;1;111;0.5456690590895684
2023-01-15;GI;Gibraltar;37;20379;0;111;0.5446783453555131
2023-01-22;GI;Gibraltar;13;20392;0;111;0.5443311102393095
2023-01-29;GI;Gibraltar;7;20399;0;111;0.5441443208000392
2023-02-05;GI;Gibraltar;0;20399;0;111;0.5441443208000392
2023-02-12;GI;Gibraltar;0;20399;0;111;0.5441443208000392
2023-02-19;GI;Gibraltar;15;20414;0;111;0.5437444890761243
2023-02-26;GI;Gibraltar;9;20423;0;111;0.5435048719580865
2023-03-05;GI;Gibraltar;10;20433;0;111;0.543238878285127
2023-03-12;GI;Gibraltar;29;20462;0;111;0.542468966865409
2023-03-19;GI;Gibraltar;0;20462;0;111;0.542468966865409
2023-03-26;GI;Gibraltar;0;20462;0;111;0.542468966865409
2023-04-02;GI;Gibraltar;0;20462;0;111;0.542468966865409
2023-04-09;GI;Gibraltar;88;20550;2;113;0.5498783454987834
2023-04-16;GI;Gibraltar;0;20550;0;113;0.5498783454987834
2023-04-23;GI;Gibraltar;0;20550;0;113;0.5498783454987834
2023-04-30;GI;Gibraltar;0;20550;0;113;0.5498783454987834
2023-05-07;GI;Gibraltar;0;20550;0;113;0.5498783454987834
2023-05-14;GI;Gibraltar;0;20550;0;113;0.5498783454987834
2023-05-21;GI;Gibraltar;0;20550;0;113;0.5498783454987834
2023-05-28;GI;Gibraltar;0;20550;0;113;0.5498783454987834
2023-06-04;GI;Gibraltar;0;20550;0;113;0.5498783454987834
2023-06-11;GI;Gibraltar;0;20550;0;113;0.5498783454987834
2023-06-18;GI;Gibraltar;0;20550;0;113;0.5498783454987834
2023-06-25;GI;Gibraltar;0;20550;0;113;0.5498783454987834
2023-07-02;GI;Gibraltar;0;20550;0;113;0.5498783454987834
2023-07-09;GI;Gibraltar;0;20550;0;113;0.5498783454987834
2023-07-16;GI;Gibraltar;0;20550;0;113;0.5498783454987834
2023-07-23;GI;Gibraltar;0;20550;0;113;0.5498783454987834
2023-07-30;GI;Gibraltar;0;20550;0;113;0.5498783454987834
2023-08-06;GI;Gibraltar;0;20550;0;113;0.5498783454987834
2023-08-13;GI;Gibraltar;0;20550;0;113;0.5498783454987834
2023-08-20;GI;Gibraltar;0;20550;0;113;0.5498783454987834
2023-08-27;GI;Gibraltar;0;20550;0;113;0.5498783454987834
2023-09-03;GI;Gibraltar;0;20550;0;113;0.5498783454987834
2023-09-10;GI;Gibraltar;0;20550;0;113;0.5498783454987834
2023-09-17;GI;Gibraltar;0;20550;0;113;0.5498783454987834
2023-09-24;GI;Gibraltar;0;20550;0;113;0.5498783454987834
2023-10-01;GI;Gibraltar;0;20550;0;113;0.5498783454987834
2023-10-08;GI;Gibraltar;0;20550;0;113;0.5498783454987834
2023-10-15;GI;Gibraltar;0;20550;0;113;0.5498783454987834
2023-10-22;GI;Gibraltar;0;20550;0;113;0.5498783454987834
2023-10-29;GI;Gibraltar;0;20550;0;113;0.5498783454987834
2023-11-05;GI;Gibraltar;0;20550;0;113;0.5498783454987834
2023-11-12;GI;Gibraltar;0;20550;0;113;0.5498783454987834
2023-11-19;GI;Gibraltar;0;20550;0;113;0.5498783454987834
2023-11-26;GI;Gibraltar;0;20550;0;113;0.5498783454987834
2023-12-03;GI;Gibraltar;0;20550;0;113;0.5498783454987834
2023-12-10;GI;Gibraltar;0;20550;0;113;0.5498783454987834
2023-12-17;GI;Gibraltar;0;20550;0;113;0.5498783454987834
2023-12-24;GI;Gibraltar;0;20550;0;113;0.5498783454987834
2023-12-31;GI;Gibraltar;0;20550;0;113;0.5498783454987834
2024-01-07;GI;Gibraltar;0;20550;0;113;0.5498783454987834
2024-01-14;GI;Gibraltar;0;20550;0;113;0.5498783454987834
2024-01-21;GI;Gibraltar;0;20550;0;113;0.5498783454987834
2020-01-05;GR;Greece;0;0;0;0;0.0
2020-01-12;GR;Greece;0;0;0;0;0.0
2020-01-19;GR;Greece;0;0;0;0;0.0
2020-01-26;GR;Greece;0;0;0;0;0.0
2020-02-02;GR;Greece;0;0;0;0;0.0
2020-02-09;GR;Greece;0;0;0;0;0.0
2020-02-16;GR;Greece;0;0;0;0;0.0
2020-02-23;GR;Greece;0;0;0;0;0.0
2020-03-01;GR;Greece;6;6;0;0;0.0
2020-03-08;GR;Greece;80;86;0;0;0.0
2020-03-15;GR;Greece;327;413;4;4;0.9685230024213075
2020-03-22;GR;Greece;381;794;13;17;2.141057934508816
2020-03-29;GR;Greece;538;1332;25;42;3.153153153153153
2020-04-05;GR;Greece;534;1866;35;77;4.126473740621651
2020-04-12;GR;Greece;289;2155;22;99;4.593967517401392
2020-04-19;GR;Greece;118;2273;14;113;4.971403431588209
2020-04-26;GR;Greece;303;2576;21;134;5.201863354037267
2020-05-03;GR;Greece;104;2680;10;144;5.3731343283582085
2020-05-10;GR;Greece;100;2780;9;153;5.503597122302159
2020-05-17;GR;Greece;104;2884;13;166;5.755894590846047
2020-05-24;GR;Greece;47;2931;7;173;5.902422381439782
2020-05-31;GR;Greece;47;2978;6;179;6.010745466756212
2020-06-07;GR;Greece;135;3113;3;182;5.846450369418568
2020-06-14;GR;Greece;120;3233;2;184;5.691308382307454
2020-06-21;GR;Greece;114;3347;6;190;5.676725425754407
2020-06-28;GR;Greece;119;3466;1;191;5.51067512983266
2020-07-05;GR;Greece;204;3670;1;192;5.231607629427793
2020-07-12;GR;Greece;257;3927;2;194;4.940157881334352
2020-07-19;GR;Greece;176;4103;1;195;4.752620034121375
2020-07-26;GR;Greece;247;4350;7;202;4.64367816091954
2020-08-02;GR;Greece;560;4910;6;208;4.236252545824847
2020-08-09;GR;Greece;1081;5991;6;214;3.57202470372225
2020-08-16;GR;Greece;1597;7588;17;231;3.044280442804428
2020-08-23;GR;Greece;1664;9252;14;245;2.648076091655858
2020-08-30;GR;Greece;1446;10698;20;265;2.4770985230884275
2020-09-06;GR;Greece;1345;12043;26;291;2.4163414431620027
2020-09-13;GR;Greece;1764;13807;20;311;2.2524806257695373
2020-09-20;GR;Greece;2242;16049;37;348;2.168359399339523
2020-09-27;GR;Greece;2194;18243;39;387;2.1213616181549084
2020-10-04;GR;Greece;2391;20634;27;414;2.0063972084908404
2020-10-11;GR;Greece;2491;23125;43;457;1.9762162162162162
2020-10-18;GR;Greece;3349;26474;62;519;1.9604139910855936
2020-10-25;GR;Greece;6312;32786;65;584;1.7812480936985298
2020-11-01;GR;Greece;11329;44115;65;649;1.4711549359628244
2020-11-08;GR;Greece;17509;61624;182;831;1.3485005841879787
2020-11-15;GR;Greece;18971;80595;342;1173;1.4554252745207519
2020-11-22;GR;Greece;17037;97632;590;1763;1.8057604064241233
2020-11-29;GR;Greece;12862;110494;684;2447;2.214599887776712
2020-12-06;GR;Greece;10606;121100;702;3149;2.6003303055326175
2020-12-13;GR;Greece;8293;129393;605;3754;2.9012388614530926
2020-12-20;GR;Greece;6012;135405;525;4279;3.160149182083379
2020-12-27;GR;Greece;4287;139692;403;4682;3.3516593648884685
2021-01-03;GR;Greece;4508;144200;320;5002;3.4687933425797506
2021-01-10;GR;Greece;4622;148822;280;5282;3.5492064345325285
2021-01-17;GR;Greece;3578;152400;199;5481;3.5964566929133857
2021-01-24;GR;Greece;3372;155772;177;5658;3.632231723287882
2021-01-31;GR;Greece;5467;161239;167;5825;3.612649545085246
2021-02-07;GR;Greece;7433;168672;171;5996;3.5548283058243215
2021-02-14;GR;Greece;8500;177172;154;6150;3.4712031246472352
2021-02-21;GR;Greece;8138;185310;183;6333;3.4175165938157686
2021-02-28;GR;Greece;11852;197162;219;6552;3.323155577646808
2021-03-07;GR;Greece;14547;211709;271;6823;3.222820002928548
2021-03-14;GR;Greece;16805;228514;361;7184;3.1437898772066477
2021-03-21;GR;Greece;16561;245075;392;7576;3.091298582066714
2021-03-28;GR;Greece;17841;262916;435;8011;3.0469807847373307
2021-04-04;GR;Greece;22224;285140;515;8526;2.990110121343901
2021-04-11;GR;Greece;20983;306123;517;9043;2.9540413493922375
2021-04-18;GR;Greece;19754;325877;560;9603;2.946817357469229
2021-04-25;GR;Greece;18135;344012;520;10123;2.9426299082590144
2021-05-02;GR;Greece;14749;358761;507;10630;2.962975351278428
2021-05-09;GR;Greece;15261;374022;512;11142;2.9789691515472354
2021-05-16;GR;Greece;15062;389084;348;11490;2.9530898212211243
2021-05-23;GR;Greece;12433;401517;342;11832;2.9468241693377863
2021-05-30;GR;Greece;11019;412536;269;12101;2.933319758760448
2021-06-06;GR;Greece;7484;420020;219;12320;2.9331936574448836
2021-06-13;GR;Greece;4939;424959;137;12457;2.9313416117790188
2021-06-20;GR;Greece;3095;428054;129;12586;2.9402832352927435
2021-06-27;GR;Greece;2575;430629;104;12690;2.946852162766558
2021-07-04;GR;Greece;5176;435805;63;12753;2.926308784892326
2021-07-11;GR;Greece;13647;449452;56;12809;2.8499150076092663
2021-07-18;GR;Greece;17965;467417;66;12875;2.7544997293637157
2021-07-25;GR;Greece;18090;485507;44;12919;2.660929708531494
2021-08-01;GR;Greece;18513;504020;87;13006;2.580453156620769
2021-08-08;GR;Greece;19592;523612;115;13121;2.5058631200201678
2021-08-15;GR;Greece;22567;546179;146;13267;2.4290571406077497
2021-08-22;GR;Greece;22377;568556;208;13475;2.3700391869930137
2021-08-29;GR;Greece;21722;590278;236;13711;2.3228038314150283
2021-09-05;GR;Greece;17537;607815;251;13962;2.297080526146936
2021-09-12;GR;Greece;14666;622481;278;14240;2.2876200237436963
2021-09-19;GR;Greece;15318;637799;269;14509;2.2748546172069886
2021-09-26;GR;Greece;14143;651942;218;14727;2.25894328023045
2021-10-03;GR;Greece;14985;666927;242;14969;2.2444735330853303
2021-10-10;GR;Greece;15378;682305;212;15181;2.224958046621379
2021-10-17;GR;Greece;17510;699815;252;15433;2.205297114237334
2021-10-24;GR;Greece;22650;722465;254;15687;2.171316257534967
2021-10-31;GR;Greece;26713;749178;326;16013;2.1374092672235436
2021-11-07;GR;Greece;43383;792561;348;16361;2.0643206011903183
2021-11-14;GR;Greece;46451;839012;470;16831;2.006049973063556
2021-11-21;GR;Greece;46907;885919;583;17414;1.9656424571546607
2021-11-28;GR;Greece;45124;931043;632;18046;1.938256342617903
2021-12-05;GR;Greece;41132;972175;638;18684;1.9218762054156915
2021-12-12;GR;Greece;35783;1007958;668;19352;1.9199212665607097
2021-12-19;GR;Greece;30829;1038787;623;19975;1.9229158624434077
2021-12-26;GR;Greece;46300;1085087;530;20505;1.8897102260003116
2022-01-02;GR;Greece;201474;1286561;503;21008;1.632880213219583
2022-01-09;GR;Greece;241321;1527882;496;21504;1.4074385325568337
2022-01-16;GR;Greece;145818;1673700;615;22119;1.3215630041226027
2022-01-23;GR;Greece;132225;1805925;675;22794;1.2621786619045643
2022-01-30;GR;Greece;127646;1933571;732;23526;1.2167124972395633
2022-02-06;GR;Greece;124694;2058265;714;24240;1.1776909192936769
2022-02-13;GR;Greece;125161;2183426;605;24845;1.1378906360920866
2022-02-20;GR;Greece;123794;2307220;572;25417;1.101628800027739
2022-02-27;GR;Greece;104776;2411996;452;25869;1.0725142164414867
2022-03-06;GR;Greece;103664;2515660;402;26271;1.0442985141076297
2022-03-13;GR;Greece;129982;2645642;390;26661;1.0077327166714165
2022-03-20;GR;Greece;152111;2797753;367;27028;0.9660609782207363
2022-03-27;GR;Greece;143814;2941567;366;27394;0.9312723456579436
2022-04-03;GR;Greece;143843;3085410;416;27810;0.9013388820286445
2022-04-10;GR;Greece;98897;3184307;456;28266;0.8876656679145571
2022-04-17;GR;Greece;62234;3246541;419;28685;0.8835557598071302
2022-04-24;GR;Greece;44022;3290563;319;29004;0.881429712787751
2022-05-01;GR;Greece;45138;3335701;269;29273;0.8775666643982778
2022-05-08;GR;Greece;32496;3368197;189;29462;0.8747113069692777
2022-05-15;GR;Greece;30781;3398978;153;29615;0.8712913116825116
2022-05-22;GR;Greece;26875;3425853;132;29747;0.8683092940648651
2022-05-29;GR;Greece;25494;3451347;102;29849;0.8648507379872263
2022-06-05;GR;Greece;25086;3476433;93;29942;0.8612851160945716
2022-06-12;GR;Greece;30745;3507178;99;30041;0.8565576084247791
2022-06-19;GR;Greece;46178;3553356;71;30112;0.8474242378191209
2022-06-26;GR;Greece;74364;3627720;96;30208;0.8326993262986119
2022-07-03;GR;Greece;104747;3732467;129;30337;0.8127868243711197
2022-07-10;GR;Greece;123806;3856273;180;30517;0.7913599478045253
2022-07-17;GR;Greece;122642;3978915;223;30740;0.7725724223814784
2022-07-24;GR;Greece;111500;4090415;307;31047;0.7590183392149696
2022-07-31;GR;Greece;98860;4189275;395;31442;0.750535593867674
2022-08-07;GR;Greece;80050;4269325;363;31805;0.7449655390489129
2022-08-14;GR;Greece;58577;4327902;295;32100;0.7416988647155134
2022-08-21;GR;Greece;43917;4371819;269;32369;0.7404011922725986
2022-08-28;GR;Greece;39307;4411126;223;32592;0.7388589670755268
2022-09-04;GR;Greece;31034;4442160;188;32780;0.7379292956579682
2022-09-11;GR;Greece;26254;4468414;129;32909;0.7364805499221871
2022-09-18;GR;Greece;27374;4495788;115;33024;0.7345542094066713
2022-09-25;GR;Greece;33079;4528867;101;33125;0.7314191386057484
2022-10-02;GR;Greece;41207;4570074;91;33216;0.7268153644776868
2022-10-09;GR;Greece;39791;4609865;118;33334;0.7231014357253411
2022-10-16;GR;Greece;43578;4653443;114;33448;0.7187796218842694
2022-10-23;GR;Greece;41373;4694816;151;33599;0.7156617000538467
2022-10-30;GR;Greece;41133;4735949;170;33769;0.7130355500027555
2022-11-06;GR;Greece;46212;4782161;152;33921;0.7093236718713569
2022-11-13;GR;Greece;41738;4823899;126;34047;0.7057983593769273
2022-11-20;GR;Greece;39464;4863363;166;34213;0.7034843995811129
2022-11-27;GR;Greece;31609;4894972;132;34345;0.7016383341927186
2022-12-04;GR;Greece;31490;4926462;159;34504;0.7003809224551006
2022-12-11;GR;Greece;36508;4962970;144;34648;0.69813035339726
2022-12-18;GR;Greece;33272;4996242;158;34806;0.6966435973277515
2022-12-25;GR;Greece;26921;5023163;170;34976;0.6962943468089727
2023-01-01;GR;Greece;34711;5057874;154;35130;0.6945605999674962
2023-01-08;GR;Greece;39318;5097192;169;35299;0.6925185474669191
2023-01-15;GR;Greece;34620;5131812;206;35505;0.691860886564044
2023-01-22;GR;Greece;24354;5156166;183;35688;0.6921421847163183
2023-01-29;GR;Greece;15380;5171546;179;35867;0.6935450250273322
2023-02-05;GR;Greece;12032;5183578;120;35987;0.69425018780464
2023-02-12;GR;Greece;11224;5194802;113;36100;0.6949254273791379
2023-02-19;GR;Greece;13029;5207831;101;36201;0.6951262435359365
2023-02-26;GR;Greece;14969;5222800;93;36294;0.6949146051926169
2023-03-05;GR;Greece;13365;5236165;96;36390;0.6949742798403029
2023-03-12;GR;Greece;10361;5246526;76;36466;0.6950504009700895
2023-03-19;GR;Greece;7500;5254026;77;36543;0.6955237754818876
2023-03-26;GR;Greece;7318;5261344;66;36609;0.6958108042355717
2023-04-02;GR;Greece;7142;5268486;50;36659;0.6958165970261665
2023-04-09;GR;Greece;6466;5274952;48;36707;0.6958736306984405
2023-04-16;GR;Greece;6149;5281101;46;36753;0.6959344273097599
2023-04-23;GR;Greece;8656;5289757;47;36800;0.6956841306698965
2023-04-30;GR;Greece;7292;5297049;61;36861;0.6958780256705196
2023-05-07;GR;Greece;6621;5303670;55;36916;0.6960463226407375
2023-05-14;GR;Greece;7212;5310882;56;36972;0.6961555538232632
2023-05-21;GR;Greece;7592;5318474;56;37028;0.6962147412960935
2023-05-28;GR;Greece;6130;5324604;49;37077;0.6963334738132638
2023-06-04;GR;Greece;4259;5328863;44;37121;0.6966026336199673
2023-06-11;GR;Greece;3145;5332008;39;37160;0.6969231854115748
2023-06-18;GR;Greece;2467;5334475;20;37180;0.6969758036170383
2023-06-25;GR;Greece;2367;5336842;20;37200;0.697041433866695
2023-07-02;GR;Greece;1850;5338692;18;37218;0.6971370515474578
2023-07-09;GR;Greece;1873;5340565;16;37234;0.6971921510177295
2023-07-16;GR;Greece;1989;5342554;17;37251;0.697250790539506
2023-07-23;GR;Greece;2598;5345152;17;37268;0.6972299384563807
2023-07-30;GR;Greece;3375;5348527;26;37294;0.6972760911555649
2023-08-06;GR;Greece;4424;5352951;27;37321;0.6972042150208362
2023-08-13;GR;Greece;5477;5358428;21;37342;0.6968834889635542
2023-08-20;GR;Greece;5781;5364209;37;37379;0.6968222155400731
2023-08-27;GR;Greece;6876;5371085;43;37422;0.6967307350377066
2023-09-03;GR;Greece;7378;5378463;39;37461;0.6965000967748592
2023-09-10;GR;Greece;7542;5386005;39;37500;0.6962488894830212
2023-09-17;GR;Greece;8636;5394641;44;37544;0.6959499251201331
2023-09-24;GR;Greece;11333;5405974;44;37588;0.6953048608816839
2023-10-01;GR;Greece;11478;5417452;56;37644;0.6948654090520784
2023-10-08;GR;Greece;12532;5429984;55;37699;0.6942746055973645
2023-10-15;GR;Greece;13137;5443121;55;37754;0.6936094200367767
2023-10-22;GR;Greece;11849;5454970;52;37806;0.6930560571368861
2023-10-29;GR;Greece;9555;5464525;63;37869;0.6929971040483848
2023-11-05;GR;Greece;9279;5473804;62;37931;0.692955027253442
2023-11-12;GR;Greece;7755;5481559;57;37988;0.6930145237878494
2023-11-19;GR;Greece;7795;5489354;30;38018;0.6925769407474905
2023-11-26;GR;Greece;8343;5497697;47;38065;0.6923808278266336
2023-12-03;GR;Greece;9896;5507593;46;38111;0.6919719739639439
2023-12-10;GR;Greece;11902;5519495;59;38170;0.691548773936746
2023-12-17;GR;Greece;14571;5534066;74;38244;0.6910651228228937
2023-12-24;GR;Greece;16939;5551005;83;38327;0.6904515488636742
2023-12-31;GR;Greece;19316;5570321;94;38421;0.6897448100387752
2024-01-07;GR;Greece;17894;5588215;111;38532;0.6895225040554095
2024-01-14;GR;Greece;12143;5600358;117;38649;0.6901165961176053
2024-01-21;GR;Greece;7088;5607446;73;38722;0.6905461060168925
2020-01-05;GL;Greenland;0;0;0;0;0.0
2020-01-12;GL;Greenland;0;0;0;0;0.0
2020-01-19;GL;Greenland;0;0;0;0;0.0
2020-01-26;GL;Greenland;0;0;0;0;0.0
2020-02-02;GL;Greenland;0;0;0;0;0.0
2020-02-09;GL;Greenland;0;0;0;0;0.0
2020-02-16;GL;Greenland;0;0;0;0;0.0
2020-02-23;GL;Greenland;0;0;0;0;0.0
2020-03-01;GL;Greenland;0;0;0;0;0.0
2020-03-08;GL;Greenland;0;0;0;0;0.0
2020-03-15;GL;Greenland;0;0;0;0;0.0
2020-03-22;GL;Greenland;2;2;0;0;0.0
2020-03-29;GL;Greenland;8;10;0;0;0.0
2020-04-05;GL;Greenland;0;10;0;0;0.0
2020-04-12;GL;Greenland;1;11;0;0;0.0
2020-04-19;GL;Greenland;0;11;0;0;0.0
2020-04-26;GL;Greenland;0;11;0;0;0.0
2020-05-03;GL;Greenland;0;11;0;0;0.0
2020-05-10;GL;Greenland;0;11;0;0;0.0
2020-05-17;GL;Greenland;0;11;0;0;0.0
2020-05-24;GL;Greenland;0;11;0;0;0.0
2020-05-31;GL;Greenland;2;13;0;0;0.0
2020-06-07;GL;Greenland;0;13;0;0;0.0
2020-06-14;GL;Greenland;0;13;0;0;0.0
2020-06-21;GL;Greenland;0;13;0;0;0.0
2020-06-28;GL;Greenland;0;13;0;0;0.0
2020-07-05;GL;Greenland;0;13;0;0;0.0
2020-07-12;GL;Greenland;0;13;0;0;0.0
2020-07-19;GL;Greenland;0;13;0;0;0.0
2020-07-26;GL;Greenland;0;13;0;0;0.0
2020-08-02;GL;Greenland;1;14;0;0;0.0
2020-08-09;GL;Greenland;0;14;0;0;0.0
2020-08-16;GL;Greenland;0;14;0;0;0.0
2020-08-23;GL;Greenland;0;14;0;0;0.0
2020-08-30;GL;Greenland;0;14;0;0;0.0
2020-09-06;GL;Greenland;0;14;0;0;0.0
2020-09-13;GL;Greenland;0;14;0;0;0.0
2020-09-20;GL;Greenland;0;14;0;0;0.0
2020-09-27;GL;Greenland;0;14;0;0;0.0
2020-10-04;GL;Greenland;0;14;0;0;0.0
2020-10-11;GL;Greenland;2;16;0;0;0.0
2020-10-18;GL;Greenland;0;16;0;0;0.0
2020-10-25;GL;Greenland;1;17;0;0;0.0
2020-11-01;GL;Greenland;0;17;0;0;0.0
2020-11-08;GL;Greenland;0;17;0;0;0.0
2020-11-15;GL;Greenland;0;17;0;0;0.0
2020-11-22;GL;Greenland;1;18;0;0;0.0
2020-11-29;GL;Greenland;0;18;0;0;0.0
2020-12-06;GL;Greenland;0;18;0;0;0.0
2020-12-13;GL;Greenland;1;19;0;0;0.0
2020-12-20;GL;Greenland;0;19;0;0;0.0
2020-12-27;GL;Greenland;7;26;0;0;0.0
2021-01-03;GL;Greenland;1;27;0;0;0.0
2021-01-10;GL;Greenland;2;29;0;0;0.0
2021-01-17;GL;Greenland;1;30;0;0;0.0
2021-01-24;GL;Greenland;0;30;0;0;0.0
2021-01-31;GL;Greenland;0;30;0;0;0.0
2021-02-07;GL;Greenland;0;30;0;0;0.0
2021-02-14;GL;Greenland;0;30;0;0;0.0
2021-02-21;GL;Greenland;0;30;0;0;0.0
2021-02-28;GL;Greenland;0;30;0;0;0.0
2021-03-07;GL;Greenland;1;31;0;0;0.0
2021-03-14;GL;Greenland;0;31;0;0;0.0
2021-03-21;GL;Greenland;0;31;0;0;0.0
2021-03-28;GL;Greenland;0;31;0;0;0.0
2021-04-04;GL;Greenland;0;31;0;0;0.0
2021-04-11;GL;Greenland;0;31;0;0;0.0
2021-04-18;GL;Greenland;0;31;0;0;0.0
2021-04-25;GL;Greenland;0;31;0;0;0.0
2021-05-02;GL;Greenland;0;31;0;0;0.0
2021-05-09;GL;Greenland;0;31;0;0;0.0
2021-05-16;GL;Greenland;0;31;0;0;0.0
2021-05-23;GL;Greenland;3;34;0;0;0.0
2021-05-30;GL;Greenland;6;40;0;0;0.0
2021-06-06;GL;Greenland;3;43;0;0;0.0
2021-06-13;GL;Greenland;1;44;0;0;0.0
2021-06-20;GL;Greenland;5;49;0;0;0.0
2021-06-27;GL;Greenland;1;50;0;0;0.0
2021-07-04;GL;Greenland;0;50;0;0;0.0
2021-07-11;GL;Greenland;2;52;0;0;0.0
2021-07-18;GL;Greenland;20;72;0;0;0.0
2021-07-25;GL;Greenland;20;92;0;0;0.0
2021-08-01;GL;Greenland;27;119;0;0;0.0
2021-08-08;GL;Greenland;49;168;0;0;0.0
2021-08-15;GL;Greenland;77;245;0;0;0.0
2021-08-22;GL;Greenland;53;298;0;0;0.0
2021-08-29;GL;Greenland;31;329;0;0;0.0
2021-09-05;GL;Greenland;20;349;0;0;0.0
2021-09-12;GL;Greenland;41;390;0;0;0.0
2021-09-19;GL;Greenland;74;464;0;0;0.0
2021-09-26;GL;Greenland;89;553;0;0;0.0
2021-10-03;GL;Greenland;31;584;0;0;0.0
2021-10-10;GL;Greenland;39;623;0;0;0.0
2021-10-17;GL;Greenland;31;654;0;0;0.0
2021-10-24;GL;Greenland;77;731;0;0;0.0
2021-10-31;GL;Greenland;68;799;0;0;0.0
2021-11-07;GL;Greenland;60;859;0;0;0.0
2021-11-14;GL;Greenland;131;990;0;0;0.0
2021-11-21;GL;Greenland;139;1129;0;0;0.0
2021-11-28;GL;Greenland;129;1258;0;0;0.0
2021-12-05;GL;Greenland;250;1508;0;0;0.0
2021-12-12;GL;Greenland;233;1741;0;0;0.0
2021-12-19;GL;Greenland;170;1911;0;0;0.0
2021-12-26;GL;Greenland;230;2141;1;1;0.046707146193367584
2022-01-02;GL;Greenland;475;2616;0;1;0.0382262996941896
2022-01-09;GL;Greenland;1883;4499;0;1;0.02222716159146477
2022-01-16;GL;Greenland;3047;7546;1;2;0.026504108136761195
2022-01-23;GL;Greenland;1939;9485;2;4;0.04217185028993147
2022-01-30;GL;Greenland;1142;10627;1;5;0.047049967065023054
2022-02-06;GL;Greenland;450;11077;1;6;0.05416629051187144
2022-02-13;GL;Greenland;352;11429;1;7;0.06124770321112959
2022-02-20;GL;Greenland;186;11615;5;12;0.10331467929401636
2022-02-27;GL;Greenland;110;11725;6;18;0.15351812366737738
2022-03-06;GL;Greenland;85;11810;2;20;0.1693480101608806
2022-03-13;GL;Greenland;69;11879;0;20;0.16836434043269635
2022-03-20;GL;Greenland;57;11936;0;20;0.1675603217158177
2022-03-27;GL;Greenland;35;11971;1;21;0.1754239411912121
2022-04-03;GL;Greenland;0;11971;0;21;0.1754239411912121
2022-04-10;GL;Greenland;0;11971;0;21;0.1754239411912121
2022-04-17;GL;Greenland;0;11971;0;21;0.1754239411912121
2022-04-24;GL;Greenland;0;11971;0;21;0.1754239411912121
2022-05-01;GL;Greenland;0;11971;0;21;0.1754239411912121
2022-05-08;GL;Greenland;0;11971;0;21;0.1754239411912121
2022-05-15;GL;Greenland;0;11971;0;21;0.1754239411912121
2022-05-22;GL;Greenland;0;11971;0;21;0.1754239411912121
2022-05-29;GL;Greenland;0;11971;0;21;0.1754239411912121
2022-06-05;GL;Greenland;0;11971;0;21;0.1754239411912121
2022-06-12;GL;Greenland;0;11971;0;21;0.1754239411912121
2022-06-19;GL;Greenland;0;11971;0;21;0.1754239411912121
2022-06-26;GL;Greenland;0;11971;0;21;0.1754239411912121
2022-07-03;GL;Greenland;0;11971;0;21;0.1754239411912121
2022-07-10;GL;Greenland;0;11971;0;21;0.1754239411912121
2022-07-17;GL;Greenland;0;11971;0;21;0.1754239411912121
2022-07-24;GL;Greenland;0;11971;0;21;0.1754239411912121
2022-07-31;GL;Greenland;0;11971;0;21;0.1754239411912121
2022-08-07;GL;Greenland;0;11971;0;21;0.1754239411912121
2022-08-14;GL;Greenland;0;11971;0;21;0.1754239411912121
2022-08-21;GL;Greenland;0;11971;0;21;0.1754239411912121
2022-08-28;GL;Greenland;0;11971;0;21;0.1754239411912121
2022-09-04;GL;Greenland;0;11971;0;21;0.1754239411912121
2022-09-11;GL;Greenland;0;11971;0;21;0.1754239411912121
2022-09-18;GL;Greenland;0;11971;0;21;0.1754239411912121
2022-09-25;GL;Greenland;0;11971;0;21;0.1754239411912121
2022-10-02;GL;Greenland;0;11971;0;21;0.1754239411912121
2022-10-09;GL;Greenland;0;11971;0;21;0.1754239411912121
2022-10-16;GL;Greenland;0;11971;0;21;0.1754239411912121
2022-10-23;GL;Greenland;0;11971;0;21;0.1754239411912121
2022-10-30;GL;Greenland;0;11971;0;21;0.1754239411912121
2022-11-06;GL;Greenland;0;11971;0;21;0.1754239411912121
2022-11-13;GL;Greenland;0;11971;0;21;0.1754239411912121
2022-11-20;GL;Greenland;0;11971;0;21;0.1754239411912121
2022-11-27;GL;Greenland;0;11971;0;21;0.1754239411912121
2022-12-04;GL;Greenland;0;11971;0;21;0.1754239411912121
2022-12-11;GL;Greenland;0;11971;0;21;0.1754239411912121
2022-12-18;GL;Greenland;0;11971;0;21;0.1754239411912121
2022-12-25;GL;Greenland;0;11971;0;21;0.1754239411912121
2023-01-01;GL;Greenland;0;11971;0;21;0.1754239411912121
2023-01-08;GL;Greenland;0;11971;0;21;0.1754239411912121
2023-01-15;GL;Greenland;0;11971;0;21;0.1754239411912121
2023-01-22;GL;Greenland;0;11971;0;21;0.1754239411912121
2023-01-29;GL;Greenland;0;11971;0;21;0.1754239411912121
2023-02-05;GL;Greenland;0;11971;0;21;0.1754239411912121
2023-02-12;GL;Greenland;0;11971;0;21;0.1754239411912121
2023-02-19;GL;Greenland;0;11971;0;21;0.1754239411912121
2023-02-26;GL;Greenland;0;11971;0;21;0.1754239411912121
2023-03-05;GL;Greenland;0;11971;0;21;0.1754239411912121
2023-03-12;GL;Greenland;0;11971;0;21;0.1754239411912121
2023-03-19;GL;Greenland;0;11971;0;21;0.1754239411912121
2023-03-26;GL;Greenland;0;11971;0;21;0.1754239411912121
2023-04-02;GL;Greenland;0;11971;0;21;0.1754239411912121
2023-04-09;GL;Greenland;0;11971;0;21;0.1754239411912121
2023-04-16;GL;Greenland;0;11971;0;21;0.1754239411912121
2023-04-23;GL;Greenland;0;11971;0;21;0.1754239411912121
2023-04-30;GL;Greenland;0;11971;0;21;0.1754239411912121
2023-05-07;GL;Greenland;0;11971;0;21;0.1754239411912121
2023-05-14;GL;Greenland;0;11971;0;21;0.1754239411912121
2023-05-21;GL;Greenland;0;11971;0;21;0.1754239411912121
2023-05-28;GL;Greenland;0;11971;0;21;0.1754239411912121
2023-06-04;GL;Greenland;0;11971;0;21;0.1754239411912121
2023-06-11;GL;Greenland;0;11971;0;21;0.1754239411912121
2023-06-18;GL;Greenland;0;11971;0;21;0.1754239411912121
2023-06-25;GL;Greenland;0;11971;0;21;0.1754239411912121
2023-07-02;GL;Greenland;0;11971;0;21;0.1754239411912121
2023-07-09;GL;Greenland;0;11971;0;21;0.1754239411912121
2023-07-16;GL;Greenland;0;11971;0;21;0.1754239411912121
2023-07-23;GL;Greenland;0;11971;0;21;0.1754239411912121
2023-07-30;GL;Greenland;0;11971;0;21;0.1754239411912121
2023-08-06;GL;Greenland;0;11971;0;21;0.1754239411912121
2023-08-13;GL;Greenland;0;11971;0;21;0.1754239411912121
2023-08-20;GL;Greenland;0;11971;0;21;0.1754239411912121
2023-08-27;GL;Greenland;0;11971;0;21;0.1754239411912121
2023-09-03;GL;Greenland;0;11971;0;21;0.1754239411912121
2023-09-10;GL;Greenland;0;11971;0;21;0.1754239411912121
2023-09-17;GL;Greenland;0;11971;0;21;0.1754239411912121
2023-09-24;GL;Greenland;0;11971;0;21;0.1754239411912121
2023-10-01;GL;Greenland;0;11971;0;21;0.1754239411912121
2023-10-08;GL;Greenland;0;11971;0;21;0.1754239411912121
2023-10-15;GL;Greenland;0;11971;0;21;0.1754239411912121
2023-10-22;GL;Greenland;0;11971;0;21;0.1754239411912121
2023-10-29;GL;Greenland;0;11971;0;21;0.1754239411912121
2023-11-05;GL;Greenland;0;11971;0;21;0.1754239411912121
2023-11-12;GL;Greenland;0;11971;0;21;0.1754239411912121
2023-11-19;GL;Greenland;0;11971;0;21;0.1754239411912121
2023-11-26;GL;Greenland;0;11971;0;21;0.1754239411912121
2023-12-03;GL;Greenland;0;11971;0;21;0.1754239411912121
2023-12-10;GL;Greenland;0;11971;0;21;0.1754239411912121
2023-12-17;GL;Greenland;0;11971;0;21;0.1754239411912121
2023-12-24;GL;Greenland;0;11971;0;21;0.1754239411912121
2023-12-31;GL;Greenland;0;11971;0;21;0.1754239411912121
2024-01-07;GL;Greenland;0;11971;0;21;0.1754239411912121
2024-01-14;GL;Greenland;0;11971;0;21;0.1754239411912121
2024-01-21;GL;Greenland;0;11971;0;21;0.1754239411912121
2020-01-05;GD;Grenada;0;0;0;0;0.0
2020-01-12;GD;Grenada;0;0;0;0;0.0
2020-01-19;GD;Grenada;0;0;0;0;0.0
2020-01-26;GD;Grenada;0;0;0;0;0.0
2020-02-02;GD;Grenada;0;0;0;0;0.0
2020-02-09;GD;Grenada;0;0;0;0;0.0
2020-02-16;GD;Grenada;0;0;0;0;0.0
2020-02-23;GD;Grenada;0;0;0;0;0.0
2020-03-01;GD;Grenada;0;0;0;0;0.0
2020-03-08;GD;Grenada;0;0;0;0;0.0
2020-03-15;GD;Grenada;0;0;0;0;0.0
2020-03-22;GD;Grenada;0;0;0;0;0.0
2020-03-29;GD;Grenada;7;7;0;0;0.0
2020-04-05;GD;Grenada;5;12;0;0;0.0
2020-04-12;GD;Grenada;1;13;0;0;0.0
2020-04-19;GD;Grenada;0;13;0;0;0.0
2020-04-26;GD;Grenada;2;15;0;0;0.0
2020-05-03;GD;Grenada;5;20;0;0;0.0
2020-05-10;GD;Grenada;1;21;0;0;0.0
2020-05-17;GD;Grenada;1;22;0;0;0.0
2020-05-24;GD;Grenada;0;22;0;0;0.0
2020-05-31;GD;Grenada;1;23;0;0;0.0
2020-06-07;GD;Grenada;0;23;0;0;0.0
2020-06-14;GD;Grenada;0;23;0;0;0.0
2020-06-21;GD;Grenada;0;23;0;0;0.0
2020-06-28;GD;Grenada;0;23;0;0;0.0
2020-07-05;GD;Grenada;0;23;0;0;0.0
2020-07-12;GD;Grenada;0;23;0;0;0.0
2020-07-19;GD;Grenada;0;23;0;0;0.0
2020-07-26;GD;Grenada;0;23;0;0;0.0
2020-08-02;GD;Grenada;1;24;0;0;0.0
2020-08-09;GD;Grenada;0;24;0;0;0.0
2020-08-16;GD;Grenada;0;24;0;0;0.0
2020-08-23;GD;Grenada;0;24;0;0;0.0
2020-08-30;GD;Grenada;0;24;0;0;0.0
2020-09-06;GD;Grenada;0;24;0;0;0.0
2020-09-13;GD;Grenada;0;24;0;0;0.0
2020-09-20;GD;Grenada;0;24;0;0;0.0
2020-09-27;GD;Grenada;0;24;0;0;0.0
2020-10-04;GD;Grenada;0;24;0;0;0.0
2020-10-11;GD;Grenada;0;24;0;0;0.0
2020-10-18;GD;Grenada;3;27;0;0;0.0
2020-10-25;GD;Grenada;1;28;0;0;0.0
2020-11-01;GD;Grenada;0;28;0;0;0.0
2020-11-08;GD;Grenada;2;30;0;0;0.0
2020-11-15;GD;Grenada;2;32;0;0;0.0
2020-11-22;GD;Grenada;9;41;0;0;0.0
2020-11-29;GD;Grenada;0;41;0;0;0.0
2020-12-06;GD;Grenada;0;41;0;0;0.0
2020-12-13;GD;Grenada;2;43;0;0;0.0
2020-12-20;GD;Grenada;51;94;0;0;0.0
2020-12-27;GD;Grenada;22;116;0;0;0.0
2021-01-03;GD;Grenada;13;129;0;0;0.0
2021-01-10;GD;Grenada;6;135;1;1;0.7407407407407408
2021-01-17;GD;Grenada;4;139;0;1;0.7194244604316548
2021-01-24;GD;Grenada;8;147;0;1;0.6802721088435374
2021-01-31;GD;Grenada;1;148;0;1;0.6756756756756757
2021-02-07;GD;Grenada;0;148;0;1;0.6756756756756757
2021-02-14;GD;Grenada;0;148;0;1;0.6756756756756757
2021-02-21;GD;Grenada;0;148;0;1;0.6756756756756757
2021-02-28;GD;Grenada;0;148;0;1;0.6756756756756757
2021-03-07;GD;Grenada;3;151;0;1;0.6622516556291391
2021-03-14;GD;Grenada;0;151;0;1;0.6622516556291391
2021-03-21;GD;Grenada;3;154;0;1;0.6493506493506493
2021-03-28;GD;Grenada;1;155;0;1;0.6451612903225806
2021-04-04;GD;Grenada;0;155;0;1;0.6451612903225806
2021-04-11;GD;Grenada;2;157;0;1;0.6369426751592357
2021-04-18;GD;Grenada;2;159;0;1;0.628930817610063
2021-04-25;GD;Grenada;0;159;0;1;0.628930817610063
2021-05-02;GD;Grenada;2;161;0;1;0.6211180124223602
2021-05-09;GD;Grenada;0;161;0;1;0.6211180124223602
2021-05-16;GD;Grenada;0;161;0;1;0.6211180124223602
2021-05-23;GD;Grenada;0;161;0;1;0.6211180124223602
2021-05-30;GD;Grenada;0;161;0;1;0.6211180124223602
2021-06-06;GD;Grenada;0;161;0;1;0.6211180124223602
2021-06-13;GD;Grenada;0;161;0;1;0.6211180124223602
2021-06-20;GD;Grenada;0;161;0;1;0.6211180124223602
2021-06-27;GD;Grenada;1;162;0;1;0.6172839506172839
2021-07-04;GD;Grenada;0;162;0;1;0.6172839506172839
2021-07-11;GD;Grenada;0;162;0;1;0.6172839506172839
2021-07-18;GD;Grenada;1;163;0;1;0.6134969325153374
2021-07-25;GD;Grenada;2;165;0;1;0.6060606060606061
2021-08-01;GD;Grenada;4;169;0;1;0.591715976331361
2021-08-08;GD;Grenada;3;172;0;1;0.5813953488372093
2021-08-15;GD;Grenada;13;185;0;1;0.5405405405405406
2021-08-22;GD;Grenada;27;212;0;1;0.4716981132075472
2021-08-29;GD;Grenada;84;296;0;1;0.33783783783783783
2021-09-05;GD;Grenada;802;1098;4;5;0.45537340619307837
2021-09-12;GD;Grenada;1065;2163;17;22;1.0171058714748036
2021-09-19;GD;Grenada;1327;3490;26;48;1.3753581661891117
2021-09-26;GD;Grenada;1276;4766;57;105;2.2031053294167013
2021-10-03;GD;Grenada;470;5236;45;150;2.864782276546982
2021-10-10;GD;Grenada;355;5591;23;173;3.0942586299409767
2021-10-17;GD;Grenada;130;5721;19;192;3.3560566334556894
2021-10-24;GD;Grenada;88;5809;4;196;3.37407471165433
2021-10-31;GD;Grenada;30;5839;2;198;3.390991608152081
2021-11-07;GD;Grenada;18;5857;0;198;3.3805702578111663
2021-11-14;GD;Grenada;6;5863;2;200;3.4112229234180456
2021-11-21;GD;Grenada;3;5866;0;200;3.409478349812479
2021-11-28;GD;Grenada;22;5888;0;200;3.3967391304347823
2021-12-05;GD;Grenada;19;5907;0;200;3.385813441679363
2021-12-12;GD;Grenada;6;5913;0;200;3.3823778116015557
2021-12-19;GD;Grenada;6;5919;0;200;3.3789491468153403
2021-12-26;GD;Grenada;37;5956;0;200;3.3579583613163195
2022-01-02;GD;Grenada;343;6299;0;200;3.1751071598666454
2022-01-09;GD;Grenada;1370;7669;0;200;2.607901942886947
2022-01-16;GD;Grenada;1866;9535;3;203;2.128998426848453
2022-01-23;GD;Grenada;1655;11190;2;205;1.8319928507596068
2022-01-30;GD;Grenada;1056;12246;5;210;1.71484566389025
2022-02-06;GD;Grenada;588;12834;1;211;1.6440704378993298
2022-02-13;GD;Grenada;408;13242;2;213;1.6085183507023106
2022-02-20;GD;Grenada;283;13525;1;214;1.5822550831792976
2022-02-27;GD;Grenada;154;13679;2;216;1.579062796988084
2022-03-06;GD;Grenada;11;13690;0;216;1.5777940102264427
2022-03-13;GD;Grenada;0;13690;0;216;1.5777940102264427
2022-03-20;GD;Grenada;246;13936;1;217;1.5571182548794489
2022-03-27;GD;Grenada;46;13982;1;218;1.5591474753254184
2022-04-03;GD;Grenada;42;14024;0;218;1.5544780376497433
2022-04-10;GD;Grenada;0;14024;0;218;1.5544780376497433
2022-04-17;GD;Grenada;141;14165;1;219;1.5460642428521
2022-04-24;GD;Grenada;263;14428;1;220;1.524812863875797
2022-05-01;GD;Grenada;315;14743;0;220;1.4922336023875737
2022-05-08;GD;Grenada;740;15483;0;220;1.4209132597041918
2022-05-15;GD;Grenada;1029;16512;1;221;1.3384205426356588
2022-05-22;GD;Grenada;722;17234;2;223;1.2939538122316352
2022-05-29;GD;Grenada;428;17662;3;226;1.2795832861510588
2022-06-05;GD;Grenada;204;17866;4;230;1.2873614687115191
2022-06-12;GD;Grenada;169;18035;1;231;1.2808428056556695
2022-06-19;GD;Grenada;80;18115;0;231;1.2751863096881038
2022-06-26;GD;Grenada;155;18270;1;232;1.2698412698412698
2022-07-03;GD;Grenada;106;18376;0;232;1.262516325642142
2022-07-10;GD;Grenada;184;18560;1;233;1.2553879310344829
2022-07-17;GD;Grenada;95;18655;0;233;1.248994907531493
2022-07-24;GD;Grenada;65;18720;0;233;1.2446581196581197
2022-07-31;GD;Grenada;66;18786;1;234;1.245608431810923
2022-08-07;GD;Grenada;36;18822;0;234;1.2432260121134842
2022-08-14;GD;Grenada;73;18895;0;234;1.2384228631913206
2022-08-21;GD;Grenada;266;19161;0;234;1.2212306247064348
2022-08-28;GD;Grenada;128;19289;2;236;1.2234952563637305
2022-09-04;GD;Grenada;57;19346;0;236;1.2198904166235913
2022-09-11;GD;Grenada;57;19403;0;236;1.2163067566871102
2022-09-18;GD;Grenada;70;19473;0;236;1.2119344733733888
2022-09-25;GD;Grenada;63;19536;1;237;1.2131449631449631
2022-10-02;GD;Grenada;0;19536;0;237;1.2131449631449631
2022-10-09;GD;Grenada;0;19536;0;237;1.2131449631449631
2022-10-16;GD;Grenada;38;19574;0;237;1.2107898232349035
2022-10-23;GD;Grenada;17;19591;0;237;1.2097391659435455
2022-10-30;GD;Grenada;0;19591;0;237;1.2097391659435455
2022-11-06;GD;Grenada;13;19604;0;237;1.208936951642522
2022-11-13;GD;Grenada;9;19613;0;237;1.2083821954825882
2022-11-20;GD;Grenada;3;19616;0;237;1.2081973898858076
2022-11-27;GD;Grenada;0;19616;0;237;1.2081973898858076
2022-12-04;GD;Grenada;20;19636;0;237;1.2069667956814014
2022-12-11;GD;Grenada;8;19644;1;238;1.2115658725310527
2022-12-18;GD;Grenada;0;19644;0;238;1.2115658725310527
2022-12-25;GD;Grenada;16;19660;0;238;1.2105798575788402
2023-01-01;GD;Grenada;11;19671;0;238;1.2099029027502415
2023-01-08;GD;Grenada;9;19680;0;238;1.2093495934959348
2023-01-15;GD;Grenada;0;19680;0;238;1.2093495934959348
2023-01-22;GD;Grenada;0;19680;0;238;1.2093495934959348
2023-01-29;GD;Grenada;0;19680;0;238;1.2093495934959348
2023-02-05;GD;Grenada;0;19680;0;238;1.2093495934959348
2023-02-12;GD;Grenada;0;19680;0;238;1.2093495934959348
2023-02-19;GD;Grenada;0;19680;0;238;1.2093495934959348
2023-02-26;GD;Grenada;0;19680;0;238;1.2093495934959348
2023-03-05;GD;Grenada;0;19680;0;238;1.2093495934959348
2023-03-12;GD;Grenada;0;19680;0;238;1.2093495934959348
2023-03-19;GD;Grenada;0;19680;0;238;1.2093495934959348
2023-03-26;GD;Grenada;0;19680;0;238;1.2093495934959348
2023-04-02;GD;Grenada;3;19683;0;238;1.2091652695219226
2023-04-09;GD;Grenada;0;19683;0;238;1.2091652695219226
2023-04-16;GD;Grenada;0;19683;0;238;1.2091652695219226
2023-04-23;GD;Grenada;10;19693;0;238;1.2085512618696999
2023-04-30;GD;Grenada;0;19693;0;238;1.2085512618696999
2023-05-07;GD;Grenada;0;19693;0;238;1.2085512618696999
2023-05-14;GD;Grenada;0;19693;0;238;1.2085512618696999
2023-05-21;GD;Grenada;0;19693;0;238;1.2085512618696999
2023-05-28;GD;Grenada;0;19693;0;238;1.2085512618696999
2023-06-04;GD;Grenada;0;19693;0;238;1.2085512618696999
2023-06-11;GD;Grenada;0;19693;0;238;1.2085512618696999
2023-06-18;GD;Grenada;0;19693;0;238;1.2085512618696999
2023-06-25;GD;Grenada;0;19693;0;238;1.2085512618696999
2023-07-02;GD;Grenada;0;19693;0;238;1.2085512618696999
2023-07-09;GD;Grenada;0;19693;0;238;1.2085512618696999
2023-07-16;GD;Grenada;0;19693;0;238;1.2085512618696999
2023-07-23;GD;Grenada;0;19693;0;238;1.2085512618696999
2023-07-30;GD;Grenada;0;19693;0;238;1.2085512618696999
2023-08-06;GD;Grenada;0;19693;0;238;1.2085512618696999
2023-08-13;GD;Grenada;0;19693;0;238;1.2085512618696999
2023-08-20;GD;Grenada;0;19693;0;238;1.2085512618696999
2023-08-27;GD;Grenada;0;19693;0;238;1.2085512618696999
2023-09-03;GD;Grenada;0;19693;0;238;1.2085512618696999
2023-09-10;GD;Grenada;0;19693;0;238;1.2085512618696999
2023-09-17;GD;Grenada;0;19693;0;238;1.2085512618696999
2023-09-24;GD;Grenada;0;19693;0;238;1.2085512618696999
2023-10-01;GD;Grenada;0;19693;0;238;1.2085512618696999
2023-10-08;GD;Grenada;0;19693;0;238;1.2085512618696999
2023-10-15;GD;Grenada;0;19693;0;238;1.2085512618696999
2023-10-22;GD;Grenada;0;19693;0;238;1.2085512618696999
2023-10-29;GD;Grenada;0;19693;0;238;1.2085512618696999
2023-11-05;GD;Grenada;0;19693;0;238;1.2085512618696999
2023-11-12;GD;Grenada;0;19693;0;238;1.2085512618696999
2023-11-19;GD;Grenada;0;19693;0;238;1.2085512618696999
2023-11-26;GD;Grenada;0;19693;0;238;1.2085512618696999
2023-12-03;GD;Grenada;0;19693;0;238;1.2085512618696999
2023-12-10;GD;Grenada;0;19693;0;238;1.2085512618696999
2023-12-17;GD;Grenada;0;19693;0;238;1.2085512618696999
2023-12-24;GD;Grenada;0;19693;0;238;1.2085512618696999
2023-12-31;GD;Grenada;0;19693;0;238;1.2085512618696999
2024-01-07;GD;Grenada;0;19693;0;238;1.2085512618696999
2024-01-14;GD;Grenada;0;19693;0;238;1.2085512618696999
2024-01-21;GD;Grenada;0;19693;0;238;1.2085512618696999
2020-01-05;GP;Guadeloupe;0;0;0;0;0.0
2020-01-12;GP;Guadeloupe;0;0;0;0;0.0
2020-01-19;GP;Guadeloupe;0;0;0;0;0.0
2020-01-26;GP;Guadeloupe;0;0;0;0;0.0
2020-02-02;GP;Guadeloupe;0;0;0;0;0.0
2020-02-09;GP;Guadeloupe;0;0;0;0;0.0
2020-02-16;GP;Guadeloupe;0;0;0;0;0.0
2020-02-23;GP;Guadeloupe;0;0;0;0;0.0
2020-03-01;GP;Guadeloupe;0;0;0;0;0.0
2020-03-08;GP;Guadeloupe;0;0;0;0;0.0
2020-03-15;GP;Guadeloupe;1;1;0;0;0.0
2020-03-22;GP;Guadeloupe;50;51;0;0;0.0
2020-03-29;GP;Guadeloupe;45;96;2;2;2.083333333333333
2020-04-05;GP;Guadeloupe;34;130;5;7;5.384615384615385
2020-04-12;GP;Guadeloupe;13;143;1;8;5.594405594405594
2020-04-19;GP;Guadeloupe;2;145;3;11;7.586206896551724
2020-04-26;GP;Guadeloupe;4;149;1;12;8.053691275167784
2020-05-03;GP;Guadeloupe;3;152;0;12;7.894736842105263
2020-05-10;GP;Guadeloupe;2;154;1;13;8.441558441558442
2020-05-17;GP;Guadeloupe;1;155;0;13;8.38709677419355
2020-05-24;GP;Guadeloupe;1;156;0;13;8.333333333333332
2020-05-31;GP;Guadeloupe;6;162;1;14;8.641975308641975
2020-06-07;GP;Guadeloupe;2;164;0;14;8.536585365853659
2020-06-14;GP;Guadeloupe;7;171;0;14;8.187134502923977
2020-06-21;GP;Guadeloupe;3;174;0;14;8.045977011494253
2020-06-28;GP;Guadeloupe;8;182;0;14;7.6923076923076925
2020-07-05;GP;Guadeloupe;2;184;0;14;7.608695652173914
2020-07-12;GP;Guadeloupe;6;190;0;14;7.368421052631578
2020-07-19;GP;Guadeloupe;5;195;0;14;7.179487179487179
2020-07-26;GP;Guadeloupe;8;203;0;14;6.896551724137931
2020-08-02;GP;Guadeloupe;62;265;0;14;5.283018867924529
2020-08-09;GP;Guadeloupe;25;290;0;14;4.827586206896552
2020-08-16;GP;Guadeloupe;156;446;0;14;3.1390134529147984
2020-08-23;GP;Guadeloupe;325;771;1;15;1.9455252918287937
2020-08-30;GP;Guadeloupe;164;935;0;15;1.6042780748663104
2020-09-06;GP;Guadeloupe;428;1363;5;20;1.467351430667645
2020-09-13;GP;Guadeloupe;1717;3080;4;24;0.7792207792207793
2020-09-20;GP;Guadeloupe;346;3426;2;26;0.7589025102159953
2020-09-27;GP;Guadeloupe;1528;4954;16;42;0.8477997577714977
2020-10-04;GP;Guadeloupe;949;5903;33;75;1.2705404031848213
2020-10-11;GP;Guadeloupe;580;6483;20;95;1.4653709702298319
2020-10-18;GP;Guadeloupe;639;7122;16;111;1.5585509688289807
2020-10-25;GP;Guadeloupe;352;7474;16;127;1.699223976451699
2020-11-01;GP;Guadeloupe;268;7742;-1;126;1.62748643761302
2020-11-08;GP;Guadeloupe;161;7903;7;133;1.6829052258635961
2020-11-15;GP;Guadeloupe;195;8098;6;139;1.7164732032600643
2020-11-22;GP;Guadeloupe;127;8225;5;144;1.7507598784194527
2020-11-29;GP;Guadeloupe;119;8344;5;149;1.7857142857142856
2020-12-06;GP;Guadeloupe;83;8427;0;149;1.76812626082829
2020-12-13;GP;Guadeloupe;24;8451;3;152;1.798603715536623
2020-12-20;GP;Guadeloupe;106;8557;3;155;1.8113824938646723
2020-12-27;GP;Guadeloupe;63;8620;0;155;1.7981438515081205
2021-01-03;GP;Guadeloupe;0;8620;0;155;1.7981438515081205
2021-01-10;GP;Guadeloupe;82;8702;0;155;1.7811997242013329
2021-01-17;GP;Guadeloupe;132;8834;1;156;1.7659044600407519
2021-01-24;GP;Guadeloupe;222;9056;1;157;1.7336572438162543
2021-01-31;GP;Guadeloupe;100;9156;0;157;1.7147225862822195
2021-02-07;GP;Guadeloupe;0;9156;1;158;1.725644386194845
2021-02-14;GP;Guadeloupe;299;9455;2;160;1.6922263352723426
2021-02-21;GP;Guadeloupe;0;9455;0;160;1.6922263352723426
2021-02-28;GP;Guadeloupe;513;9968;4;164;1.6452648475120384
2021-03-07;GP;Guadeloupe;490;10458;4;168;1.6064257028112447
2021-03-14;GP;Guadeloupe;267;10725;0;168;1.5664335664335665
2021-03-21;GP;Guadeloupe;370;11095;1;169;1.5232086525461919
2021-03-28;GP;Guadeloupe;417;11512;9;178;1.5462126476719944
2021-04-04;GP;Guadeloupe;378;11890;5;183;1.5391084945332212
2021-04-11;GP;Guadeloupe;414;12304;6;189;1.5360858257477243
2021-04-18;GP;Guadeloupe;623;12927;5;194;1.5007348959542044
2021-04-25;GP;Guadeloupe;843;13770;17;211;1.532316630355846
2021-05-02;GP;Guadeloupe;864;14634;17;228;1.5580155801558015
2021-05-09;GP;Guadeloupe;795;15429;8;236;1.5295871410979325
2021-05-16;GP;Guadeloupe;650;16079;9;245;1.52372659991293
2021-05-23;GP;Guadeloupe;438;16517;10;255;1.5438638978022643
2021-05-30;GP;Guadeloupe;357;16874;0;255;1.5112006637430366
2021-06-06;GP;Guadeloupe;234;17108;5;260;1.5197568389057752
2021-06-13;GP;Guadeloupe;180;17288;5;265;1.532855159648311
2021-06-20;GP;Guadeloupe;139;17427;1;266;1.5263671314626728
2021-06-27;GP;Guadeloupe;112;17539;1;267;1.5223216831062205
2021-07-04;GP;Guadeloupe;145;17684;3;270;1.5268038905225063
2021-07-11;GP;Guadeloupe;125;17809;4;274;1.5385479252063563
2021-07-18;GP;Guadeloupe;173;17982;4;278;1.5459904348793236
2021-07-25;GP;Guadeloupe;331;18313;2;280;1.5289684923278546
2021-08-01;GP;Guadeloupe;1093;19406;3;283;1.4583118623106257
2021-08-08;GP;Guadeloupe;3220;22626;8;291;1.2861309997348183
2021-08-15;GP;Guadeloupe;7134;29760;44;335;1.1256720430107527
2021-08-22;GP;Guadeloupe;8195;37955;54;389;1.0248979054143064
2021-08-29;GP;Guadeloupe;7438;45393;114;503;1.108100367898134
2021-09-05;GP;Guadeloupe;4122;49515;103;606;1.2238715540745229
2021-09-12;GP;Guadeloupe;1970;51485;89;695;1.3499077401184811
2021-09-19;GP;Guadeloupe;978;52463;52;747;1.4238606255837447
2021-09-26;GP;Guadeloupe;643;53106;20;767;1.4442812488231085
2021-10-03;GP;Guadeloupe;438;53544;18;785;1.4660839683251157
2021-10-10;GP;Guadeloupe;292;53836;15;800;1.4859945018203433
2021-10-17;GP;Guadeloupe;259;54095;9;809;1.4955171457620853
2021-10-24;GP;Guadeloupe;193;54288;6;815;1.5012525788387858
2021-10-31;GP;Guadeloupe;186;54474;5;820;1.5053052832543965
2021-11-07;GP;Guadeloupe;198;54672;2;822;1.5035118525021949
2021-11-14;GP;Guadeloupe;182;54854;0;822;1.4985233529004267
2021-11-21;GP;Guadeloupe;226;55080;1;823;1.4941902687000725
2021-11-28;GP;Guadeloupe;0;55080;0;823;1.4941902687000725
2021-12-05;GP;Guadeloupe;138;55218;2;825;1.4940780180375965
2021-12-12;GP;Guadeloupe;157;55375;3;828;1.4952595936794582
2021-12-19;GP;Guadeloupe;189;55564;2;830;1.49377294651213
2021-12-26;GP;Guadeloupe;231;55795;1;831;1.489380768886101
2022-01-02;GP;Guadeloupe;720;56515;1;832;1.47217552862072
2022-01-09;GP;Guadeloupe;4138;60653;1;833;1.373386312301123
2022-01-16;GP;Guadeloupe;13007;73660;2;835;1.1335867499321206
2022-01-23;GP;Guadeloupe;17089;90749;9;844;0.9300377965597416
2022-01-30;GP;Guadeloupe;13430;104179;11;855;0.8207028287850718
2022-02-06;GP;Guadeloupe;8489;112668;18;873;0.7748429012674406
2022-02-13;GP;Guadeloupe;5509;118177;16;889;0.7522614383509482
2022-02-20;GP;Guadeloupe;4034;122211;20;909;0.74379556668385
2022-02-27;GP;Guadeloupe;2317;124528;9;918;0.7371836052935886
2022-03-06;GP;Guadeloupe;1728;126256;1;919;0.727886199467748
2022-03-13;GP;Guadeloupe;2097;128353;5;924;0.71988967924396
2022-03-20;GP;Guadeloupe;4006;132359;4;928;0.7011234596816235
2022-03-27;GP;Guadeloupe;3622;135981;3;931;0.684654473786779
2022-04-03;GP;Guadeloupe;3535;139516;7;938;0.6723243212248058
2022-04-10;GP;Guadeloupe;3057;142573;2;940;0.6593113703155576
2022-04-17;GP;Guadeloupe;2655;145228;1;941;0.6479466769493486
2022-04-24;GP;Guadeloupe;2379;147607;1;942;0.638181116071731
2022-05-01;GP;Guadeloupe;2348;149955;2;944;0.6295221899903304
2022-05-08;GP;Guadeloupe;2561;152516;1;945;0.6196071231870754
2022-05-15;GP;Guadeloupe;2576;155092;0;945;0.6093157609676837
2022-05-22;GP;Guadeloupe;2773;157865;2;947;0.5998796439996199
2022-05-29;GP;Guadeloupe;2498;160363;1;948;0.5911588084533215
2022-06-05;GP;Guadeloupe;1827;162190;1;949;0.5851162217152722
2022-06-12;GP;Guadeloupe;2135;164325;1;950;0.5781226228510574
2022-06-19;GP;Guadeloupe;2099;166424;0;950;0.5708311301254627
2022-06-26;GP;Guadeloupe;2290;168714;5;955;0.5660466825515369
2022-07-03;GP;Guadeloupe;2717;171431;2;957;0.5582420915703694
2022-07-10;GP;Guadeloupe;3917;175348;1;958;0.5463421310764879
2022-07-17;GP;Guadeloupe;3937;179285;2;960;0.5354603006386479
2022-07-24;GP;Guadeloupe;3733;183018;5;965;0.5272705416953524
2022-07-31;GP;Guadeloupe;3362;186380;6;971;0.5209786457774439
2022-08-07;GP;Guadeloupe;2236;188616;4;975;0.5169232726810027
2022-08-14;GP;Guadeloupe;1438;190054;3;978;0.5145905900428299
2022-08-21;GP;Guadeloupe;1063;191117;4;982;0.5138213764343308
2022-08-28;GP;Guadeloupe;880;191997;4;986;0.5135496908805868
2022-09-04;GP;Guadeloupe;767;192764;0;986;0.5115062978564462
2022-09-11;GP;Guadeloupe;729;193493;1;987;0.5100959724641202
2022-09-18;GP;Guadeloupe;653;194146;2;989;0.50941044368671
2022-09-25;GP;Guadeloupe;563;194709;1;990;0.5084510731399164
2022-10-02;GP;Guadeloupe;505;195214;0;990;0.5071357587058305
2022-10-09;GP;Guadeloupe;379;195593;0;990;0.5061530831880486
2022-10-16;GP;Guadeloupe;361;195954;1;991;0.5057309368525266
2022-10-23;GP;Guadeloupe;316;196270;2;993;0.5059357008202986
2022-10-30;GP;Guadeloupe;0;196270;0;993;0.5059357008202986
2022-11-06;GP;Guadeloupe;455;196725;0;993;0.5047655356462066
2022-11-13;GP;Guadeloupe;380;197105;0;993;0.5037923949164151
2022-11-20;GP;Guadeloupe;389;197494;2;995;0.5038127740589587
2022-11-27;GP;Guadeloupe;0;197494;0;995;0.5038127740589587
2022-12-04;GP;Guadeloupe;824;198318;0;995;0.5017194606641858
2022-12-11;GP;Guadeloupe;290;198608;2;997;0.5019938773866108
2022-12-18;GP;Guadeloupe;716;199324;2;999;0.5011940358411431
2022-12-25;GP;Guadeloupe;664;199988;0;999;0.49952997179830794
2023-01-01;GP;Guadeloupe;545;200533;1;1000;0.49867104167393894
2023-01-08;GP;Guadeloupe;432;200965;3;1003;0.49909188167093776
2023-01-15;GP;Guadeloupe;277;201242;3;1006;0.49989564802576
2023-01-22;GP;Guadeloupe;152;201394;1;1007;0.5000148961736695
2023-01-29;GP;Guadeloupe;169;201563;2;1009;0.500587905518374
2023-02-05;GP;Guadeloupe;141;201704;1;1010;0.5007337484630945
2023-02-12;GP;Guadeloupe;92;201796;0;1010;0.500505460960574
2023-02-19;GP;Guadeloupe;56;201852;0;1010;0.5003666052355191
2023-02-26;GP;Guadeloupe;15;201867;0;1010;0.5003294248193118
2023-03-05;GP;Guadeloupe;19;201886;0;1010;0.5002823375568389
2023-03-12;GP;Guadeloupe;52;201938;0;1010;0.5001535124642217
2023-03-19;GP;Guadeloupe;121;202059;0;1010;0.4998540030387164
2023-03-26;GP;Guadeloupe;104;202163;2;1012;0.5005861606723288
2023-04-02;GP;Guadeloupe;0;202163;0;1012;0.5005861606723288
2023-04-09;GP;Guadeloupe;0;202163;0;1012;0.5005861606723288
2023-04-16;GP;Guadeloupe;201;202364;3;1015;0.5015714257476626
2023-04-23;GP;Guadeloupe;118;202482;2;1017;0.5022668681660591
2023-04-30;GP;Guadeloupe;171;202653;0;1017;0.5018430519163299
2023-05-07;GP;Guadeloupe;0;202653;0;1017;0.5018430519163299
2023-05-14;GP;Guadeloupe;0;202653;0;1017;0.5018430519163299
2023-05-21;GP;Guadeloupe;183;202836;0;1017;0.5013902857480921
2023-05-28;GP;Guadeloupe;0;202836;0;1017;0.5013902857480921
2023-06-04;GP;Guadeloupe;0;202836;0;1017;0.5013902857480921
2023-06-11;GP;Guadeloupe;0;202836;0;1017;0.5013902857480921
2023-06-18;GP;Guadeloupe;0;202836;0;1017;0.5013902857480921
2023-06-25;GP;Guadeloupe;399;203235;4;1021;0.5023740989494919
2023-07-02;GP;Guadeloupe;0;203235;0;1021;0.5023740989494919
2023-07-09;GP;Guadeloupe;0;203235;0;1021;0.5023740989494919
2023-07-16;GP;Guadeloupe;0;203235;0;1021;0.5023740989494919
2023-07-23;GP;Guadeloupe;0;203235;0;1021;0.5023740989494919
2023-07-30;GP;Guadeloupe;0;203235;0;1021;0.5023740989494919
2023-08-06;GP;Guadeloupe;0;203235;0;1021;0.5023740989494919
2023-08-13;GP;Guadeloupe;0;203235;0;1021;0.5023740989494919
2023-08-20;GP;Guadeloupe;0;203235;0;1021;0.5023740989494919
2023-08-27;GP;Guadeloupe;0;203235;0;1021;0.5023740989494919
2023-09-03;GP;Guadeloupe;0;203235;0;1021;0.5023740989494919
2023-09-10;GP;Guadeloupe;0;203235;0;1021;0.5023740989494919
2023-09-17;GP;Guadeloupe;0;203235;0;1021;0.5023740989494919
2023-09-24;GP;Guadeloupe;0;203235;0;1021;0.5023740989494919
2023-10-01;GP;Guadeloupe;0;203235;0;1021;0.5023740989494919
2023-10-08;GP;Guadeloupe;0;203235;0;1021;0.5023740989494919
2023-10-15;GP;Guadeloupe;0;203235;0;1021;0.5023740989494919
2023-10-22;GP;Guadeloupe;0;203235;0;1021;0.5023740989494919
2023-10-29;GP;Guadeloupe;0;203235;0;1021;0.5023740989494919
2023-11-05;GP;Guadeloupe;0;203235;0;1021;0.5023740989494919
2023-11-12;GP;Guadeloupe;0;203235;0;1021;0.5023740989494919
2023-11-19;GP;Guadeloupe;0;203235;0;1021;0.5023740989494919
2023-11-26;GP;Guadeloupe;0;203235;0;1021;0.5023740989494919
2023-12-03;GP;Guadeloupe;0;203235;0;1021;0.5023740989494919
2023-12-10;GP;Guadeloupe;0;203235;0;1021;0.5023740989494919
2023-12-17;GP;Guadeloupe;0;203235;0;1021;0.5023740989494919
2023-12-24;GP;Guadeloupe;0;203235;0;1021;0.5023740989494919
2023-12-31;GP;Guadeloupe;0;203235;0;1021;0.5023740989494919
2024-01-07;GP;Guadeloupe;0;203235;0;1021;0.5023740989494919
2024-01-14;GP;Guadeloupe;0;203235;0;1021;0.5023740989494919
2024-01-21;GP;Guadeloupe;0;203235;0;1021;0.5023740989494919
2020-01-05;GU;Guam;0;0;0;0;0.0
2020-01-12;GU;Guam;0;0;0;0;0.0
2020-01-19;GU;Guam;0;0;0;0;0.0
2020-01-26;GU;Guam;0;0;0;0;0.0
2020-02-02;GU;Guam;0;0;0;0;0.0
2020-02-09;GU;Guam;0;0;0;0;0.0
2020-02-16;GU;Guam;0;0;0;0;0.0
2020-02-23;GU;Guam;0;0;0;0;0.0
2020-03-01;GU;Guam;0;0;0;0;0.0
2020-03-08;GU;Guam;0;0;0;0;0.0
2020-03-15;GU;Guam;0;0;0;0;0.0
2020-03-22;GU;Guam;15;15;0;0;0.0
2020-03-29;GU;Guam;40;55;1;1;1.8181818181818181
2020-04-05;GU;Guam;38;93;3;4;4.301075268817205
2020-04-12;GU;Guam;40;133;1;5;3.7593984962406015
2020-04-19;GU;Guam;0;133;0;5;3.7593984962406015
2020-04-26;GU;Guam;4;137;0;5;3.64963503649635
2020-05-03;GU;Guam;7;144;0;5;3.4722222222222223
2020-05-10;GU;Guam;3;147;0;5;3.4013605442176873
2020-05-17;GU;Guam;2;149;0;5;3.3557046979865772
2020-05-24;GU;Guam;12;161;0;5;3.1055900621118013
2020-05-31;GU;Guam;5;166;0;5;3.0120481927710845
2020-06-07;GU;Guam;5;171;0;5;2.923976608187134
2020-06-14;GU;Guam;6;177;0;5;2.824858757062147
2020-06-21;GU;Guam;37;214;0;5;2.336448598130841
2020-06-28;GU;Guam;26;240;0;5;2.083333333333333
2020-07-05;GU;Guam;40;280;0;5;1.7857142857142856
2020-07-12;GU;Guam;24;304;0;5;1.644736842105263
2020-07-19;GU;Guam;3;307;0;5;1.6286644951140066
2020-07-26;GU;Guam;22;329;0;5;1.5197568389057752
2020-08-02;GU;Guam;22;351;0;5;1.4245014245014245
2020-08-09;GU;Guam;53;404;0;5;1.2376237623762376
2020-08-16;GU;Guam;104;508;0;5;0.984251968503937
2020-08-23;GU;Guam;304;812;2;7;0.8620689655172413
2020-08-30;GU;Guam;527;1339;3;10;0.7468259895444361
2020-09-06;GU;Guam;332;1671;6;16;0.9575104727707959
2020-09-13;GU;Guam;220;1891;9;25;1.3220518244315178
2020-09-20;GU;Guam;226;2117;9;34;1.6060462919225318
2020-09-27;GU;Guam;237;2354;9;43;1.826677994902294
2020-10-04;GU;Guam;343;2697;8;51;1.8909899888765296
2020-10-11;GU;Guam;352;3049;8;59;1.9350606756313546
2020-10-18;GU;Guam;557;3606;7;66;1.8302828618968388
2020-10-25;GU;Guam;549;4155;5;71;1.7087845968712396
2020-11-01;GU;Guam;477;4632;8;79;1.7055267702936097
2020-11-08;GU;Guam;402;5034;10;89;1.7679777512912196
2020-11-15;GU;Guam;820;5854;4;93;1.5886573283225145
2020-11-22;GU;Guam;501;6355;11;104;1.6365066876475216
2020-11-29;GU;Guam;300;6655;8;112;1.6829451540195342
2020-12-06;GU;Guam;190;6845;1;113;1.6508400292184076
2020-12-13;GU;Guam;108;6953;4;117;1.6827268804832447
2020-12-20;GU;Guam;78;7031;2;119;1.6925046223865738
2020-12-27;GU;Guam;63;7094;2;121;1.7056667606427969
2021-01-03;GU;Guam;55;7149;2;123;1.7205203524968526
2021-01-10;GU;Guam;77;7226;1;124;1.7160254636036536
2021-01-17;GU;Guam;60;7286;2;126;1.7293439472961845
2021-01-24;GU;Guam;54;7340;2;128;1.7438692098092643
2021-01-31;GU;Guam;40;7380;1;129;1.7479674796747966
2021-02-07;GU;Guam;62;7442;0;129;1.7334049986562752
2021-02-14;GU;Guam;45;7487;1;130;1.736342994523841
2021-02-21;GU;Guam;24;7511;0;130;1.73079483424311
2021-02-28;GU;Guam;16;7527;1;131;1.7404012222665073
2021-03-07;GU;Guam;13;7540;2;133;1.7639257294429709
2021-03-14;GU;Guam;18;7558;0;133;1.759724794919291
2021-03-21;GU;Guam;12;7570;1;134;1.7701453104359313
2021-03-28;GU;Guam;20;7590;0;134;1.7654808959156787
2021-04-04;GU;Guam;16;7606;2;136;1.7880620562713647
2021-04-11;GU;Guam;21;7627;0;136;1.7831388488265372
2021-04-18;GU;Guam;31;7658;0;136;1.7759206059023245
2021-04-25;GU;Guam;39;7697;0;136;1.766922177471742
2021-05-02;GU;Guam;66;7763;0;136;1.7519000386448536
2021-05-09;GU;Guam;52;7815;3;139;1.778630838131798
2021-05-16;GU;Guam;41;7856;0;139;1.7693482688391038
2021-05-23;GU;Guam;42;7898;0;139;1.7599392251202834
2021-05-30;GU;Guam;20;7918;0;139;1.7554938115685779
2021-06-06;GU;Guam;39;7957;0;139;1.7468895312303632
2021-06-13;GU;Guam;27;7984;0;139;1.7409819639278556
2021-06-20;GU;Guam;30;8014;0;139;1.7344646867981033
2021-06-27;GU;Guam;58;8072;0;139;1.722001982160555
2021-07-04;GU;Guam;35;8107;1;140;1.7269026766991487
2021-07-11;GU;Guam;57;8164;1;141;1.727094561489466
2021-07-18;GU;Guam;45;8209;1;142;1.7298087464977463
2021-07-25;GU;Guam;23;8232;1;143;1.7371234207968902
2021-08-01;GU;Guam;39;8271;0;143;1.728932414460162
2021-08-08;GU;Guam;118;8389;0;143;1.7046131839313385
2021-08-15;GU;Guam;195;8584;0;143;1.6658900279589934
2021-08-22;GU;Guam;371;8955;1;144;1.6080402010050252
2021-08-29;GU;Guam;721;9676;1;145;1.4985531211244316
2021-09-05;GU;Guam;890;10566;6;151;1.429112246829453
2021-09-12;GU;Guam;1049;11615;17;168;1.446405510116229
2021-09-19;GU;Guam;616;12231;11;179;1.4634943994767395
2021-09-26;GU;Guam;329;12560;5;184;1.4649681528662422
2021-10-03;GU;Guam;597;13157;14;198;1.5049023333586684
2021-10-10;GU;Guam;524;13681;14;212;1.5495943279000073
2021-10-17;GU;Guam;349;14030;10;222;1.5823235923022094
2021-10-24;GU;Guam;315;14345;5;227;1.5824329034506799
2021-10-31;GU;Guam;369;14714;11;238;1.6175071360608944
2021-11-07;GU;Guam;193;14907;10;248;1.6636479506272221
2021-11-14;GU;Guam;72;14979;10;258;1.7224113759262967
2021-11-21;GU;Guam;83;15062;4;262;1.7394768291063605
2021-11-28;GU;Guam;59;15121;1;263;1.7393029561536937
2021-12-05;GU;Guam;57;15178;3;266;1.7525365660824879
2021-12-12;GU;Guam;17;15195;1;267;1.75715695952616
2021-12-19;GU;Guam;45;15240;3;270;1.7716535433070866
2021-12-26;GU;Guam;20;15260;0;270;1.7693315858453473
2022-01-02;GU;Guam;146;15406;0;270;1.752563936128781
2022-01-09;GU;Guam;612;16018;4;274;1.710575602447247
2022-01-16;GU;Guam;1949;17967;0;274;1.5250180887182057
2022-01-23;GU;Guam;2600;20567;2;276;1.3419555598774735
2022-01-30;GU;Guam;5050;25617;9;285;1.1125424522777845
2022-02-06;GU;Guam;2620;28237;11;296;1.0482700003541452
2022-02-13;GU;Guam;5903;34140;10;306;0.8963093145869947
2022-02-20;GU;Guam;2078;36218;10;316;0.8724943398310233
2022-02-27;GU;Guam;1082;37300;6;322;0.8632707774798928
2022-03-06;GU;Guam;1062;38362;9;331;0.8628330118346281
2022-03-13;GU;Guam;653;39015;6;337;0.8637703447392028
2022-03-20;GU;Guam;356;39371;3;340;0.8635797922328616
2022-03-27;GU;Guam;273;39644;0;340;0.8576329331046313
2022-04-03;GU;Guam;266;39910;9;349;0.8744675519919819
2022-04-10;GU;Guam;143;40053;3;352;0.87883554290565
2022-04-17;GU;Guam;0;40053;0;352;0.87883554290565
2022-04-24;GU;Guam;318;40371;1;353;0.8743900324490352
2022-05-01;GU;Guam;186;40557;0;353;0.870379959069951
2022-05-08;GU;Guam;166;40723;2;355;0.8717432409203644
2022-05-15;GU;Guam;151;40874;6;361;0.8832020355238048
2022-05-22;GU;Guam;153;41027;0;361;0.8799083530358057
2022-05-29;GU;Guam;240;41267;2;363;0.8796374827343881
2022-06-05;GU;Guam;283;41550;2;365;0.878459687123947
2022-06-12;GU;Guam;479;42029;4;369;0.8779652144947535
2022-06-19;GU;Guam;534;42563;2;371;0.8716490848859337
2022-06-26;GU;Guam;510;43073;0;371;0.8613284424117197
2022-07-03;GU;Guam;656;43729;0;371;0.848407235473027
2022-07-10;GU;Guam;603;44332;2;373;0.8413786880808445
2022-07-17;GU;Guam;582;44914;3;376;0.8371554526428284
2022-07-24;GU;Guam;448;45362;1;377;0.8310921035227724
2022-07-31;GU;Guam;819;46181;3;380;0.8228492237067193
2022-08-07;GU;Guam;618;46799;3;383;0.8183935554178509
2022-08-14;GU;Guam;572;47371;3;386;0.8148445251314095
2022-08-21;GU;Guam;448;47819;3;389;0.8134841799284803
2022-08-28;GU;Guam;367;48186;0;389;0.8072884240235754
2022-09-04;GU;Guam;202;48388;1;390;0.8059849549475075
2022-09-11;GU;Guam;236;48624;4;394;0.8102994406054622
2022-09-18;GU;Guam;218;48842;7;401;0.8210147004627166
2022-09-25;GU;Guam;28;48870;0;401;0.8205443012072846
2022-10-02;GU;Guam;85;48955;0;401;0.8191195996323154
2022-10-09;GU;Guam;54;49009;0;401;0.8182170621722541
2022-10-16;GU;Guam;0;49009;0;401;0.8182170621722541
2022-10-23;GU;Guam;8;49017;0;401;0.8180835220433728
2022-10-30;GU;Guam;110;49127;2;403;0.8203228367292934
2022-11-06;GU;Guam;47;49174;1;404;0.8215723756456664
2022-11-13;GU;Guam;61;49235;2;406;0.824616634507972
2022-11-20;GU;Guam;128;49363;1;407;0.8245041832951806
2022-11-27;GU;Guam;214;49577;2;409;0.8249793250902635
2022-12-04;GU;Guam;0;49577;1;410;0.8269963894547875
2022-12-11;GU;Guam;123;49700;0;410;0.8249496981891348
2022-12-18;GU;Guam;107;49807;1;411;0.8251852149296284
2022-12-25;GU;Guam;131;49938;0;411;0.8230205454763908
2023-01-01;GU;Guam;64;50002;0;411;0.8219671213151474
2023-01-08;GU;Guam;0;50002;0;411;0.8219671213151474
2023-01-15;GU;Guam;403;50405;0;411;0.8153952980855074
2023-01-22;GU;Guam;37;50442;0;411;0.8147971928155109
2023-01-29;GU;Guam;193;50635;0;411;0.8116915177248938
2023-02-05;GU;Guam;90;50725;2;413;0.8141941843272549
2023-02-12;GU;Guam;59;50784;0;413;0.8132482671707625
2023-02-19;GU;Guam;33;50817;0;413;0.8127201527048035
2023-02-26;GU;Guam;23;50840;0;413;0.8123524783634933
2023-03-05;GU;Guam;29;50869;0;413;0.8118893628732627
2023-03-12;GU;Guam;45;50914;0;413;0.8111717798640845
2023-03-19;GU;Guam;41;50955;0;413;0.8105190854675695
2023-03-26;GU;Guam;19;50974;0;413;0.8102169733589673
2023-04-02;GU;Guam;31;51005;0;413;0.8097245368101167
2023-04-09;GU;Guam;12;51017;0;413;0.8095340768763353
2023-04-16;GU;Guam;45;51062;0;413;0.8088206494066037
2023-04-23;GU;Guam;48;51110;0;413;0.8080610448053218
2023-04-30;GU;Guam;69;51179;0;413;0.8069716094491881
2023-05-07;GU;Guam;61;51240;0;413;0.8060109289617485
2023-05-14;GU;Guam;105;51345;0;413;0.8043626448534424
2023-05-21;GU;Guam;95;51440;0;413;0.8028771384136858
2023-05-28;GU;Guam;0;51440;0;413;0.8028771384136858
2023-06-04;GU;Guam;53;51493;0;413;0.8020507641815392
2023-06-11;GU;Guam;24;51517;0;413;0.8016771162917096
2023-06-18;GU;Guam;32;51549;0;413;0.8011794603193078
2023-06-25;GU;Guam;74;51623;0;413;0.8000309939368112
2023-07-02;GU;Guam;52;51675;0;413;0.799225931301403
2023-07-09;GU;Guam;56;51731;2;415;0.8022269045639945
2023-07-16;GU;Guam;7;51738;0;415;0.8021183656113494
2023-07-23;GU;Guam;31;51769;0;415;0.8016380459348259
2023-07-30;GU;Guam;17;51786;0;415;0.8013748889661299
2023-08-06;GU;Guam;0;51786;0;415;0.8013748889661299
2023-08-13;GU;Guam;42;51828;1;416;0.8026549355560701
2023-08-20;GU;Guam;17;51845;0;416;0.8023917446233967
2023-08-27;GU;Guam;0;51845;0;416;0.8023917446233967
2023-09-03;GU;Guam;88;51933;0;416;0.8010320990506999
2023-09-10;GU;Guam;26;51959;0;416;0.800631266960488
2023-09-17;GU;Guam;0;51959;0;416;0.800631266960488
2023-09-24;GU;Guam;41;52000;0;416;0.8
2023-10-01;GU;Guam;17;52017;0;416;0.7997385470134764
2023-10-08;GU;Guam;15;52032;1;417;0.801429889298893
2023-10-15;GU;Guam;0;52032;0;417;0.801429889298893
2023-10-22;GU;Guam;18;52050;0;417;0.8011527377521613
2023-10-29;GU;Guam;10;52060;0;417;0.8009988474836727
2023-11-05;GU;Guam;15;52075;0;417;0.800768122899664
2023-11-12;GU;Guam;4;52079;0;417;0.8007066187906834
2023-11-19;GU;Guam;102;52181;0;417;0.799141449953048
2023-11-26;GU;Guam;6;52187;0;417;0.7990495717324239
2023-12-03;GU;Guam;0;52187;0;417;0.7990495717324239
2023-12-10;GU;Guam;0;52187;0;417;0.7990495717324239
2023-12-17;GU;Guam;0;52187;0;417;0.7990495717324239
2023-12-24;GU;Guam;60;52247;2;419;0.8019599211437977
2023-12-31;GU;Guam;40;52287;0;419;0.8013464149788667
2024-01-07;GU;Guam;0;52287;0;419;0.8013464149788667
2024-01-14;GU;Guam;0;52287;0;419;0.8013464149788667
2024-01-21;GU;Guam;0;52287;0;419;0.8013464149788667
2020-01-05;GT;Guatemala;0;0;0;0;0.0
2020-01-12;GT;Guatemala;0;0;0;0;0.0
2020-01-19;GT;Guatemala;0;0;0;0;0.0
2020-01-26;GT;Guatemala;0;0;0;0;0.0
2020-02-02;GT;Guatemala;0;0;0;0;0.0
2020-02-09;GT;Guatemala;0;0;0;0;0.0
2020-02-16;GT;Guatemala;0;0;0;0;0.0
2020-02-23;GT;Guatemala;0;0;0;0;0.0
2020-03-01;GT;Guatemala;0;0;0;0;0.0
2020-03-08;GT;Guatemala;0;0;0;0;0.0
2020-03-15;GT;Guatemala;1;1;0;0;0.0
2020-03-22;GT;Guatemala;11;12;1;1;8.333333333333332
2020-03-29;GT;Guatemala;65;77;0;1;1.2987012987012987
2020-04-05;GT;Guatemala;-27;50;0;1;2.0
2020-04-12;GT;Guatemala;87;137;2;3;2.18978102189781
2020-04-19;GT;Guatemala;98;235;4;7;2.9787234042553195
2020-04-26;GT;Guatemala;195;430;6;13;3.0232558139534884
2020-05-03;GT;Guatemala;214;644;5;18;2.7950310559006213
2020-05-10;GT;Guatemala;256;900;6;24;2.666666666666667
2020-05-17;GT;Guatemala;743;1643;6;30;1.8259281801582472
2020-05-24;GT;Guatemala;1100;2743;23;53;1.9321910317170983
2020-05-31;GT;Guatemala;1864;4607;37;90;1.9535489472541783
2020-06-07;GT;Guatemala;1878;6485;126;216;3.3307632999228987
2020-06-14;GT;Guatemala;2497;8982;135;351;3.9078156312625247
2020-06-21;GT;Guatemala;3527;12509;132;483;3.8612199216564074
2020-06-28;GT;Guatemala;3319;15828;189;672;4.245640636846096
2020-07-05;GT;Guatemala;5465;21293;208;880;4.13281360071385
2020-07-12;GT;Guatemala;6326;27619;259;1139;4.123972627539013
2020-07-19;GT;Guatemala;6190;33809;304;1443;4.2680942944186455
2020-07-26;GT;Guatemala;10683;44492;256;1699;3.8186640294884473
2020-08-02;GT;Guatemala;6487;50979;258;1957;3.8388355989721257
2020-08-09;GT;Guatemala;5210;56189;240;2197;3.9100179750484974
2020-08-16;GT;Guatemala;6124;62313;158;2355;3.779307688604304
2020-08-23;GT;Guatemala;5543;67856;225;2580;3.8021692996934684
2020-08-30;GT;Guatemala;5823;73679;148;2728;3.7025475372901373
2020-09-06;GT;Guatemala;3802;77481;117;2845;3.671867941817994
2020-09-13;GT;Guatemala;4177;81658;104;2949;3.6114036591638294
2020-09-20;GT;Guatemala;3494;85152;156;3105;3.6464205186020298
2020-09-27;GT;Guatemala;4550;89702;108;3213;3.5818599362333057
2020-10-04;GT;Guatemala;4046;93748;72;3285;3.5040747535947436
2020-10-11;GT;Guatemala;3796;97544;80;3365;3.4497252521938817
2020-10-18;GT;Guatemala;3484;101028;150;3515;3.4792334798273745
2020-10-25;GT;Guatemala;3604;104632;94;3609;3.4492315926294057
2020-11-01;GT;Guatemala;3307;107939;120;3729;3.4547290599319984
2020-11-08;GT;Guatemala;3111;111050;82;3811;3.4317874831157136
2020-11-15;GT;Guatemala;3669;114719;109;3920;3.4170451276597595
2020-11-22;GT;Guatemala;3698;118417;154;4074;3.4403844042662795
2020-11-29;GT;Guatemala;3381;121798;87;4161;3.416312254716826
2020-12-06;GT;Guatemala;3554;125352;78;4239;3.381677197013211
2020-12-13;GT;Guatemala;3747;129099;166;4405;3.4121100860579867
2020-12-20;GT;Guatemala;3496;132595;219;4624;3.4873109845770958
2020-12-27;GT;Guatemala;2576;135171;139;4763;3.5236848140503514
2021-01-03;GT;Guatemala;3145;138316;64;4827;3.489834870875387
2021-01-10;GT;Guatemala;4811;143127;172;4999;3.4927022853829115
2021-01-17;GT;Guatemala;5471;148598;221;5220;3.5128332817399963
2021-01-24;GT;Guatemala;5292;153890;236;5456;3.5453895639742674
2021-01-31;GT;Guatemala;5228;159118;162;5618;3.5307130557196547
2021-02-07;GT;Guatemala;3819;162937;236;5854;3.5927996710384997
2021-02-14;GT;Guatemala;4134;167071;240;6094;3.6475510411741117
2021-02-21;GT;Guatemala;3860;170931;155;6249;3.655861136949998
2021-02-28;GT;Guatemala;3404;174335;125;6374;3.656179195227579
2021-03-07;GT;Guatemala;4002;178337;93;6467;3.6262805811469296
2021-03-14;GT;Guatemala;4342;182679;96;6563;3.592640642876302
2021-03-21;GT;Guatemala;4980;187659;122;6685;3.5623124923398293
2021-03-28;GT;Guatemala;5391;193050;109;6794;3.519295519295519
2021-04-04;GT;Guatemala;2189;195239;90;6884;3.525934879813972
2021-04-11;GT;Guatemala;7401;202640;117;7001;3.4548953809711804
2021-04-18;GT;Guatemala;9667;212307;189;7190;3.3866052461765275
2021-04-25;GT;Guatemala;9000;221307;205;7395;3.3415120172430153
2021-05-02;GT;Guatemala;7170;228477;148;7543;3.301426401782236
2021-05-09;GT;Guatemala;6406;234883;174;7717;3.2854655296466753
2021-05-16;GT;Guatemala;6234;241117;155;7872;3.2648050531484714
2021-05-23;GT;Guatemala;5989;247106;124;7996;3.2358582956302153
2021-05-30;GT;Guatemala;6731;253837;125;8121;3.199297186777341
2021-06-06;GT;Guatemala;7555;261392;159;8280;3.1676562404358206
2021-06-13;GT;Guatemala;9739;271131;159;8439;3.112517565309758
2021-06-20;GT;Guatemala;8816;279947;206;8645;3.08808453028609
2021-06-27;GT;Guatemala;10905;290852;363;9008;3.0971078074072036
2021-07-04;GT;Guatemala;10337;301189;411;9419;3.1272722443382728
2021-07-11;GT;Guatemala;16122;317311;269;9688;3.0531560519490344
2021-07-18;GT;Guatemala;15815;333126;210;9898;2.9712481163283564
2021-07-25;GT;Guatemala;17690;350816;195;10093;2.877006749977196
2021-08-01;GT;Guatemala;17668;368484;246;10339;2.8058206055079733
2021-08-08;GT;Guatemala;21026;389510;375;10714;2.7506354137249365
2021-08-15;GT;Guatemala;22221;411731;371;11085;2.6922918118868875
2021-08-22;GT;Guatemala;26188;437919;365;11450;2.614638780231047
2021-08-29;GT;Guatemala;25834;463753;368;11818;2.5483393099343834
2021-09-05;GT;Guatemala;23066;486819;385;12203;2.5066811278935295
2021-09-12;GT;Guatemala;22835;509654;462;12665;2.485019248352804
2021-09-19;GT;Guatemala;19768;529422;375;13040;2.4630634918836014
2021-09-26;GT;Guatemala;19182;548604;291;13331;2.429985927918863
2021-10-03;GT;Guatemala;16962;565566;369;13700;2.4223521215914676
2021-10-10;GT;Guatemala;13243;578809;286;13986;2.4163411418965497
2021-10-17;GT;Guatemala;8878;587687;280;14266;2.427482656584202
2021-10-24;GT;Guatemala;5772;593459;349;14615;2.4626806569619806
2021-10-31;GT;Guatemala;7943;601402;405;15020;2.497497514141955
2021-11-07;GT;Guatemala;4013;605415;369;15389;2.5418927512532727
2021-11-14;GT;Guatemala;3721;609136;286;15675;2.573316960416065
2021-11-21;GT;Guatemala;4577;613713;162;15837;2.580522165898392
2021-11-28;GT;Guatemala;3782;617495;80;15917;2.5776726937060217
2021-12-05;GT;Guatemala;1545;619040;55;15972;2.580124063065391
2021-12-12;GT;Guatemala;2804;621844;57;16029;2.577656132406198
2021-12-19;GT;Guatemala;1605;623449;36;16065;2.5767945734133826
2021-12-26;GT;Guatemala;1580;625029;30;16095;2.5750805162640455
2022-01-02;GT;Guatemala;3330;628359;12;16107;2.5633435663370783
2022-01-09;GT;Guatemala;7254;635613;11;16118;2.535819751955986
2022-01-16;GT;Guatemala;13334;648947;42;16160;2.490187950633873
2022-01-23;GT;Guatemala;17070;666017;85;16245;2.439126929192498
2022-01-30;GT;Guatemala;19525;685542;98;16343;2.3839531348918084
2022-02-06;GT;Guatemala;20072;705614;127;16470;2.3341373612201575
2022-02-13;GT;Guatemala;24363;729977;141;16611;2.2755511475019077
2022-02-20;GT;Guatemala;23304;753281;133;16744;2.222809283653776
2022-02-27;GT;Guatemala;20294;773575;195;16939;2.1897036486442816
2022-03-06;GT;Guatemala;15779;789354;106;17045;2.1593606924143036
2022-03-13;GT;Guatemala;13390;802744;94;17139;2.135051772420597
2022-03-20;GT;Guatemala;11367;814111;67;17206;2.1134710131665093
2022-03-27;GT;Guatemala;9034;823145;68;17274;2.098536709814188
2022-04-03;GT;Guatemala;6736;829881;44;17318;2.0868052166515443
2022-04-10;GT;Guatemala;4600;834481;49;17367;2.0811738074324038
2022-04-17;GT;Guatemala;2896;837377;55;17422;2.0805443665159182
2022-04-24;GT;Guatemala;3964;841341;74;17496;2.0795373100799797
2022-05-01;GT;Guatemala;4527;845868;70;17566;2.076683359578563
2022-05-08;GT;Guatemala;2939;848807;117;17683;2.083276881552579
2022-05-15;GT;Guatemala;3070;851877;109;17792;2.0885644289022944
2022-05-22;GT;Guatemala;3925;855802;131;17923;2.094292838764107
2022-05-29;GT;Guatemala;3509;859311;161;18084;2.104476726121276
2022-06-05;GT;Guatemala;4284;863595;112;18196;2.1070061776642985
2022-06-12;GT;Guatemala;6050;869645;74;18270;2.1008572463476476
2022-06-19;GT;Guatemala;8756;878401;101;18371;2.0914138303576615
2022-06-26;GT;Guatemala;14670;893071;98;18469;2.068032664816123
2022-07-03;GT;Guatemala;22250;915321;103;18572;2.0290149575941117
2022-07-10;GT;Guatemala;23979;939300;106;18678;1.988502076014053
2022-07-17;GT;Guatemala;38239;977539;104;18782;1.921355567399357
2022-07-24;GT;Guatemala;26772;1004311;99;18881;1.8799953400888767
2022-07-31;GT;Guatemala;33440;1037751;124;19005;1.8313641711740098
2022-08-07;GT;Guatemala;16376;1054127;91;19096;1.8115464265690946
2022-08-14;GT;Guatemala;16199;1070326;109;19205;1.7943131345029457
2022-08-21;GT;Guatemala;14792;1085118;134;19339;1.7822024885772791
2022-08-28;GT;Guatemala;11412;1096530;112;19451;1.7738684760106882
2022-09-04;GT;Guatemala;8006;1104536;116;19567;1.771513105955804
2022-09-11;GT;Guatemala;6437;1110973;98;19665;1.7700700197034493
2022-09-18;GT;Guatemala;3830;1114803;37;19702;1.7673077664843027
2022-09-25;GT;Guatemala;4474;1119277;46;19748;1.7643532387425096
2022-10-02;GT;Guatemala;5190;1124467;47;19795;1.760389589023066
2022-10-09;GT;Guatemala;4248;1128715;29;19824;1.756333529721852
2022-10-16;GT;Guatemala;3977;1132692;24;19848;1.7522857052049454
2022-10-23;GT;Guatemala;2998;1135690;14;19862;1.748892743618417
2022-10-30;GT;Guatemala;4155;1139845;20;19882;1.744272247542429
2022-11-06;GT;Guatemala;2093;1141938;19;19901;1.7427390979195017
2022-11-13;GT;Guatemala;2833;1144771;15;19916;1.7397365936069311
2022-11-20;GT;Guatemala;2928;1147699;20;19936;1.7370408094805345
2022-11-27;GT;Guatemala;5099;1152798;8;19944;1.730051578854231
2022-12-04;GT;Guatemala;5700;1158498;9;19953;1.7223163095663523
2022-12-11;GT;Guatemala;10137;1168635;8;19961;1.70806111403475
2022-12-18;GT;Guatemala;13657;1182292;16;19977;1.6896841051110894
2022-12-25;GT;Guatemala;13352;1195644;13;19990;1.671902338823262
2023-01-01;GT;Guatemala;7736;1203380;10;20000;1.6619854077681198
2023-01-08;GT;Guatemala;4534;1207914;7;20007;1.6563265265573544
2023-01-15;GT;Guatemala;9525;1217439;38;20045;1.6464890643391579
2023-01-22;GT;Guatemala;4570;1222009;24;20069;1.6422955968409396
2023-01-29;GT;Guatemala;4520;1226529;23;20092;1.6381186258131688
2023-02-05;GT;Guatemala;2644;1229173;28;20120;1.6368729218751144
2023-02-12;GT;Guatemala;2334;1231507;22;20142;1.635557085749411
2023-02-19;GT;Guatemala;2072;1233579;13;20155;1.633863741195335
2023-02-26;GT;Guatemala;1868;1235447;10;20165;1.6322027573825508
2023-03-05;GT;Guatemala;1888;1237335;12;20177;1.6306820707407452
2023-03-12;GT;Guatemala;1254;1238589;5;20182;1.6294347842585395
2023-03-19;GT;Guatemala;1791;1240380;1;20183;1.6271626437059612
2023-03-26;GT;Guatemala;1882;1242262;1;20184;1.6247780258914786
2023-04-02;GT;Guatemala;2550;1244812;3;20187;1.6216906649357494
2023-04-09;GT;Guatemala;0;1244812;0;20187;1.6216906649357494
2023-04-16;GT;Guatemala;1918;1246730;2;20189;1.6193562359131486
2023-04-23;GT;Guatemala;691;1247421;0;20189;1.6184592050318216
2023-04-30;GT;Guatemala;750;1248171;0;20189;1.6174867065490226
2023-05-07;GT;Guatemala;652;1248823;7;20196;1.617202758117043
2023-05-14;GT;Guatemala;1445;1250268;3;20199;1.6155736210156542
2023-05-21;GT;Guatemala;0;1250268;0;20199;1.6155736210156542
2023-05-28;GT;Guatemala;2;1250270;0;20199;1.6155710366560823
2023-06-04;GT;Guatemala;2;1250272;0;20199;1.6155684523047786
2023-06-11;GT;Guatemala;3;1250275;0;20199;1.6155645757933255
2023-06-18;GT;Guatemala;1;1250276;0;20199;1.615563283626975
2023-06-25;GT;Guatemala;0;1250276;0;20199;1.615563283626975
2023-07-02;GT;Guatemala;2;1250278;1;20200;1.6156406815124318
2023-07-09;GT;Guatemala;2;1250280;0;20200;1.6156380970662572
2023-07-16;GT;Guatemala;3;1250283;0;20200;1.6156342204124985
2023-07-23;GT;Guatemala;3;1250286;0;20200;1.6156303437773436
2023-07-30;GT;Guatemala;2;1250288;0;20200;1.6156277593642423
2023-08-06;GT;Guatemala;3;1250291;1;20201;1.6157038641404282
2023-08-13;GT;Guatemala;1;1250292;0;20201;1.615702571879209
2023-08-20;GT;Guatemala;4;1250296;0;20201;1.6156974028550037
2023-08-27;GT;Guatemala;1;1250297;0;20201;1.6156961106041206
2023-09-03;GT;Guatemala;2;1250299;0;20201;1.615693526108555
2023-09-10;GT;Guatemala;1;1250300;0;20201;1.6156922338638726
2023-09-17;GT;Guatemala;0;1250300;0;20201;1.6156922338638726
2023-09-24;GT;Guatemala;1;1250301;0;20201;1.6156909416212575
2023-10-01;GT;Guatemala;0;1250301;0;20201;1.6156909416212575
2023-10-08;GT;Guatemala;0;1250301;0;20201;1.6156909416212575
2023-10-15;GT;Guatemala;0;1250301;0;20201;1.6156909416212575
2023-10-22;GT;Guatemala;0;1250301;0;20201;1.6156909416212575
2023-10-29;GT;Guatemala;0;1250301;0;20201;1.6156909416212575
2023-11-05;GT;Guatemala;0;1250301;0;20201;1.6156909416212575
2023-11-12;GT;Guatemala;1;1250302;0;20201;1.6156896493807096
2023-11-19;GT;Guatemala;0;1250302;0;20201;1.6156896493807096
2023-11-26;GT;Guatemala;0;1250302;0;20201;1.6156896493807096
2023-12-03;GT;Guatemala;2;1250304;0;20201;1.6156870649058148
2023-12-10;GT;Guatemala;0;1250304;0;20201;1.6156870649058148
2023-12-17;GT;Guatemala;0;1250304;0;20201;1.6156870649058148
2023-12-24;GT;Guatemala;0;1250304;0;20201;1.6156870649058148
2023-12-31;GT;Guatemala;1;1250305;0;20201;1.6156857726714682
2024-01-07;GT;Guatemala;1;1250306;0;20201;1.6156844804391886
2024-01-14;GT;Guatemala;2;1250308;0;20201;1.6156818959808301
2024-01-21;GT;Guatemala;0;1250308;0;20201;1.6156818959808301
2020-01-05;GG;Guernsey;0;0;0;0;0.0
2020-01-12;GG;Guernsey;0;0;0;0;0.0
2020-01-19;GG;Guernsey;0;0;0;0;0.0
2020-01-26;GG;Guernsey;0;0;0;0;0.0
2020-02-02;GG;Guernsey;0;0;0;0;0.0
2020-02-09;GG;Guernsey;0;0;0;0;0.0
2020-02-16;GG;Guernsey;0;0;0;0;0.0
2020-02-23;GG;Guernsey;0;0;0;0;0.0
2020-03-01;GG;Guernsey;0;0;0;0;0.0
2020-03-08;GG;Guernsey;1;1;0;0;0.0
2020-03-15;GG;Guernsey;0;1;0;0;0.0
2020-03-22;GG;Guernsey;22;23;0;0;0.0
2020-03-29;GG;Guernsey;23;46;0;0;0.0
2020-04-05;GG;Guernsey;81;127;4;4;3.149606299212598
2020-04-12;GG;Guernsey;82;209;5;9;4.30622009569378
2020-04-19;GG;Guernsey;30;239;4;13;5.439330543933055
2020-04-26;GG;Guernsey;6;245;3;16;6.530612244897959
2020-05-03;GG;Guernsey;7;252;0;16;6.349206349206349
2020-05-10;GG;Guernsey;0;252;0;16;6.349206349206349
2020-05-17;GG;Guernsey;0;252;0;16;6.349206349206349
2020-05-24;GG;Guernsey;0;252;0;16;6.349206349206349
2020-05-31;GG;Guernsey;0;252;0;16;6.349206349206349
2020-06-07;GG;Guernsey;0;252;0;16;6.349206349206349
2020-06-14;GG;Guernsey;0;252;0;16;6.349206349206349
2020-06-21;GG;Guernsey;0;252;0;16;6.349206349206349
2020-06-28;GG;Guernsey;0;252;0;16;6.349206349206349
2020-07-05;GG;Guernsey;0;252;0;16;6.349206349206349
2020-07-12;GG;Guernsey;0;252;0;16;6.349206349206349
2020-07-19;GG;Guernsey;0;252;0;16;6.349206349206349
2020-07-26;GG;Guernsey;0;252;0;16;6.349206349206349
2020-08-02;GG;Guernsey;0;252;0;16;6.349206349206349
2020-08-09;GG;Guernsey;0;252;0;16;6.349206349206349
2020-08-16;GG;Guernsey;0;252;0;16;6.349206349206349
2020-08-23;GG;Guernsey;0;252;0;16;6.349206349206349
2020-08-30;GG;Guernsey;0;252;0;16;6.349206349206349
2020-09-06;GG;Guernsey;1;253;0;16;6.324110671936759
2020-09-13;GG;Guernsey;1;254;0;16;6.299212598425196
2020-09-20;GG;Guernsey;1;255;0;16;6.2745098039215685
2020-09-27;GG;Guernsey;2;257;0;16;6.22568093385214
2020-10-04;GG;Guernsey;0;257;0;16;6.22568093385214
2020-10-11;GG;Guernsey;1;258;0;16;6.2015503875969
2020-10-18;GG;Guernsey;0;258;0;16;6.2015503875969
2020-10-25;GG;Guernsey;7;265;0;16;6.037735849056604
2020-11-01;GG;Guernsey;3;268;0;16;5.970149253731343
2020-11-08;GG;Guernsey;11;279;0;16;5.734767025089606
2020-11-15;GG;Guernsey;3;282;0;16;5.673758865248227
2020-11-22;GG;Guernsey;1;283;0;16;5.6537102473498235
2020-11-29;GG;Guernsey;3;286;0;16;5.594405594405594
2020-12-06;GG;Guernsey;2;288;0;16;5.555555555555555
2020-12-13;GG;Guernsey;1;289;0;16;5.536332179930796
2020-12-20;GG;Guernsey;3;292;0;16;5.47945205479452
2020-12-27;GG;Guernsey;5;297;0;16;5.387205387205387
2021-01-03;GG;Guernsey;2;299;0;16;5.351170568561873
2021-01-10;GG;Guernsey;5;304;0;16;5.263157894736842
2021-01-17;GG;Guernsey;5;309;0;16;5.177993527508091
2021-01-24;GG;Guernsey;5;314;0;16;5.095541401273886
2021-01-31;GG;Guernsey;179;493;0;16;3.2454361054766734
2021-02-07;GG;Guernsey;218;711;0;16;2.250351617440225
2021-02-14;GG;Guernsey;78;789;1;17;2.1546261089987326
2021-02-21;GG;Guernsey;23;812;0;17;2.0935960591133003
2021-02-28;GG;Guernsey;9;821;0;17;2.0706455542021924
2021-03-07;GG;Guernsey;0;821;0;17;2.0706455542021924
2021-03-14;GG;Guernsey;0;821;0;17;2.0706455542021924
2021-03-21;GG;Guernsey;0;821;0;17;2.0706455542021924
2021-03-28;GG;Guernsey;0;821;0;17;2.0706455542021924
2021-04-04;GG;Guernsey;0;821;0;17;2.0706455542021924
2021-04-11;GG;Guernsey;0;821;0;17;2.0706455542021924
2021-04-18;GG;Guernsey;1;822;0;17;2.068126520681265
2021-04-25;GG;Guernsey;0;822;0;17;2.068126520681265
2021-05-02;GG;Guernsey;0;822;0;17;2.068126520681265
2021-05-09;GG;Guernsey;0;822;0;17;2.068126520681265
2021-05-16;GG;Guernsey;0;822;0;17;2.068126520681265
2021-05-23;GG;Guernsey;0;822;0;17;2.068126520681265
2021-05-30;GG;Guernsey;0;822;0;17;2.068126520681265
2021-06-06;GG;Guernsey;1;823;0;17;2.0656136087484813
2021-06-13;GG;Guernsey;0;823;0;17;2.0656136087484813
2021-06-20;GG;Guernsey;3;826;0;17;2.0581113801452786
2021-06-27;GG;Guernsey;8;834;0;17;2.038369304556355
2021-07-04;GG;Guernsey;13;847;0;17;2.0070838252656436
2021-07-11;GG;Guernsey;8;855;0;17;1.9883040935672516
2021-07-18;GG;Guernsey;27;882;0;17;1.9274376417233559
2021-07-25;GG;Guernsey;43;925;0;17;1.8378378378378377
2021-08-01;GG;Guernsey;29;954;0;17;1.781970649895178
2021-08-08;GG;Guernsey;46;1000;1;18;1.7999999999999998
2021-08-15;GG;Guernsey;71;1071;0;18;1.680672268907563
2021-08-22;GG;Guernsey;90;1161;0;18;1.550387596899225
2021-08-29;GG;Guernsey;89;1250;0;18;1.44
2021-09-05;GG;Guernsey;93;1343;0;18;1.340282948622487
2021-09-12;GG;Guernsey;86;1429;0;18;1.2596221133659902
2021-09-19;GG;Guernsey;80;1509;3;21;1.3916500994035785
2021-09-26;GG;Guernsey;53;1562;0;21;1.3444302176696543
2021-10-03;GG;Guernsey;69;1631;0;21;1.2875536480686696
2021-10-10;GG;Guernsey;59;1690;0;21;1.242603550295858
2021-10-17;GG;Guernsey;145;1835;0;21;1.1444141689373297
2021-10-24;GG;Guernsey;166;2001;1;22;1.0994502748625687
2021-10-31;GG;Guernsey;133;2134;1;23;1.0777881911902532
2021-11-07;GG;Guernsey;203;2337;0;23;0.9841677364142062
2021-11-14;GG;Guernsey;341;2678;0;23;0.8588498879761016
2021-11-21;GG;Guernsey;423;3101;0;23;0.7416962270235408
2021-11-28;GG;Guernsey;646;3747;0;23;0.6138243928476115
2021-12-05;GG;Guernsey;777;4524;0;23;0.5083996463306808
2021-12-12;GG;Guernsey;560;5084;0;23;0.45239968528717545
2021-12-19;GG;Guernsey;578;5662;0;23;0.40621688449311194
2021-12-26;GG;Guernsey;984;6646;0;23;0.34607282575985554
2022-01-02;GG;Guernsey;1683;8329;1;24;0.28814983791571613
2022-01-09;GG;Guernsey;1363;9692;4;28;0.2888980602558811
2022-01-16;GG;Guernsey;679;10371;2;30;0.2892681515765114
2022-01-23;GG;Guernsey;318;10689;0;30;0.280662363177098
2022-01-30;GG;Guernsey;447;11136;0;30;0.26939655172413796
2022-02-06;GG;Guernsey;641;11777;1;31;0.2632249299482041
2022-02-13;GG;Guernsey;757;12534;0;31;0.2473272698260731
2022-02-20;GG;Guernsey;686;13220;3;34;0.25718608169440244
2022-02-27;GG;Guernsey;508;13728;1;35;0.25495337995337997
2022-03-06;GG;Guernsey;931;14659;0;35;0.23876117061191077
2022-03-13;GG;Guernsey;1196;15855;0;35;0.22075055187637968
2022-03-20;GG;Guernsey;2077;17932;1;36;0.20075842070042382
2022-03-27;GG;Guernsey;2936;20868;0;36;0.17251293847038526
2022-04-03;GG;Guernsey;1389;22257;0;36;0.16174686615446826
2022-04-10;GG;Guernsey;767;23024;3;39;0.16938846421125783
2022-04-17;GG;Guernsey;660;23684;0;39;0.16466813038338118
2022-04-24;GG;Guernsey;517;24201;0;39;0.1611503656873683
2022-05-01;GG;Guernsey;372;24573;0;39;0.15871078012452694
2022-05-08;GG;Guernsey;259;24832;2;41;0.16510953608247422
2022-05-15;GG;Guernsey;283;25115;1;42;0.16723073860242882
2022-05-22;GG;Guernsey;258;25373;1;43;0.16947148543727586
2022-05-29;GG;Guernsey;251;25624;0;43;0.16781142678738684
2022-06-05;GG;Guernsey;124;25748;0;43;0.1670032623893118
2022-06-12;GG;Guernsey;171;25919;0;43;0.1659014622477719
2022-06-19;GG;Guernsey;257;26176;0;43;0.16427261613691932
2022-06-26;GG;Guernsey;365;26541;0;43;0.16201348856486192
2022-07-03;GG;Guernsey;560;27101;1;44;0.16235563263348216
2022-07-10;GG;Guernsey;997;28098;1;45;0.1601537475976938
2022-07-17;GG;Guernsey;947;29045;1;46;0.15837493544499914
2022-07-24;GG;Guernsey;556;29601;4;50;0.16891321239147325
2022-07-31;GG;Guernsey;323;29924;0;50;0.16708996123512898
2022-08-07;GG;Guernsey;274;30198;3;53;0.17550831180872906
2022-08-14;GG;Guernsey;167;30365;2;55;0.18112958998847356
2022-08-21;GG;Guernsey;154;30519;0;55;0.18021560339460663
2022-08-28;GG;Guernsey;132;30651;0;55;0.17943949626439595
2022-09-04;GG;Guernsey;116;30767;0;55;0.1787629603146228
2022-09-11;GG;Guernsey;116;30883;0;55;0.1780915066541463
2022-09-18;GG;Guernsey;109;30992;0;55;0.17746515229736706
2022-09-25;GG;Guernsey;107;31099;0;55;0.17685456123991125
2022-10-02;GG;Guernsey;210;31309;1;56;0.1788623079625667
2022-10-09;GG;Guernsey;236;31545;0;56;0.17752417181803773
2022-10-16;GG;Guernsey;291;31836;0;56;0.1759014951627089
2022-10-23;GG;Guernsey;282;32118;0;56;0.17435705834734416
2022-10-30;GG;Guernsey;206;32324;1;57;0.17633956193540404
2022-11-06;GG;Guernsey;142;32466;0;57;0.17556828682313808
2022-11-13;GG;Guernsey;96;32562;1;58;0.17812173699404213
2022-11-20;GG;Guernsey;104;32666;0;58;0.17755464397232595
2022-11-27;GG;Guernsey;100;32766;0;58;0.17701275712628944
2022-12-04;GG;Guernsey;134;32900;0;58;0.1762917933130699
2022-12-11;GG;Guernsey;180;33080;1;59;0.17835550181378476
2022-12-18;GG;Guernsey;369;33449;0;59;0.17638793386947293
2022-12-25;GG;Guernsey;345;33794;1;60;0.17754630999585727
2023-01-01;GG;Guernsey;323;34117;1;61;0.1787964944162734
2023-01-08;GG;Guernsey;280;34397;1;62;0.1802482774660581
2023-01-15;GG;Guernsey;167;34564;0;62;0.1793773868765189
2023-01-22;GG;Guernsey;108;34672;4;66;0.1903553299492386
2023-01-29;GG;Guernsey;43;34715;0;66;0.19011954486533197
2023-02-05;GG;Guernsey;54;34769;0;66;0.18982426874514655
2023-02-12;GG;Guernsey;45;34814;0;66;0.18957890503820302
2023-02-19;GG;Guernsey;53;34867;0;66;0.1892907333581897
2023-02-26;GG;Guernsey;62;34929;0;66;0.1889547367516963
2023-03-05;GG;Guernsey;62;34991;0;66;0.1886199308393587
2023-03-12;GG;Guernsey;67;35058;0;66;0.1882594557590279
2023-03-19;GG;Guernsey;81;35139;1;67;0.19067133384558468
2023-03-26;GG;Guernsey;96;35235;0;67;0.1901518376614162
2023-04-02;GG;Guernsey;0;35235;0;67;0.1901518376614162
2023-04-09;GG;Guernsey;0;35235;0;67;0.1901518376614162
2023-04-16;GG;Guernsey;91;35326;0;67;0.18966200532185926
2023-04-23;GG;Guernsey;0;35326;0;67;0.18966200532185926
2023-04-30;GG;Guernsey;0;35326;0;67;0.18966200532185926
2023-05-07;GG;Guernsey;0;35326;0;67;0.18966200532185926
2023-05-14;GG;Guernsey;0;35326;0;67;0.18966200532185926
2023-05-21;GG;Guernsey;0;35326;0;67;0.18966200532185926
2023-05-28;GG;Guernsey;0;35326;0;67;0.18966200532185926
2023-06-04;GG;Guernsey;0;35326;0;67;0.18966200532185926
2023-06-11;GG;Guernsey;0;35326;0;67;0.18966200532185926
2023-06-18;GG;Guernsey;0;35326;0;67;0.18966200532185926
2023-06-25;GG;Guernsey;0;35326;0;67;0.18966200532185926
2023-07-02;GG;Guernsey;0;35326;0;67;0.18966200532185926
2023-07-09;GG;Guernsey;0;35326;0;67;0.18966200532185926
2023-07-16;GG;Guernsey;0;35326;0;67;0.18966200532185926
2023-07-23;GG;Guernsey;0;35326;0;67;0.18966200532185926
2023-07-30;GG;Guernsey;0;35326;0;67;0.18966200532185926
2023-08-06;GG;Guernsey;0;35326;0;67;0.18966200532185926
2023-08-13;GG;Guernsey;0;35326;0;67;0.18966200532185926
2023-08-20;GG;Guernsey;0;35326;0;67;0.18966200532185926
2023-08-27;GG;Guernsey;0;35326;0;67;0.18966200532185926
2023-09-03;GG;Guernsey;0;35326;0;67;0.18966200532185926
2023-09-10;GG;Guernsey;0;35326;0;67;0.18966200532185926
2023-09-17;GG;Guernsey;0;35326;0;67;0.18966200532185926
2023-09-24;GG;Guernsey;0;35326;0;67;0.18966200532185926
2023-10-01;GG;Guernsey;0;35326;0;67;0.18966200532185926
2023-10-08;GG;Guernsey;0;35326;0;67;0.18966200532185926
2023-10-15;GG;Guernsey;0;35326;0;67;0.18966200532185926
2023-10-22;GG;Guernsey;0;35326;0;67;0.18966200532185926
2023-10-29;GG;Guernsey;0;35326;0;67;0.18966200532185926
2023-11-05;GG;Guernsey;0;35326;0;67;0.18966200532185926
2023-11-12;GG;Guernsey;0;35326;0;67;0.18966200532185926
2023-11-19;GG;Guernsey;0;35326;0;67;0.18966200532185926
2023-11-26;GG;Guernsey;0;35326;0;67;0.18966200532185926
2023-12-03;GG;Guernsey;0;35326;0;67;0.18966200532185926
2023-12-10;GG;Guernsey;0;35326;0;67;0.18966200532185926
2023-12-17;GG;Guernsey;0;35326;0;67;0.18966200532185926
2023-12-24;GG;Guernsey;0;35326;0;67;0.18966200532185926
2023-12-31;GG;Guernsey;0;35326;0;67;0.18966200532185926
2024-01-07;GG;Guernsey;0;35326;0;67;0.18966200532185926
2024-01-14;GG;Guernsey;0;35326;0;67;0.18966200532185926
2024-01-21;GG;Guernsey;0;35326;0;67;0.18966200532185926
2020-01-05;GN;Guinea;0;0;0;0;0.0
2020-01-12;GN;Guinea;0;0;0;0;0.0
2020-01-19;GN;Guinea;0;0;0;0;0.0
2020-01-26;GN;Guinea;0;0;0;0;0.0
2020-02-02;GN;Guinea;0;0;0;0;0.0
2020-02-09;GN;Guinea;0;0;0;0;0.0
2020-02-16;GN;Guinea;0;0;0;0;0.0
2020-02-23;GN;Guinea;0;0;0;0;0.0
2020-03-01;GN;Guinea;0;0;0;0;0.0
2020-03-08;GN;Guinea;0;0;0;0;0.0
2020-03-15;GN;Guinea;1;1;0;0;0.0
2020-03-22;GN;Guinea;3;4;0;0;0.0
2020-03-29;GN;Guinea;5;9;0;0;0.0
2020-04-05;GN;Guinea;112;121;0;0;0.0
2020-04-12;GN;Guinea;129;250;0;0;0.0
2020-04-19;GN;Guinea;227;477;4;4;0.8385744234800839
2020-04-26;GN;Guinea;617;1094;4;8;0.7312614259597806
2020-05-03;GN;Guinea;492;1586;0;8;0.5044136191677175
2020-05-10;GN;Guinea;456;2042;4;12;0.5876591576885406
2020-05-17;GN;Guinea;621;2663;4;16;0.6008261359369133
2020-05-24;GN;Guinea;513;3176;4;20;0.6297229219143577
2020-05-31;GN;Guinea;530;3706;3;23;0.62061521856449
2020-06-07;GN;Guinea;411;4117;0;23;0.5586592178770949
2020-06-14;GN;Guinea;367;4484;2;25;0.5575379125780553
2020-06-21;GN;Guinea;476;4960;2;27;0.5443548387096774
2020-06-28;GN;Guinea;331;5291;3;30;0.567000567000567
2020-07-05;GN;Guinea;279;5570;4;34;0.6104129263913823
2020-07-12;GN;Guinea;571;6141;3;37;0.6025077348965967
2020-07-19;GN;Guinea;350;6491;2;39;0.6008319211215529
2020-07-26;GN;Guinea;436;6927;3;42;0.606323083585968
2020-08-02;GN;Guinea;381;7308;4;46;0.629447181171319
2020-08-09;GN;Guinea;567;7875;4;50;0.6349206349206349
2020-08-16;GN;Guinea;468;8343;0;50;0.5993048064245475
2020-08-23;GN;Guinea;624;8967;3;53;0.5910560945689751
2020-08-30;GN;Guinea;284;9251;6;59;0.637768889849746
2020-09-06;GN;Guinea;471;9722;2;61;0.6274429129808681
2020-09-13;GN;Guinea;298;10020;2;63;0.6287425149700598
2020-09-20;GN;Guinea;266;10286;0;63;0.612482986583706
2020-09-27;GN;Guinea;262;10548;3;66;0.6257110352673493
2020-10-04;GN;Guinea;206;10754;0;66;0.6137251255346847
2020-10-11;GN;Guinea;268;11022;3;69;0.6260206859009254
2020-10-18;GN;Guinea;456;11478;1;70;0.6098623453563339
2020-10-25;GN;Guinea;191;11669;1;71;0.6084497386237039
2020-11-01;GN;Guinea;403;12072;1;72;0.5964214711729622
2020-11-08;GN;Guinea;342;12414;2;74;0.5961011760915096
2020-11-15;GN;Guinea;197;12611;1;75;0.5947188962017286
2020-11-22;GN;Guinea;215;12826;0;75;0.584749727116794
2020-11-29;GN;Guinea;213;13039;1;76;0.5828667842625969
2020-12-06;GN;Guinea;194;13233;0;76;0.5743217713292526
2020-12-13;GN;Guinea;187;13420;3;79;0.5886736214605067
2020-12-20;GN;Guinea;125;13545;1;80;0.5906238464377999
2020-12-27;GN;Guinea;129;13674;0;80;0.585051923358198
2021-01-03;GN;Guinea;110;13784;1;81;0.5876378409750436
2021-01-10;GN;Guinea;158;13942;0;81;0.5809783388323052
2021-01-17;GN;Guinea;172;14114;0;81;0.5738982570497378
2021-01-24;GN;Guinea;205;14319;0;81;0.5656819610307983
2021-01-31;GN;Guinea;213;14532;1;82;0.5642719515551885
2021-02-07;GN;Guinea;155;14687;2;84;0.5719343637230203
2021-02-14;GN;Guinea;259;14946;0;84;0.5620232838217584
2021-02-21;GN;Guinea;449;15395;2;86;0.5586229295225723
2021-02-28;GN;Guinea;597;15992;3;89;0.556528264132066
2021-03-07;GN;Guinea;833;16825;2;91;0.5408618127786033
2021-03-14;GN;Guinea;767;17592;9;100;0.5684402000909504
2021-03-21;GN;Guinea;1125;18717;10;110;0.5877010204626809
2021-03-28;GN;Guinea;953;19670;10;120;0.6100660904931368
2021-04-04;GN;Guinea;735;20405;10;130;0.6370987503062975
2021-04-11;GN;Guinea;544;20949;4;134;0.6396486705809347
2021-04-18;GN;Guinea;511;21460;4;138;0.6430568499534017
2021-04-25;GN;Guinea;493;21953;2;140;0.6377260511091878
2021-05-02;GN;Guinea;351;22304;5;145;0.6501076040172167
2021-05-09;GN;Guinea;329;22633;5;150;0.6627490831971016
2021-05-16;GN;Guinea;113;22746;1;151;0.6638529851402444
2021-05-23;GN;Guinea;242;22988;7;158;0.6873151209326606
2021-05-30;GN;Guinea;184;23172;3;161;0.6948040738822717
2021-06-06;GN;Guinea;83;23255;1;162;0.6966243818533648
2021-06-13;GN;Guinea;134;23389;5;167;0.7140108598058916
2021-06-20;GN;Guinea;61;23450;0;167;0.7121535181236675
2021-06-27;GN;Guinea;242;23692;1;168;0.7091001181833531
2021-07-04;GN;Guinea;179;23871;5;173;0.7247287503665535
2021-07-11;GN;Guinea;263;24134;6;179;0.7416922184470042
2021-07-18;GN;Guinea;577;24711;11;190;0.7688883493181174
2021-07-25;GN;Guinea;282;24993;8;198;0.7922218221101909
2021-08-01;GN;Guinea;921;25914;34;232;0.8952689665817705
2021-08-08;GN;Guinea;1055;26969;28;260;0.9640698579850939
2021-08-15;GN;Guinea;1149;28118;32;292;1.0384806885269222
2021-08-22;GN;Guinea;684;28802;22;314;1.090202069300743
2021-08-29;GN;Guinea;598;29400;21;335;1.1394557823129252
2021-09-05;GN;Guinea;464;29864;20;355;1.188722207339941
2021-09-12;GN;Guinea;183;30047;13;368;1.2247478949645556
2021-09-19;GN;Guinea;89;30136;2;370;1.2277674542075923
2021-09-26;GN;Guinea;228;30364;8;378;1.244895270715321
2021-10-03;GN;Guinea;81;30445;3;381;1.251437017572672
2021-10-10;GN;Guinea;34;30479;2;383;1.2566029069195184
2021-10-17;GN;Guinea;93;30572;2;385;1.2593222556587726
2021-10-24;GN;Guinea;54;30626;0;385;1.257101808920525
2021-10-31;GN;Guinea;27;30653;0;385;1.255994519296643
2021-11-07;GN;Guinea;28;30681;0;385;1.2548482774355465
2021-11-14;GN;Guinea;34;30715;2;387;1.259970698355852
2021-11-21;GN;Guinea;0;30715;0;387;1.259970698355852
2021-11-28;GN;Guinea;48;30763;0;387;1.258004745961057
2021-12-05;GN;Guinea;35;30798;1;388;1.2598220663679458
2021-12-12;GN;Guinea;15;30813;0;388;1.2592087755168273
2021-12-19;GN;Guinea;1;30814;0;388;1.259167910689946
2021-12-26;GN;Guinea;316;31130;1;389;1.2495984580790236
2022-01-02;GN;Guinea;1737;32867;2;391;1.1896431070678797
2022-01-09;GN;Guinea;1806;34673;9;400;1.1536353935338737
2022-01-16;GN;Guinea;929;35602;8;408;1.1460030335374416
2022-01-23;GN;Guinea;306;35908;8;416;1.1585162080873341
2022-01-30;GN;Guinea;105;36013;0;416;1.1551384222364145
2022-02-06;GN;Guinea;257;36270;16;432;1.1910669975186103
2022-02-13;GN;Guinea;59;36329;4;436;1.2001431363373614
2022-02-20;GN;Guinea;25;36354;2;438;1.2048192771084338
2022-02-27;GN;Guinea;39;36393;2;440;1.2090237133514687
2022-03-06;GN;Guinea;4;36397;0;440;1.208890842651867
2022-03-13;GN;Guinea;30;36427;0;440;1.2078952425398743
2022-03-20;GN;Guinea;28;36455;0;440;1.2069674941708957
2022-03-27;GN;Guinea;4;36459;0;440;1.2068350750157713
2022-04-03;GN;Guinea;43;36502;0;440;1.2054134020053695
2022-04-10;GN;Guinea;0;36502;0;440;1.2054134020053695
2022-04-17;GN;Guinea;38;36540;1;441;1.206896551724138
2022-04-24;GN;Guinea;9;36549;1;442;1.2093354127335905
2022-05-01;GN;Guinea;0;36549;0;442;1.2093354127335905
2022-05-08;GN;Guinea;48;36597;0;442;1.2077492690657703
2022-05-15;GN;Guinea;64;36661;0;442;1.205640871771092
2022-05-22;GN;Guinea;38;36699;0;442;1.20439249025859
2022-05-29;GN;Guinea;65;36764;0;442;1.2022630834512023
2022-06-05;GN;Guinea;53;36817;0;442;1.2005323627672
2022-06-12;GN;Guinea;56;36873;0;442;1.19870908252651
2022-06-19;GN;Guinea;151;37024;0;442;1.193820224719101
2022-06-26;GN;Guinea;99;37123;1;443;1.1933302804191472
2022-07-03;GN;Guinea;150;37273;0;443;1.1885278888203257
2022-07-10;GN;Guinea;78;37351;2;445;1.1914004979786352
2022-07-17;GN;Guinea;18;37369;0;445;1.1908266209960128
2022-07-24;GN;Guinea;39;37408;0;445;1.189585115483319
2022-07-31;GN;Guinea;21;37429;0;445;1.1889176841486548
2022-08-07;GN;Guinea;41;37470;2;447;1.1929543634907926
2022-08-14;GN;Guinea;0;37470;0;447;1.1929543634907926
2022-08-21;GN;Guinea;0;37470;0;447;1.1929543634907926
2022-08-28;GN;Guinea;97;37567;1;448;1.1925360023424814
2022-09-04;GN;Guinea;85;37652;1;449;1.1924997344098587
2022-09-11;GN;Guinea;78;37730;0;449;1.1900344553405777
2022-09-18;GN;Guinea;99;37829;1;450;1.189563562346348
2022-09-25;GN;Guinea;80;37909;3;453;1.1949668944050225
2022-10-02;GN;Guinea;41;37950;2;455;1.1989459815546772
2022-10-09;GN;Guinea;49;37999;1;456;1.2000315797784151
2022-10-16;GN;Guinea;48;38047;0;456;1.1985176229400478
2022-10-23;GN;Guinea;43;38090;2;458;1.2024153321081648
2022-10-30;GN;Guinea;32;38122;0;458;1.201406012276376
2022-11-06;GN;Guinea;0;38122;0;458;1.201406012276376
2022-11-13;GN;Guinea;31;38153;6;464;1.2161560034597543
2022-11-20;GN;Guinea;9;38162;1;465;1.2184895969812903
2022-11-27;GN;Guinea;14;38176;0;465;1.2180427493713328
2022-12-04;GN;Guinea;15;38191;0;465;1.2175643476211673
2022-12-11;GN;Guinea;10;38201;0;465;1.2172456218423602
2022-12-18;GN;Guinea;9;38210;1;466;1.2195760272180058
2022-12-25;GN;Guinea;1;38211;0;466;1.2195441103347204
2023-01-01;GN;Guinea;13;38224;1;467;1.2217455002092925
2023-01-08;GN;Guinea;1;38225;0;467;1.2217135382603008
2023-01-15;GN;Guinea;15;38240;0;467;1.2212343096234308
2023-01-22;GN;Guinea;10;38250;0;467;1.2209150326797387
2023-01-29;GN;Guinea;5;38255;0;467;1.2207554568030323
2023-02-05;GN;Guinea;12;38267;0;467;1.2203726448375884
2023-02-12;GN;Guinea;0;38267;0;467;1.2203726448375884
2023-02-19;GN;Guinea;13;38280;0;467;1.2199582027168234
2023-02-26;GN;Guinea;0;38280;0;467;1.2199582027168234
2023-03-05;GN;Guinea;0;38280;0;467;1.2199582027168234
2023-03-12;GN;Guinea;0;38280;0;467;1.2199582027168234
2023-03-19;GN;Guinea;102;38382;0;467;1.2167161690375696
2023-03-26;GN;Guinea;18;38400;0;467;1.2161458333333333
2023-04-02;GN;Guinea;30;38430;0;467;1.2151964610981005
2023-04-09;GN;Guinea;32;38462;0;467;1.2141854297748427
2023-04-16;GN;Guinea;57;38519;1;468;1.2149848126898413
2023-04-23;GN;Guinea;28;38547;0;468;1.2141022647676862
2023-04-30;GN;Guinea;16;38563;0;468;1.2135985270855485
2023-05-07;GN;Guinea;0;38563;0;468;1.2135985270855485
2023-05-14;GN;Guinea;0;38563;0;468;1.2135985270855485
2023-05-21;GN;Guinea;0;38563;0;468;1.2135985270855485
2023-05-28;GN;Guinea;0;38563;0;468;1.2135985270855485
2023-06-04;GN;Guinea;0;38563;0;468;1.2135985270855485
2023-06-11;GN;Guinea;0;38563;0;468;1.2135985270855485
2023-06-18;GN;Guinea;0;38563;0;468;1.2135985270855485
2023-06-25;GN;Guinea;0;38563;0;468;1.2135985270855485
2023-07-02;GN;Guinea;0;38563;0;468;1.2135985270855485
2023-07-09;GN;Guinea;0;38563;0;468;1.2135985270855485
2023-07-16;GN;Guinea;0;38563;0;468;1.2135985270855485
2023-07-23;GN;Guinea;0;38563;0;468;1.2135985270855485
2023-07-30;GN;Guinea;0;38563;0;468;1.2135985270855485
2023-08-06;GN;Guinea;0;38563;0;468;1.2135985270855485
2023-08-13;GN;Guinea;0;38563;0;468;1.2135985270855485
2023-08-20;GN;Guinea;0;38563;0;468;1.2135985270855485
2023-08-27;GN;Guinea;0;38563;0;468;1.2135985270855485
2023-09-03;GN;Guinea;0;38563;0;468;1.2135985270855485
2023-09-10;GN;Guinea;0;38563;0;468;1.2135985270855485
2023-09-17;GN;Guinea;0;38563;0;468;1.2135985270855485
2023-09-24;GN;Guinea;0;38563;0;468;1.2135985270855485
2023-10-01;GN;Guinea;0;38563;0;468;1.2135985270855485
2023-10-08;GN;Guinea;0;38563;0;468;1.2135985270855485
2023-10-15;GN;Guinea;3;38566;0;468;1.2135041228024686
2023-10-22;GN;Guinea;1;38567;0;468;1.2134726579718413
2023-10-29;GN;Guinea;1;38568;0;468;1.2134411947728687
2023-11-05;GN;Guinea;4;38572;0;468;1.2133153582909884
2023-11-12;GN;Guinea;0;38572;0;468;1.2133153582909884
2023-11-19;GN;Guinea;0;38572;0;468;1.2133153582909884
2023-11-26;GN;Guinea;0;38572;0;468;1.2133153582909884
2023-12-03;GN;Guinea;0;38572;0;468;1.2133153582909884
2023-12-10;GN;Guinea;0;38572;0;468;1.2133153582909884
2023-12-17;GN;Guinea;0;38572;0;468;1.2133153582909884
2023-12-24;GN;Guinea;0;38572;0;468;1.2133153582909884
2023-12-31;GN;Guinea;0;38572;0;468;1.2133153582909884
2024-01-07;GN;Guinea;0;38572;0;468;1.2133153582909884
2024-01-14;GN;Guinea;0;38572;0;468;1.2133153582909884
2024-01-21;GN;Guinea;0;38572;0;468;1.2133153582909884
2020-01-05;GW;Guinea-Bissau;0;0;0;0;0.0
2020-01-12;GW;Guinea-Bissau;0;0;0;0;0.0
2020-01-19;GW;Guinea-Bissau;0;0;0;0;0.0
2020-01-26;GW;Guinea-Bissau;0;0;0;0;0.0
2020-02-02;GW;Guinea-Bissau;0;0;0;0;0.0
2020-02-09;GW;Guinea-Bissau;0;0;0;0;0.0
2020-02-16;GW;Guinea-Bissau;0;0;0;0;0.0
2020-02-23;GW;Guinea-Bissau;0;0;0;0;0.0
2020-03-01;GW;Guinea-Bissau;0;0;0;0;0.0
2020-03-08;GW;Guinea-Bissau;0;0;0;0;0.0
2020-03-15;GW;Guinea-Bissau;0;0;0;0;0.0
2020-03-22;GW;Guinea-Bissau;0;0;0;0;0.0
2020-03-29;GW;Guinea-Bissau;2;2;0;0;0.0
2020-04-05;GW;Guinea-Bissau;16;18;0;0;0.0
2020-04-12;GW;Guinea-Bissau;21;39;0;0;0.0
2020-04-19;GW;Guinea-Bissau;11;50;0;0;0.0
2020-04-26;GW;Guinea-Bissau;2;52;0;0;0.0
2020-05-03;GW;Guinea-Bissau;208;260;2;2;0.7692307692307693
2020-05-10;GW;Guinea-Bissau;382;642;1;3;0.46728971962616817
2020-05-17;GW;Guinea-Bissau;271;913;0;3;0.32858707557502737
2020-05-24;GW;Guinea-Bissau;201;1114;3;6;0.5385996409335727
2020-05-31;GW;Guinea-Bissau;142;1256;2;8;0.6369426751592357
2020-06-07;GW;Guinea-Bissau;112;1368;4;12;0.8771929824561403
2020-06-14;GW;Guinea-Bissau;115;1483;3;15;1.0114632501685772
2020-06-21;GW;Guinea-Bissau;58;1541;2;17;1.1031797534068788
2020-06-28;GW;Guinea-Bissau;73;1614;4;21;1.3011152416356877
2020-07-05;GW;Guinea-Bissau;176;1790;4;25;1.3966480446927374
2020-07-12;GW;Guinea-Bissau;52;1842;0;25;1.3572204125950056
2020-07-19;GW;Guinea-Bissau;108;1950;1;26;1.3333333333333335
2020-07-26;GW;Guinea-Bissau;4;1954;0;26;1.3306038894575232
2020-08-02;GW;Guinea-Bissau;27;1981;1;27;1.3629480060575467
2020-08-09;GW;Guinea-Bissau;71;2052;2;29;1.4132553606237817
2020-08-16;GW;Guinea-Bissau;65;2117;4;33;1.5588096362777515
2020-08-23;GW;Guinea-Bissau;32;2149;0;33;1.5355979525360632
2020-08-30;GW;Guinea-Bissau;0;2149;0;33;1.5355979525360632
2020-09-06;GW;Guinea-Bissau;96;2245;5;38;1.6926503340757237
2020-09-13;GW;Guinea-Bissau;30;2275;1;39;1.7142857142857144
2020-09-20;GW;Guinea-Bissau;28;2303;0;39;1.693443334780721
2020-09-27;GW;Guinea-Bissau;21;2324;0;39;1.6781411359724614
2020-10-04;GW;Guinea-Bissau;38;2362;0;39;1.651143099068586
2020-10-11;GW;Guinea-Bissau;23;2385;1;40;1.6771488469601679
2020-10-18;GW;Guinea-Bissau;18;2403;1;41;1.706200582605077
2020-10-25;GW;Guinea-Bissau;0;2403;0;41;1.706200582605077
2020-11-01;GW;Guinea-Bissau;10;2413;0;41;1.699129714048902
2020-11-08;GW;Guinea-Bissau;1;2414;1;42;1.739850869925435
2020-11-15;GW;Guinea-Bissau;5;2419;1;43;1.7775940471269118
2020-11-22;GW;Guinea-Bissau;2;2421;0;43;1.7761255679471293
2020-11-29;GW;Guinea-Bissau;1;2422;0;43;1.7753922378199833
2020-12-06;GW;Guinea-Bissau;19;2441;1;44;1.8025399426464563
2020-12-13;GW;Guinea-Bissau;3;2444;0;44;1.800327332242226
2020-12-20;GW;Guinea-Bissau;3;2447;0;44;1.7981201471189212
2020-12-27;GW;Guinea-Bissau;0;2447;1;45;1.8389865140988966
2021-01-03;GW;Guinea-Bissau;8;2455;0;45;1.8329938900203666
2021-01-10;GW;Guinea-Bissau;23;2478;0;45;1.8159806295399514
2021-01-17;GW;Guinea-Bissau;0;2478;0;45;1.8159806295399514
2021-01-24;GW;Guinea-Bissau;55;2533;0;45;1.7765495459928937
2021-01-31;GW;Guinea-Bissau;102;2635;0;45;1.7077798861480076
2021-02-07;GW;Guinea-Bissau;145;2780;1;46;1.6546762589928057
2021-02-14;GW;Guinea-Bissau;144;2924;0;46;1.573187414500684
2021-02-21;GW;Guinea-Bissau;191;3115;1;47;1.5088282504012842
2021-02-28;GW;Guinea-Bissau;147;3262;1;48;1.471489883507051
2021-03-07;GW;Guinea-Bissau;50;3312;1;49;1.4794685990338163
2021-03-14;GW;Guinea-Bissau;135;3447;3;52;1.508558166521613
2021-03-21;GW;Guinea-Bissau;121;3568;3;55;1.5414798206278026
2021-03-28;GW;Guinea-Bissau;66;3634;6;61;1.6785910842047331
2021-04-04;GW;Guinea-Bissau;28;3662;5;66;1.8022938285090113
2021-04-11;GW;Guinea-Bissau;18;3680;0;66;1.7934782608695652
2021-04-18;GW;Guinea-Bissau;32;3712;0;66;1.7780172413793105
2021-04-25;GW;Guinea-Bissau;14;3726;1;67;1.7981749865807837
2021-05-02;GW;Guinea-Bissau;10;3736;0;67;1.7933618843683083
2021-05-09;GW;Guinea-Bissau;5;3741;0;67;1.7909649826249665
2021-05-16;GW;Guinea-Bissau;5;3746;0;67;1.788574479444741
2021-05-23;GW;Guinea-Bissau;5;3751;1;68;1.8128499066915489
2021-05-30;GW;Guinea-Bissau;15;3766;0;68;1.8056293149229952
2021-06-06;GW;Guinea-Bissau;21;3787;0;68;1.795616583047267
2021-06-13;GW;Guinea-Bissau;16;3803;1;69;1.8143570865106495
2021-06-20;GW;Guinea-Bissau;22;3825;0;69;1.803921568627451
2021-06-27;GW;Guinea-Bissau;21;3846;0;69;1.794071762870515
2021-07-04;GW;Guinea-Bissau;35;3881;0;69;1.7778922958000516
2021-07-11;GW;Guinea-Bissau;66;3947;1;70;1.7734988598935901
2021-07-18;GW;Guinea-Bissau;105;4052;3;73;1.801579466929911
2021-07-25;GW;Guinea-Bissau;161;4213;1;74;1.756468075005934
2021-08-01;GW;Guinea-Bissau;285;4498;2;76;1.6896398399288575
2021-08-08;GW;Guinea-Bissau;290;4788;3;79;1.6499582289055972
2021-08-15;GW;Guinea-Bissau;335;5123;11;90;1.7567831348819052
2021-08-22;GW;Guinea-Bissau;395;5518;13;103;1.866618339978253
2021-08-29;GW;Guinea-Bissau;248;5766;14;117;2.0291363163371487
2021-09-05;GW;Guinea-Bissau;136;5902;4;121;2.0501524906811253
2021-09-12;GW;Guinea-Bissau;119;6021;4;125;2.076067098488623
2021-09-19;GW;Guinea-Bissau;57;6078;5;130;2.1388614675880224
2021-09-26;GW;Guinea-Bissau;25;6103;5;135;2.2120268720301492
2021-10-03;GW;Guinea-Bissau;9;6112;0;135;2.2087696335078535
2021-10-10;GW;Guinea-Bissau;7;6119;6;141;2.3042980879228634
2021-10-17;GW;Guinea-Bissau;11;6130;0;141;2.300163132137031
2021-10-24;GW;Guinea-Bissau;1;6131;0;141;2.2997879628119393
2021-10-31;GW;Guinea-Bissau;3;6134;0;141;2.298663188783828
2021-11-07;GW;Guinea-Bissau;16;6150;2;143;2.3252032520325203
2021-11-14;GW;Guinea-Bissau;252;6402;1;144;2.2492970946579196
2021-11-21;GW;Guinea-Bissau;32;6434;2;146;2.2691949020826856
2021-11-28;GW;Guinea-Bissau;6;6440;2;148;2.298136645962733
2021-12-05;GW;Guinea-Bissau;4;6444;1;149;2.3122284295468654
2021-12-12;GW;Guinea-Bissau;4;6448;0;149;2.310794044665012
2021-12-19;GW;Guinea-Bissau;8;6456;0;149;2.307930607187113
2021-12-26;GW;Guinea-Bissau;10;6466;0;149;2.304361274358181
2022-01-02;GW;Guinea-Bissau;33;6499;0;149;2.2926604092937377
2022-01-09;GW;Guinea-Bissau;195;6694;0;149;2.225873916940544
2022-01-16;GW;Guinea-Bissau;340;7034;3;152;2.1609326130224624
2022-01-23;GW;Guinea-Bissau;430;7464;2;154;2.0632368703108255
2022-01-30;GW;Guinea-Bissau;122;7586;2;156;2.056419720537833
2022-02-06;GW;Guinea-Bissau;186;7772;2;158;2.0329387545033453
2022-02-13;GW;Guinea-Bissau;77;7849;6;164;2.0894381449866226
2022-02-20;GW;Guinea-Bissau;96;7945;2;166;2.089364380113279
2022-02-27;GW;Guinea-Bissau;56;8001;1;167;2.087239095113111
2022-03-06;GW;Guinea-Bissau;32;8033;0;167;2.0789244366986184
2022-03-13;GW;Guinea-Bissau;38;8071;2;169;2.0939164911411225
2022-03-20;GW;Guinea-Bissau;42;8113;0;169;2.0830765438185628
2022-03-27;GW;Guinea-Bissau;18;8131;0;169;2.0784651334399213
2022-04-03;GW;Guinea-Bissau;20;8151;1;170;2.085633664581033
2022-04-10;GW;Guinea-Bissau;22;8173;0;170;2.080019576654839
2022-04-17;GW;Guinea-Bissau;9;8182;1;171;2.0899535565876315
2022-04-24;GW;Guinea-Bissau;4;8186;0;171;2.088932323479111
2022-05-01;GW;Guinea-Bissau;16;8202;0;171;2.0848573518653986
2022-05-08;GW;Guinea-Bissau;13;8215;0;171;2.0815581253804014
2022-05-15;GW;Guinea-Bissau;7;8222;0;171;2.0797859401605447
2022-05-22;GW;Guinea-Bissau;24;8246;0;171;2.0737327188940093
2022-05-29;GW;Guinea-Bissau;23;8269;0;171;2.0679646873866244
2022-06-05;GW;Guinea-Bissau;21;8290;0;171;2.0627261761158024
2022-06-12;GW;Guinea-Bissau;17;8307;0;171;2.058504875406284
2022-06-19;GW;Guinea-Bissau;0;8307;0;171;2.058504875406284
2022-06-26;GW;Guinea-Bissau;41;8348;0;171;2.04839482510781
2022-07-03;GW;Guinea-Bissau;43;8391;0;171;2.0378977475867
2022-07-10;GW;Guinea-Bissau;9;8400;0;171;2.035714285714286
2022-07-17;GW;Guinea-Bissau;2;8402;1;172;2.0471316353249227
2022-07-24;GW;Guinea-Bissau;10;8412;0;172;2.0446980504041847
2022-07-31;GW;Guinea-Bissau;28;8440;2;174;2.0616113744075832
2022-08-07;GW;Guinea-Bissau;12;8452;0;174;2.0586843350686226
2022-08-14;GW;Guinea-Bissau;30;8482;0;174;2.051402970997406
2022-08-21;GW;Guinea-Bissau;0;8482;0;174;2.051402970997406
2022-08-28;GW;Guinea-Bissau;9;8491;1;175;2.061005770816158
2022-09-04;GW;Guinea-Bissau;305;8796;0;175;1.9895407003183267
2022-09-11;GW;Guinea-Bissau;0;8796;0;175;1.9895407003183267
2022-09-18;GW;Guinea-Bissau;0;8796;0;175;1.9895407003183267
2022-09-25;GW;Guinea-Bissau;18;8814;1;176;1.996823235761289
2022-10-02;GW;Guinea-Bissau;17;8831;0;176;1.992979277545012
2022-10-09;GW;Guinea-Bissau;17;8848;0;176;1.9891500904159132
2022-10-16;GW;Guinea-Bissau;0;8848;0;176;1.9891500904159132
2022-10-23;GW;Guinea-Bissau;0;8848;0;176;1.9891500904159132
2022-10-30;GW;Guinea-Bissau;0;8848;0;176;1.9891500904159132
2022-11-06;GW;Guinea-Bissau;0;8848;0;176;1.9891500904159132
2022-11-13;GW;Guinea-Bissau;0;8848;0;176;1.9891500904159132
2022-11-20;GW;Guinea-Bissau;0;8848;0;176;1.9891500904159132
2022-11-27;GW;Guinea-Bissau;0;8848;0;176;1.9891500904159132
2022-12-04;GW;Guinea-Bissau;93;8941;0;176;1.968459903813891
2022-12-11;GW;Guinea-Bissau;4;8945;0;176;1.9675796534376746
2022-12-18;GW;Guinea-Bissau;0;8945;0;176;1.9675796534376746
2022-12-25;GW;Guinea-Bissau;2;8947;0;176;1.9671398234044932
2023-01-01;GW;Guinea-Bissau;0;8947;0;176;1.9671398234044932
2023-01-08;GW;Guinea-Bissau;6;8953;0;176;1.9658215123422318
2023-01-15;GW;Guinea-Bissau;0;8953;0;176;1.9658215123422318
2023-01-22;GW;Guinea-Bissau;0;8953;0;176;1.9658215123422318
2023-01-29;GW;Guinea-Bissau;0;8953;0;176;1.9658215123422318
2023-02-05;GW;Guinea-Bissau;0;8953;0;176;1.9658215123422318
2023-02-12;GW;Guinea-Bissau;0;8953;0;176;1.9658215123422318
2023-02-19;GW;Guinea-Bissau;1;8954;0;176;1.9656019656019657
2023-02-26;GW;Guinea-Bissau;6;8960;0;176;1.9642857142857142
2023-03-05;GW;Guinea-Bissau;0;8960;0;176;1.9642857142857142
2023-03-12;GW;Guinea-Bissau;174;9134;0;176;1.926866652069192
2023-03-19;GW;Guinea-Bissau;96;9230;0;176;1.9068255687973996
2023-03-26;GW;Guinea-Bissau;120;9350;0;176;1.8823529411764703
2023-04-02;GW;Guinea-Bissau;0;9350;0;176;1.8823529411764703
2023-04-09;GW;Guinea-Bissau;0;9350;0;176;1.8823529411764703
2023-04-16;GW;Guinea-Bissau;264;9614;1;177;1.841065113376326
2023-04-23;GW;Guinea-Bissau;0;9614;0;177;1.841065113376326
2023-04-30;GW;Guinea-Bissau;0;9614;0;177;1.841065113376326
2023-05-07;GW;Guinea-Bissau;0;9614;0;177;1.841065113376326
2023-05-14;GW;Guinea-Bissau;0;9614;0;177;1.841065113376326
2023-05-21;GW;Guinea-Bissau;0;9614;0;177;1.841065113376326
2023-05-28;GW;Guinea-Bissau;0;9614;0;177;1.841065113376326
2023-06-04;GW;Guinea-Bissau;0;9614;0;177;1.841065113376326
2023-06-11;GW;Guinea-Bissau;0;9614;0;177;1.841065113376326
2023-06-18;GW;Guinea-Bissau;0;9614;0;177;1.841065113376326
2023-06-25;GW;Guinea-Bissau;0;9614;0;177;1.841065113376326
2023-07-02;GW;Guinea-Bissau;0;9614;0;177;1.841065113376326
2023-07-09;GW;Guinea-Bissau;0;9614;0;177;1.841065113376326
2023-07-16;GW;Guinea-Bissau;0;9614;0;177;1.841065113376326
2023-07-23;GW;Guinea-Bissau;0;9614;0;177;1.841065113376326
2023-07-30;GW;Guinea-Bissau;0;9614;0;177;1.841065113376326
2023-08-06;GW;Guinea-Bissau;0;9614;0;177;1.841065113376326
2023-08-13;GW;Guinea-Bissau;0;9614;0;177;1.841065113376326
2023-08-20;GW;Guinea-Bissau;0;9614;0;177;1.841065113376326
2023-08-27;GW;Guinea-Bissau;0;9614;0;177;1.841065113376326
2023-09-03;GW;Guinea-Bissau;0;9614;0;177;1.841065113376326
2023-09-10;GW;Guinea-Bissau;0;9614;0;177;1.841065113376326
2023-09-17;GW;Guinea-Bissau;0;9614;0;177;1.841065113376326
2023-09-24;GW;Guinea-Bissau;0;9614;0;177;1.841065113376326
2023-10-01;GW;Guinea-Bissau;0;9614;0;177;1.841065113376326
2023-10-08;GW;Guinea-Bissau;0;9614;0;177;1.841065113376326
2023-10-15;GW;Guinea-Bissau;0;9614;0;177;1.841065113376326
2023-10-22;GW;Guinea-Bissau;0;9614;0;177;1.841065113376326
2023-10-29;GW;Guinea-Bissau;0;9614;0;177;1.841065113376326
2023-11-05;GW;Guinea-Bissau;0;9614;0;177;1.841065113376326
2023-11-12;GW;Guinea-Bissau;0;9614;0;177;1.841065113376326
2023-11-19;GW;Guinea-Bissau;0;9614;0;177;1.841065113376326
2023-11-26;GW;Guinea-Bissau;0;9614;0;177;1.841065113376326
2023-12-03;GW;Guinea-Bissau;0;9614;0;177;1.841065113376326
2023-12-10;GW;Guinea-Bissau;0;9614;0;177;1.841065113376326
2023-12-17;GW;Guinea-Bissau;0;9614;0;177;1.841065113376326
2023-12-24;GW;Guinea-Bissau;0;9614;0;177;1.841065113376326
2023-12-31;GW;Guinea-Bissau;0;9614;0;177;1.841065113376326
2024-01-07;GW;Guinea-Bissau;0;9614;0;177;1.841065113376326
2024-01-14;GW;Guinea-Bissau;0;9614;0;177;1.841065113376326
2024-01-21;GW;Guinea-Bissau;0;9614;0;177;1.841065113376326
2020-01-05;GY;Guyana;0;0;0;0;0.0
2020-01-12;GY;Guyana;0;0;0;0;0.0
2020-01-19;GY;Guyana;0;0;0;0;0.0
2020-01-26;GY;Guyana;0;0;0;0;0.0
2020-02-02;GY;Guyana;0;0;0;0;0.0
2020-02-09;GY;Guyana;0;0;0;0;0.0
2020-02-16;GY;Guyana;0;0;0;0;0.0
2020-02-23;GY;Guyana;0;0;0;0;0.0
2020-03-01;GY;Guyana;0;0;0;0;0.0
2020-03-08;GY;Guyana;0;0;0;0;0.0
2020-04-19;GY;Guyana;26;63;0;6;9.523809523809524
2020-04-26;GY;Guyana;10;73;1;7;9.58904109589041
2020-05-03;GY;Guyana;9;82;2;9;10.975609756097562
2020-05-10;GY;Guyana;11;93;1;10;10.75268817204301
2020-05-17;GY;Guyana;23;116;0;10;8.620689655172415
2020-05-24;GY;Guyana;11;127;0;10;7.874015748031496
2020-05-31;GY;Guyana;23;150;1;11;7.333333333333333
2020-06-07;GY;Guyana;3;153;1;12;7.8431372549019605
2020-06-14;GY;Guyana;6;159;0;12;7.547169811320755
2020-06-21;GY;Guyana;24;183;0;12;6.557377049180328
2020-06-28;GY;Guyana;47;230;0;12;5.217391304347826
2020-07-05;GY;Guyana;26;256;2;14;5.46875
2020-07-12;GY;Guyana;34;290;2;16;5.517241379310345
2020-07-19;GY;Guyana;30;320;3;19;5.9375
2020-07-26;GY;Guyana;32;352;1;20;5.681818181818182
2020-08-02;GY;Guyana;61;413;0;20;4.842615012106537
2020-08-09;GY;Guyana;125;538;2;22;4.089219330855019
2020-08-16;GY;Guyana;111;649;0;22;3.389830508474576
2020-08-23;GY;Guyana;232;881;8;30;3.40522133938706
2020-08-30;GY;Guyana;299;1180;5;35;2.9661016949152543
2020-09-06;GY;Guyana;236;1416;9;44;3.1073446327683616
2020-09-13;GY;Guyana;347;1763;8;52;2.949517867271696
2020-09-20;GY;Guyana;339;2102;10;62;2.949571836346337
2020-09-27;GY;Guyana;607;2709;11;73;2.6947212993724623
2020-10-04;GY;Guyana;259;2968;12;85;2.8638814016172507
2020-10-11;GY;Guyana;390;3358;15;100;2.9779630732578917
2020-10-18;GY;Guyana;314;3672;7;107;2.9139433551198257
2020-10-25;GY;Guyana;288;3960;10;117;2.9545454545454546
2020-11-01;GY;Guyana;183;4143;7;124;2.993000241370987
2020-11-08;GY;Guyana;314;4457;9;133;2.9840700022436617
2020-11-15;GY;Guyana;267;4724;5;138;2.9212531752751905
2020-11-22;GY;Guyana;281;5005;5;143;2.857142857142857
2020-11-29;GY;Guyana;305;5310;6;149;2.806026365348399
2020-12-06;GY;Guyana;291;5601;2;151;2.695947152294233
2020-12-13;GY;Guyana;238;5839;3;154;2.637437917451618
2020-12-20;GY;Guyana;237;6076;5;159;2.6168531928900594
2020-12-27;GY;Guyana;213;6289;3;162;2.575926220384799
2021-01-03;GY;Guyana;62;6351;2;164;2.582270508581326
2021-01-10;GY;Guyana;118;6469;3;167;2.581542742309476
2021-01-17;GY;Guyana;336;6805;3;170;2.4981631153563555
2021-01-24;GY;Guyana;338;7143;0;170;2.3799524009519812
2021-01-31;GY;Guyana;385;7528;5;175;2.324654622741764
2021-02-07;GY;Guyana;359;7887;4;179;2.269557499683023
2021-02-14;GY;Guyana;294;8181;7;186;2.2735606894022737
2021-02-21;GY;Guyana;176;8357;3;189;2.261577120976427
2021-02-28;GY;Guyana;156;8513;6;195;2.290614354516622
2021-03-07;GY;Guyana;216;8729;5;200;2.291213197388017
2021-03-14;GY;Guyana;340;9069;6;206;2.2714742529496084
2021-03-21;GY;Guyana;417;9486;6;212;2.2348724436010965
2021-03-28;GY;Guyana;521;10007;13;225;2.24842610172879
2021-04-04;GY;Guyana;439;10446;10;235;2.24966494351905
2021-04-11;GY;Guyana;512;10958;17;252;2.299689724402263
2021-04-18;GY;Guyana;684;11642;15;267;2.2934203745060984
2021-04-25;GY;Guyana;806;12448;10;277;2.2252570694087406
2021-05-02;GY;Guyana;835;13283;19;296;2.2284122562674096
2021-05-09;GY;Guyana;754;14037;18;314;2.236945216214291
2021-05-16;GY;Guyana;951;14988;21;335;2.2351214304777156
2021-05-23;GY;Guyana;755;15743;14;349;2.216858286222448
2021-05-30;GY;Guyana;981;16724;31;380;2.2721836881128916
2021-06-06;GY;Guyana;735;17459;23;403;2.308265078183172
2021-06-13;GY;Guyana;629;18088;16;419;2.316452896948253
2021-06-20;GY;Guyana;749;18837;23;442;2.346445824706694
2021-06-27;GY;Guyana;837;19674;17;459;2.3330283623055807
2021-07-04;GY;Guyana;631;20305;19;478;2.354099975375523
2021-07-11;GY;Guyana;529;20834;11;489;2.347124892003456
2021-07-18;GY;Guyana;517;21351;18;507;2.3745960376563158
2021-07-25;GY;Guyana;499;21850;11;518;2.3707093821510297
2021-08-01;GY;Guyana;608;22458;17;535;2.3822245970255587
2021-08-08;GY;Guyana;385;22843;19;554;2.4252506238234908
2021-08-15;GY;Guyana;501;23344;16;570;2.441740918437286
2021-08-22;GY;Guyana;703;24047;21;591;2.4576870295670976
2021-08-29;GY;Guyana;920;24967;18;609;2.4392197700965275
2021-09-05;GY;Guyana;1145;26112;27;636;2.4356617647058822
2021-09-12;GY;Guyana;1407;27519;33;669;2.431047639812493
2021-09-19;GY;Guyana;1553;29072;37;706;2.4284534947716017
2021-09-26;GY;Guyana;1624;30696;43;749;2.4400573364607765
2021-10-03;GY;Guyana;1359;32055;43;792;2.4707533926064578
2021-10-10;GY;Guyana;1511;33566;43;835;2.487636298635524
2021-10-17;GY;Guyana;674;34240;27;862;2.517523364485981
2021-10-24;GY;Guyana;637;34877;31;893;2.5604266421997304
2021-10-31;GY;Guyana;567;35444;17;910;2.5674303126058007
2021-11-07;GY;Guyana;485;35929;20;930;2.5884383088869716
2021-11-14;GY;Guyana;723;36652;25;955;2.605587689621303
2021-11-21;GY;Guyana;532;37184;16;971;2.6113382099827884
2021-11-28;GY;Guyana;479;37663;14;985;2.615298834399809
2021-12-05;GY;Guyana;405;38068;16;1001;2.6295050961437427
2021-12-12;GY;Guyana;385;38453;15;1016;2.6421865654175227
2021-12-19;GY;Guyana;298;38751;12;1028;2.652834765554437
2021-12-26;GY;Guyana;291;39042;14;1042;2.6689206495568873
2022-01-02;GY;Guyana;531;39573;12;1054;2.663432138073939
2022-01-09;GY;Guyana;3656;43229;12;1066;2.4659372180712023
2022-01-16;GY;Guyana;5827;49056;15;1081;2.203604044357469
2022-01-23;GY;Guyana;6572;55628;41;1122;2.0169698712878406
2022-01-30;GY;Guyana;3351;58979;38;1160;1.966801742993269
2022-02-06;GY;Guyana;2129;61108;19;1179;1.9293709497938076
2022-02-13;GY;Guyana;1048;62156;11;1190;1.9145376150331423
2022-02-20;GY;Guyana;429;62585;18;1208;1.9301749620516098
2022-02-27;GY;Guyana;271;62856;8;1216;1.9345806287387044
2022-03-06;GY;Guyana;168;63024;7;1223;1.9405305915206905
2022-03-13;GY;Guyana;103;63127;1;1224;1.9389484689593992
2022-03-20;GY;Guyana;54;63181;2;1226;1.9404567828935915
2022-03-27;GY;Guyana;42;63223;0;1226;1.9391677079543836
2022-04-03;GY;Guyana;35;63258;0;1226;1.9380947864301747
2022-04-10;GY;Guyana;52;63310;0;1226;1.9365029221292056
2022-04-17;GY;Guyana;54;63364;2;1228;1.9380089640805505
2022-04-24;GY;Guyana;43;63407;0;1228;1.9366946867065151
2022-05-01;GY;Guyana;50;63457;0;1228;1.93516869691287
2022-05-08;GY;Guyana;82;63539;0;1228;1.9326712727616109
2022-05-15;GY;Guyana;233;63772;0;1228;1.925609985573606
2022-05-22;GY;Guyana;402;64174;3;1231;1.918222333032069
2022-05-29;GY;Guyana;347;64521;1;1232;1.9094558360843754
2022-06-05;GY;Guyana;627;65148;5;1237;1.8987536071713638
2022-06-12;GY;Guyana;651;65799;2;1239;1.8830073405370902
2022-06-19;GY;Guyana;586;66385;6;1245;1.8754236649845597
2022-06-26;GY;Guyana;562;66947;4;1249;1.8656549210569557
2022-07-03;GY;Guyana;525;67472;6;1255;1.8600308276025612
2022-07-10;GY;Guyana;548;68020;4;1259;1.8509261981770067
2022-07-17;GY;Guyana;710;68730;5;1264;1.839080459770115
2022-07-24;GY;Guyana;602;69332;4;1268;1.8288813246408586
2022-07-31;GY;Guyana;413;69745;3;1271;1.8223528568356153
2022-08-07;GY;Guyana;338;70083;0;1271;1.81356391706976
2022-08-14;GY;Guyana;315;70398;4;1275;1.8111309980397168
2022-08-21;GY;Guyana;390;70788;3;1278;1.8053907441939312
2022-08-28;GY;Guyana;155;70943;0;1278;1.801446231481612
2022-09-04;GY;Guyana;133;71076;1;1279;1.799482244358152
2022-09-11;GY;Guyana;110;71186;0;1279;1.7967015986289439
2022-09-18;GY;Guyana;57;71243;2;1281;1.7980713894698426
2022-09-25;GY;Guyana;68;71311;0;1281;1.7963568032982289
2022-10-02;GY;Guyana;29;71340;0;1281;1.7956265769554245
2022-10-09;GY;Guyana;21;71361;0;1281;1.7950981628620675
2022-10-16;GY;Guyana;38;71399;0;1281;1.7941427751088952
2022-10-23;GY;Guyana;20;71419;0;1281;1.7936403478066063
2022-10-30;GY;Guyana;17;71436;0;1281;1.7932135057953973
2022-11-06;GY;Guyana;6;71442;0;1281;1.7930629041740154
2022-11-13;GY;Guyana;19;71461;0;1281;1.7925861658806903
2022-11-20;GY;Guyana;61;71522;0;1281;1.7910572970554515
2022-11-27;GY;Guyana;43;71565;3;1284;1.7941731293229932
2022-12-04;GY;Guyana;62;71627;1;1285;1.7940162229326928
2022-12-11;GY;Guyana;101;71728;0;1285;1.791490073611421
2022-12-18;GY;Guyana;29;71757;0;1285;1.7907660576668478
2022-12-25;GY;Guyana;247;72004;1;1286;1.7860118882284317
2023-01-01;GY;Guyana;159;72163;0;1286;1.7820766874991338
2023-01-08;GY;Guyana;234;72397;4;1290;1.7818417890244072
2023-01-15;GY;Guyana;241;72638;3;1293;1.780060023679066
2023-01-22;GY;Guyana;177;72815;0;1293;1.7757330220421617
2023-01-29;GY;Guyana;107;72922;1;1294;1.7744987795178409
2023-02-05;GY;Guyana;62;72984;1;1295;1.7743615038912637
2023-02-12;GY;Guyana;48;73032;2;1297;1.7759338372220397
2023-02-19;GY;Guyana;25;73057;1;1298;1.7766949094542617
2023-02-26;GY;Guyana;9;73066;0;1298;1.7764760627377987
2023-03-05;GY;Guyana;9;73075;0;1298;1.776257269928156
2023-03-12;GY;Guyana;6;73081;0;1298;1.7761114379934593
2023-03-19;GY;Guyana;24;73105;0;1298;1.775528349634088
2023-03-26;GY;Guyana;9;73114;0;1298;1.7753097901906612
2023-04-02;GY;Guyana;5;73119;0;1298;1.7751883915261422
2023-04-09;GY;Guyana;0;73119;0;1298;1.7751883915261422
2023-04-16;GY;Guyana;2;73121;0;1298;1.7751398367090165
2023-04-23;GY;Guyana;12;73133;0;1298;1.7748485635759506
2023-04-30;GY;Guyana;29;73162;0;1298;1.774145047975725
2023-05-07;GY;Guyana;6;73168;0;1298;1.7739995626503389
2023-05-14;GY;Guyana;39;73207;0;1298;1.7730544893247915
2023-05-21;GY;Guyana;0;73207;0;1298;1.7730544893247915
2023-05-28;GY;Guyana;9;73216;0;1298;1.7728365384615383
2023-06-04;GY;Guyana;15;73231;0;1298;1.7724734060711993
2023-06-11;GY;Guyana;28;73259;0;1298;1.7717959568107673
2023-06-18;GY;Guyana;32;73291;0;1298;1.7710223629094979
2023-06-25;GY;Guyana;44;73335;0;1298;1.7699597736415082
2023-07-02;GY;Guyana;44;73379;1;1299;1.7702612464056473
2023-07-09;GY;Guyana;62;73441;0;1299;1.7687667651584267
2023-07-16;GY;Guyana;41;73482;0;1299;1.7677798644566016
2023-07-23;GY;Guyana;37;73519;0;1299;1.7668901916511377
2023-07-30;GY;Guyana;30;73549;0;1299;1.766169492447212
2023-08-06;GY;Guyana;13;73562;0;1299;1.765857372012724
2023-08-13;GY;Guyana;15;73577;0;1299;1.76549737010207
2023-08-20;GY;Guyana;16;73593;0;1299;1.765113529819412
2023-08-27;GY;Guyana;10;73603;0;1299;1.764873714386642
2023-09-03;GY;Guyana;2;73605;0;1299;1.7648257591196248
2023-09-10;GY;Guyana;8;73613;0;1299;1.7646339641096003
2023-09-17;GY;Guyana;14;73627;0;1299;1.7642984231328183
2023-09-24;GY;Guyana;7;73634;0;1299;1.764130700491621
2023-10-01;GY;Guyana;7;73641;0;1299;1.763963009736424
2023-10-08;GY;Guyana;5;73646;0;1299;1.763843250142574
2023-10-15;GY;Guyana;4;73650;0;1299;1.7637474541751526
2023-10-22;GY;Guyana;1;73651;0;1299;1.7637235068091406
2023-10-29;GY;Guyana;0;73651;0;1299;1.7637235068091406
2023-11-05;GY;Guyana;2;73653;0;1299;1.763675614027942
2023-11-12;GY;Guyana;1;73654;0;1299;1.7636516686127024
2023-11-19;GY;Guyana;1;73655;0;1299;1.763627723847668
2023-11-26;GY;Guyana;0;73655;0;1299;1.763627723847668
2023-12-03;GY;Guyana;2;73657;0;1299;1.7635798362681077
2023-12-10;GY;Guyana;0;73657;0;1299;1.7635798362681077
2023-12-17;GY;Guyana;2;73659;0;1299;1.763531951289048
2023-12-24;GY;Guyana;3;73662;0;1299;1.7634601286959355
2023-12-31;GY;Guyana;1;73663;0;1299;1.7634361891315855
2024-01-07;GY;Guyana;0;73663;0;1299;1.7634361891315855
2024-01-14;GY;Guyana;0;73663;0;1299;1.7634361891315855
2024-01-21;GY;Guyana;0;73663;0;1299;1.7634361891315855
2020-01-05;HT;Haiti;0;0;0;0;0.0
2020-01-12;HT;Haiti;0;0;0;0;0.0
2020-01-19;HT;Haiti;0;0;0;0;0.0
2020-01-26;HT;Haiti;0;0;0;0;0.0
2020-02-02;HT;Haiti;0;0;0;0;0.0
2020-02-09;HT;Haiti;0;0;0;0;0.0
2020-02-16;HT;Haiti;0;0;0;0;0.0
2020-02-23;HT;Haiti;0;0;0;0;0.0
2020-03-01;HT;Haiti;0;0;0;0;0.0
2020-03-08;HT;Haiti;0;0;0;0;0.0
2020-03-15;HT;Haiti;0;0;0;0;0.0
2020-03-22;HT;Haiti;2;2;0;0;0.0
2020-03-29;HT;Haiti;6;8;0;0;0.0
2020-04-05;HT;Haiti;10;18;0;0;0.0
2020-04-12;HT;Haiti;13;31;2;2;6.451612903225806
2020-04-19;HT;Haiti;13;44;1;3;6.8181818181818175
2020-04-26;HT;Haiti;28;72;3;6;8.333333333333332
2020-05-03;HT;Haiti;13;85;2;8;9.411764705882353
2020-05-10;HT;Haiti;61;146;4;12;8.21917808219178
2020-05-17;HT;Haiti;164;310;8;20;6.451612903225806
2020-05-24;HT;Haiti;502;812;5;25;3.0788177339901477
2020-05-31;HT;Haiti;772;1584;10;35;2.20959595959596
2020-06-07;HT;Haiti;1340;2924;15;50;1.7099863201094392
2020-06-14;HT;Haiti;1017;3941;14;64;1.623953311342299
2020-06-21;HT;Haiti;1039;4980;23;87;1.746987951807229
2020-06-28;HT;Haiti;742;5722;11;98;1.7126878713736458
2020-07-05;HT;Haiti;508;6230;12;110;1.7656500802568218
2020-07-12;HT;Haiti;387;6617;25;135;2.040199486171981
2020-07-19;HT;Haiti;358;6975;11;146;2.0931899641577063
2020-07-26;HT;Haiti;285;7260;10;156;2.1487603305785123
2020-08-02;HT;Haiti;164;7424;5;161;2.1686422413793105
2020-08-09;HT;Haiti;175;7599;16;177;2.329253849190683
2020-08-16;HT;Haiti;232;7831;19;196;2.5028731962712296
2020-08-23;HT;Haiti;219;8050;0;196;2.4347826086956523
2020-08-30;HT;Haiti;124;8174;5;201;2.459016393442623
2020-09-06;HT;Haiti;152;8326;11;212;2.5462406918087916
2020-09-13;HT;Haiti;131;8457;4;216;2.5540971975877973
2020-09-20;HT;Haiti;143;8600;5;221;2.5697674418604652
2020-09-27;HT;Haiti;84;8684;6;227;2.6140027637033625
2020-10-04;HT;Haiti;108;8792;2;229;2.6046405823475887
2020-10-11;HT;Haiti;68;8860;1;230;2.595936794582393
2020-10-18;HT;Haiti;65;8925;1;231;2.588235294117647
2020-10-25;HT;Haiti;90;9015;0;231;2.562396006655574
2020-11-01;HT;Haiti;39;9054;1;232;2.5624033576319856
2020-11-08;HT;Haiti;73;9127;0;232;2.5419086227676124
2020-11-15;HT;Haiti;41;9168;0;232;2.530541012216405
2020-11-22;HT;Haiti;46;9214;0;232;2.5179075320164968
2020-11-29;HT;Haiti;50;9264;0;232;2.5043177892918824
2020-12-06;HT;Haiti;106;9370;1;233;2.486659551760939
2020-12-13;HT;Haiti;121;9491;0;233;2.4549573279949426
2020-12-20;HT;Haiti;183;9674;1;234;2.4188546619805664
2020-12-27;HT;Haiti;172;9846;1;235;2.3867560430631727
2021-01-03;HT;Haiti;231;10077;1;236;2.341966855214846
2021-01-10;HT;Haiti;164;10241;1;237;2.3142271262572014
2021-01-17;HT;Haiti;540;10781;3;240;2.2261385771264264
2021-01-24;HT;Haiti;318;11099;3;243;2.1893864312100186
2021-01-31;HT;Haiti;573;11672;2;245;2.099040438656614
2021-02-07;HT;Haiti;297;11969;1;246;2.0553095496699805
2021-02-14;HT;Haiti;237;12206;1;247;2.023594953301655
2021-02-21;HT;Haiti;146;12352;0;247;1.999676165803109
2021-02-28;HT;Haiti;179;12531;3;250;1.9950522703694837
2021-03-07;HT;Haiti;101;12632;0;250;1.9791006966434452
2021-03-14;HT;Haiti;66;12698;1;251;1.9766892424003781
2021-03-21;HT;Haiti;60;12758;0;251;1.9673930083085125
2021-03-28;HT;Haiti;45;12803;0;251;1.9604780129657111
2021-04-04;HT;Haiti;54;12857;0;251;1.9522439138212646
2021-04-11;HT;Haiti;63;12920;0;251;1.9427244582043344
2021-04-18;HT;Haiti;85;13005;2;253;1.9454056132256825
2021-04-25;HT;Haiti;89;13094;1;254;1.9398197647777609
2021-05-02;HT;Haiti;76;13170;10;264;2.0045558086560367
2021-05-09;HT;Haiti;97;13267;5;269;2.0275872465515943
2021-05-16;HT;Haiti;331;13598;7;276;2.029710251507575
2021-05-23;HT;Haiti;530;14128;26;302;2.137599093997735
2021-05-30;HT;Haiti;917;15045;19;321;2.1335992023928214
2021-06-06;HT;Haiti;956;16001;21;342;2.1373664145990876
2021-06-13;HT;Haiti;858;16859;19;361;2.141289518951302
2021-06-20;HT;Haiti;1043;17902;37;398;2.2232152832085803
2021-06-27;HT;Haiti;756;18658;39;437;2.3421588594704685
2021-07-04;HT;Haiti;514;19172;30;467;2.435843939077822
2021-07-11;HT;Haiti;375;19547;41;508;2.5988642758479563
2021-07-18;HT;Haiti;264;19811;18;526;2.6550906062288626
2021-07-25;HT;Haiti;305;20116;26;552;2.744084310996222
2021-08-01;HT;Haiti;229;20345;14;566;2.7820103219464243
2021-08-08;HT;Haiti;211;20556;10;576;2.8021015761821366
2021-08-15;HT;Haiti;163;20719;7;583;2.8138423669096
2021-08-22;HT;Haiti;131;20850;1;584;2.800959232613909
2021-08-29;HT;Haiti;127;20977;2;586;2.793535777279878
2021-09-05;HT;Haiti;185;21162;2;588;2.778565352991211
2021-09-12;HT;Haiti;156;21318;8;596;2.7957594521062012
2021-09-19;HT;Haiti;190;21508;11;607;2.8222056909057094
2021-09-26;HT;Haiti;408;21916;4;611;2.7879175031940133
2021-10-03;HT;Haiti;466;22382;25;636;2.841569118041283
2021-10-10;HT;Haiti;529;22911;18;654;2.8545240277595916
2021-10-17;HT;Haiti;535;23446;4;658;2.806448861213
2021-10-24;HT;Haiti;463;23909;8;666;2.785561922288678
2021-10-31;HT;Haiti;182;24091;20;686;2.8475364243908516
2021-11-07;HT;Haiti;292;24383;19;705;2.8913587335438624
2021-11-14;HT;Haiti;385;24768;6;711;2.870639534883721
2021-11-21;HT;Haiti;248;25016;14;725;2.8981451870802686
2021-11-28;HT;Haiti;249;25265;13;738;2.921037007718187
2021-12-05;HT;Haiti;409;25674;12;750;2.921243281140453
2021-12-12;HT;Haiti;191;25865;12;762;2.9460661125072494
2021-12-19;HT;Haiti;69;25934;3;765;2.9497956350736483
2021-12-26;HT;Haiti;40;25974;1;766;2.949102949102949
2022-01-02;HT;Haiti;281;26255;7;773;2.944201104551514
2022-01-09;HT;Haiti;552;26807;7;780;2.909687768120267
2022-01-16;HT;Haiti;1166;27973;0;780;2.788403102992171
2022-01-23;HT;Haiti;736;28709;3;783;2.7273677244069803
2022-01-30;HT;Haiti;735;29444;16;799;2.7136258660508084
2022-02-06;HT;Haiti;404;29848;5;804;2.6936478155990353
2022-02-13;HT;Haiti;207;30055;5;809;2.6917318249875226
2022-02-20;HT;Haiti;218;30273;10;819;2.70538103260331
2022-02-27;HT;Haiti;69;30342;1;820;2.702524553424296
2022-03-06;HT;Haiti;88;30430;7;827;2.7177127834373973
2022-03-13;HT;Haiti;43;30473;0;827;2.7138778590883734
2022-03-20;HT;Haiti;36;30509;0;827;2.710675538365728
2022-03-27;HT;Haiti;19;30528;6;833;2.7286425576519915
2022-04-03;HT;Haiti;47;30575;0;833;2.7244480784955027
2022-04-10;HT;Haiti;11;30586;2;835;2.7300071928333223
2022-04-17;HT;Haiti;54;30640;0;835;2.725195822454308
2022-04-24;HT;Haiti;19;30659;0;835;2.723506963697446
2022-05-01;HT;Haiti;45;30704;0;835;2.719515372589891
2022-05-08;HT;Haiti;9;30713;0;835;2.718718457981962
2022-05-15;HT;Haiti;33;30746;0;835;2.7158004293241396
2022-05-22;HT;Haiti;43;30789;0;835;2.7120075351586603
2022-05-29;HT;Haiti;29;30818;0;835;2.7094555130118763
2022-06-05;HT;Haiti;145;30963;0;835;2.6967671091302523
2022-06-12;HT;Haiti;112;31075;2;837;2.6934835076428
2022-06-19;HT;Haiti;151;31226;0;837;2.6804585921988084
2022-06-26;HT;Haiti;244;31470;0;837;2.659675881792183
2022-07-03;HT;Haiti;325;31795;0;837;2.632489385123447
2022-07-10;HT;Haiti;185;31980;0;837;2.617260787992495
2022-07-17;HT;Haiti;198;32178;1;838;2.604263782708683
2022-07-24;HT;Haiti;85;32263;0;838;2.5974025974025974
2022-07-31;HT;Haiti;142;32405;0;838;2.5860206758216324
2022-08-07;HT;Haiti;298;32703;0;838;2.5624560437880315
2022-08-14;HT;Haiti;239;32942;2;840;2.5499362515937105
2022-08-21;HT;Haiti;247;33189;1;841;2.5339720991894907
2022-08-28;HT;Haiti;253;33442;0;841;2.514801746307039
2022-09-04;HT;Haiti;177;33619;5;846;2.516434159255183
2022-09-11;HT;Haiti;88;33707;11;857;2.542498590797164
2022-09-18;HT;Haiti;39;33746;0;857;2.5395602441770877
2022-09-25;HT;Haiti;15;33761;0;857;2.538431918485827
2022-10-02;HT;Haiti;0;33761;0;857;2.538431918485827
2022-10-09;HT;Haiti;30;33791;0;857;2.536178272321032
2022-10-16;HT;Haiti;20;33811;0;857;2.5346780633521635
2022-10-23;HT;Haiti;0;33811;0;857;2.5346780633521635
2022-10-30;HT;Haiti;17;33828;3;860;2.5422726735248906
2022-11-06;HT;Haiti;4;33832;0;860;2.5419720974225584
2022-11-13;HT;Haiti;5;33837;0;860;2.541596477229069
2022-11-20;HT;Haiti;25;33862;0;860;2.5397200401630147
2022-11-27;HT;Haiti;0;33862;0;860;2.5397200401630147
2022-12-04;HT;Haiti;14;33876;0;860;2.5386704451529107
2022-12-11;HT;Haiti;0;33876;0;860;2.5386704451529107
2022-12-18;HT;Haiti;28;33904;0;860;2.5365738555922603
2022-12-25;HT;Haiti;8;33912;0;860;2.535975465911772
2023-01-01;HT;Haiti;57;33969;0;860;2.531720097736171
2023-01-08;HT;Haiti;39;34008;0;860;2.528816749000235
2023-01-15;HT;Haiti;0;34008;0;860;2.528816749000235
2023-01-22;HT;Haiti;68;34076;0;860;2.5237703955863364
2023-01-29;HT;Haiti;0;34076;0;860;2.5237703955863364
2023-02-05;HT;Haiti;67;34143;0;860;2.518817912895762
2023-02-12;HT;Haiti;12;34155;0;860;2.5179329527155616
2023-02-19;HT;Haiti;0;34155;0;860;2.5179329527155616
2023-02-26;HT;Haiti;47;34202;0;860;2.51447283784574
2023-03-05;HT;Haiti;0;34202;0;860;2.51447283784574
2023-03-12;HT;Haiti;0;34202;0;860;2.51447283784574
2023-03-19;HT;Haiti;0;34202;0;860;2.51447283784574
2023-03-26;HT;Haiti;0;34202;0;860;2.51447283784574
2023-04-02;HT;Haiti;0;34202;0;860;2.51447283784574
2023-04-09;HT;Haiti;0;34202;0;860;2.51447283784574
2023-04-16;HT;Haiti;12;34214;0;860;2.5135909276904194
2023-04-23;HT;Haiti;12;34226;0;860;2.512709635949278
2023-04-30;HT;Haiti;2;34228;0;860;2.512562814070352
2023-05-07;HT;Haiti;0;34228;0;860;2.512562814070352
2023-05-14;HT;Haiti;0;34228;0;860;2.512562814070352
2023-05-21;HT;Haiti;0;34228;0;860;2.512562814070352
2023-05-28;HT;Haiti;10;34238;0;860;2.5118289619720775
2023-06-04;HT;Haiti;15;34253;0;860;2.5107289872419933
2023-06-11;HT;Haiti;25;34278;0;860;2.508897835346286
2023-06-18;HT;Haiti;5;34283;0;860;2.508531925444098
2023-06-25;HT;Haiti;9;34292;0;860;2.507873556514639
2023-07-02;HT;Haiti;6;34298;0;860;2.507434835850487
2023-07-09;HT;Haiti;10;34308;0;860;2.5067039757490965
2023-07-16;HT;Haiti;2;34310;0;860;2.506557854852813
2023-07-23;HT;Haiti;3;34313;0;860;2.506338705446915
2023-07-30;HT;Haiti;3;34316;0;860;2.5061195943583168
2023-08-06;HT;Haiti;4;34320;0;860;2.505827505827506
2023-08-13;HT;Haiti;4;34324;0;860;2.505535485374665
2023-08-20;HT;Haiti;3;34327;0;860;2.505316514696886
2023-08-27;HT;Haiti;1;34328;0;860;2.5052435329759963
2023-09-03;HT;Haiti;3;34331;0;860;2.5050246133232354
2023-09-10;HT;Haiti;6;34337;0;860;2.504586888778868
2023-09-17;HT;Haiti;8;34345;0;860;2.5040034939583635
2023-09-24;HT;Haiti;10;34355;0;860;2.5032746325134623
2023-10-01;HT;Haiti;19;34374;0;860;2.501890964100774
2023-10-08;HT;Haiti;27;34401;0;860;2.499927327693962
2023-10-15;HT;Haiti;20;34421;0;860;2.498474768310043
2023-10-22;HT;Haiti;14;34435;0;860;2.4974589806882532
2023-10-29;HT;Haiti;34;34469;0;860;2.494995503205779
2023-11-05;HT;Haiti;7;34476;0;860;2.4944889198282865
2023-11-12;HT;Haiti;8;34484;0;860;2.4939102192321077
2023-11-19;HT;Haiti;9;34493;0;860;2.4932595019279273
2023-11-26;HT;Haiti;10;34503;0;860;2.4925368808509405
2023-12-03;HT;Haiti;6;34509;0;860;2.4921035092294765
2023-12-10;HT;Haiti;0;34509;0;860;2.4921035092294765
2023-12-17;HT;Haiti;0;34509;0;860;2.4921035092294765
2023-12-24;HT;Haiti;0;34509;0;860;2.4921035092294765
2023-12-31;HT;Haiti;0;34509;0;860;2.4921035092294765
2024-01-07;HT;Haiti;0;34509;0;860;2.4921035092294765
2024-01-14;HT;Haiti;0;34509;0;860;2.4921035092294765
2024-01-21;HT;Haiti;0;34509;0;860;2.4921035092294765
2020-01-05;VA;Holy See;0;0;0;0;0.0
2020-01-12;VA;Holy See;0;0;0;0;0.0
2020-01-19;VA;Holy See;0;0;0;0;0.0
2020-01-26;VA;Holy See;0;0;0;0;0.0
2020-02-02;VA;Holy See;0;0;0;0;0.0
2020-02-09;VA;Holy See;0;0;0;0;0.0
2020-02-16;VA;Holy See;0;0;0;0;0.0
2020-02-23;VA;Holy See;0;0;0;0;0.0
2020-03-01;VA;Holy See;0;0;0;0;0.0
2020-03-08;VA;Holy See;1;1;0;0;0.0
2020-03-15;VA;Holy See;0;1;0;0;0.0
2020-03-22;VA;Holy See;0;1;0;0;0.0
2020-03-29;VA;Holy See;3;4;0;0;0.0
2020-04-05;VA;Holy See;3;7;0;0;0.0
2020-04-12;VA;Holy See;1;8;0;0;0.0
2020-04-19;VA;Holy See;0;8;0;0;0.0
2020-04-26;VA;Holy See;1;9;0;0;0.0
2020-05-03;VA;Holy See;2;11;0;0;0.0
2020-05-10;VA;Holy See;1;12;0;0;0.0
2020-05-17;VA;Holy See;0;12;0;0;0.0
2020-05-24;VA;Holy See;0;12;0;0;0.0
2020-05-31;VA;Holy See;0;12;0;0;0.0
2020-06-07;VA;Holy See;0;12;0;0;0.0
2020-06-14;VA;Holy See;0;12;0;0;0.0
2020-06-21;VA;Holy See;0;12;0;0;0.0
2020-06-28;VA;Holy See;0;12;0;0;0.0
2020-07-05;VA;Holy See;0;12;0;0;0.0
2020-07-12;VA;Holy See;0;12;0;0;0.0
2020-07-19;VA;Holy See;0;12;0;0;0.0
2020-07-26;VA;Holy See;0;12;0;0;0.0
2020-08-02;VA;Holy See;0;12;0;0;0.0
2020-08-09;VA;Holy See;0;12;0;0;0.0
2020-08-16;VA;Holy See;0;12;0;0;0.0
2020-08-23;VA;Holy See;0;12;0;0;0.0
2020-08-30;VA;Holy See;0;12;0;0;0.0
2020-09-06;VA;Holy See;0;12;0;0;0.0
2020-09-13;VA;Holy See;0;12;0;0;0.0
2020-09-20;VA;Holy See;0;12;0;0;0.0
2020-09-27;VA;Holy See;0;12;0;0;0.0
2020-10-04;VA;Holy See;0;12;0;0;0.0
2020-10-11;VA;Holy See;0;12;0;0;0.0
2020-10-18;VA;Holy See;14;26;0;0;0.0
2020-10-25;VA;Holy See;0;26;0;0;0.0
2020-11-01;VA;Holy See;0;26;0;0;0.0
2020-11-08;VA;Holy See;0;26;0;0;0.0
2020-11-15;VA;Holy See;0;26;0;0;0.0
2020-11-22;VA;Holy See;0;26;0;0;0.0
2020-11-29;VA;Holy See;0;26;0;0;0.0
2020-12-06;VA;Holy See;0;26;0;0;0.0
2020-12-13;VA;Holy See;0;26;0;0;0.0
2020-12-20;VA;Holy See;0;26;0;0;0.0
2020-12-27;VA;Holy See;0;26;0;0;0.0
2021-01-03;VA;Holy See;0;26;0;0;0.0
2021-01-10;VA;Holy See;0;26;0;0;0.0
2021-01-17;VA;Holy See;0;26;0;0;0.0
2021-01-24;VA;Holy See;0;26;0;0;0.0
2021-01-31;VA;Holy See;0;26;0;0;0.0
2021-02-07;VA;Holy See;0;26;0;0;0.0
2021-02-14;VA;Holy See;0;26;0;0;0.0
2021-02-21;VA;Holy See;0;26;0;0;0.0
2021-02-28;VA;Holy See;0;26;0;0;0.0
2021-03-07;VA;Holy See;0;26;0;0;0.0
2021-03-14;VA;Holy See;0;26;0;0;0.0
2021-03-21;VA;Holy See;0;26;0;0;0.0
2021-03-28;VA;Holy See;0;26;0;0;0.0
2021-04-04;VA;Holy See;0;26;0;0;0.0
2021-04-11;VA;Holy See;0;26;0;0;0.0
2021-04-18;VA;Holy See;0;26;0;0;0.0
2021-04-25;VA;Holy See;0;26;0;0;0.0
2021-05-02;VA;Holy See;0;26;0;0;0.0
2021-05-09;VA;Holy See;0;26;0;0;0.0
2021-05-16;VA;Holy See;0;26;0;0;0.0
2021-05-23;VA;Holy See;0;26;0;0;0.0
2021-05-30;VA;Holy See;0;26;0;0;0.0
2021-06-06;VA;Holy See;0;26;0;0;0.0
2021-06-13;VA;Holy See;0;26;0;0;0.0
2021-06-20;VA;Holy See;0;26;0;0;0.0
2021-06-27;VA;Holy See;0;26;0;0;0.0
2021-07-04;VA;Holy See;0;26;0;0;0.0
2021-07-11;VA;Holy See;0;26;0;0;0.0
2021-07-18;VA;Holy See;0;26;0;0;0.0
2021-07-25;VA;Holy See;0;26;0;0;0.0
2021-08-01;VA;Holy See;0;26;0;0;0.0
2021-08-08;VA;Holy See;0;26;0;0;0.0
2021-08-15;VA;Holy See;0;26;0;0;0.0
2021-08-22;VA;Holy See;0;26;0;0;0.0
2021-08-29;VA;Holy See;0;26;0;0;0.0
2021-09-05;VA;Holy See;0;26;0;0;0.0
2021-09-12;VA;Holy See;0;26;0;0;0.0
2021-09-19;VA;Holy See;0;26;0;0;0.0
2021-09-26;VA;Holy See;0;26;0;0;0.0
2021-10-03;VA;Holy See;0;26;0;0;0.0
2021-10-10;VA;Holy See;0;26;0;0;0.0
2021-10-17;VA;Holy See;0;26;0;0;0.0
2021-10-24;VA;Holy See;0;26;0;0;0.0
2021-10-31;VA;Holy See;0;26;0;0;0.0
2021-11-07;VA;Holy See;0;26;0;0;0.0
2021-11-14;VA;Holy See;0;26;0;0;0.0
2021-11-21;VA;Holy See;0;26;0;0;0.0
2021-11-28;VA;Holy See;0;26;0;0;0.0
2021-12-05;VA;Holy See;0;26;0;0;0.0
2021-12-12;VA;Holy See;0;26;0;0;0.0
2021-12-19;VA;Holy See;0;26;0;0;0.0
2021-12-26;VA;Holy See;0;26;0;0;0.0
2022-01-02;VA;Holy See;0;26;0;0;0.0
2022-01-09;VA;Holy See;0;26;0;0;0.0
2022-01-16;VA;Holy See;0;26;0;0;0.0
2022-01-23;VA;Holy See;0;26;0;0;0.0
2022-01-30;VA;Holy See;0;26;0;0;0.0
2022-02-06;VA;Holy See;0;26;0;0;0.0
2022-02-13;VA;Holy See;0;26;0;0;0.0
2022-02-20;VA;Holy See;0;26;0;0;0.0
2022-02-27;VA;Holy See;0;26;0;0;0.0
2022-03-06;VA;Holy See;0;26;0;0;0.0
2022-03-13;VA;Holy See;0;26;0;0;0.0
2022-03-20;VA;Holy See;0;26;0;0;0.0
2022-03-27;VA;Holy See;0;26;0;0;0.0
2022-04-03;VA;Holy See;0;26;0;0;0.0
2022-04-10;VA;Holy See;0;26;0;0;0.0
2022-04-17;VA;Holy See;0;26;0;0;0.0
2022-04-24;VA;Holy See;0;26;0;0;0.0
2022-05-01;VA;Holy See;0;26;0;0;0.0
2022-05-08;VA;Holy See;0;26;0;0;0.0
2022-05-15;VA;Holy See;0;26;0;0;0.0
2022-05-22;VA;Holy See;0;26;0;0;0.0
2022-05-29;VA;Holy See;0;26;0;0;0.0
2022-06-05;VA;Holy See;0;26;0;0;0.0
2022-06-12;VA;Holy See;0;26;0;0;0.0
2022-06-19;VA;Holy See;0;26;0;0;0.0
2022-06-26;VA;Holy See;0;26;0;0;0.0
2022-07-03;VA;Holy See;0;26;0;0;0.0
2022-07-10;VA;Holy See;0;26;0;0;0.0
2022-07-17;VA;Holy See;0;26;0;0;0.0
2022-07-24;VA;Holy See;0;26;0;0;0.0
2022-07-31;VA;Holy See;0;26;0;0;0.0
2022-08-07;VA;Holy See;0;26;0;0;0.0
2022-08-14;VA;Holy See;0;26;0;0;0.0
2022-08-21;VA;Holy See;0;26;0;0;0.0
2022-08-28;VA;Holy See;0;26;0;0;0.0
2022-09-04;VA;Holy See;0;26;0;0;0.0
2022-09-11;VA;Holy See;0;26;0;0;0.0
2022-09-18;VA;Holy See;0;26;0;0;0.0
2022-09-25;VA;Holy See;0;26;0;0;0.0
2022-10-02;VA;Holy See;0;26;0;0;0.0
2022-10-09;VA;Holy See;0;26;0;0;0.0
2022-10-16;VA;Holy See;0;26;0;0;0.0
2022-10-23;VA;Holy See;0;26;0;0;0.0
2022-10-30;VA;Holy See;0;26;0;0;0.0
2022-11-06;VA;Holy See;0;26;0;0;0.0
2022-11-13;VA;Holy See;0;26;0;0;0.0
2022-11-20;VA;Holy See;0;26;0;0;0.0
2022-11-27;VA;Holy See;0;26;0;0;0.0
2022-12-04;VA;Holy See;0;26;0;0;0.0
2022-12-11;VA;Holy See;0;26;0;0;0.0
2022-12-18;VA;Holy See;0;26;0;0;0.0
2022-12-25;VA;Holy See;0;26;0;0;0.0
2023-01-01;VA;Holy See;0;26;0;0;0.0
2023-01-08;VA;Holy See;0;26;0;0;0.0
2023-01-15;VA;Holy See;0;26;0;0;0.0
2023-01-22;VA;Holy See;0;26;0;0;0.0
2023-01-29;VA;Holy See;0;26;0;0;0.0
2023-02-05;VA;Holy See;0;26;0;0;0.0
2023-02-12;VA;Holy See;0;26;0;0;0.0
2023-02-19;VA;Holy See;0;26;0;0;0.0
2023-02-26;VA;Holy See;0;26;0;0;0.0
2023-03-05;VA;Holy See;0;26;0;0;0.0
2023-03-12;VA;Holy See;0;26;0;0;0.0
2023-03-19;VA;Holy See;0;26;0;0;0.0
2023-03-26;VA;Holy See;0;26;0;0;0.0
2023-04-02;VA;Holy See;0;26;0;0;0.0
2023-04-09;VA;Holy See;0;26;0;0;0.0
2023-04-16;VA;Holy See;0;26;0;0;0.0
2023-04-23;VA;Holy See;0;26;0;0;0.0
2023-04-30;VA;Holy See;0;26;0;0;0.0
2023-05-07;VA;Holy See;0;26;0;0;0.0
2023-05-14;VA;Holy See;0;26;0;0;0.0
2023-05-21;VA;Holy See;0;26;0;0;0.0
2023-05-28;VA;Holy See;0;26;0;0;0.0
2023-06-04;VA;Holy See;0;26;0;0;0.0
2023-06-11;VA;Holy See;0;26;0;0;0.0
2023-06-18;VA;Holy See;0;26;0;0;0.0
2023-06-25;VA;Holy See;0;26;0;0;0.0
2023-07-02;VA;Holy See;0;26;0;0;0.0
2023-07-09;VA;Holy See;0;26;0;0;0.0
2023-07-16;VA;Holy See;0;26;0;0;0.0
2023-07-23;VA;Holy See;0;26;0;0;0.0
2023-07-30;VA;Holy See;0;26;0;0;0.0
2023-08-06;VA;Holy See;0;26;0;0;0.0
2023-08-13;VA;Holy See;0;26;0;0;0.0
2023-08-20;VA;Holy See;0;26;0;0;0.0
2023-08-27;VA;Holy See;0;26;0;0;0.0
2023-09-03;VA;Holy See;0;26;0;0;0.0
2023-09-10;VA;Holy See;0;26;0;0;0.0
2023-09-17;VA;Holy See;0;26;0;0;0.0
2023-09-24;VA;Holy See;0;26;0;0;0.0
2023-10-01;VA;Holy See;0;26;0;0;0.0
2023-10-08;VA;Holy See;0;26;0;0;0.0
2023-10-15;VA;Holy See;0;26;0;0;0.0
2023-10-22;VA;Holy See;0;26;0;0;0.0
2023-10-29;VA;Holy See;0;26;0;0;0.0
2023-11-05;VA;Holy See;0;26;0;0;0.0
2023-11-12;VA;Holy See;0;26;0;0;0.0
2023-11-19;VA;Holy See;0;26;0;0;0.0
2023-11-26;VA;Holy See;0;26;0;0;0.0
2023-12-03;VA;Holy See;0;26;0;0;0.0
2023-12-10;VA;Holy See;0;26;0;0;0.0
2023-12-17;VA;Holy See;0;26;0;0;0.0
2023-12-24;VA;Holy See;0;26;0;0;0.0
2023-12-31;VA;Holy See;0;26;0;0;0.0
2024-01-07;VA;Holy See;0;26;0;0;0.0
2024-01-14;VA;Holy See;0;26;0;0;0.0
2024-01-21;VA;Holy See;0;26;0;0;0.0
2020-01-05;HN;Honduras;0;0;0;0;0.0
2020-01-12;HN;Honduras;0;0;0;0;0.0
2020-01-19;HN;Honduras;0;0;0;0;0.0
2020-01-26;HN;Honduras;0;0;0;0;0.0
2020-02-02;HN;Honduras;0;0;0;0;0.0
2020-02-09;HN;Honduras;0;0;0;0;0.0
2020-02-16;HN;Honduras;0;0;0;0;0.0
2020-02-23;HN;Honduras;0;0;0;0;0.0
2020-03-01;HN;Honduras;0;0;0;0;0.0
2020-03-08;HN;Honduras;0;0;0;0;0.0
2020-03-15;HN;Honduras;3;3;0;0;0.0
2020-03-22;HN;Honduras;21;24;0;0;0.0
2020-03-29;HN;Honduras;43;67;1;1;1.4925373134328357
2020-04-05;HN;Honduras;197;264;14;15;5.681818181818182
2020-04-12;HN;Honduras;128;392;9;24;6.122448979591836
2020-04-19;HN;Honduras;65;457;22;46;10.065645514223196
2020-04-26;HN;Honduras;134;591;9;55;9.30626057529611
2020-05-03;HN;Honduras;308;899;20;75;8.342602892102335
2020-05-10;HN;Honduras;872;1771;32;107;6.041784302653868
2020-05-17;HN;Honduras;689;2460;27;134;5.4471544715447155
2020-05-24;HN;Honduras;1017;3477;33;167;4.802991084268047
2020-05-31;HN;Honduras;1409;4886;32;199;4.072861236185019
2020-06-07;HN;Honduras;1085;5971;49;248;4.153408139340144
2020-06-14;HN;Honduras;2161;8132;58;306;3.762911952779144
2020-06-21;HN;Honduras;3126;11258;43;349;3.100017765144786
2020-06-28;HN;Honduras;4736;15994;122;471;2.944854320370139
2020-07-05;HN;Honduras;6122;22116;134;605;2.735576053535902
2020-07-12;HN;Honduras;4937;27053;145;750;2.7723357853103168
2020-07-19;HN;Honduras;4692;31745;107;857;2.6996377382264924
2020-07-26;HN;Honduras;5814;37559;204;1061;2.824888841555952
2020-08-02;HN;Honduras;4455;42014;276;1337;3.182272575808064
2020-08-09;HN;Honduras;4621;46635;128;1465;3.141417390372038
2020-08-16;HN;Honduras;2832;49467;83;1548;3.129358966583783
2020-08-23;HN;Honduras;3914;53381;84;1632;3.057267567111894
2020-08-30;HN;Honduras;5429;58810;195;1827;3.106614521339908
2020-09-06;HN;Honduras;4988;63798;157;1984;3.1098153547133136
2020-09-13;HN;Honduras;2251;66049;74;2058;3.1158685218549866
2020-09-20;HN;Honduras;4562;70611;88;2146;3.0391865290110607
2020-09-27;HN;Honduras;3229;73840;125;2271;3.0755687973997836
2020-10-04;HN;Honduras;4429;78269;115;2386;3.0484610765437146
2020-10-11;HN;Honduras;4283;82552;106;2492;3.0187033627289463
2020-10-18;HN;Honduras;4139;86691;64;2556;2.9484029484029484
2020-10-25;HN;Honduras;5191;91882;56;2612;2.8427766047756906
2020-11-01;HN;Honduras;5006;96888;57;2669;2.754727107588143
2020-11-08;HN;Honduras;2688;99576;72;2741;2.752671326424038
2020-11-15;HN;Honduras;2503;102079;79;2820;2.7625662477101067
2020-11-22;HN;Honduras;2100;104179;35;2855;2.740475527697521
2020-11-29;HN;Honduras;2955;107134;44;2899;2.7059570257807977
2020-12-06;HN;Honduras;2826;109960;42;2941;2.674608948708621
2020-12-13;HN;Honduras;3748;113708;30;2971;2.6128328701586523
2020-12-20;HN;Honduras;2504;116212;52;3023;2.601280418545417
2020-12-27;HN;Honduras;2447;118659;38;3061;2.579661045516986
2021-01-03;HN;Honduras;4315;122974;99;3160;2.5696488688665897
2021-01-10;HN;Honduras;3422;126396;106;3266;2.5839425298268934
2021-01-17;HN;Honduras;6016;132412;78;3344;2.52545086548047
2021-01-24;HN;Honduras;6770;139182;95;3439;2.470865485479444
2021-01-31;HN;Honduras;6928;146110;136;3575;2.446786667579221
2021-02-07;HN;Honduras;7143;153253;119;3694;2.4103932712573326
2021-02-14;HN;Honduras;5771;159024;154;3848;2.4197605392896673
2021-02-21;HN;Honduras;5053;164077;127;3975;2.4226430273591055
2021-02-28;HN;Honduras;4834;168911;142;4117;2.43737826429303
2021-03-07;HN;Honduras;4109;173020;130;4247;2.4546295225985433
2021-03-14;HN;Honduras;4148;177168;78;4325;2.441185767181432
2021-03-21;HN;Honduras;4189;181357;97;4422;2.4382847091647966
2021-03-28;HN;Honduras;4980;186337;114;4536;2.434299146170648
2021-04-04;HN;Honduras;3389;189726;86;4622;2.4361447561219864
2021-04-11;HN;Honduras;4822;194548;144;4766;2.4497810309023995
2021-04-18;HN;Honduras;5134;199682;168;4934;2.4709287767550405
2021-04-25;HN;Honduras;6014;205696;161;5095;2.4769562850031113
2021-05-02;HN;Honduras;6637;212333;186;5281;2.487131063000099
2021-05-09;HN;Honduras;5997;218330;304;5585;2.558054321440022
2021-05-16;HN;Honduras;6926;225256;352;5937;2.6356678623432894
2021-05-23;HN;Honduras;6304;231560;196;6133;2.6485576092589396
2021-05-30;HN;Honduras;4891;236451;151;6284;2.6576330825414147
2021-06-06;HN;Honduras;4588;241039;170;6454;2.6775749982368
2021-06-13;HN;Honduras;4656;245695;145;6599;2.685850342904821
2021-06-20;HN;Honduras;6271;251966;149;6748;2.6781391140074455
2021-06-27;HN;Honduras;6383;258349;154;6902;2.6715799170888994
2021-07-04;HN;Honduras;6825;265174;157;7059;2.662025688793019
2021-07-11;HN;Honduras;7556;272730;162;7221;2.6476735232647672
2021-07-18;HN;Honduras;6527;279257;206;7427;2.6595573253311464
2021-07-25;HN;Honduras;7378;286635;167;7594;2.6493624295707083
2021-08-01;HN;Honduras;10476;297111;240;7834;2.6367249950355256
2021-08-08;HN;Honduras;8825;305936;286;8120;2.6541498875581824
2021-08-15;HN;Honduras;10299;316235;253;8373;2.6477145161035307
2021-08-22;HN;Honduras;10595;326830;221;8594;2.629501575742741
2021-08-29;HN;Honduras;8568;335398;238;8832;2.633289405422811
2021-09-05;HN;Honduras;8409;343807;191;9023;2.624437547810254
2021-09-12;HN;Honduras;7072;350879;296;9319;2.6559013221081913
2021-09-19;HN;Honduras;6775;357654;172;9491;2.653682050249683
2021-09-26;HN;Honduras;5363;363017;188;9679;2.666266318106315
2021-10-03;HN;Honduras;4258;367275;176;9855;2.6832754747804777
2021-10-10;HN;Honduras;1755;369030;94;9949;2.695986776142861
2021-10-17;HN;Honduras;3149;372179;148;10097;2.712941890864342
2021-10-24;HN;Honduras;1969;374148;95;10192;2.7240557212653815
2021-10-31;HN;Honduras;1233;375381;48;10240;2.727895125219444
2021-11-07;HN;Honduras;900;376281;69;10309;2.739707824737364
2021-11-14;HN;Honduras;686;376967;44;10353;2.7463942467112505
2021-11-21;HN;Honduras;453;377420;35;10388;2.7523713634677547
2021-11-28;HN;Honduras;468;377888;15;10403;2.7529320856973496
2021-12-05;HN;Honduras;225;378113;10;10413;2.7539386373914674
2021-12-12;HN;Honduras;448;378561;8;10421;2.7527928127831447
2021-12-19;HN;Honduras;243;378804;7;10428;2.75287483764691
2021-12-26;HN;Honduras;269;379073;1;10429;2.751185127930504
2022-01-02;HN;Honduras;469;379542;5;10434;2.7491028660859667
2022-01-09;HN;Honduras;1712;381254;10;10444;2.7393810950180195
2022-01-16;HN;Honduras;2823;384077;10;10454;2.7218500456939623
2022-01-23;HN;Honduras;4359;388436;15;10469;2.6951672862453533
2022-01-30;HN;Honduras;3438;391874;35;10504;2.680453411045387
2022-02-06;HN;Honduras;7026;398900;47;10551;2.6450238154926047
2022-02-13;HN;Honduras;5864;404764;57;10608;2.6207864335761086
2022-02-20;HN;Honduras;3692;408456;63;10671;2.612521299723838
2022-02-27;HN;Honduras;3717;412173;104;10775;2.6141935546481694
2022-03-06;HN;Honduras;2138;414311;24;10799;2.606496086273355
2022-03-13;HN;Honduras;2418;416729;35;10834;2.599771074247293
2022-03-20;HN;Honduras;1571;418300;23;10857;2.595505617977528
2022-03-27;HN;Honduras;2321;420621;14;10871;2.5845119478104994
2022-04-03;HN;Honduras;549;421170;14;10885;2.5844670798015055
2022-04-10;HN;Honduras;489;421659;6;10891;2.5828928114898533
2022-04-17;HN;Honduras;0;421659;0;10891;2.5828928114898533
2022-04-24;HN;Honduras;886;422545;2;10893;2.5779502774852383
2022-05-01;HN;Honduras;634;423179;0;10893;2.5740880336689673
2022-05-08;HN;Honduras;700;423879;2;10895;2.5703089796852403
2022-05-15;HN;Honduras;568;424447;1;10896;2.5671049624570323
2022-05-22;HN;Honduras;412;424859;0;10896;2.564615554807595
2022-05-29;HN;Honduras;254;425113;3;10899;2.5637889220042673
2022-06-05;HN;Honduras;358;425471;1;10900;2.5618667312225747
2022-06-12;HN;Honduras;184;425655;2;10902;2.5612291644641787
2022-06-19;HN;Honduras;275;425930;1;10903;2.55981029746672
2022-06-26;HN;Honduras;949;426879;2;10905;2.554588068281644
2022-07-03;HN;Honduras;839;427718;1;10906;2.5498108566859474
2022-07-10;HN;Honduras;2130;429848;6;10912;2.5385717742085574
2022-07-17;HN;Honduras;2291;432139;7;10919;2.526733296462481
2022-07-24;HN;Honduras;2657;434796;11;10930;2.513822574264713
2022-07-31;HN;Honduras;5105;439901;2;10932;2.4851046030811474
2022-08-07;HN;Honduras;5370;445271;13;10945;2.458053634752768
2022-08-14;HN;Honduras;2094;447365;9;10954;2.4485599007521825
2022-08-21;HN;Honduras;3028;450393;11;10965;2.4345405012955355
2022-08-28;HN;Honduras;3600;453993;8;10973;2.4169976189060183
2022-09-04;HN;Honduras;786;454779;16;10989;2.41633848528626
2022-09-11;HN;Honduras;232;455011;0;10989;2.4151064479759827
2022-09-18;HN;Honduras;825;455836;3;10992;2.41139357137216
2022-09-25;HN;Honduras;500;456336;0;10992;2.408751446302724
2022-10-02;HN;Honduras;55;456391;1;10993;2.4086802763419963
2022-10-09;HN;Honduras;273;456664;3;10996;2.4078972723928316
2022-10-16;HN;Honduras;222;456886;11;11007;2.4091348826621957
2022-10-23;HN;Honduras;138;457024;30;11037;2.414971642627083
2022-10-30;HN;Honduras;110;457134;2;11039;2.4148280372932223
2022-11-06;HN;Honduras;128;457262;1;11040;2.4143707546220767
2022-11-13;HN;Honduras;144;457406;1;11041;2.4138292895152227
2022-11-20;HN;Honduras;102;457508;2;11043;2.4137282845327293
2022-11-27;HN;Honduras;515;458023;0;11043;2.4110142940420025
2022-12-04;HN;Honduras;898;458921;8;11051;2.408039727970609
2022-12-11;HN;Honduras;1793;460714;3;11054;2.3993193174073286
2022-12-18;HN;Honduras;2028;462742;6;11060;2.390100747284664
2022-12-25;HN;Honduras;943;463685;3;11063;2.3858869706805264
2023-01-01;HN;Honduras;2230;465915;8;11071;2.3761844971722312
2023-01-08;HN;Honduras;2429;468344;23;11094;2.3687716721042653
2023-01-15;HN;Honduras;886;469230;1;11095;2.3645120729706113
2023-01-22;HN;Honduras;960;470190;7;11102;2.361173142772071
2023-01-29;HN;Honduras;366;470556;2;11104;2.3597616436725914
2023-02-05;HN;Honduras;384;470940;0;11104;2.357837516456449
2023-02-12;HN;Honduras;477;471417;5;11109;2.3565123871222293
2023-02-19;HN;Honduras;347;471764;0;11109;2.354779084457483
2023-02-26;HN;Honduras;352;472116;2;11111;2.3534470342034584
2023-03-05;HN;Honduras;134;472250;0;11111;2.352779248279513
2023-03-12;HN;Honduras;58;472308;0;11111;2.3524903241105384
2023-03-19;HN;Honduras;32;472340;0;11111;2.352330948045899
2023-03-26;HN;Honduras;103;472443;0;11111;2.3518181029245855
2023-04-02;HN;Honduras;24;472467;0;11111;2.3516986371534943
2023-04-09;HN;Honduras;0;472467;0;11111;2.3516986371534943
2023-04-16;HN;Honduras;18;472485;0;11111;2.3516090457898136
2023-04-23;HN;Honduras;48;472533;1;11112;2.3515817942873833
2023-04-30;HN;Honduras;0;472533;0;11112;2.3515817942873833
2023-05-07;HN;Honduras;0;472533;0;11112;2.3515817942873833
2023-05-14;HN;Honduras;61;472594;2;11114;2.351701460450196
2023-05-21;HN;Honduras;0;472594;0;11114;2.351701460450196
2023-05-28;HN;Honduras;0;472594;0;11114;2.351701460450196
2023-06-04;HN;Honduras;4;472598;0;11114;2.3516815559947357
2023-06-11;HN;Honduras;2;472600;0;11114;2.351671603893356
2023-06-18;HN;Honduras;2;472602;0;11114;2.3516616518762086
2023-06-25;HN;Honduras;3;472605;0;11114;2.351646724008422
2023-07-02;HN;Honduras;15;472620;0;11114;2.3515720875121664
2023-07-09;HN;Honduras;8;472628;0;11114;2.351532283317958
2023-07-16;HN;Honduras;29;472657;0;11114;2.351388004409117
2023-07-23;HN;Honduras;28;472685;0;11114;2.351248717433386
2023-07-30;HN;Honduras;31;472716;0;11114;2.351094526100238
2023-08-06;HN;Honduras;3;472719;0;11114;2.351079605431557
2023-08-13;HN;Honduras;9;472728;0;11114;2.3510348445617777
2023-08-20;HN;Honduras;5;472733;0;11114;2.351009978148342
2023-08-27;HN;Honduras;1;472734;0;11114;2.351005004928776
2023-09-03;HN;Honduras;3;472737;0;11114;2.3509900853963197
2023-09-10;HN;Honduras;2;472739;0;11114;2.3509801391465484
2023-09-17;HN;Honduras;0;472739;0;11114;2.3509801391465484
2023-09-24;HN;Honduras;1;472740;0;11114;2.350975166053222
2023-10-01;HN;Honduras;2;472742;0;11114;2.350965219929687
2023-10-08;HN;Honduras;0;472742;0;11114;2.350965219929687
2023-10-15;HN;Honduras;0;472742;0;11114;2.350965219929687
2023-10-22;HN;Honduras;0;472742;0;11114;2.350965219929687
2023-10-29;HN;Honduras;1;472743;0;11114;2.3509602468994784
2023-11-05;HN;Honduras;0;472743;0;11114;2.3509602468994784
2023-11-12;HN;Honduras;0;472743;0;11114;2.3509602468994784
2023-11-19;HN;Honduras;0;472743;0;11114;2.3509602468994784
2023-11-26;HN;Honduras;0;472743;0;11114;2.3509602468994784
2023-12-03;HN;Honduras;0;472743;0;11114;2.3509602468994784
2023-12-10;HN;Honduras;0;472743;0;11114;2.3509602468994784
2023-12-17;HN;Honduras;0;472743;0;11114;2.3509602468994784
2023-12-24;HN;Honduras;0;472743;0;11114;2.3509602468994784
2023-12-31;HN;Honduras;0;472743;0;11114;2.3509602468994784
2024-01-07;HN;Honduras;0;472743;0;11114;2.3509602468994784
2024-01-14;HN;Honduras;0;472743;0;11114;2.3509602468994784
2024-01-21;HN;Honduras;0;472743;0;11114;2.3509602468994784
2020-01-05;HU;Hungary;0;0;0;0;0.0
2020-01-12;HU;Hungary;0;0;0;0;0.0
2020-01-19;HU;Hungary;0;0;0;0;0.0
2020-01-26;HU;Hungary;0;0;0;0;0.0
2020-02-02;HU;Hungary;0;0;0;0;0.0
2020-02-09;HU;Hungary;0;0;0;0;0.0
2020-02-16;HU;Hungary;0;0;0;0;0.0
2020-02-23;HU;Hungary;0;0;0;0;0.0
2020-03-01;HU;Hungary;0;0;0;0;0.0
2020-03-08;HU;Hungary;7;7;0;0;0.0
2020-03-15;HU;Hungary;24;31;0;0;0.0
2020-03-22;HU;Hungary;100;131;4;4;3.0534351145038165
2020-03-29;HU;Hungary;277;408;9;13;3.1862745098039214
2020-04-05;HU;Hungary;325;733;21;34;4.638472032742155
2020-04-12;HU;Hungary;677;1410;65;99;7.021276595744681
2020-04-19;HU;Hungary;506;1916;90;189;9.864300626304802
2020-04-26;HU;Hungary;584;2500;83;272;10.879999999999999
2020-05-03;HU;Hungary;498;2998;68;340;11.34089392928619
2020-08-23;HU;Hungary;256;5133;4;611;11.903370348723943
2020-08-30;HU;Hungary;536;5669;3;614;10.830834362321397
2020-09-06;HU;Hungary;2223;7892;10;624;7.906741003547897
2020-09-13;HU;Hungary;3933;11825;9;633;5.353065539112051
2020-09-20;HU;Hungary;6165;17990;50;683;3.7965536409116174
2020-09-27;HU;Hungary;6024;24014;53;736;3.064878820687932
2020-10-04;HU;Hungary;6561;30575;86;822;2.6884709730171705
2020-10-11;HU;Hungary;7089;37664;132;954;2.532922684791844
2020-10-18;HU;Hungary;8626;46290;188;1142;2.467055519550659
2020-10-25;HU;Hungary;12957;59247;283;1425;2.405185072661907
2020-11-01;HU;Hungary;19952;79199;394;1819;2.296746171037513
2020-11-08;HU;Hungary;30417;109616;619;2438;2.2241278645453217
2020-11-15;HU;Hungary;31345;140961;659;3097;2.197061598598194
2020-11-22;HU;Hungary;33657;174618;703;3800;2.1761788589950632
2020-11-29;HU;Hungary;36909;211527;872;4672;2.208701489644348
2020-12-06;HU;Hungary;38751;250278;1196;5868;2.344592812792175
2020-12-13;HU;Hungary;30122;280400;1097;6965;2.4839514978602
2020-12-20;HU;Hungary;22589;302989;1134;8099;2.6730343345798033
2020-12-27;HU;Hungary;13071;316060;948;9047;2.862431183952414
2021-01-03;HU;Hungary;11935;327995;837;9884;3.0134605710452904
2021-01-10;HU;Hungary;14242;342237;764;10648;3.1112942200872493
2021-01-17;HU;Hungary;9591;351828;693;11341;3.223450094932751
2021-01-24;HU;Hungary;7746;359574;627;11968;3.3283830310311644
2021-01-31;HU;Hungary;8012;367586;556;12524;3.4070938501466324
2021-02-07;HU;Hungary;8909;376495;566;13090;3.476805800873849
2021-02-14;HU;Hungary;10967;387462;616;13706;3.537379149439171
2021-02-21;HU;Hungary;15561;403023;593;14299;3.547936470127015
2021-02-28;HU;Hungary;25576;428599;675;14974;3.493708571415239
2021-03-07;HU;Hungary;37418;466017;899;15873;3.406098919138143
2021-03-14;HU;Hungary;50473;516490;1079;16952;3.2821545431663735
2021-03-21;HU;Hungary;55106;571596;1310;18262;3.1949138902301626
2021-03-28;HU;Hungary;62265;633861;1710;19972;3.150848529882735
2021-04-04;HU;Hungary;52118;685979;1743;21715;3.165548799598822
2021-04-11;HU;Hungary;34185;720164;1702;23417;3.2516204642275928
2021-04-18;HU;Hungary;30344;750508;1767;25184;3.3555938111252646
2021-04-25;HU;Hungary;19010;769518;1441;26625;3.4599580516635084
2021-05-02;HU;Hungary;13374;782892;1177;27802;3.551192246184659
2021-05-09;HU;Hungary;8817;791709;800;28602;3.612691026627208
2021-05-16;HU;Hungary;6438;798147;573;29175;3.655341685178294
2021-05-23;HU;Hungary;3941;802088;344;29519;3.680269496613838
2021-05-30;HU;Hungary;1944;804032;190;29709;3.6950021889676035
2021-06-06;HU;Hungary;1976;806008;146;29855;3.704057527964983
2021-06-13;HU;Hungary;782;806790;50;29905;3.7066646834988037
2021-06-20;HU;Hungary;638;807428;46;29951;3.70943291538069
2021-06-27;HU;Hungary;482;807910;30;29981;3.710933148494263
2021-07-04;HU;Hungary;287;808197;11;29992;3.710976407979737
2021-07-11;HU;Hungary;240;808437;12;30004;3.7113590793098292
2021-07-18;HU;Hungary;288;808725;11;30015;3.7113975702494666
2021-07-25;HU;Hungary;376;809101;5;30020;3.7102908042382845
2021-08-01;HU;Hungary;390;809491;6;30026;3.7092444511427547
2021-08-08;HU;Hungary;364;809855;7;30033;3.708441634613604
2021-08-15;HU;Hungary;461;810316;5;30038;3.706948894011719
2021-08-22;HU;Hungary;465;810781;8;30046;3.7058095835990237
2021-08-29;HU;Hungary;925;811706;11;30057;3.7029417054943536
2021-09-05;HU;Hungary;1334;813040;4;30061;3.6973580635639083
2021-09-12;HU;Hungary;1692;814732;25;30086;3.6927480447558216
2021-09-19;HU;Hungary;2427;817159;37;30123;3.686308294958509
2021-09-26;HU;Hungary;2919;820078;28;30151;3.676601494004229
2021-10-03;HU;Hungary;3306;823384;48;30199;3.6676690341323126
2021-10-10;HU;Hungary;4026;827410;76;30275;3.6590082305024114
2021-10-17;HU;Hungary;5705;833115;76;30351;3.643074485515205
2021-10-24;HU;Hungary;10710;843825;141;30492;3.613545462625544
2021-10-31;HU;Hungary;19594;863419;237;30729;3.5589904785509696
2021-11-07;HU;Hungary;28745;892164;455;31184;3.4953214879775465
2021-11-14;HU;Hungary;47620;939784;683;31867;3.390885565193704
2021-11-21;HU;Hungary;58704;998488;913;32780;3.282963841328088
2021-11-28;HU;Hungary;70400;1068888;1086;33866;3.1683394331305057
2021-12-05;HU;Hungary;65981;1134869;1256;35122;3.0948065371421722
2021-12-12;HU;Hungary;48053;1182922;1307;36429;3.0795775207494662
2021-12-19;HU;Hungary;35373;1218295;1101;37530;3.0805346816657706
2021-12-26;HU;Hungary;19035;1237330;777;38307;3.095940452425788
2022-01-02;HU;Hungary;19085;1256415;879;39186;3.1188739389453324
2022-01-09;HU;Hungary;26542;1282957;594;39780;3.1006495151435316
2022-01-16;HU;Hungary;44057;1327014;457;40237;3.032145855281105
2022-01-23;HU;Hungary;74443;1401457;585;40822;2.912825723514885
2022-01-30;HU;Hungary;106901;1508358;407;41229;2.7333696642309055
2022-02-06;HU;Hungary;108488;1616846;512;41741;2.5816311510187115
2022-02-13;HU;Hungary;79145;1695991;619;42360;2.4976547634981556
2022-02-20;HU;Hungary;50433;1746424;706;43066;2.4659532851128936
2022-02-27;HU;Hungary;32750;1779174;686;43752;2.459118669674804
2022-03-06;HU;Hungary;20872;1800046;534;44286;2.460270459754917
2022-03-13;HU;Hungary;14316;1814362;367;44653;2.4610854945154275
2022-03-20;HU;Hungary;9727;1824089;308;44961;2.4648468358725917
2022-03-27;HU;Hungary;15269;1839358;297;45258;2.4605324249004275
2022-04-03;HU;Hungary;14840;1854198;252;45510;2.454430432995829
2022-04-10;HU;Hungary;13809;1868007;211;45721;2.4475818345434464
2022-04-17;HU;Hungary;11473;1879480;144;45865;2.4403026368995677
2022-04-24;HU;Hungary;11473;1890953;183;46048;2.4351742216755254
2022-05-01;HU;Hungary;10064;1901017;153;46201;2.4303307124554907
2022-05-08;HU;Hungary;2183;1903200;65;46266;2.4309583858764188
2022-05-15;HU;Hungary;6748;1909948;77;46343;2.426401137622595
2022-05-22;HU;Hungary;4749;1914697;103;46446;2.4257624052265188
2022-05-29;HU;Hungary;3080;1917777;61;46507;2.425047333449092
2022-06-05;HU;Hungary;2063;1919840;40;46547;2.424524960413368
2022-06-12;HU;Hungary;1646;1921486;24;46571;2.42369707611713
2022-06-19;HU;Hungary;1636;1923122;23;46594;2.4228312088364645
2022-06-26;HU;Hungary;1961;1925083;32;46626;2.42202543994207
2022-07-03;HU;Hungary;3042;1928125;21;46647;2.419293354943274
2022-07-10;HU;Hungary;4663;1932788;14;46661;2.414180965527518
2022-07-17;HU;Hungary;8036;1940824;35;46696;2.4059883843151155
2022-07-24;HU;Hungary;10255;1951079;40;46736;2.3953924982022765
2022-07-31;HU;Hungary;14402;1965481;54;46790;2.3805877543461373
2022-08-07;HU;Hungary;21840;1987321;96;46886;2.359256506623741
2022-08-14;HU;Hungary;18078;2005399;80;46966;2.3419778308456323
2022-08-21;HU;Hungary;16249;2021648;117;47083;2.328941536805616
2022-08-28;HU;Hungary;14742;2036390;108;47191;2.3173851767097657
2022-09-04;HU;Hungary;12157;2048547;100;47291;2.3085142786570185
2022-09-11;HU;Hungary;10300;2058847;76;47367;2.300656629657279
2022-09-18;HU;Hungary;11596;2070443;42;47409;2.2897998157882156
2022-09-25;HU;Hungary;12307;2082750;48;47457;2.2785740007202016
2022-10-02;HU;Hungary;11392;2094142;46;47503;2.2683753059725653
2022-10-09;HU;Hungary;13765;2107907;73;47576;2.2570255708624716
2022-10-16;HU;Hungary;12636;2120543;104;47680;2.2484806957463253
2022-10-23;HU;Hungary;11947;2132490;118;47798;2.24141731028047
2022-10-30;HU;Hungary;9023;2141513;140;47938;2.238510809880678
2022-11-06;HU;Hungary;7495;2149008;81;48019;2.2344728358386754
2022-11-13;HU;Hungary;4556;2153564;92;48111;2.234017656312977
2022-11-20;HU;Hungary;4431;2157995;73;48184;2.2328133290392236
2022-11-27;HU;Hungary;4098;2162093;61;48245;2.231402626991531
2022-12-04;HU;Hungary;4259;2166352;42;48287;2.228954482004771
2022-12-11;HU;Hungary;4704;2171056;50;48337;2.226428060814645
2022-12-18;HU;Hungary;5193;2176249;43;48380;2.2230911995824005
2022-12-25;HU;Hungary;5170;2181419;59;48439;2.220527097270171
2023-01-01;HU;Hungary;4397;2185816;56;48495;2.2186222445073143
2023-01-08;HU;Hungary;2921;2188737;65;48560;2.21863111008769
2023-01-15;HU;Hungary;1596;2190333;44;48604;2.219023317459035
2023-01-22;HU;Hungary;866;2191199;17;48621;2.2189221517534463
2023-01-29;HU;Hungary;627;2191826;17;48638;2.2190630095637154
2023-02-05;HU;Hungary;621;2192447;9;48647;2.2188449709388642
2023-02-12;HU;Hungary;825;2193272;8;48655;2.2183751034983348
2023-02-19;HU;Hungary;830;2194102;9;48664;2.2179461118945243
2023-02-26;HU;Hungary;867;2194969;6;48670;2.217343388448766
2023-03-05;HU;Hungary;957;2195926;11;48681;2.216877982227088
2023-03-12;HU;Hungary;878;2196804;12;48693;2.216538207323002
2023-03-19;HU;Hungary;1016;2197820;16;48709;2.216241548443458
2023-03-26;HU;Hungary;641;2198461;11;48720;2.2160957142291813
2023-04-02;HU;Hungary;685;2199146;10;48730;2.215860156624435
2023-04-09;HU;Hungary;618;2199764;15;48745;2.21591952591278
2023-04-16;HU;Hungary;447;2200211;8;48753;2.215832936022954
2023-04-23;HU;Hungary;528;2200739;11;48764;2.215801146796599
2023-04-30;HU;Hungary;616;2201355;6;48770;2.2154536637661804
2023-05-07;HU;Hungary;469;2201824;8;48778;2.2153450957024723
2023-05-14;HU;Hungary;355;2202179;4;48782;2.215169611552921
2023-05-21;HU;Hungary;312;2202491;4;48786;2.215037428075756
2023-05-28;HU;Hungary;225;2202716;5;48791;2.2150381619782125
2023-06-04;HU;Hungary;171;2202887;3;48794;2.2150024036639193
2023-06-11;HU;Hungary;103;2202990;1;48795;2.2149442348807757
2023-06-18;HU;Hungary;92;2203082;2;48797;2.2149425214313405
2023-06-25;HU;Hungary;47;2203129;0;48797;2.214895269410007
2023-07-02;HU;Hungary;42;2203171;1;48798;2.2148984350284207
2023-07-09;HU;Hungary;29;2203200;1;48799;2.2149146695715323
2023-07-16;HU;Hungary;22;2203222;0;48799;2.2148925528158303
2023-07-23;HU;Hungary;40;2203262;0;48799;2.214852341664314
2023-07-30;HU;Hungary;27;2203289;1;48800;2.214870586654769
2023-08-06;HU;Hungary;26;2203315;1;48801;2.214889836450984
2023-08-13;HU;Hungary;41;2203356;1;48802;2.214894007141833
2023-08-20;HU;Hungary;85;2203441;0;48802;2.2148085653303173
2023-08-27;HU;Hungary;123;2203564;1;48803;2.2147303187018847
2023-09-03;HU;Hungary;197;2203761;0;48803;2.2145323381255952
2023-09-10;HU;Hungary;329;2204090;0;48803;2.214201779419171
2023-09-17;HU;Hungary;398;2204488;3;48806;2.2139381117066637
2023-09-24;HU;Hungary;834;2205322;1;48807;2.2131461981515623
2023-10-01;HU;Hungary;989;2206311;5;48812;2.212380756837998
2023-10-08;HU;Hungary;869;2207180;3;48815;2.2116456292644915
2023-10-15;HU;Hungary;789;2207969;4;48819;2.2110364774143116
2023-10-22;HU;Hungary;981;2208950;3;48822;2.2101903619366667
2023-10-29;HU;Hungary;1022;2209972;9;48831;2.2095755059340116
2023-11-05;HU;Hungary;874;2210846;10;48841;2.2091543237294684
2023-11-12;HU;Hungary;984;2211830;13;48854;2.208759262691979
2023-11-19;HU;Hungary;1216;2213046;15;48869;2.2082234169556347
2023-11-26;HU;Hungary;1675;2214721;17;48886;2.207320922138725
2023-12-03;HU;Hungary;2463;2217184;16;48902;2.205590514815189
2023-12-10;HU;Hungary;3036;2220220;20;48922;2.203475331273477
2023-12-17;HU;Hungary;3611;2223831;24;48946;2.2009766029882667
2023-12-24;HU;Hungary;2254;2226085;21;48967;2.1996913864475074
2023-12-31;HU;Hungary;1074;2227159;23;48990;2.1996633379116624
2024-01-07;HU;Hungary;1047;2228206;15;49005;2.1993029369815895
2024-01-14;HU;Hungary;622;2228828;8;49013;2.1990481095894343
2024-01-21;HU;Hungary;439;2229267;0;49013;2.1986150604660635
2020-01-05;IS;Iceland;0;0;0;0;0.0
2020-01-12;IS;Iceland;0;0;0;0;0.0
2020-01-19;IS;Iceland;0;0;0;0;0.0
2020-01-26;IS;Iceland;0;0;0;0;0.0
2020-02-02;IS;Iceland;0;0;0;0;0.0
2020-02-09;IS;Iceland;15;15;0;0;0.0
2020-02-16;IS;Iceland;0;15;0;0;0.0
2020-02-23;IS;Iceland;0;15;0;0;0.0
2020-03-01;IS;Iceland;7;22;0;0;0.0
2020-03-08;IS;Iceland;53;75;0;0;0.0
2020-03-15;IS;Iceland;117;192;0;0;0.0
2020-03-22;IS;Iceland;461;653;1;1;0.1531393568147014
2020-03-29;IS;Iceland;509;1162;1;2;0.17211703958691912
2020-04-05;IS;Iceland;440;1602;4;6;0.37453183520599254
2020-04-12;IS;Iceland;135;1737;2;8;0.4605641911341394
2020-04-19;IS;Iceland;53;1790;1;9;0.5027932960893855
2020-04-26;IS;Iceland;16;1806;1;10;0.5537098560354374
2020-05-03;IS;Iceland;7;1813;0;10;0.5515719801434087
2020-05-10;IS;Iceland;2;1815;0;10;0.5509641873278237
2020-05-17;IS;Iceland;1;1816;0;10;0.5506607929515419
2020-05-24;IS;Iceland;2;1818;0;10;0.5500550055005501
2020-05-31;IS;Iceland;2;1820;0;10;0.5494505494505495
2020-06-07;IS;Iceland;1;1821;0;10;0.5491488193300385
2020-06-14;IS;Iceland;2;1823;0;10;0.5485463521667581
2020-06-21;IS;Iceland;5;1828;0;10;0.5470459518599562
2020-06-28;IS;Iceland;6;1834;0;10;0.5452562704471101
2020-07-05;IS;Iceland;9;1843;0;10;0.5425935973955507
2020-07-12;IS;Iceland;3;1846;0;10;0.5417118093174431
2020-07-19;IS;Iceland;6;1852;0;10;0.5399568034557235
2020-07-26;IS;Iceland;16;1868;0;10;0.5353319057815845
2020-08-02;IS;Iceland;59;1927;0;10;0.5189413596263622
2020-08-09;IS;Iceland;47;1974;0;10;0.5065856129685917
2020-08-16;IS;Iceland;54;2028;0;10;0.4930966469428008
2020-08-23;IS;Iceland;55;2083;0;10;0.4800768122899664
2020-08-30;IS;Iceland;41;2124;0;10;0.4708097928436911
2020-09-06;IS;Iceland;32;2156;0;10;0.463821892393321
2020-09-13;IS;Iceland;25;2181;0;10;0.4585052728106373
2020-09-20;IS;Iceland;212;2393;0;10;0.41788549937317176
2020-09-27;IS;Iceland;280;2673;0;10;0.3741114852225963
2020-10-04;IS;Iceland;321;2994;0;10;0.33400133600534404
2020-10-11;IS;Iceland;603;3597;1;11;0.3058103975535168
2020-10-18;IS;Iceland;532;4129;1;12;0.290627270525551
2020-10-25;IS;Iceland;397;4526;0;12;0.26513477684489617
2020-11-01;IS;Iceland;408;4934;5;17;0.3445480340494528
2020-11-08;IS;Iceland;174;5108;7;24;0.4698512137823023
2020-11-15;IS;Iceland;108;5216;1;25;0.47929447852760737
2020-11-22;IS;Iceland;80;5296;1;26;0.49093655589123864
2020-11-29;IS;Iceland;107;5403;0;26;0.48121414029243015
2020-12-06;IS;Iceland;105;5508;1;27;0.49019607843137253
2020-12-13;IS;Iceland;64;5572;1;28;0.5025125628140703
2020-12-20;IS;Iceland;89;5661;0;28;0.4946122593181417
2020-12-27;IS;Iceland;82;5743;0;28;0.48755006094375763
2021-01-03;IS;Iceland;73;5816;1;29;0.498624484181568
2021-01-10;IS;Iceland;102;5918;0;29;0.4900304156809733
2021-01-17;IS;Iceland;70;5988;0;29;0.48430193720774883
2021-01-24;IS;Iceland;19;6007;0;29;0.4827701015481938
2021-01-31;IS;Iceland;22;6029;0;29;0.48100845911428103
2021-02-07;IS;Iceland;12;6041;0;29;0.4800529713623572
2021-02-14;IS;Iceland;15;6056;0;29;0.47886393659180976
2021-02-21;IS;Iceland;10;6066;0;29;0.4780745136828223
2021-02-28;IS;Iceland;10;6076;0;29;0.47728768926925613
2021-03-07;IS;Iceland;11;6087;0;29;0.4764251683916544
2021-03-14;IS;Iceland;19;6106;0;29;0.4749426793318048
2021-03-21;IS;Iceland;38;6144;0;29;0.4720052083333333
2021-03-28;IS;Iceland;61;6205;0;29;0.4673650282030621
2021-04-04;IS;Iceland;50;6255;0;29;0.46362909672262187
2021-04-11;IS;Iceland;34;6289;0;29;0.46112259500715536
2021-04-18;IS;Iceland;62;6351;0;29;0.45662100456621
2021-04-25;IS;Iceland;65;6416;0;29;0.45199501246882795
2021-05-02;IS;Iceland;54;6470;0;29;0.4482225656877898
2021-05-09;IS;Iceland;35;6505;0;29;0.4458109146810146
2021-05-16;IS;Iceland;30;6535;0;29;0.4437643458301454
2021-05-23;IS;Iceland;7;6542;1;30;0.45857535921736475
2021-05-30;IS;Iceland;30;6572;0;30;0.4564820450395618
2021-06-06;IS;Iceland;28;6600;0;30;0.45454545454545453
2021-06-13;IS;Iceland;11;6611;0;30;0.4537891393132658
2021-06-20;IS;Iceland;10;6621;0;30;0.4531037607612143
2021-06-27;IS;Iceland;17;6638;0;30;0.4519433564326604
2021-07-04;IS;Iceland;16;6654;0;30;0.4508566275924256
2021-07-11;IS;Iceland;25;6679;0;30;0.44916903728103014
2021-07-18;IS;Iceland;99;6778;0;30;0.4426084390675715
2021-07-25;IS;Iceland;519;7297;0;30;0.4111278607646978
2021-08-01;IS;Iceland;815;8112;0;30;0.3698224852071006
2021-08-08;IS;Iceland;776;8888;0;30;0.33753375337533753
2021-08-15;IS;Iceland;680;9568;0;30;0.31354515050167225
2021-08-22;IS;Iceland;605;10173;0;30;0.29489826010026543
2021-08-29;IS;Iceland;525;10698;3;33;0.3084688726864835
2021-09-05;IS;Iceland;355;11053;0;33;0.29856147652221116
2021-09-12;IS;Iceland;219;11272;0;33;0.2927608232789212
2021-09-19;IS;Iceland;189;11461;0;33;0.2879329901404764
2021-09-26;IS;Iceland;251;11712;0;33;0.2817622950819672
2021-10-03;IS;Iceland;235;11947;0;33;0.2762199715409726
2021-10-10;IS;Iceland;285;12232;0;33;0.2697841726618705
2021-10-17;IS;Iceland;373;12605;0;33;0.2618008726695755
2021-10-24;IS;Iceland;525;13130;0;33;0.25133282559025133
2021-10-31;IS;Iceland;601;13731;1;34;0.24761488602432452
2021-11-07;IS;Iceland;827;14558;0;34;0.2335485643632367
2021-11-14;IS;Iceland;1175;15733;0;34;0.21610627343799657
2021-11-21;IS;Iceland;1058;16791;0;34;0.20248942886069918
2021-11-28;IS;Iceland;975;17766;1;35;0.1970055161544523
2021-12-05;IS;Iceland;868;18634;0;35;0.18782870022539444
2021-12-12;IS;Iceland;901;19535;1;36;0.18428461735346813
2021-12-19;IS;Iceland;1352;20887;1;37;0.17714367788576627
2021-12-26;IS;Iceland;3319;24206;0;37;0.1528546641328596
2022-01-02;IS;Iceland;6853;31059;1;38;0.12234778969058888
2022-01-09;IS;Iceland;8921;39980;3;41;0.10255127563781892
2022-01-16;IS;Iceland;131;40111;0;41;0.10221634962977737
2022-01-23;IS;Iceland;9874;49985;0;41;0.08202460738221466
2022-01-30;IS;Iceland;9188;59173;2;43;0.07266827776181704
2022-02-06;IS;Iceland;10475;69648;3;46;0.0660464047783138
2022-02-13;IS;Iceland;13792;83440;5;51;0.06112176414189838
2022-02-20;IS;Iceland;17366;100806;5;56;0.055552248874074964
2022-02-27;IS;Iceland;13322;114128;3;59;0.051696340950511704
2022-03-06;IS;Iceland;16895;131023;8;67;0.05113606008105447
2022-03-13;IS;Iceland;19640;150663;6;73;0.048452506587549696
2022-03-20;IS;Iceland;13313;163976;10;83;0.050617163487339606
2022-03-27;IS;Iceland;7342;171318;4;87;0.05078275487689559
2022-04-03;IS;Iceland;3024;174342;8;95;0.05449059893772011
2022-04-10;IS;Iceland;1622;175964;9;104;0.05910299834056966
2022-04-17;IS;Iceland;875;176839;1;105;0.05937604261503401
2022-04-24;IS;Iceland;866;177705;5;110;0.06190034045187248
2022-05-01;IS;Iceland;551;178256;0;110;0.06170900278251503
2022-05-08;IS;Iceland;451;178707;1;111;0.06211284392888919
2022-05-15;IS;Iceland;778;179485;0;111;0.061843608100955516
2022-05-22;IS;Iceland;863;180348;0;111;0.06154767449597445
2022-05-29;IS;Iceland;809;181157;0;111;0.06127281860485657
2022-06-05;IS;Iceland;1159;182316;0;111;0.06088330152043705
2022-06-12;IS;Iceland;1412;183728;0;111;0.0604153966733432
2022-06-19;IS;Iceland;1535;185263;2;113;0.0609943701656564
2022-06-26;IS;Iceland;2409;187672;2;115;0.06127712178694744
2022-07-03;IS;Iceland;3196;190868;2;117;0.06129890814594379
2022-07-10;IS;Iceland;3196;194064;0;117;0.060289389067524124
2022-07-17;IS;Iceland;2338;196402;0;117;0.05957169478925877
2022-07-24;IS;Iceland;1695;198097;0;117;0.05906197468916743
2022-07-31;IS;Iceland;1337;199434;0;117;0.058666024850326425
2022-08-07;IS;Iceland;803;200237;0;117;0.05843075954993333
2022-08-14;IS;Iceland;860;201097;0;117;0.058180877884801856
2022-08-21;IS;Iceland;717;201814;0;117;0.05797417423964641
2022-08-28;IS;Iceland;547;202361;0;117;0.0578174648277089
2022-09-04;IS;Iceland;424;202785;0;117;0.057696575190472665
2022-09-11;IS;Iceland;357;203142;0;117;0.057595179726496734
2022-09-18;IS;Iceland;250;203392;0;117;0.057524386406544996
2022-09-25;IS;Iceland;239;203631;0;117;0.05745687051578591
2022-10-02;IS;Iceland;240;203871;0;117;0.05738923142575452
2022-10-09;IS;Iceland;188;204059;0;117;0.057336358602168985
2022-10-16;IS;Iceland;217;204276;0;117;0.05727545086060036
2022-10-23;IS;Iceland;324;204600;0;117;0.05718475073313783
2022-10-30;IS;Iceland;295;204895;0;117;0.05710241831181825
2022-11-06;IS;Iceland;305;205200;0;117;0.05701754385964912
2022-11-13;IS;Iceland;310;205510;69;186;0.09050654469368886
2022-11-20;IS;Iceland;276;205786;0;186;0.09038515739651871
2022-11-27;IS;Iceland;274;206060;0;186;0.09026497136756284
2022-12-04;IS;Iceland;207;206267;0;186;0.09017438562639686
2022-12-11;IS;Iceland;207;206474;0;186;0.09008398151825411
2022-12-18;IS;Iceland;384;206858;0;186;0.08991675448858637
2022-12-25;IS;Iceland;355;207213;0;186;0.08976270793820851
2023-01-01;IS;Iceland;223;207436;0;186;0.0896662103010085
2023-01-08;IS;Iceland;192;207628;0;186;0.08958329319744929
2023-01-15;IS;Iceland;0;207628;0;186;0.08958329319744929
2023-01-22;IS;Iceland;76;207704;0;186;0.08955051419327505
2023-01-29;IS;Iceland;105;207809;0;186;0.08950526685562224
2023-02-05;IS;Iceland;190;207999;0;186;0.0894235068437829
2023-02-12;IS;Iceland;115;208114;0;186;0.08937409304515795
2023-02-19;IS;Iceland;101;208215;0;186;0.08933073986024062
2023-02-26;IS;Iceland;117;208332;0;186;0.08928057139565693
2023-03-05;IS;Iceland;75;208407;0;186;0.08924844175099685
2023-03-12;IS;Iceland;32;208439;0;186;0.0892347401398011
2023-03-19;IS;Iceland;44;208483;0;186;0.08921590729220129
2023-03-26;IS;Iceland;28;208511;0;186;0.08920392689114723
2023-04-02;IS;Iceland;37;208548;0;186;0.08918810058116117
2023-04-09;IS;Iceland;28;208576;0;186;0.08917612764651733
2023-04-16;IS;Iceland;16;208592;0;186;0.08916928741274834
2023-04-23;IS;Iceland;8;208600;0;186;0.08916586768935762
2023-04-30;IS;Iceland;10;208610;0;186;0.08916159340395954
2023-05-07;IS;Iceland;10;208620;0;186;0.08915731952832902
2023-05-14;IS;Iceland;10;208630;0;186;0.08915304606240713
2023-05-21;IS;Iceland;16;208646;0;186;0.08914620936897905
2023-05-28;IS;Iceland;19;208665;0;186;0.0891380921572856
2023-06-04;IS;Iceland;23;208688;0;186;0.08912826803649468
2023-06-11;IS;Iceland;19;208707;0;186;0.08912015409162126
2023-06-18;IS;Iceland;21;208728;0;186;0.08911118776589629
2023-06-25;IS;Iceland;7;208735;0;186;0.08910819939157305
2023-07-02;IS;Iceland;8;208743;0;186;0.08910478435205012
2023-07-09;IS;Iceland;8;208751;0;186;0.08910136957427749
2023-07-16;IS;Iceland;6;208757;0;186;0.08909880866270353
2023-07-23;IS;Iceland;35;208792;0;186;0.08908387294532358
2023-07-30;IS;Iceland;22;208814;0;186;0.0890744873428027
2023-08-06;IS;Iceland;31;208845;0;186;0.08906126553185377
2023-08-13;IS;Iceland;38;208883;0;186;0.08904506350444986
2023-08-20;IS;Iceland;32;208915;0;186;0.08903142426345642
2023-08-27;IS;Iceland;42;208957;0;186;0.08901352909928836
2023-09-03;IS;Iceland;41;208998;0;186;0.08899606694800907
2023-09-10;IS;Iceland;44;209042;0;186;0.08897733469829029
2023-09-17;IS;Iceland;43;209085;0;186;0.0889590357988378
2023-09-24;IS;Iceland;57;209142;0;186;0.0889347907163554
2023-10-01;IS;Iceland;54;209196;0;186;0.08891183387827682
2023-10-08;IS;Iceland;47;209243;0;186;0.08889186257126881
2023-10-15;IS;Iceland;43;209286;0;186;0.08887359880737364
2023-10-22;IS;Iceland;42;209328;0;186;0.0888557670259115
2023-10-29;IS;Iceland;0;209328;0;186;0.0888557670259115
2023-11-05;IS;Iceland;42;209370;0;186;0.08883794239862444
2023-11-12;IS;Iceland;43;209413;0;186;0.08881970078266392
2023-11-19;IS;Iceland;62;209475;0;186;0.08879341210168278
2023-11-26;IS;Iceland;59;209534;0;186;0.08876840990006395
2023-12-03;IS;Iceland;52;209586;0;186;0.08874638573187141
2023-12-10;IS;Iceland;64;209650;0;186;0.08871929406153112
2023-12-17;IS;Iceland;56;209706;0;186;0.08869560241480931
2023-12-24;IS;Iceland;48;209754;0;186;0.08867530535770474
2023-12-31;IS;Iceland;37;209791;0;186;0.08865966604859121
2024-01-07;IS;Iceland;41;209832;0;186;0.08864234244538488
2024-01-14;IS;Iceland;26;209858;0;186;0.08863136025312354
2024-01-21;IS;Iceland;12;209870;0;186;0.08862629246676515
2020-01-05;IN;India;0;0;0;0;0.0
2020-01-12;IN;India;0;0;0;0;0.0
2020-01-19;IN;India;0;0;0;0;0.0
2020-01-26;IN;India;0;0;0;0;0.0
2020-02-02;IN;India;2;2;0;0;0.0
2020-02-09;IN;India;5;7;0;0;0.0
2020-02-16;IN;India;0;7;0;0;0.0
2020-02-23;IN;India;0;7;0;0;0.0
2020-03-01;IN;India;0;7;0;0;0.0
2020-03-08;IN;India;32;39;0;0;0.0
2020-03-15;IN;India;68;107;2;2;1.8691588785046727
2020-03-22;IN;India;253;360;5;7;1.9444444444444444
2020-03-29;IN;India;619;979;18;25;2.5536261491317673
2020-04-05;IN;India;2395;3374;52;77;2.2821576763485476
2020-04-12;IN;India;4982;8356;196;273;3.267113451412159
2020-04-19;IN;India;7356;15712;234;507;3.2268329938900204
2020-04-26;IN;India;10784;26496;317;824;3.109903381642512
2020-05-03;IN;India;13484;39980;477;1301;3.2541270635317656
2020-05-10;IN;India;22959;62939;808;2109;3.3508635345334374
2020-05-17;IN;India;27988;90927;763;2872;3.1585777601812444
2020-05-24;IN;India;40941;131868;995;3867;2.932477932477932
2020-05-31;IN;India;50275;182143;1297;5164;2.8351350312666423
2020-06-07;IN;India;64485;246628;1765;6929;2.8094944612939323
2020-06-14;IN;India;74294;320922;2266;9195;2.865182193804102
2020-06-21;IN;India;89539;410461;4059;13254;3.229052212025016
2020-06-28;IN;India;118398;528859;2841;16095;3.0433442562195214
2020-07-05;IN;India;144306;673165;3173;19268;2.862299733349179
2020-07-12;IN;India;176388;849553;3406;22674;2.6689329565077164
2020-07-19;IN;India;228065;1077618;4142;26816;2.488451380730463
2020-07-26;IN;India;307904;1385522;5247;32063;2.3141458598275597
2020-08-02;IN;India;365201;1750723;5301;37364;2.1342039831543884
2020-08-09;IN;India;402287;2153010;6015;43379;2.0148071769290437
2020-08-16;IN;India;436672;2589682;6601;49980;1.9299666908910051
2020-08-23;IN;India;455258;3044940;6726;56706;1.8623027054720291
2020-08-30;IN;India;497793;3542733;6792;63498;1.7923450624136787
2020-09-06;IN;India;571078;4113811;7128;70626;1.7168022546490347
2020-09-13;IN;India;640545;4754356;7960;78586;1.6529262848638178
2020-09-20;IN;India;646263;5400619;8166;86752;1.6063343850029044
2020-09-27;IN;India;591913;5992532;7751;94503;1.5770128553339389
2020-10-04;IN;India;556841;6549373;7279;101782;1.5540724280018867
2020-10-11;IN;India;504433;7053806;6552;108334;1.5358233555048153
2020-10-18;IN;India;440745;7494551;5697;114031;1.5215187674351671
2020-10-25;IN;India;370260;7864811;4503;118534;1.5071436554546573
2020-11-01;IN;India;319271;8184082;3577;122111;1.4920549427535061
2020-11-08;IN;India;323672;8507754;4010;126121;1.48242415095688
2020-11-15;IN;India;306825;8814579;3514;129635;1.4706885036710204
2020-11-22;IN;India;281227;9095806;3592;133227;1.4647080203777434
2020-11-29;IN;India;297113;9392919;3469;136696;1.455309047166275
2020-12-06;IN;India;251303;9644222;3486;140182;1.4535335250474326
2020-12-13;IN;India;212807;9857029;2837;143019;1.4509341506451894
2020-12-20;IN;India;174194;10031223;2458;145477;1.4502419096853894
2020-12-27;IN;India;156627;10187850;2145;147622;1.4490005251353328
2021-01-03;IN;India;136115;10323965;1813;149435;1.4474574448867272
2021-01-10;IN;India;126319;10450284;1564;150999;1.4449272383410825
2021-01-17;IN;India;107701;10557985;1275;152274;1.4422638410643698
2021-01-24;IN;India;96548;10654533;1065;153339;1.4391902488827994
2021-01-31;IN;India;91650;10746183;935;154274;1.43561672083939
2021-02-07;IN;India;80180;10826363;722;154996;1.431653455551047
2021-02-14;IN;India;78577;10904940;646;155642;1.42726140629843
2021-02-21;IN;India;86711;10991651;660;156302;1.4220065757182427
2021-02-28;IN;India;105080;11096731;749;157051;1.4152906833553054
2021-03-07;IN;India;114068;11210799;705;157756;1.4071789173991969
2021-03-14;IN;India;148249;11359048;851;158607;1.3963053946070128
2021-03-21;IN;India;240082;11599130;1148;159755;1.37730157348008
2021-03-28;IN;India;372494;11971624;1797;161552;1.3494576842707389
2021-04-04;IN;India;513885;12485509;3071;164623;1.3185125252002141
2021-04-11;IN;India;873296;13358805;4652;169275;1.2671417840143635
2021-04-18;IN;India;1429304;14788109;7875;177150;1.1979219249736393
2021-04-25;IN;India;2172063;16960172;15161;192311;1.1338976986789993
2021-05-02;IN;India;2597285;19557457;23231;215542;1.102096249016424
2021-05-09;IN;India;2738957;22296414;26820;242362;1.086999909492172
2021-05-16;IN;India;2387663;24684077;27922;270284;1.0949730873064445
2021-05-23;IN;India;1846055;26530132;28982;299266;1.1280230343369568
2021-05-30;IN;India;1364668;27894800;26706;325972;1.1685762220915725
2021-06-06;IN;India;914539;28809339;20787;346759;1.2036340021546486
2021-06-13;IN;India;630650;29439989;23625;370384;1.258098296164445
2021-06-20;IN;India;441976;29881965;16329;386713;1.2941351079154264
2021-06-27;IN;India;351218;30233183;9038;395751;1.308995483538733
2021-07-04;IN;India;312250;30545433;6254;402005;1.3160887259316312
2021-07-11;IN;India;291789;30837222;6035;408040;1.323206091651187
2021-07-18;IN;India;268843;31106065;5569;413609;1.3296731682390557
2021-07-25;IN;India;265836;31371901;6942;420551;1.3405340020676464
2021-08-01;IN;India;283923;31655824;3800;424351;1.3405147817349503
2021-08-08;IN;India;278631;31934455;3511;427862;1.33981306397745
2021-08-15;IN;India;258121;32192576;3363;431225;1.3395169122222466
2021-08-22;IN;India;231658;32424234;3142;434367;1.3396368901112667
2021-08-29;IN;India;270796;32695030;3463;437830;1.3391331954734405
2021-09-05;IN;India;293643;32988673;2703;440533;1.3354068531341046
2021-09-12;IN;India;248248;33236921;2122;442655;1.331817107848227
2021-09-19;IN;India;211242;33448163;2183;444838;1.3299325287310995
2021-09-26;IN;India;204582;33652745;2080;446918;1.3280283673738946
2021-10-03;IN;India;161158;33813903;1899;448817;1.3273149804682411
2021-10-10;IN;India;139572;33953475;1772;450589;1.3270777144312917
2021-10-17;IN;India;114244;34067719;1535;452124;1.3271331726083568
2021-10-24;IN;India;107749;34175468;2145;454269;1.329225396415932
2021-10-31;IN;India;97832;34273300;3917;458186;1.3368598880177864
2021-11-07;IN;India;82236;34355536;2605;460791;1.341242354652828
2021-11-14;IN;India;81771;34437307;2739;463530;1.3460111732894793
2021-11-21;IN;India;73106;34510413;2132;465662;1.349337662229658
2021-11-28;IN;India;62110;34572523;2892;468554;1.3552785835155856
2021-12-05;IN;India;60732;34633255;4772;473326;1.3666806657358657
2021-12-12;IN;India;57255;34690510;2108;475434;1.3705016155715208
2021-12-19;IN;India;49765;34740275;1988;477422;1.374260854296634
2021-12-26;IN;India;46527;34786802;2260;479682;1.3789195109110632
2022-01-02;IN;India;102330;34889132;2088;481770;1.3808598047093863
2022-01-09;IN;India;638872;35528004;2020;483790;1.3617145505838155
2022-01-16;IN;India;1594160;37122164;2276;486066;1.3093687102939364
2022-01-23;IN;India;2115100;39237264;3343;489409;1.2473066419717747
2022-01-30;IN;India;1855258;41092522;4682;494091;1.2023866532212357
2022-02-06;IN;India;1095616;42188138;7888;501979;1.1898581539673545
2022-02-13;IN;India;443283;42631421;6686;508665;1.1931692354331798
2022-02-20;IN;India;191052;42822473;3238;511903;1.19540737406735
2022-02-27;IN;India;93644;42916117;1821;513724;1.1970421275531522
2022-03-06;IN;India;46836;42962953;1312;515036;1.198790967650664
2022-03-13;IN;India;28038;42990991;814;515850;1.1999025563286037
2022-03-20;IN;India;16850;43007841;629;516479;1.2008949716866744
2022-03-27;IN;India;11612;43019453;4525;521004;1.2110893181277782
2022-04-03;IN;India;8678;43028131;341;521345;1.2116375679901132
2022-04-10;IN;India;7140;43035271;340;521685;1.2122265943207375
2022-04-17;IN;India;6826;43042097;66;521751;1.212187686859216
2022-04-24;IN;India;15448;43057545;442;522193;1.2127793166098997
2022-05-01;IN;India;21643;43079188;1650;523843;1.216000171590978
2022-05-08;IN;India;23006;43102194;221;524064;1.2158638606656542
2022-05-15;IN;India;19405;43121599;150;524214;1.2156645675407352
2022-05-22;IN;India;14772;43136371;199;524413;1.2157095922603225
2022-05-29;IN;India;16672;43153043;173;524586;1.2156408066054578
2022-06-05;IN;India;23774;43176817;106;524692;1.2152169531162984
2022-06-12;IN;India;45200;43222017;69;524761;1.2141057646615612
2022-06-19;IN;India;74675;43296692;94;524855;1.2122288695866188
2022-06-26;IN;India;93281;43389973;144;524999;1.2099546593403043
2022-07-03;IN;India;112456;43502429;200;525199;1.207286609214396
2022-07-10;IN;India;120222;43622651;229;525428;1.2044843400278447
2022-07-17;IN;India;127948;43750599;281;525709;1.2016041197515948
2022-07-24;IN;India;138156;43888755;324;526033;1.1985598588977975
2022-07-31;IN;India;131056;44019811;324;526357;1.1957275327692798
2022-08-07;IN;India;125921;44145732;332;526689;1.1930689018816134
2022-08-14;IN;India;107732;44253464;348;527037;1.190950837204518
2022-08-21;IN;India;85965;44339429;295;527332;1.1893071514294873
2022-08-28;IN;India;68703;44408132;422;527754;1.1884174727277428
2022-09-04;IN;India;48403;44456535;237;527991;1.1876566628505798
2022-09-11;IN;India;38824;44495359;159;528150;1.18697772502521
2022-09-18;IN;India;38829;44534188;187;528337;1.186362710823424
2022-09-25;IN;India;33926;44568114;173;528510;1.1858478014124627
2022-10-02;IN;India;26373;44594487;163;528673;1.1855120118323146
2022-10-09;IN;India;17526;44612013;126;528799;1.1853287140394224
2022-10-16;IN;India;16815;44628828;96;528895;1.1850972201196948
2022-10-23;IN;India;13914;44642742;66;528961;1.184875696031395
2022-10-30;IN;India;9524;44652266;55;529016;1.184746144798116
2022-11-06;IN;India;8313;44660579;1484;530500;1.1878484602718653
2022-11-13;IN;India;5798;44666377;31;530531;1.1877636728853116
2022-11-20;IN;India;2638;44669015;43;530574;1.187789791200903
2022-11-27;IN;India;2547;44671562;38;530612;1.1878071333167173
2022-12-04;IN;India;1830;44673392;16;530628;1.1877942915102575
2022-12-11;IN;India;1430;44674822;30;530658;1.1878234232248313
2022-12-18;IN;India;1130;44675952;14;530672;1.1878247160799171
2022-12-25;IN;India;1154;44677106;21;530693;1.187841038763791
2023-01-01;IN;India;1543;44678649;12;530705;1.1878268745323968
2023-01-08;IN;India;1275;44679924;15;530720;1.1878265504659318
2023-01-15;IN;India;1116;44681040;6;530726;1.1878103105925915
2023-01-22;IN;India;881;44681921;7;530733;1.1878025566537302
2023-01-29;IN;India;718;44682639;7;530740;1.1877991360358102
2023-02-05;IN;India;724;44683363;5;530745;1.187791080093949
2023-02-12;IN;India;755;44684118;5;530750;1.1877822003782195
2023-02-19;IN;India;799;44684917;10;530760;1.187783340853022
2023-02-26;IN;India;1100;44686017;9;530769;1.1877742426674545
2023-03-05;IN;India;1803;44687820;6;530775;1.187739746534962
2023-03-12;IN;India;2672;44690492;6;530781;1.187682158433163
2023-03-19;IN;India;4928;44695420;21;530802;1.1875981923874974
2023-03-26;IN;India;8727;44704147;29;530831;1.1874312242217708
2023-04-02;IN;India;18458;44722605;50;530881;1.1870529455965277
2023-04-09;IN;India;34011;44756616;84;530965;1.1863385739440175
2023-04-16;IN;India;61499;44818115;149;531114;1.18504314605824
2023-04-23;IN;India;73874;44891989;215;531329;1.1835719731642989
2023-04-30;IN;India;53400;44945389;204;531533;1.1826196453656237
2023-05-07;IN;India;24241;44969630;147;531680;1.1823090383443227
2023-05-14;IN;India;11044;44980674;90;531770;1.1822188346933173
2023-05-21;IN;India;5787;44986461;62;531832;1.1822045748386387
2023-05-28;IN;India;3283;44989744;32;531864;1.1821894341074712
2023-06-04;IN;India;1838;44991582;16;531880;1.1821767014104994
2023-06-11;IN;India;1206;44992788;11;531891;1.1821694623591674
2023-06-18;IN;India;692;44993480;4;531895;1.1821601707625193
2023-06-25;IN;India;472;44993952;8;531903;1.1821655497165486
2023-07-02;IN;India;329;44994281;4;531907;1.1821657956930127
2023-07-09;IN;India;294;44994575;6;531913;1.1821714062195277
2023-07-16;IN;India;303;44994878;2;531915;1.1821678903096482
2023-07-23;IN;India;386;44995264;0;531915;1.1821577488688588
2023-07-30;IN;India;324;44995588;1;531916;1.1821514589385964
2023-08-06;IN;India;392;44995980;2;531918;1.1821456050073806
2023-08-13;IN;India;294;44996274;3;531921;1.1821445482352606
2023-08-20;IN;India;325;44996599;4;531925;1.1821448994400665
2023-08-27;IN;India;364;44996963;3;531928;1.182142003672559
2023-09-03;IN;India;363;44997326;95;532023;1.18234359081693
2023-09-10;IN;India;384;44997710;4;532027;1.1823423903127515
2023-09-17;IN;India;452;44998162;3;532030;1.1823371807941845
2023-09-24;IN;India;363;44998525;1;532031;1.1823298652566947
2023-10-01;IN;India;313;44998838;1;532032;1.1823238635628768
2023-10-08;IN;India;490;44999328;2;532034;1.1823154336882542
2023-10-15;IN;India;260;44999588;3;532037;1.1823152691975758
2023-10-22;IN;India;1464;45001052;1254;533291;1.1850634069621306
2023-10-29;IN;India;193;45001245;2;533293;1.1850627688189515
2023-11-05;IN;India;139;45001384;1;533294;1.1850613305581892
2023-11-12;IN;India;72;45001456;1;533295;1.185061656671731
2023-11-19;IN;India;119;45001575;0;533295;1.1850585229516966
2023-11-26;IN;India;189;45001764;3;533298;1.1850602123063443
2023-12-03;IN;India;415;45002179;2;533300;1.18505372817614
2023-12-10;IN;India;876;45003055;6;533306;1.1850439931244667
2023-12-17;IN;India;1761;45004816;10;533316;1.185019843209669
2023-12-24;IN;India;3804;45008620;17;533333;1.1849574592600263
2023-12-31;IN;India;4552;45013172;28;533361;1.1848998333199003
2024-01-07;IN;India;4962;45018134;31;533392;1.184838092134161
2024-01-14;IN;India;3624;45021758;22;533414;1.184791584548964
2024-01-21;IN;India;1993;45023751;20;533434;1.1847835601258545
2020-01-05;ID;Indonesia;0;0;0;0;0.0
2020-01-12;ID;Indonesia;0;0;0;0;0.0
2020-01-19;ID;Indonesia;0;0;0;0;0.0
2020-01-26;ID;Indonesia;0;0;0;0;0.0
2020-02-02;ID;Indonesia;0;0;0;0;0.0
2020-02-09;ID;Indonesia;0;0;0;0;0.0
2020-02-16;ID;Indonesia;0;0;0;0;0.0
2020-02-23;ID;Indonesia;0;0;0;0;0.0
2020-03-01;ID;Indonesia;0;0;0;0;0.0
2020-03-08;ID;Indonesia;10;10;0;0;0.0
2020-03-15;ID;Indonesia;107;117;4;4;3.418803418803419
2020-03-22;ID;Indonesia;397;514;44;48;9.33852140077821
2020-03-29;ID;Indonesia;771;1285;66;114;8.8715953307393
2020-04-05;ID;Indonesia;988;2273;84;198;8.710954685437748
2020-04-12;ID;Indonesia;1968;4241;175;373;8.795095496345201
2020-04-19;ID;Indonesia;2334;6575;209;582;8.85171102661597
2020-04-26;ID;Indonesia;2307;8882;161;743;8.365233055618104
2020-05-03;ID;Indonesia;2310;11192;102;845;7.550035739814152
2020-05-10;ID;Indonesia;2840;14032;128;973;6.934150513112884
2020-05-17;ID;Indonesia;3482;17514;175;1148;6.554756195043964
2020-05-24;ID;Indonesia;4757;22271;224;1372;6.160477751335818
2020-05-31;ID;Indonesia;4202;26473;241;1613;6.0930004155176976
2020-06-07;ID;Indonesia;4713;31186;238;1851;5.93535560828577
2020-06-14;ID;Indonesia;7091;38277;283;2134;5.575149567625467
2020-06-21;ID;Indonesia;7614;45891;331;2465;5.3714235906822685
2020-06-28;ID;Indonesia;8119;54010;289;2754;5.099055730420292
2020-07-05;ID;Indonesia;9739;63749;417;3171;4.9741956736576265
2020-07-12;ID;Indonesia;11950;75699;435;3606;4.763603218008164
2020-07-19;ID;Indonesia;10822;86521;537;4143;4.788432866009408
2020-07-26;ID;Indonesia;12257;98778;638;4781;4.840146591346251
2020-08-02;ID;Indonesia;12677;111455;455;5236;4.697860122919564
2020-08-09;ID;Indonesia;13941;125396;487;5723;4.56394143353855
2020-08-16;ID;Indonesia;14153;139549;427;6150;4.4070541530215195
2020-08-23;ID;Indonesia;13986;153535;530;6680;4.350799491972515
2020-08-30;ID;Indonesia;18518;172053;663;7343;4.267870946743154
2020-09-06;ID;Indonesia;22056;194109;682;8025;4.134275072253218
2020-09-13;ID;Indonesia;24273;218382;698;8723;3.9943768259288768
2020-09-20;ID;Indonesia;26294;244676;830;9553;3.904346973139989
2020-09-27;ID;Indonesia;30537;275213;833;10386;3.7738042897682886
2020-10-04;ID;Indonesia;28285;303498;765;11151;3.674159302532471
2020-10-11;ID;Indonesia;29951;333449;693;11844;3.551967467288851
2020-10-18;ID;Indonesia;28418;361867;667;12511;3.4573475890313294
2020-10-25;ID;Indonesia;27845;389712;788;13299;3.4125200147801453
2020-11-01;ID;Indonesia;23072;412784;644;13943;3.3777956509942246
2020-11-08;ID;Indonesia;24932;437716;671;14614;3.338694495974559
2020-11-15;ID;Indonesia;29397;467113;597;15211;3.2563854998683404
2020-11-22;ID;Indonesia;30555;497668;673;15884;3.1916860236141362
2020-11-29;ID;Indonesia;36598;534266;931;16815;3.147308644008789
2020-12-06;ID;Indonesia;41530;575796;925;17740;3.080952281710884
2020-12-13;ID;Indonesia;42024;617820;1079;18819;3.0460328250946875
2020-12-20;ID;Indonesia;47110;664930;1061;19880;2.9897883987788187
2020-12-27;ID;Indonesia;48435;713365;1357;21237;2.9770173753968865
2021-01-03;ID;Indonesia;51985;765350;1497;22734;2.9704056967400536
2021-01-10;ID;Indonesia;62676;828026;1395;24129;2.9140389311446744
2021-01-17;ID;Indonesia;79903;907929;1858;25987;2.8622282138801602
2021-01-24;ID;Indonesia;81333;989262;1848;27835;2.8137136572515673
2021-01-31;ID;Indonesia;89052;1078314;2163;29998;2.7819355030167467
2021-02-07;ID;Indonesia;79523;1157837;1558;31556;2.7254268087822378
2021-02-14;ID;Indonesia;59631;1217468;1627;33183;2.7255747173642346
2021-02-21;ID;Indonesia;61185;1278653;1306;34489;2.697291602960303
2021-02-28;ID;Indonesia;55981;1334634;1677;36166;2.7098065836776226
2021-03-07;ID;Indonesia;45028;1379662;1100;37266;2.7010963554841694
2021-03-14;ID;Indonesia;39793;1419455;1160;38426;2.7070953288409987
2021-03-21;ID;Indonesia;40729;1460184;1124;39550;2.7085627564745267
2021-03-28;ID;Indonesia;35901;1496085;899;40449;2.7036565435787403
2021-04-04;ID;Indonesia;38170;1534255;1220;41669;2.71591097959596
2021-04-11;ID;Indonesia;32740;1566995;861;42530;2.7141120424762044
2021-04-18;ID;Indonesia;37353;1604348;894;43424;2.7066446930466457
2021-04-25;ID;Indonesia;36846;1641194;1170;44594;2.71716811053416
2021-05-02;ID;Indonesia;36080;1677274;1202;45796;2.730382752013088
2021-05-09;ID;Indonesia;36410;1713684;1216;47012;2.7433295753476137
2021-05-16;ID;Indonesia;26066;1739750;1081;48093;2.764362695789625
2021-05-23;ID;Indonesia;35470;1775220;1235;49328;2.7786978515338947
2021-05-30;ID;Indonesia;40821;1816041;1076;50404;2.77548799834365
2021-06-06;ID;Indonesia;39997;1856038;1208;51612;2.780762031811849
2021-06-13;ID;Indonesia;55320;1911358;1267;52879;2.766567016749348
2021-06-20;ID;Indonesia;78551;1989909;1783;54662;2.746959785598236
2021-06-27;ID;Indonesia;125395;2115304;2476;57138;2.701172030119548
2021-07-04;ID;Indonesia;168780;2284084;3444;60582;2.652354291698554
2021-07-11;ID;Indonesia;243119;2527203;5882;66464;2.629943063537041
2021-07-18;ID;Indonesia;350273;2877476;7118;73582;2.5571716323611384
2021-07-25;ID;Indonesia;289029;3166505;9697;83279;2.6299974261843895
2021-08-01;ID;Indonesia;273891;3440396;12444;95723;2.782325057929378
2021-08-08;ID;Indonesia;225635;3666031;11373;107096;2.9213064483088114
2021-08-15;ID;Indonesia;188323;3854354;10492;117588;3.050783607317854
2021-08-22;ID;Indonesia;125102;3979456;8784;126372;3.175609932613905
2021-08-29;ID;Indonesia;94375;4073831;5551;131923;3.238303208945094
2021-09-05;ID;Indonesia;55189;4129020;3938;135861;3.2903933621052937
2021-09-12;ID;Indonesia;38491;4167511;3028;138889;3.3326606696419034
2021-09-19;ID;Indonesia;23252;4190763;1579;140468;3.351847861594655
2021-09-26;ID;Indonesia;17250;4208013;999;141467;3.361847979081814
2021-10-03;ID;Indonesia;11271;4219284;706;142173;3.3696001501676585
2021-10-10;ID;Indonesia;8648;4227932;478;142651;3.3740135839460046
2021-10-17;ID;Indonesia;6826;4234758;301;142952;3.3756828607443445
2021-10-24;ID;Indonesia;5261;4240019;253;143205;3.3774612802442627
2021-10-31;ID;Indonesia;4339;4244358;200;143405;3.378720645148218
2021-11-07;ID;Indonesia;3807;4248165;140;143545;3.378988339671364
2021-11-14;ID;Indonesia;2690;4250855;114;143659;3.379531882409539
2021-11-21;ID;Indonesia;2557;4253412;80;143739;3.379381071008405
2021-11-28;ID;Indonesia;2524;4255936;69;143808;3.378998180423766
2021-12-05;ID;Indonesia;1749;4257685;59;143867;3.3789958627751937
2021-12-12;ID;Indonesia;1458;4259143;69;143936;3.3794592010646274
2021-12-19;ID;Indonesia;1401;4260544;66;144002;3.379897027234081
2021-12-26;ID;Indonesia;1215;4261759;53;144055;3.380177058346096
2022-01-02;ID;Indonesia;1409;4263168;42;144097;3.3800450744610577
2022-01-09;ID;Indonesia;3027;4266195;32;144129;3.378396908720769
2022-01-16;ID;Indonesia;5454;4271649;41;144170;3.375043221013711
2022-01-23;ID;Indonesia;14729;4286378;50;144220;3.3646122670469096
2022-01-30;ID;Indonesia;56807;4343185;83;144303;3.3225156192978194
2022-02-06;ID;Indonesia;173295;4516480;251;144554;3.2005898398753017
2022-02-13;ID;Indonesia;291298;4807778;622;145176;3.0196069785252146
2022-02-20;ID;Indonesia;389727;5197505;1189;146365;2.8160627070103827
2022-02-27;ID;Indonesia;341889;5539394;1708;148073;2.673090233335993
2022-03-06;ID;Indonesia;209331;5748725;2099;150172;2.612266198156983
2022-03-13;ID;Indonesia;141770;5890495;1994;152166;2.5832463994961374
2022-03-20;ID;Indonesia;71988;5962483;1572;153738;2.578422445816617
2022-03-27;ID;Indonesia;36470;5998953;932;154670;2.5782832437593695
2022-04-03;ID;Indonesia;21028;6019981;618;155288;2.5795430251357936
2022-04-10;ID;Indonesia;12726;6032707;338;155626;2.5797042687470153
2022-04-17;ID;Indonesia;7166;6039873;240;155866;2.580617175228684
2022-04-24;ID;Indonesia;4277;6044150;234;156100;2.582662574555562
2022-05-01;ID;Indonesia;2890;6047040;173;156273;2.584289172884585
2022-05-08;ID;Indonesia;1391;6048431;108;156381;2.585480432859365
2022-05-15;ID;Indonesia;2345;6050776;77;156458;2.585750984667091
2022-05-22;ID;Indonesia;1814;6052590;64;156522;2.5860334170991264
2022-05-29;ID;Indonesia;1825;6054415;52;156574;2.586112778856421
2022-06-05;ID;Indonesia;2385;6056800;41;156615;2.585771364416854
2022-06-12;ID;Indonesia;3688;6060488;28;156643;2.584659849173862
2022-06-19;ID;Indonesia;7587;6068075;44;156687;2.5821533188037393
2022-06-26;ID;Indonesia;12376;6080451;30;156717;2.5773910520782093
2022-07-03;ID;Indonesia;13466;6093917;32;156749;2.57222079001076
2022-07-10;ID;Indonesia;17388;6111305;42;156791;2.5655895099328214
2022-07-17;ID;Indonesia;23648;6134953;58;156849;2.556645503233684
2022-07-24;ID;Indonesia;33389;6168342;53;156902;2.5436657046577507
2022-07-31;ID;Indonesia;38756;6207098;91;156993;2.529249578466459
2022-08-07;ID;Indonesia;37880;6244978;102;157095;2.515541287735521
2022-08-14;ID;Indonesia;37796;6282774;131;157226;2.5024933254005317
2022-08-21;ID;Indonesia;32783;6315557;151;157377;2.491894222473172
2022-08-28;ID;Indonesia;30747;6346304;123;157500;2.481759461885217
2022-09-04;ID;Indonesia;26238;6372542;147;157647;2.4738479558079023
2022-09-11;ID;Indonesia;19950;6392492;123;157770;2.4680515830133225
2022-09-18;ID;Indonesia;16314;6408806;122;157892;2.4636726404263136
2022-09-25;ID;Indonesia;13723;6422529;122;158014;2.4603080811312803
2022-10-02;ID;Indonesia;12056;6434585;118;158132;2.457532226243029
2022-10-09;ID;Indonesia;10363;6444948;73;158205;2.4547133661900764
2022-10-16;ID;Indonesia;11920;6456868;108;158313;2.451854366544275
2022-10-23;ID;Indonesia;14093;6470961;116;158429;2.4483071370697487
2022-10-30;ID;Indonesia;19661;6490622;168;158597;2.443479222792515
2022-11-06;ID;Indonesia;30670;6521292;232;158829;2.4355449809638947
2022-11-13;ID;Indonesia;40212;6561504;275;159104;2.4248099216277246
2022-11-20;ID;Indonesia;46863;6608367;275;159379;2.4117758593007923
2022-11-27;ID;Indonesia;41877;6650244;297;159676;2.4010547582915756
2022-12-04;ID;Indonesia;29959;6680203;302;159978;2.394807463186373
2022-12-11;ID;Indonesia;18587;6698790;246;160224;2.391834943325586
2022-12-18;ID;Indonesia;10807;6709597;174;160398;2.3905757678143713
2022-12-25;ID;Indonesia;6527;6716124;139;160537;2.3903221560531045
2023-01-01;ID;Indonesia;4057;6720181;82;160619;2.390099314289303
2023-01-08;ID;Indonesia;3365;6723546;64;160683;2.3898549961582773
2023-01-15;ID;Indonesia;2540;6726086;44;160727;2.3896066746693396
2023-01-22;ID;Indonesia;1979;6728065;54;160781;2.3897064014690703
2023-01-29;ID;Indonesia;1508;6729573;22;160803;2.389497818063642
2023-02-05;ID;Indonesia;1562;6731135;29;160832;2.389374154581657
2023-02-12;ID;Indonesia;1664;6732799;32;160864;2.3892589100016206
2023-02-19;ID;Indonesia;1416;6734215;22;160886;2.3890832116289724
2023-02-26;ID;Indonesia;1413;6735628;22;160908;2.388908651130971
2023-03-05;ID;Indonesia;1531;6737159;22;160930;2.3886923256524004
2023-03-12;ID;Indonesia;1908;6739067;18;160948;2.3882831258392296
2023-03-19;ID;Indonesia;2287;6741354;23;160971;2.387814080079462
2023-03-26;ID;Indonesia;2679;6744033;23;160994;2.387206586919133
2023-04-02;ID;Indonesia;3330;6747363;33;161027;2.3865175180288953
2023-04-09;ID;Indonesia;3805;6751168;25;161052;2.3855427683032033
2023-04-16;ID;Indonesia;6277;6757445;71;161123;2.3843775273050687
2023-04-23;ID;Indonesia;6495;6763940;54;161177;2.3828863059104606
2023-04-30;ID;Indonesia;10781;6774721;107;161284;2.380673683831408
2023-05-07;ID;Indonesia;12633;6787354;175;161459;2.3788209661673756
2023-05-14;ID;Indonesia;9982;6797336;150;161609;2.3775343752317086
2023-05-21;ID;Indonesia;4754;6802090;65;161674;2.376828298361239
2023-05-28;ID;Indonesia;4198;6806288;65;161739;2.3763173112862694
2023-06-04;ID;Indonesia;2249;6808537;50;161789;2.376266736892228
2023-06-11;ID;Indonesia;1582;6810119;32;161821;2.3761846158635405
2023-06-18;ID;Indonesia;1009;6811128;23;161844;2.376170290735984
2023-06-25;ID;Indonesia;652;6811780;21;161865;2.376251141405037
2023-07-02;ID;Indonesia;307;6812087;13;161878;2.3763348882655198
2023-07-09;ID;Indonesia;302;6812389;6;161884;2.3763176177989833
2023-07-16;ID;Indonesia;281;6812670;11;161895;2.376381066454121
2023-07-23;ID;Indonesia;148;6812818;8;161903;2.3764468682416
2023-07-30;ID;Indonesia;148;6812966;11;161914;2.3765567008553985
2023-08-06;ID;Indonesia;129;6813095;2;161916;2.376541058065387
2023-08-13;ID;Indonesia;72;6813167;0;161916;2.3765159433197516
2023-08-20;ID;Indonesia;66;6813233;0;161916;2.3764929219358857
2023-08-27;ID;Indonesia;68;6813301;2;161918;2.3764985577475586
2023-09-03;ID;Indonesia;66;6813367;0;161918;2.376475536984871
2023-09-10;ID;Indonesia;11;6813378;0;161918;2.3764717002344504
2023-09-17;ID;Indonesia;51;6813429;0;161918;2.376453911826189
2023-09-24;ID;Indonesia;0;6813429;0;161918;2.376453911826189
2023-10-01;ID;Indonesia;0;6813429;0;161918;2.376453911826189
2023-10-08;ID;Indonesia;0;6813429;0;161918;2.376453911826189
2023-10-15;ID;Indonesia;0;6813429;0;161918;2.376453911826189
2023-10-22;ID;Indonesia;0;6813429;0;161918;2.376453911826189
2023-10-29;ID;Indonesia;0;6813429;0;161918;2.376453911826189
2023-11-05;ID;Indonesia;0;6813429;0;161918;2.376453911826189
2023-11-12;ID;Indonesia;0;6813429;0;161918;2.376453911826189
2023-11-19;ID;Indonesia;0;6813429;0;161918;2.376453911826189
2023-11-26;ID;Indonesia;0;6813429;0;161918;2.376453911826189
2023-12-03;ID;Indonesia;0;6813429;0;161918;2.376453911826189
2023-12-10;ID;Indonesia;1727;6815156;5;161923;2.375925070533969
2023-12-17;ID;Indonesia;1998;6817154;7;161930;2.3753314066251106
2023-12-24;ID;Indonesia;2676;6819830;24;161954;2.3747512767913572
2023-12-31;ID;Indonesia;1940;6821770;18;161972;2.374339797442599
2024-01-07;ID;Indonesia;1996;6823766;23;161995;2.3739823434742635
2024-01-14;ID;Indonesia;1772;6825538;20;162015;2.373659043433646
2024-01-21;ID;Indonesia;1212;6826750;18;162033;2.3735013000329586
2020-01-05;IR;Iran (Islamic Republic of);0;0;0;0;0.0
2020-01-12;IR;Iran (Islamic Republic of);0;0;0;0;0.0
2020-01-19;IR;Iran (Islamic Republic of);0;0;0;0;0.0
2020-01-26;IR;Iran (Islamic Republic of);0;0;0;0;0.0
2020-02-02;IR;Iran (Islamic Republic of);0;0;0;0;0.0
2020-02-09;IR;Iran (Islamic Republic of);0;0;0;0;0.0
2020-02-16;IR;Iran (Islamic Republic of);0;0;0;0;0.0
2020-03-01;IR;Iran (Islamic Republic of);565;593;38;43;7.251264755480608
2020-03-08;IR;Iran (Islamic Republic of);5230;5823;102;145;2.4901253649321657
2020-03-15;IR;Iran (Islamic Republic of);6906;12729;466;611;4.800062848613402
2020-03-22;IR;Iran (Islamic Republic of);7881;20610;945;1556;7.54973313925279
2020-03-29;IR;Iran (Islamic Republic of);14798;35408;961;2517;7.108563036601898
2020-04-05;IR;Iran (Islamic Republic of);20335;55743;935;3452;6.1927058105950525
2020-04-12;IR;Iran (Islamic Republic of);14286;70029;905;4357;6.221708149480929
2020-04-19;IR;Iran (Islamic Republic of);10839;80868;674;5031;6.221249443537617
2020-04-26;IR;Iran (Islamic Republic of);8460;89328;619;5650;6.3250044778792756
2020-05-03;IR;Iran (Islamic Republic of);7120;96448;506;6156;6.38271400132714
2020-05-10;IR;Iran (Islamic Republic of);9772;106220;433;6589;6.203163246093014
2020-05-17;IR;Iran (Islamic Republic of);12172;118392;348;6937;5.859348604635448
2020-05-24;IR;Iran (Islamic Republic of);15129;133521;422;7359;5.511492574201811
2020-05-31;IR;Iran (Islamic Republic of);15429;148950;375;7734;5.192346424974824
2020-06-07;IR;Iran (Islamic Republic of);20475;169425;475;8209;4.845211745610152
2020-06-14;IR;Iran (Islamic Republic of);15530;184955;521;8730;4.720067043334866
2020-06-21;IR;Iran (Islamic Republic of);17629;202584;777;9507;4.692868143584883
2020-06-28;IR;Iran (Islamic Republic of);17596;220180;857;10364;4.707057861749478
2020-07-05;IR;Iran (Islamic Republic of);17698;237878;1044;11408;4.795735629188071
2020-07-12;IR;Iran (Islamic Republic of);17239;255117;1227;12635;4.952629577801558
2020-07-19;IR;Iran (Islamic Republic of);16489;271606;1344;13979;5.146793517079887
2020-07-26;IR;Iran (Islamic Republic of);17233;288839;1505;15484;5.360771917919672
2020-08-02;IR;Iran (Islamic Republic of);17913;306752;1498;16982;5.536068224494054
2020-08-09;IR;Iran (Islamic Republic of);17940;324692;1282;18264;5.625023098813645
2020-08-16;IR;Iran (Islamic Republic of);16378;341070;1228;19492;5.714955874160729
2020-08-23;IR;Iran (Islamic Republic of);15722;356792;1010;20502;5.746205071862597
2020-08-30;IR;Iran (Islamic Republic of);15024;371816;857;21359;5.7445080362329755
2020-09-06;IR;Iran (Islamic Republic of);12850;384666;795;22154;5.7592820784784715
2020-09-13;IR;Iran (Islamic Republic of);15274;399940;875;23029;5.758113717057559
2020-09-20;IR;Iran (Islamic Republic of);19103;419043;1089;24118;5.755495259436382
2020-09-27;IR;Iran (Islamic Republic of);24043;443086;1276;25394;5.731167312891854
2020-10-04;IR;Iran (Islamic Republic of);25033;468119;1352;26746;5.713504472153448
2020-10-11;IR;Iran (Islamic Republic of);28134;496253;1547;28293;5.7013257350585285
2020-10-18;IR;Iran (Islamic Republic of);30237;526490;1830;30123;5.7214761913806536
2020-10-25;IR;Iran (Islamic Republic of);36215;562705;2197;32320;5.743684523862415
2020-11-01;IR;Iran (Islamic Republic of);50067;612772;2544;34864;5.689555005777026
2020-11-08;IR;Iran (Islamic Republic of);60478;673250;2968;37832;5.619309320460452
2020-11-15;IR;Iran (Islamic Republic of);76275;749525;3202;41034;5.474667289283213
2020-11-22;IR;Iran (Islamic Republic of);91783;841308;3293;44327;5.268819504866232
2020-11-29;IR;Iran (Islamic Republic of);94491;935799;3159;47486;5.074380288929567
2020-12-06;IR;Iran (Islamic Republic of);93187;1028986;2530;50016;4.860707531492168
2020-12-13;IR;Iran (Islamic Republic of);71832;1100818;1933;51949;4.71912704915799
2020-12-20;IR;Iran (Islamic Republic of);51254;1152072;1499;53448;4.63929337749724
2020-12-27;IR;Iran (Islamic Republic of);42891;1194963;1126;54574;4.567003329810212
2021-01-03;IR;Iran (Islamic Republic of);42511;1237474;864;55438;4.479932507672888
2021-01-10;IR;Iran (Islamic Republic of);42964;1280438;662;56100;4.381313269365639
2021-01-17;IR;Iran (Islamic Republic of);43957;1324395;617;56717;4.282483700104576
2021-01-24;IR;Iran (Islamic Republic of);42637;1367032;577;57294;4.191123543560063
2021-01-31;IR;Iran (Islamic Republic of);44699;1411731;595;57889;4.100568734411867
2021-02-07;IR;Iran (Islamic Republic of);47639;1459370;523;58412;4.002549045135915
2021-02-14;IR;Iran (Islamic Republic of);51503;1510873;471;58883;3.8972832263201473
2021-02-21;IR;Iran (Islamic Republic of);55208;1566081;526;59409;3.793481946336109
2021-02-28;IR;Iran (Islamic Republic of);57078;1623159;571;59980;3.6952633722266275
2021-03-07;IR;Iran (Islamic Republic of);58523;1681682;614;60594;3.60317824654126
2021-03-14;IR;Iran (Islamic Republic of);57678;1739360;548;61142;3.5152009934688624
2021-03-21;IR;Iran (Islamic Republic of);54445;1793805;582;61724;3.4409537268543686
2021-03-28;IR;Iran (Islamic Republic of);53118;1846923;584;62308;3.373611135927161
2021-04-04;IR;Iran (Islamic Republic of);73471;1920394;691;62999;3.280524725655256
2021-04-11;IR;Iran (Islamic Republic of);128684;2049078;1233;64232;3.1346781332872635
2021-04-18;IR;Iran (Islamic Republic of);166367;2215445;2095;66327;2.9938454802534027
2021-04-25;IR;Iran (Islamic Republic of);161594;2377039;2793;69120;2.907819350040113
2021-05-02;IR;Iran (Islamic Republic of);139118;2516157;2970;72090;2.8650835381099036
2021-05-09;IR;Iran (Islamic Republic of);124513;2640670;2434;74524;2.822162557229794
2021-05-16;IR;Iran (Islamic Republic of);99205;2739875;2109;76633;2.7969524157123957
2021-05-23;IR;Iran (Islamic Republic of);84012;2823887;1748;78381;2.7756422264771925
2021-05-30;IR;Iran (Islamic Republic of);69331;2893218;1360;79741;2.756135209998002
2021-06-06;IR;Iran (Islamic Republic of);67533;2960751;1200;80941;2.7337996339442254
2021-06-13;IR;Iran (Islamic Republic of);59771;3020522;970;81911;2.711816037095575
2021-06-20;IR;Iran (Islamic Republic of);66452;3086974;943;82854;2.6839876202391078
2021-06-27;IR;Iran (Islamic Republic of);71009;3157983;857;83711;2.650774244193208
2021-07-04;IR;Iran (Islamic Republic of);83054;3241037;916;84627;2.611108728471782
2021-07-11;IR;Iran (Islamic Republic of);114749;3355786;1067;85694;2.553619330910851
2021-07-18;IR;Iran (Islamic Republic of);145293;3501079;1272;86966;2.4839770824937113
2021-07-25;IR;Iran (Islamic Republic of);163207;3664286;1566;88532;2.4160777843214203
2021-08-01;IR;Iran (Islamic Republic of);206722;3871008;2098;90630;2.3412506509932296
2021-08-08;IR;Iran (Islamic Republic of);248102;4119110;2843;93473;2.2692523384905963
2021-08-15;IR;Iran (Islamic Republic of);269975;4389085;3735;97208;2.2147668591517364
2021-08-22;IR;Iran (Islamic Republic of);251610;4640695;4146;101354;2.184026315023935
2021-08-29;IR;Iran (Islamic Republic of);254753;4895448;4547;105901;2.1632545172576645
2021-09-05;IR;Iran (Islamic Republic of);208089;5103537;4163;110064;2.15662196629514
2021-09-12;IR;Iran (Islamic Republic of);172030;5275567;3760;113824;2.157569034759676
2021-09-19;IR;Iran (Islamic Republic of);133293;5408860;2967;116791;2.1592535210746813
2021-09-26;IR;Iran (Islamic Republic of);110868;5519728;2281;119072;2.1572077464686665
2021-10-03;IR;Iran (Islamic Republic of);91972;5611700;1808;120880;2.154070958889463
2021-10-10;IR;Iran (Islamic Republic of);79934;5691634;1490;122370;2.1499976983762483
2021-10-17;IR;Iran (Islamic Republic of);81785;5773419;1506;123876;2.1456263610869053
2021-10-24;IR;Iran (Islamic Republic of);78251;5851670;1176;125052;2.1370309672281587
2021-10-31;IR;Iran (Islamic Republic of);64541;5916211;1074;126126;2.1318712263643067
2021-11-07;IR;Iran (Islamic Republic of);64049;5980260;1047;127173;2.126546337450211
2021-11-14;IR;Iran (Islamic Republic of);51315;6031575;869;128042;2.122861773251597
2021-11-21;IR;Iran (Islamic Republic of);41523;6073098;810;128852;2.1216848468442304
2021-11-28;IR;Iran (Islamic Republic of);32003;6105101;697;129549;2.121979636372928
2021-12-05;IR;Iran (Islamic Republic of);26255;6131356;575;130124;2.1222711582886395
2021-12-12;IR;Iran (Islamic Republic of);21168;6152524;537;130661;2.12369752641355
2021-12-19;IR;Iran (Islamic Republic of);16487;6169011;372;131033;2.1240519752679967
2021-12-26;IR;Iran (Islamic Republic of);13894;6182905;315;131348;2.124373575204536
2022-01-02;IR;Iran (Islamic Republic of);12498;6195403;291;131639;2.1247851027608693
2022-01-09;IR;Iran (Islamic Republic of);9114;6204517;208;131847;2.1250163389027703
2022-01-16;IR;Iran (Islamic Republic of);14224;6218741;197;132044;2.123323675965923
2022-01-23;IR;Iran (Islamic Republic of);26605;6245346;158;132202;2.116808260102803
2022-01-30;IR;Iran (Islamic Republic of);76837;6322183;178;132380;2.093896997287171
2022-02-06;IR;Iran (Islamic Republic of);221654;6543837;365;132745;2.0285499165092284
2022-02-13;IR;Iran (Islamic Republic of);236616;6780453;825;133570;1.9699273780085194
2022-02-20;IR;Iran (Islamic Republic of);145032;6925485;1228;134798;1.9464051976143186
2022-02-27;IR;Iran (Islamic Republic of);105458;7030943;1592;136390;1.9398535872072922
2022-03-06;IR;Iran (Islamic Republic of);53363;7084306;1357;137747;1.9443965294553907
2022-03-13;IR;Iran (Islamic Republic of);35457;7119763;1084;138831;1.9499385021664346
2022-03-20;IR;Iran (Islamic Republic of);19454;7139217;719;139550;1.9546961522531114
2022-03-27;IR;Iran (Islamic Republic of);9572;7148789;421;139971;1.9579679859064243
2022-04-03;IR;Iran (Islamic Republic of);17582;7166371;306;140277;1.9574342439150862
2022-04-10;IR;Iran (Islamic Republic of);22378;7188749;300;140577;1.9555140957070556
2022-04-17;IR;Iran (Islamic Republic of);16315;7205064;223;140800;1.9541811148381196
2022-04-24;IR;Iran (Islamic Republic of);10448;7215512;162;140962;1.9535966401275473
2022-05-01;IR;Iran (Islamic Republic of);6141;7221653;121;141083;1.9536108976712117
2022-05-08;IR;Iran (Islamic Republic of);3048;7224701;82;141165;1.95392169170738
2022-05-15;IR;Iran (Islamic Republic of);2982;7227683;51;141216;1.9538211623282313
2022-05-22;IR;Iran (Islamic Republic of);2058;7229741;55;141271;1.954025738958007
2022-05-29;IR;Iran (Islamic Republic of);1646;7231387;35;141306;1.954064967066484
2022-06-05;IR;Iran (Islamic Republic of);1291;7232678;22;141328;1.9540203504151574
2022-06-12;IR;Iran (Islamic Republic of);850;7233528;21;141349;1.9540810514592604
2022-06-19;IR;Iran (Islamic Republic of);1069;7234597;14;141363;1.9539858267157106
2022-06-26;IR;Iran (Islamic Republic of);1467;7236064;20;141383;1.953866079680887
2022-07-03;IR;Iran (Islamic Republic of);2776;7238840;7;141390;1.9532134982953069
2022-07-10;IR;Iran (Islamic Republic of);8761;7247601;39;141429;1.9513905359856316
2022-07-17;IR;Iran (Islamic Republic of);25126;7272727;57;141486;1.9454325729537214
2022-07-24;IR;Iran (Islamic Republic of);46595;7319322;164;141650;1.9352885417529109
2022-07-31;IR;Iran (Islamic Republic of);61977;7381299;287;141937;1.922927116216265
2022-08-07;IR;Iran (Islamic Republic of);53646;7434945;461;142398;1.9152529036865773
2022-08-14;IR;Iran (Islamic Republic of);33949;7468894;463;142861;1.9127463852077697
2022-08-21;IR;Iran (Islamic Republic of);34475;7503369;471;143332;1.9102352556564925
2022-08-28;IR;Iran (Islamic Republic of);18600;7521969;352;143684;1.9101913342104975
2022-09-04;IR;Iran (Islamic Republic of);9955;7531924;263;143947;1.9111584237971597
2022-09-11;IR;Iran (Islamic Republic of);6201;7538125;207;144154;1.912332310753669
2022-09-18;IR;Iran (Islamic Republic of);4408;7542533;133;144287;1.9129780406661794
2022-09-25;IR;Iran (Islamic Republic of);4140;7546673;95;144382;1.9131874403462295
2022-10-02;IR;Iran (Islamic Republic of);2513;7549186;47;144429;1.913173155357412
2022-10-09;IR;Iran (Islamic Republic of);2171;7551357;49;144478;1.9132720119046154
2022-10-16;IR;Iran (Islamic Republic of);2649;7554006;38;144516;1.913104119853757
2022-10-23;IR;Iran (Islamic Republic of);1897;7555903;27;144543;1.9129811486462966
2022-10-30;IR;Iran (Islamic Republic of);1461;7557364;28;144571;1.9129818280553907
2022-11-06;IR;Iran (Islamic Republic of);714;7558078;21;144592;1.9130789600213176
2022-11-13;IR;Iran (Islamic Republic of);815;7558893;18;144610;1.9131108219153254
2022-11-20;IR;Iran (Islamic Republic of);365;7559258;15;144625;1.9132168792228021
2022-11-27;IR;Iran (Islamic Republic of);268;7559526;8;144633;1.9132548786789012
2022-12-04;IR;Iran (Islamic Republic of);273;7559799;4;144637;1.9132386985421173
2022-12-11;IR;Iran (Islamic Republic of);306;7560105;21;144658;1.9134390329234845
2022-12-18;IR;Iran (Islamic Republic of);284;7560389;3;144661;1.913406836605894
2022-12-25;IR;Iran (Islamic Republic of);342;7560731;12;144673;1.913479000906129
2023-01-01;IR;Iran (Islamic Republic of);409;7561140;12;144685;1.9135342025144355
2023-01-08;IR;Iran (Islamic Republic of);668;7561808;21;144706;1.913642874825703
2023-01-15;IR;Iran (Islamic Republic of);687;7562495;18;144724;1.9137070503848268
2023-01-22;IR;Iran (Islamic Republic of);778;7563273;10;144734;1.9136424138068269
2023-01-29;IR;Iran (Islamic Republic of);773;7564046;10;144744;1.9135790554420213
2023-02-05;IR;Iran (Islamic Republic of);617;7564663;12;144756;1.9135816096500267
2023-02-12;IR;Iran (Islamic Republic of);704;7565367;23;144779;1.9137075570821611
2023-02-19;IR;Iran (Islamic Republic of);1069;7566436;18;144797;1.9136750776719713
2023-02-26;IR;Iran (Islamic Republic of);1037;7567473;31;144828;1.913822487374583
2023-03-05;IR;Iran (Islamic Republic of);2296;7569769;50;144878;1.9139025246345036
2023-03-12;IR;Iran (Islamic Republic of);3559;7573328;78;144956;1.9140330380514352
2023-03-19;IR;Iran (Islamic Republic of);5743;7579071;98;145054;1.9138757243466908
2023-03-26;IR;Iran (Islamic Republic of);5460;7584531;142;145196;1.9143701832057909
2023-04-02;IR;Iran (Islamic Republic of);7090;7591621;173;145369;1.9148611344006767
2023-04-09;IR;Iran (Islamic Republic of);6361;7597982;202;145571;1.9159166210185812
2023-04-16;IR;Iran (Islamic Republic of);5109;7603091;237;145808;1.9177463481628723
2023-04-23;IR;Iran (Islamic Republic of);3150;7606241;178;145986;1.9192923284970858
2023-04-30;IR;Iran (Islamic Republic of);2227;7608468;111;146097;1.920189452068406
2023-05-07;IR;Iran (Islamic Republic of);1454;7609922;68;146165;1.9207161387462317
2023-05-14;IR;Iran (Islamic Republic of);754;7610676;39;146204;1.9210382888458266
2023-05-21;IR;Iran (Islamic Republic of);462;7611138;26;146230;1.9212632854640133
2023-05-28;IR;Iran (Islamic Republic of);445;7611583;23;146253;1.9214531326794966
2023-06-04;IR;Iran (Islamic Republic of);348;7611931;14;146267;1.9215492100493292
2023-06-11;IR;Iran (Islamic Republic of);70;7612001;6;146273;1.9216103623738359
2023-06-18;IR;Iran (Islamic Republic of);279;7612280;17;146290;1.9217632562123304
2023-06-25;IR;Iran (Islamic Republic of);134;7612414;2;146292;1.9217557006226935
2023-07-02;IR;Iran (Islamic Republic of);123;7612537;5;146297;1.9217903308712985
2023-07-09;IR;Iran (Islamic Republic of);125;7612662;4;146301;1.9218113190891701
2023-07-16;IR;Iran (Islamic Republic of);66;7612728;2;146303;1.9218209293698658
2023-07-23;IR;Iran (Islamic Republic of);100;7612828;3;146306;1.9218350920315028
2023-07-30;IR;Iran (Islamic Republic of);107;7612935;5;146311;1.921873758281136
2023-08-06;IR;Iran (Islamic Republic of);135;7613070;5;146316;1.92190535486998
2023-08-13;IR;Iran (Islamic Republic of);168;7613238;2;146318;1.9218892145497095
2023-08-20;IR;Iran (Islamic Republic of);230;7613468;3;146321;1.921870558857015
2023-08-27;IR;Iran (Islamic Republic of);248;7613716;6;146327;1.921886763309795
2023-09-03;IR;Iran (Islamic Republic of);118;7613834;5;146332;1.9219226476437496
2023-09-10;IR;Iran (Islamic Republic of);895;7614729;24;146356;1.9220119324010088
2023-09-17;IR;Iran (Islamic Republic of);1093;7615822;8;146364;1.9218411354677143
2023-09-24;IR;Iran (Islamic Republic of);969;7616791;22;146386;1.9218854764427695
2023-10-01;IR;Iran (Islamic Republic of);961;7617752;24;146410;1.921958078971329
2023-10-08;IR;Iran (Islamic Republic of);975;7618727;26;146436;1.9220533824088986
2023-10-15;IR;Iran (Islamic Republic of);1254;7619981;44;146480;1.9223145044587382
2023-10-22;IR;Iran (Islamic Republic of);1059;7621040;50;146530;1.9227034630444138
2023-10-29;IR;Iran (Islamic Republic of);1087;7622127;50;146580;1.9230852490387524
2023-11-05;IR;Iran (Islamic Republic of);934;7623061;53;146633;1.9235448857092972
2023-11-12;IR;Iran (Islamic Republic of);653;7623714;29;146662;1.9237605188232403
2023-11-19;IR;Iran (Islamic Republic of);398;7624112;26;146688;1.9240011164578903
2023-11-26;IR;Iran (Islamic Republic of);295;7624407;17;146705;1.9241496420639665
2023-12-03;IR;Iran (Islamic Republic of);292;7624699;19;146724;1.9243251438515803
2023-12-10;IR;Iran (Islamic Republic of);283;7624982;11;146735;1.9243979854640967
2023-12-17;IR;Iran (Islamic Republic of);178;7625160;6;146741;1.92443174962886
2023-12-24;IR;Iran (Islamic Republic of);132;7625292;10;146751;1.924529578670561
2023-12-31;IR;Iran (Islamic Republic of);171;7625463;6;146757;1.9245651050959136
2024-01-07;IR;Iran (Islamic Republic of);182;7625645;5;146762;1.9245847400449407
2024-01-14;IR;Iran (Islamic Republic of);167;7625812;5;146767;1.9246081597605607
2024-01-21;IR;Iran (Islamic Republic of);210;7626022;10;146777;1.924686291227589
2020-01-05;IQ;Iraq;0;0;0;0;0.0
2020-01-12;IQ;Iraq;0;0;0;0;0.0
2020-01-19;IQ;Iraq;0;0;0;0;0.0
2020-01-26;IQ;Iraq;0;0;0;0;0.0
2020-02-02;IQ;Iraq;0;0;0;0;0.0
2020-02-09;IQ;Iraq;0;0;0;0;0.0
2020-02-16;IQ;Iraq;0;0;0;0;0.0
2020-02-23;IQ;Iraq;0;0;0;0;0.0
2020-03-01;IQ;Iraq;13;13;0;0;0.0
2020-03-08;IQ;Iraq;41;54;2;2;3.7037037037037033
2020-03-15;IQ;Iraq;58;112;7;9;8.035714285714286
2020-03-22;IQ;Iraq;102;214;8;17;7.943925233644859
2020-03-29;IQ;Iraq;292;506;25;42;8.300395256916996
2020-04-05;IQ;Iraq;372;878;14;56;6.378132118451026
2020-04-12;IQ;Iraq;440;1318;16;72;5.462822458270106
2020-04-19;IQ;Iraq;195;1513;10;82;5.419695968274951
2020-04-26;IQ;Iraq;250;1763;4;86;4.878048780487805
2020-05-03;IQ;Iraq;456;2219;9;95;4.281207751239298
2020-05-10;IQ;Iraq;460;2679;12;107;3.994027622247107
2020-05-17;IQ;Iraq;581;3260;14;121;3.7116564417177913
2020-05-24;IQ;Iraq;1012;4272;31;152;3.5580524344569286
2020-05-31;IQ;Iraq;1907;6179;43;195;3.155850461239683
2020-06-07;IQ;Iraq;4919;11098;123;318;2.865381149756713
2020-06-14;IQ;Iraq;7852;18950;231;549;2.897097625329815
2020-06-21;IQ;Iraq;10272;29222;464;1013;3.4665662856751758
2020-06-28;IQ;Iraq;14040;43262;647;1660;3.8370856640931996
2020-07-05;IQ;Iraq;15092;58354;708;2368;4.057990883229942
2020-07-12;IQ;Iraq;16840;75194;687;3055;4.062824161502247
2020-07-19;IQ;Iraq;15026;90220;636;3691;4.091110618488139
2020-07-26;IQ;Iraq;17353;107573;593;4284;3.9824119435174254
2020-08-02;IQ;Iraq;19131;126704;521;4805;3.792303321126405
2020-08-09;IQ;Iraq;20685;147389;505;5310;3.6027111928298585
2020-08-16;IQ;Iraq;25194;172583;475;5785;3.352010337055214
2020-08-23;IQ;Iraq;28467;201050;568;6353;3.1599104700323304
2020-08-30;IQ;Iraq;26396;227446;538;6891;3.029730133746032
2020-09-06;IQ;Iraq;29273;256719;531;7422;2.8910988279013243
2020-09-13;IQ;Iraq;30059;286778;519;7941;2.769040860874963
2020-09-20;IQ;Iraq;28819;315597;550;8491;2.6904564999033576
2020-09-27;IQ;Iraq;30372;345969;444;8935;2.582601331333154
2020-10-04;IQ;Iraq;29962;375931;412;9347;2.486360528926851
2020-10-11;IQ;Iraq;24193;400124;443;9790;2.4467415101318593
2020-10-18;IQ;Iraq;23400;423524;408;10198;2.407891878618449
2020-10-25;IQ;Iraq;25629;449153;370;10568;2.352873074431207
2020-11-01;IQ;Iraq;23477;472630;342;10910;2.3083596047648265
2020-11-08;IQ;Iraq;23389;496019;373;11283;2.274711250980305
2020-11-15;IQ;Iraq;20896;516915;340;11623;2.248532157124479
2020-11-22;IQ;Iraq;16640;533555;302;11925;2.2350085745611983
2020-11-29;IQ;Iraq;15266;548821;275;12200;2.2229470082230818
2020-12-06;IQ;Iraq;13699;562520;211;12411;2.2063215530114486
2020-12-13;IQ;Iraq;11102;573622;154;12565;2.190466892831865
2020-12-20;IQ;Iraq;9496;583118;115;12680;2.1745169931300357
2020-12-27;IQ;Iraq;7661;590779;87;12767;2.1610449931361813
2021-01-03;IQ;Iraq;6254;597033;62;12829;2.1487924453087186
2021-01-10;IQ;Iraq;5298;602331;52;12881;2.138525163074788
2021-01-17;IQ;Iraq;5256;607587;54;12935;2.128913225595676
2021-01-24;IQ;Iraq;5283;612870;53;12988;2.1192096203109956
2021-01-31;IQ;Iraq;6052;618922;53;13041;2.107050646123421
2021-02-07;IQ;Iraq;8494;627416;70;13111;2.0896821247784563
2021-02-14;IQ;Iraq;14212;641628;53;13164;2.0516560997961437
2021-02-21;IQ;Iraq;23122;664750;81;13245;1.9924783753290713
2021-02-28;IQ;Iraq;27491;692241;138;13383;1.9332862399077777
2021-03-07;IQ;Iraq;30948;723189;165;13548;1.8733692022417376
2021-03-14;IQ;Iraq;31129;754318;171;13719;1.8187289710705565
2021-03-21;IQ;Iraq;35072;789390;250;13969;1.7695942436564942
2021-03-28;IQ;Iraq;37767;827157;208;14177;1.7139430603863595
2021-04-04;IQ;Iraq;41043;868200;253;14430;1.6620594333102972
2021-04-11;IQ;Iraq;49955;918155;248;14678;1.5986407523784112
2021-04-18;IQ;Iraq;52832;970987;270;14948;1.539464483046632
2021-04-25;IQ;Iraq;54301;1025288;269;15217;1.4841683507463268
2021-05-02;IQ;Iraq;45078;1070366;281;15498;1.447915946508017
2021-05-09;IQ;Iraq;38192;1108558;243;15741;1.4199527674690906
2021-05-16;IQ;Iraq;28359;1136917;189;15930;1.4011576922501818
2021-05-23;IQ;Iraq;27232;1164149;228;16158;1.3879666606250574
2021-05-30;IQ;Iraq;29459;1193608;176;16334;1.3684559754961427
2021-06-06;IQ;Iraq;28070;1221678;184;16518;1.3520747692927269
2021-06-13;IQ;Iraq;29013;1250691;172;16690;1.3344623092354546
2021-06-20;IQ;Iraq;32614;1283305;170;16860;1.3137952396351606
2021-06-27;IQ;Iraq;37927;1321232;201;17061;1.2912947915279072
2021-07-04;IQ;Iraq;43979;1365211;220;17281;1.2658116584176367
2021-07-11;IQ;Iraq;56535;1421746;234;17515;1.2319359435510986
2021-07-18;IQ;Iraq;61268;1483014;274;17789;1.1995166599910723
2021-07-25;IQ;Iraq;60487;1543501;443;18232;1.1812107669512362
2021-08-01;IQ;Iraq;83098;1626599;425;18657;1.1469944343996277
2021-08-08;IQ;Iraq;77764;1704363;489;19146;1.1233522436241574
2021-08-15;IQ;Iraq;64390;1768753;460;19606;1.108464551014189
2021-08-22;IQ;Iraq;50702;1819455;504;20110;1.1052760304596705
2021-08-29;IQ;Iraq;48897;1868352;522;20632;1.1042886993457335
2021-09-05;IQ;Iraq;44043;1912395;410;21042;1.1002957025091573
2021-09-12;IQ;Iraq;34816;1947211;403;21445;1.1013187579568933
2021-09-19;IQ;Iraq;25494;1972705;330;21775;1.1038143057375533
2021-09-26;IQ;Iraq;18923;1991628;297;22072;1.108239088825825
2021-10-03;IQ;Iraq;15599;2007227;272;22344;1.1131775329845601
2021-10-10;IQ;Iraq;14882;2022109;193;22537;1.1145294343677814
2021-10-17;IQ;Iraq;11628;2033737;201;22738;1.1180403365823604
2021-10-24;IQ;Iraq;11290;2045027;199;22937;1.121598883535523
2021-10-31;IQ;Iraq;9175;2054202;201;23138;1.1263741345787806
2021-11-07;IQ;Iraq;7737;2061939;181;23319;1.1309257936340502
2021-11-14;IQ;Iraq;6449;2068388;164;23483;1.1353285747161557
2021-11-21;IQ;Iraq;5447;2073835;159;23642;1.1400135497761394
2021-11-28;IQ;Iraq;5249;2079084;130;23772;1.1433881459334976
2021-12-05;IQ;Iraq;4805;2083889;101;23873;1.1455984459824875
2021-12-12;IQ;Iraq;3608;2087497;92;23965;1.1480256019529609
2021-12-19;IQ;Iraq;2711;2090208;86;24051;1.1506510356864006
2021-12-26;IQ;Iraq;2104;2092312;71;24122;1.1528873322907864
2022-01-02;IQ;Iraq;1579;2093891;41;24163;1.153976018809002
2022-01-09;IQ;Iraq;2915;2096806;37;24200;1.1541363387933838
2022-01-16;IQ;Iraq;13877;2110683;42;24242;1.14853817460983
2022-01-23;IQ;Iraq;38623;2149306;41;24283;1.1298065515101154
2022-01-30;IQ;Iraq;48477;2197783;78;24361;1.1084351821813163
2022-02-06;IQ;Iraq;46827;2244610;138;24499;1.0914590953439574
2022-02-13;IQ;Iraq;28925;2273535;179;24678;1.085446232409002
2022-02-20;IQ;Iraq;16476;2290011;173;24851;1.0851912938409467
2022-02-27;IQ;Iraq;10634;2300645;109;24960;1.0849131439226825
2022-03-06;IQ;Iraq;6910;2307555;81;25041;1.0851745678867892
2022-03-13;IQ;Iraq;4737;2312292;56;25097;1.085373300603903
2022-03-20;IQ;Iraq;3499;2315791;30;25127;1.0850288303219073
2022-03-27;IQ;Iraq;1956;2317747;22;25149;1.085062347184572
2022-04-03;IQ;Iraq;2379;2320126;21;25170;1.0848548742611392
2022-04-10;IQ;Iraq;1655;2321781;13;25183;1.084641488581395
2022-04-17;IQ;Iraq;1259;2323040;15;25198;1.0846993594600178
2022-04-24;IQ;Iraq;1101;2324141;6;25204;1.0844436718770505
2022-05-01;IQ;Iraq;951;2325092;7;25211;1.0843011803403908
2022-05-08;IQ;Iraq;430;2325522;2;25213;1.084186690128066
2022-05-15;IQ;Iraq;834;2326356;3;25216;1.0839269656062958
2022-05-22;IQ;Iraq;836;2327192;0;25216;1.0835375852099869
2022-05-29;IQ;Iraq;645;2327837;3;25219;1.083366232257671
2022-06-05;IQ;Iraq;745;2328582;1;25220;1.0830625676914105
2022-06-12;IQ;Iraq;1080;2329662;2;25222;1.0826463238014785
2022-06-19;IQ;Iraq;2210;2331872;6;25228;1.0818775644632295
2022-06-26;IQ;Iraq;6237;2338109;1;25229;1.0790343820583215
2022-07-03;IQ;Iraq;15791;2353900;14;25243;1.0723905008708952
2022-07-10;IQ;Iraq;29194;2383094;10;25253;1.0596728454689575
2022-07-17;IQ;Iraq;19217;2402311;14;25267;1.051778891242641
2022-07-24;IQ;Iraq;25573;2427884;19;25286;1.0414830362570864
2022-07-31;IQ;Iraq;15888;2443772;27;25313;1.0358167619565164
2022-08-07;IQ;Iraq;6865;2450637;12;25325;1.0334047841438776
2022-08-14;IQ;Iraq;3576;2454213;13;25338;1.0324287256240594
2022-08-21;IQ;Iraq;2342;2456555;5;25343;1.0316479785716175
2022-08-28;IQ;Iraq;1316;2457871;3;25346;1.0312176676481395
2022-09-04;IQ;Iraq;638;2458509;2;25348;1.0310314096877418
2022-09-11;IQ;Iraq;413;2458922;3;25351;1.030980242561578
2022-09-18;IQ;Iraq;256;2459178;1;25352;1.0309135816927444
2022-09-25;IQ;Iraq;327;2459505;0;25352;1.030776518039199
2022-10-02;IQ;Iraq;813;2460318;4;25356;1.0305984836106552
2022-10-09;IQ;Iraq;526;2460844;0;25356;1.0303781954483908
2022-10-16;IQ;Iraq;205;2461049;2;25358;1.0303736333571578
2022-10-23;IQ;Iraq;180;2461229;0;25358;1.0302982778116136
2022-10-30;IQ;Iraq;221;2461450;2;25360;1.0302870259399945
2022-11-06;IQ;Iraq;357;2461807;1;25361;1.0301782389927399
2022-11-13;IQ;Iraq;465;2462272;0;25361;1.0299836898604218
2022-11-20;IQ;Iraq;697;2462969;1;25362;1.0297328143391167
2022-11-27;IQ;Iraq;698;2463667;2;25364;1.0295222528044579
2022-12-04;IQ;Iraq;649;2464316;1;25365;1.0292916979802915
2022-12-11;IQ;Iraq;455;2464771;2;25367;1.02918283280678
2022-12-18;IQ;Iraq;324;2465095;6;25373;1.0292909603889506
2022-12-25;IQ;Iraq;278;2465373;1;25374;1.0292154574581613
2023-01-01;IQ;Iraq;172;2465545;1;25375;1.029184216876999
2023-01-08;IQ;Iraq;0;2465545;0;25375;1.029184216876999
2023-01-15;IQ;Iraq;0;2465545;0;25375;1.029184216876999
2023-01-22;IQ;Iraq;0;2465545;0;25375;1.029184216876999
2023-01-29;IQ;Iraq;0;2465545;0;25375;1.029184216876999
2023-02-05;IQ;Iraq;0;2465545;0;25375;1.029184216876999
2023-02-12;IQ;Iraq;0;2465545;0;25375;1.029184216876999
2023-02-19;IQ;Iraq;0;2465545;0;25375;1.029184216876999
2023-02-26;IQ;Iraq;0;2465545;0;25375;1.029184216876999
2023-03-05;IQ;Iraq;0;2465545;0;25375;1.029184216876999
2023-03-12;IQ;Iraq;0;2465545;0;25375;1.029184216876999
2023-03-19;IQ;Iraq;0;2465545;0;25375;1.029184216876999
2023-03-26;IQ;Iraq;0;2465545;0;25375;1.029184216876999
2023-04-02;IQ;Iraq;0;2465545;0;25375;1.029184216876999
2023-04-09;IQ;Iraq;0;2465545;0;25375;1.029184216876999
2023-04-16;IQ;Iraq;0;2465545;0;25375;1.029184216876999
2023-04-23;IQ;Iraq;0;2465545;0;25375;1.029184216876999
2023-04-30;IQ;Iraq;0;2465545;0;25375;1.029184216876999
2023-05-07;IQ;Iraq;0;2465545;0;25375;1.029184216876999
2023-05-14;IQ;Iraq;0;2465545;0;25375;1.029184216876999
2023-05-21;IQ;Iraq;0;2465545;0;25375;1.029184216876999
2023-05-28;IQ;Iraq;0;2465545;0;25375;1.029184216876999
2023-06-04;IQ;Iraq;0;2465545;0;25375;1.029184216876999
2023-06-11;IQ;Iraq;0;2465545;0;25375;1.029184216876999
2023-06-18;IQ;Iraq;0;2465545;0;25375;1.029184216876999
2023-06-25;IQ;Iraq;0;2465545;0;25375;1.029184216876999
2023-07-02;IQ;Iraq;0;2465545;0;25375;1.029184216876999
2023-07-09;IQ;Iraq;0;2465545;0;25375;1.029184216876999
2023-07-16;IQ;Iraq;0;2465545;0;25375;1.029184216876999
2023-07-23;IQ;Iraq;0;2465545;0;25375;1.029184216876999
2023-07-30;IQ;Iraq;0;2465545;0;25375;1.029184216876999
2023-08-06;IQ;Iraq;0;2465545;0;25375;1.029184216876999
2023-08-13;IQ;Iraq;0;2465545;0;25375;1.029184216876999
2023-08-20;IQ;Iraq;0;2465545;0;25375;1.029184216876999
2023-08-27;IQ;Iraq;0;2465545;0;25375;1.029184216876999
2023-09-03;IQ;Iraq;0;2465545;0;25375;1.029184216876999
2023-09-10;IQ;Iraq;0;2465545;0;25375;1.029184216876999
2023-09-17;IQ;Iraq;0;2465545;0;25375;1.029184216876999
2023-09-24;IQ;Iraq;0;2465545;0;25375;1.029184216876999
2023-10-01;IQ;Iraq;0;2465545;0;25375;1.029184216876999
2023-10-08;IQ;Iraq;0;2465545;0;25375;1.029184216876999
2023-10-15;IQ;Iraq;0;2465545;0;25375;1.029184216876999
2023-10-22;IQ;Iraq;0;2465545;0;25375;1.029184216876999
2023-10-29;IQ;Iraq;0;2465545;0;25375;1.029184216876999
2023-11-05;IQ;Iraq;0;2465545;0;25375;1.029184216876999
2023-11-12;IQ;Iraq;0;2465545;0;25375;1.029184216876999
2023-11-19;IQ;Iraq;0;2465545;0;25375;1.029184216876999
2023-11-26;IQ;Iraq;0;2465545;0;25375;1.029184216876999
2023-12-03;IQ;Iraq;0;2465545;0;25375;1.029184216876999
2023-12-10;IQ;Iraq;0;2465545;0;25375;1.029184216876999
2023-12-17;IQ;Iraq;0;2465545;0;25375;1.029184216876999
2023-12-24;IQ;Iraq;0;2465545;0;25375;1.029184216876999
2023-12-31;IQ;Iraq;0;2465545;0;25375;1.029184216876999
2024-01-07;IQ;Iraq;0;2465545;0;25375;1.029184216876999
2024-01-14;IQ;Iraq;0;2465545;0;25375;1.029184216876999
2024-01-21;IQ;Iraq;0;2465545;0;25375;1.029184216876999
2020-01-05;IE;Ireland;0;0;0;0;0.0
2020-01-12;IE;Ireland;0;0;0;0;0.0
2020-01-19;IE;Ireland;0;0;0;0;0.0
2020-01-26;IE;Ireland;0;0;0;0;0.0
2020-02-02;IE;Ireland;0;0;0;0;0.0
2020-02-09;IE;Ireland;0;0;0;0;0.0
2020-02-16;IE;Ireland;0;0;0;0;0.0
2020-02-23;IE;Ireland;0;0;0;0;0.0
2020-03-01;IE;Ireland;0;0;0;0;0.0
2020-03-08;IE;Ireland;18;18;1;1;5.555555555555555
2020-03-15;IE;Ireland;72;90;1;2;2.2222222222222223
2020-03-22;IE;Ireland;593;683;3;5;0.7320644216691069
2020-03-29;IE;Ireland;1438;2121;49;54;2.545968882602546
2020-04-05;IE;Ireland;2152;4273;121;175;4.095483267025509
2020-04-12;IE;Ireland;3816;8089;279;454;5.612560267029299
2020-04-19;IE;Ireland;5891;13980;342;796;5.693848354792561
2020-04-26;IE;Ireland;4204;18184;290;1086;5.9722833260008805
2020-05-03;IE;Ireland;2649;20833;201;1287;6.177698843181491
2020-05-10;IE;Ireland;1708;22541;165;1452;6.441595315203408
2020-05-17;IE;Ireland;1415;23956;83;1535;6.407580564368008
2020-05-24;IE;Ireland;550;24506;61;1596;6.512690769607444
2020-05-31;IE;Ireland;370;24876;39;1635;6.572600096478534
2020-06-07;IE;Ireland;287;25163;27;1662;6.604935818463617
2020-06-14;IE;Ireland;87;25250;23;1685;6.673267326732674
2020-06-21;IE;Ireland;118;25368;14;1699;6.697414064963733
2020-06-28;IE;Ireland;46;25414;12;1711;6.732509640355709
2020-07-05;IE;Ireland;84;25498;8;1719;6.741705231782885
2020-07-12;IE;Ireland;91;25589;4;1723;6.733361991480715
2020-07-19;IE;Ireland;141;25730;5;1728;6.715895841430237
2020-07-26;IE;Ireland;115;25845;3;1731;6.697620429483458
2020-08-02;IE;Ireland;220;26065;2;1733;6.648762708613083
2020-08-09;IE;Ireland;405;26470;1;1734;6.5508122402720055
2020-08-16;IE;Ireland;525;26995;3;1737;6.434524912020745
2020-08-23;IE;Ireland;760;27755;2;1739;6.265537740947577
2020-08-30;IE;Ireland;824;28579;1;1740;6.088386577556947
2020-09-06;IE;Ireland;724;29303;1;1741;5.941371190663072
2020-09-13;IE;Ireland;1268;30571;8;1749;5.721108239835138
2020-09-20;IE;Ireland;1700;32271;14;1763;5.463109293173438
2020-09-27;IE;Ireland;2044;34315;8;1771;5.161008305405799
2020-10-04;IE;Ireland;2748;37063;12;1783;4.8107276798963925
2020-10-11;IE;Ireland;3640;40703;14;1797;4.414907992039899
2020-10-18;IE;Ireland;6724;47427;28;1825;3.8480190608724985
2020-10-25;IE;Ireland;8912;56339;35;1860;3.3014430501073853
2020-11-01;IE;Ireland;5798;62137;42;1902;3.0609781611600173
2020-11-08;IE;Ireland;3479;65616;38;1940;2.956595952206779
2020-11-15;IE;Ireland;2561;68177;39;1979;2.9027384601845196
2020-11-22;IE;Ireland;2703;70880;54;2033;2.868227990970655
2020-11-29;IE;Ireland;1897;72777;36;2069;2.8429311458290396
2020-12-06;IE;Ireland;1792;74569;47;2116;2.8376403062935
2020-12-13;IE;Ireland;2016;76585;35;2151;2.8086439903375333
2020-12-20;IE;Ireland;2747;79332;31;2182;2.750466394393183
2020-12-27;IE;Ireland;5844;85176;48;2230;2.6181083873391566
2021-01-03;IE;Ireland;9434;94610;64;2294;2.424690836063841
2021-01-10;IE;Ireland;42352;136962;105;2399;1.751580730421577
2021-01-17;IE;Ireland;30664;167626;290;2689;1.6041664180974313
2021-01-24;IE;Ireland;17731;185357;417;3106;1.675685299179421
2021-01-31;IE;Ireland;9613;194970;452;3558;1.8248961378673643
2021-02-07;IE;Ireland;7871;202841;388;3946;1.9453660749059607
2021-02-14;IE;Ireland;5957;208798;281;4227;2.0244446785888752
2021-02-21;IE;Ireland;5680;214478;190;4417;2.059418681636345
2021-02-28;IE;Ireland;4851;219329;150;4567;2.0822599838598634
2021-03-07;IE;Ireland;3918;223247;96;4663;2.0887178775078725
2021-03-14;IE;Ireland;3651;226898;62;4725;2.0824335163818106
2021-03-21;IE;Ireland;3486;230384;60;4785;2.076967150496562
2021-03-28;IE;Ireland;4021;234405;43;4828;2.05968302723918
2021-04-04;IE;Ireland;3860;238265;48;4876;2.0464608733972676
2021-04-11;IE;Ireland;3005;241270;32;4908;2.0342355037924316
2021-04-18;IE;Ireland;2627;243897;27;4935;2.0233951217112143
2021-04-25;IE;Ireland;2924;246821;20;4955;2.0075277225195585
2021-05-02;IE;Ireland;3127;249948;16;4971;1.988813673244035
2021-05-09;IE;Ireland;3034;252982;12;4983;1.9697053545311525
2021-05-16;IE;Ireland;2966;255948;9;4992;1.950396174222889
2021-05-23;IE;Ireland;3109;259057;11;5003;1.9312352107837272
2021-05-30;IE;Ireland;2871;261928;10;5013;1.9138847316819891
2021-06-06;IE;Ireland;2919;264847;9;5022;1.8961891205110875
2021-06-13;IE;Ireland;2289;267136;1;5023;1.8803156444657403
2021-06-20;IE;Ireland;2193;269329;9;5032;1.8683468917197927
2021-06-27;IE;Ireland;2226;271555;3;5035;1.8541363627994327
2021-07-04;IE;Ireland;2819;274374;6;5041;1.8372732110185368
2021-07-11;IE;Ireland;3439;277813;2;5043;1.8152498263220223
2021-07-18;IE;Ireland;5219;283032;4;5047;1.7831905932898047
2021-07-25;IE;Ireland;8571;291603;5;5052;1.7324924640692998
2021-08-01;IE;Ireland;9024;300627;9;5061;1.6834815236156435
2021-08-08;IE;Ireland;9251;309878;10;5071;1.636450474057532
2021-08-15;IE;Ireland;12115;321993;16;5087;1.5798480091182108
2021-08-22;IE;Ireland;12389;334382;15;5102;1.5257998337231071
2021-08-29;IE;Ireland;12766;347148;28;5130;1.4777558850979986
2021-09-05;IE;Ireland;11324;358472;44;5174;1.4433484344662901
2021-09-12;IE;Ireland;9911;368383;45;5219;1.4167320424666718
2021-09-19;IE;Ireland;8840;377223;46;5265;1.39572613546894
2021-09-26;IE;Ireland;9196;386419;36;5301;1.3718269546787296
2021-10-03;IE;Ireland;9106;395525;49;5350;1.3526325769546805
2021-10-10;IE;Ireland;8844;404369;48;5398;1.3349193434709388
2021-10-17;IE;Ireland;11721;416090;48;5446;1.3088514504073638
2021-10-24;IE;Ireland;14171;430261;63;5509;1.2803856263988602
2021-10-31;IE;Ireland;14940;445201;55;5564;1.2497725746348278
2021-11-07;IE;Ireland;21608;466809;77;5641;1.2084171470558622
2021-11-14;IE;Ireland;27728;494537;49;5690;1.150571140278685
2021-11-21;IE;Ireland;28823;523360;48;5738;1.0963772546621828
2021-11-28;IE;Ireland;32704;556064;70;5808;1.0444840881625137
2021-12-05;IE;Ireland;31944;588008;67;5875;0.9991360661759704
2021-12-12;IE;Ireland;31480;619488;56;5931;0.9574035332403533
2021-12-19;IE;Ireland;29191;648679;70;6001;0.925110879186778
2021-12-26;IE;Ireland;47414;696093;53;6054;0.8697113747731984
2022-01-02;IE;Ireland;97002;793095;53;6107;0.7700212458784887
2022-01-09;IE;Ireland;141823;934918;61;6168;0.6597370036730493
2022-01-16;IE;Ireland;147583;1082501;89;6257;0.5780133228514338
2022-01-23;IE;Ireland;56367;1138868;60;6317;0.5546735881594707
2022-01-30;IE;Ireland;35097;1173965;78;6395;0.5447351496850417
2022-02-06;IE;Ireland;36269;1210234;88;6483;0.5356815293571326
2022-02-13;IE;Ireland;36892;1247126;59;6542;0.5245660823365081
2022-02-20;IE;Ireland;32010;1279136;45;6587;0.5149569709553949
2022-02-27;IE;Ireland;27088;1306224;60;6647;0.5088713727507685
2022-03-06;IE;Ireland;22888;1329112;53;6700;0.504095967834163
2022-03-13;IE;Ireland;26726;1355838;65;6765;0.4989534147884924
2022-03-20;IE;Ireland;34473;1390311;68;6833;0.4914727712001128
2022-03-27;IE;Ireland;46646;1436957;84;6917;0.48136443888021696
2022-04-03;IE;Ireland;42205;1479162;99;7016;0.47432262321503665
2022-04-10;IE;Ireland;22014;1501176;103;7119;0.4742282050872116
2022-04-17;IE;Ireland;13440;1514616;106;7225;0.47701859745308384
2022-04-24;IE;Ireland;8932;1523548;81;7306;0.47953855080378166
2022-05-01;IE;Ireland;7576;1531124;57;7363;0.48088854984965296
2022-05-08;IE;Ireland;5251;1536375;56;7419;0.4828899194532585
2022-05-15;IE;Ireland;13088;1549463;28;7447;0.4806181238274163
2022-05-22;IE;Ireland;8038;1557501;28;7475;0.47993548639776157
2022-05-29;IE;Ireland;4138;1561639;23;7498;0.48013657445798935
2022-06-05;IE;Ireland;4467;1566106;19;7517;0.4799802823052846
2022-06-12;IE;Ireland;6053;1572159;16;7533;0.4791500096364299
2022-06-19;IE;Ireland;8220;1580379;24;7557;0.47817643742418753
2022-06-26;IE;Ireland;11608;1591987;29;7586;0.47651142879935576
2022-07-03;IE;Ireland;12852;1604839;44;7630;0.47543709992092664
2022-07-10;IE;Ireland;14090;1618929;31;7661;0.4732140816552178
2022-07-17;IE;Ireland;14291;1633220;50;7711;0.47213480119028667
2022-07-24;IE;Ireland;7832;1641052;58;7769;0.47341583325817826
2022-07-31;IE;Ireland;4541;1645593;40;7809;0.47454018095604444
2022-08-07;IE;Ireland;2954;1648547;39;7848;0.4760555810662359
2022-08-14;IE;Ireland;3193;1651740;41;7889;0.4776175427125335
2022-08-21;IE;Ireland;2263;1654003;30;7919;0.47877784985879707
2022-08-28;IE;Ireland;1641;1655644;19;7938;0.47945089644875344
2022-09-04;IE;Ireland;1902;1657546;20;7958;0.48010733940415534
2022-09-11;IE;Ireland;1780;1659326;15;7973;0.4804962978944463
2022-09-18;IE;Ireland;1555;1660881;13;7986;0.4808291503123945
2022-09-25;IE;Ireland;1875;1662756;16;8002;0.4812492031302248
2022-10-02;IE;Ireland;1921;1664677;24;8026;0.48213557344758173
2022-10-09;IE;Ireland;2261;1666938;32;8058;0.4834013022679907
2022-10-16;IE;Ireland;2210;1669148;26;8084;0.48431894595326475
2022-10-23;IE;Ireland;2036;1671184;36;8120;0.48588306254727187
2022-10-30;IE;Ireland;1682;1672866;32;8152;0.48730741135273237
2022-11-06;IE;Ireland;1905;1674771;33;8185;0.48872353294868376
2022-11-13;IE;Ireland;1805;1676576;35;8220;0.490284961731529
2022-11-20;IE;Ireland;1565;1678141;34;8254;0.4918537834425116
2022-11-27;IE;Ireland;1551;1679692;30;8284;0.49318565546540677
2022-12-04;IE;Ireland;1745;1681437;32;8316;0.49457696006451624
2022-12-11;IE;Ireland;2103;1683540;36;8352;0.49609750882069925
2022-12-18;IE;Ireland;2699;1686239;29;8381;0.4970232570827742
2022-12-25;IE;Ireland;3525;1689764;56;8437;0.49930049403348636
2023-01-01;IE;Ireland;3004;1692768;65;8502;0.5022542959224182
2023-01-08;IE;Ireland;3660;1696428;59;8561;0.5046485910395254
2023-01-15;IE;Ireland;2245;1698673;64;8625;0.5077492842942697
2023-01-22;IE;Ireland;1123;1699796;46;8671;0.5101200379339638
2023-01-29;IE;Ireland;897;1700693;25;8696;0.511320973273836
2023-02-05;IE;Ireland;754;1701447;33;8729;0.513033905846024
2023-02-12;IE;Ireland;668;1702115;21;8750;0.5140663233682801
2023-02-19;IE;Ireland;791;1702906;18;8768;0.5148845561645798
2023-02-26;IE;Ireland;650;1703556;17;8785;0.5156860120829606
2023-03-05;IE;Ireland;585;1704141;17;8802;0.5165065566757681
2023-03-12;IE;Ireland;749;1704890;10;8812;0.5168661907806369
2023-03-19;IE;Ireland;922;1705812;17;8829;0.5175834148194526
2023-03-26;IE;Ireland;982;1706794;20;8849;0.5184574119665291
2023-04-02;IE;Ireland;1345;1708139;19;8868;0.5191614968102714
2023-04-09;IE;Ireland;707;1708846;20;8888;0.5201170848631181
2023-04-16;IE;Ireland;588;1709434;15;8903;0.5208156617921488
2023-04-23;IE;Ireland;612;1710046;16;8919;0.5215649169671459
2023-04-30;IE;Ireland;504;1710550;26;8945;0.5229312209523252
2023-05-07;IE;Ireland;477;1711027;19;8964;0.5238958824144797
2023-05-14;IE;Ireland;492;1711519;17;8981;0.524738550959703
2023-05-21;IE;Ireland;423;1711942;29;9010;0.5263028770834526
2023-05-28;IE;Ireland;517;1712459;12;9022;0.5268447302971925
2023-06-04;IE;Ireland;435;1712894;18;9040;0.5277617879448465
2023-06-11;IE;Ireland;311;1713205;21;9061;0.52889175551087
2023-06-18;IE;Ireland;281;1713486;12;9073;0.5295053475779785
2023-06-25;IE;Ireland;223;1713709;8;9081;0.5299032682911743
2023-07-02;IE;Ireland;130;1713839;7;9088;0.5302715132518282
2023-07-09;IE;Ireland;172;1714011;11;9099;0.5308600703262698
2023-07-16;IE;Ireland;212;1714223;4;9103;0.5310277600988903
2023-07-23;IE;Ireland;261;1714484;4;9107;0.5311802268204311
2023-07-30;IE;Ireland;365;1714849;12;9119;0.531766936913979
2023-08-06;IE;Ireland;625;1715474;8;9127;0.5320395412579847
2023-08-13;IE;Ireland;691;1716165;15;9142;0.5326993616581156
2023-08-20;IE;Ireland;844;1717009;15;9157;0.5333111241699956
2023-08-27;IE;Ireland;931;1717940;24;9181;0.5344191298881218
2023-09-03;IE;Ireland;756;1718696;20;9201;0.5353477287431867
2023-09-10;IE;Ireland;801;1719497;21;9222;0.5363196330089556
2023-09-17;IE;Ireland;718;1720215;13;9235;0.536851498213886
2023-09-24;IE;Ireland;583;1720798;13;9248;0.5374250783648051
2023-10-01;IE;Ireland;741;1721539;10;9258;0.537774630722859
2023-10-08;IE;Ireland;706;1722245;17;9275;0.5385412644542443
2023-10-15;IE;Ireland;567;1722812;17;9292;0.5393507823256397
2023-10-22;IE;Ireland;609;1723421;12;9304;0.5398564831228121
2023-10-29;IE;Ireland;502;1723923;13;9317;0.5404533729174679
2023-11-05;IE;Ireland;412;1724335;13;9330;0.5410781547669102
2023-11-12;IE;Ireland;530;1724865;13;9343;0.5416655796250721
2023-11-19;IE;Ireland;484;1725349;7;9350;0.5419193450136756
2023-11-26;IE;Ireland;420;1725769;4;9354;0.5420192389595594
2023-12-03;IE;Ireland;441;1726210;17;9371;0.5428655841409793
2023-12-10;IE;Ireland;511;1726721;10;9381;0.5432840626829696
2023-12-17;IE;Ireland;711;1727432;15;9396;0.543928791408287
2023-12-24;IE;Ireland;929;1728361;15;9411;0.5445043020526383
2023-12-31;IE;Ireland;595;1728956;8;9419;0.544779624235666
2024-01-07;IE;Ireland;1194;1730150;9;9428;0.5449238505331908
2024-01-14;IE;Ireland;958;1731108;4;9432;0.5448533540368364
2024-01-21;IE;Ireland;745;1731853;1;9433;0.5446767133238214
2020-01-05;IM;Isle of Man;0;0;0;0;0.0
2020-01-12;IM;Isle of Man;0;0;0;0;0.0
2020-01-19;IM;Isle of Man;0;0;0;0;0.0
2020-01-26;IM;Isle of Man;0;0;0;0;0.0
2020-02-02;IM;Isle of Man;0;0;0;0;0.0
2020-02-09;IM;Isle of Man;0;0;0;0;0.0
2020-02-16;IM;Isle of Man;0;0;0;0;0.0
2020-02-23;IM;Isle of Man;0;0;0;0;0.0
2020-03-01;IM;Isle of Man;0;0;0;0;0.0
2020-03-08;IM;Isle of Man;0;0;0;0;0.0
2020-03-15;IM;Isle of Man;0;0;0;0;0.0
2020-03-22;IM;Isle of Man;2;2;0;0;0.0
2020-03-29;IM;Isle of Man;30;32;0;0;0.0
2020-04-05;IM;Isle of Man;88;120;1;1;0.8333333333333334
2020-04-12;IM;Isle of Man;86;206;5;6;2.912621359223301
2020-04-19;IM;Isle of Man;87;293;3;9;3.0716723549488054
2020-04-26;IM;Isle of Man;17;310;14;23;7.419354838709677
2020-05-03;IM;Isle of Man;11;321;5;28;8.722741433021806
2020-05-10;IM;Isle of Man;10;331;5;33;9.969788519637463
2020-05-17;IM;Isle of Man;6;337;1;34;10.089020771513352
2020-05-24;IM;Isle of Man;1;338;0;34;10.059171597633137
2020-05-31;IM;Isle of Man;0;338;0;34;10.059171597633137
2020-06-07;IM;Isle of Man;0;338;0;34;10.059171597633137
2020-06-14;IM;Isle of Man;0;338;0;34;10.059171597633137
2020-06-21;IM;Isle of Man;0;338;0;34;10.059171597633137
2020-06-28;IM;Isle of Man;0;338;0;34;10.059171597633137
2020-07-05;IM;Isle of Man;0;338;0;34;10.059171597633137
2020-07-12;IM;Isle of Man;0;338;0;34;10.059171597633137
2020-07-19;IM;Isle of Man;0;338;0;34;10.059171597633137
2020-07-26;IM;Isle of Man;0;338;0;34;10.059171597633137
2020-08-02;IM;Isle of Man;0;338;0;34;10.059171597633137
2020-08-09;IM;Isle of Man;0;338;0;34;10.059171597633137
2020-08-16;IM;Isle of Man;0;338;0;34;10.059171597633137
2020-08-23;IM;Isle of Man;0;338;0;34;10.059171597633137
2020-08-30;IM;Isle of Man;0;338;0;34;10.059171597633137
2020-09-06;IM;Isle of Man;0;338;0;34;10.059171597633137
2020-09-13;IM;Isle of Man;1;339;0;34;10.029498525073747
2020-09-20;IM;Isle of Man;2;341;0;34;9.970674486803519
2020-09-27;IM;Isle of Man;1;342;0;34;9.941520467836257
2020-10-04;IM;Isle of Man;1;343;0;34;9.912536443148689
2020-10-11;IM;Isle of Man;4;347;0;34;9.798270893371757
2020-10-18;IM;Isle of Man;3;350;0;34;9.714285714285714
2020-10-25;IM;Isle of Man;0;350;0;34;9.714285714285714
2020-11-01;IM;Isle of Man;5;355;0;34;9.577464788732394
2020-11-08;IM;Isle of Man;4;359;0;34;9.47075208913649
2020-11-15;IM;Isle of Man;6;365;1;35;9.58904109589041
2020-11-22;IM;Isle of Man;5;370;0;35;9.45945945945946
2020-11-29;IM;Isle of Man;1;371;0;35;9.433962264150944
2020-12-06;IM;Isle of Man;1;372;0;35;9.408602150537634
2020-12-13;IM;Isle of Man;0;372;0;35;9.408602150537634
2020-12-20;IM;Isle of Man;3;375;0;35;9.333333333333334
2020-12-27;IM;Isle of Man;2;377;0;35;9.283819628647215
2021-01-03;IM;Isle of Man;5;382;0;35;9.162303664921465
2021-01-10;IM;Isle of Man;14;396;0;35;8.83838383838384
2021-01-17;IM;Isle of Man;32;428;0;35;8.177570093457943
2021-01-24;IM;Isle of Man;4;432;0;35;8.101851851851851
2021-01-31;IM;Isle of Man;2;434;0;35;8.064516129032258
2021-02-07;IM;Isle of Man;0;434;0;35;8.064516129032258
2021-02-14;IM;Isle of Man;2;436;0;35;8.027522935779817
2021-02-21;IM;Isle of Man;13;449;0;35;7.795100222717149
2021-02-28;IM;Isle of Man;34;483;0;35;7.246376811594203
2021-03-07;IM;Isle of Man;192;675;0;35;5.185185185185185
2021-03-14;IM;Isle of Man;556;1231;1;36;2.924451665312754
2021-03-21;IM;Isle of Man;229;1460;0;36;2.4657534246575343
2021-03-28;IM;Isle of Man;93;1553;3;39;2.5112685125563425
2021-04-04;IM;Isle of Man;16;1569;0;39;2.48565965583174
2021-04-11;IM;Isle of Man;4;1573;0;39;2.479338842975207
2021-04-18;IM;Isle of Man;0;1573;0;39;2.479338842975207
2021-04-25;IM;Isle of Man;10;1583;0;39;2.46367656348705
2021-05-02;IM;Isle of Man;4;1587;0;39;2.4574669187145557
2021-05-09;IM;Isle of Man;1;1588;0;39;2.455919395465995
2021-05-16;IM;Isle of Man;0;1588;0;39;2.455919395465995
2021-05-23;IM;Isle of Man;1;1589;0;39;2.4543738200125866
2021-05-30;IM;Isle of Man;2;1591;0;39;2.451288497800126
2021-06-06;IM;Isle of Man;5;1596;0;39;2.443609022556391
2021-06-13;IM;Isle of Man;2;1598;0;39;2.4405506883604504
2021-06-20;IM;Isle of Man;0;1598;0;39;2.4405506883604504
2021-06-27;IM;Isle of Man;7;1605;0;39;2.4299065420560746
2021-07-04;IM;Isle of Man;29;1634;0;39;2.386780905752754
2021-07-11;IM;Isle of Man;53;1687;0;39;2.311796087729698
2021-07-18;IM;Isle of Man;512;2199;0;39;1.7735334242837655
2021-07-25;IM;Isle of Man;1576;3775;0;39;1.0331125827814571
2021-08-01;IM;Isle of Man;952;4727;4;43;0.9096678654537761
2021-08-08;IM;Isle of Man;696;5423;3;46;0.8482389821132215
2021-08-15;IM;Isle of Man;484;5907;1;47;0.7956661587946504
2021-08-22;IM;Isle of Man;358;6265;1;48;0.7661612130885874
2021-08-29;IM;Isle of Man;310;6575;0;48;0.7300380228136882
2021-09-05;IM;Isle of Man;224;6799;0;48;0.7059861744374172
2021-09-12;IM;Isle of Man;188;6987;1;49;0.70130241877773
2021-09-19;IM;Isle of Man;148;7135;1;50;0.7007708479327259
2021-09-26;IM;Isle of Man;228;7363;1;51;0.6926524514464213
2021-10-03;IM;Isle of Man;271;7634;1;52;0.6811632171862719
2021-10-10;IM;Isle of Man;393;8027;2;54;0.6727295378098916
2021-10-17;IM;Isle of Man;478;8505;2;56;0.6584362139917695
2021-10-24;IM;Isle of Man;601;9106;1;57;0.6259609048978696
2021-10-31;IM;Isle of Man;538;9644;0;57;0.591041061800083
2021-11-07;IM;Isle of Man;297;9941;3;60;0.6035610099587567
2021-11-14;IM;Isle of Man;284;10225;4;64;0.6259168704156479
2021-11-21;IM;Isle of Man;332;10557;2;66;0.625177607274794
2021-11-28;IM;Isle of Man;528;11085;0;66;0.5953991880920162
2021-12-05;IM;Isle of Man;789;11874;1;67;0.5642580427825501
2021-12-12;IM;Isle of Man;651;12525;0;67;0.5349301397205588
2021-12-19;IM;Isle of Man;514;13039;0;67;0.5138430861262366
2021-12-26;IM;Isle of Man;874;13913;0;67;0.4815640048875153
2022-01-02;IM;Isle of Man;2394;16307;0;67;0.41086649904948797
2022-01-09;IM;Isle of Man;2474;18781;1;68;0.3620680474948086
2022-01-16;IM;Isle of Man;1156;19937;2;70;0.3511059838491247
2022-01-23;IM;Isle of Man;785;20722;0;70;0.3378052311552939
2022-01-30;IM;Isle of Man;611;21333;1;71;0.3328177002765668
2022-02-06;IM;Isle of Man;465;21798;2;73;0.33489310945958345
2022-02-13;IM;Isle of Man;258;22056;4;77;0.3491113529198404
2022-02-20;IM;Isle of Man;245;22301;2;79;0.35424420429577147
2022-02-27;IM;Isle of Man;376;22677;1;80;0.3527803501344975
2022-03-06;IM;Isle of Man;736;23413;0;80;0.34169051381711013
2022-03-13;IM;Isle of Man;903;24316;1;81;0.3331139990129956
2022-03-20;IM;Isle of Man;1814;26130;0;81;0.3099885189437428
2022-03-27;IM;Isle of Man;1637;27767;1;82;0.29531458205783845
2022-04-03;IM;Isle of Man;1123;28890;2;84;0.29075804776739356
2022-04-10;IM;Isle of Man;1279;30169;3;87;0.2883754847691339
2022-04-17;IM;Isle of Man;0;30169;0;87;0.2883754847691339
2022-04-24;IM;Isle of Man;1497;31666;11;98;0.30948019958314915
2022-05-01;IM;Isle of Man;539;32205;4;102;0.3167210060549604
2022-05-08;IM;Isle of Man;219;32424;2;104;0.32075006168270415
2022-05-15;IM;Isle of Man;176;32600;1;105;0.3220858895705522
2022-05-22;IM;Isle of Man;194;32794;0;105;0.3201805208269805
2022-05-29;IM;Isle of Man;172;32966;1;106;0.3215434083601286
2022-06-05;IM;Isle of Man;132;33098;1;107;0.32328237355731465
2022-06-12;IM;Isle of Man;153;33251;0;107;0.3217948332380981
2022-06-19;IM;Isle of Man;570;33821;0;107;0.3163714851719346
2022-06-26;IM;Isle of Man;0;33821;1;108;0.3193282280240088
2022-07-03;IM;Isle of Man;2642;36463;0;108;0.2961906590242163
2022-07-10;IM;Isle of Man;535;36998;2;110;0.29731336829017785
2022-07-17;IM;Isle of Man;241;37239;0;110;0.2953892424608609
2022-07-24;IM;Isle of Man;299;37538;1;111;0.29570035697160213
2022-07-31;IM;Isle of Man;158;37696;3;114;0.3024193548387097
2022-08-07;IM;Isle of Man;98;37794;0;114;0.3016351801873313
2022-08-14;IM;Isle of Man;0;37794;0;114;0.3016351801873313
2022-08-21;IM;Isle of Man;0;37794;1;115;0.30428110282055354
2022-08-28;IM;Isle of Man;214;38008;1;116;0.3051989054935803
2022-09-04;IM;Isle of Man;0;38008;0;116;0.3051989054935803
2022-09-11;IM;Isle of Man;0;38008;0;116;0.3051989054935803
2022-09-18;IM;Isle of Man;0;38008;0;116;0.3051989054935803
2022-09-25;IM;Isle of Man;0;38008;0;116;0.3051989054935803
2022-10-02;IM;Isle of Man;0;38008;0;116;0.3051989054935803
2022-10-09;IM;Isle of Man;0;38008;0;116;0.3051989054935803
2022-10-16;IM;Isle of Man;0;38008;0;116;0.3051989054935803
2022-10-23;IM;Isle of Man;0;38008;0;116;0.3051989054935803
2022-10-30;IM;Isle of Man;0;38008;0;116;0.3051989054935803
2022-11-06;IM;Isle of Man;0;38008;0;116;0.3051989054935803
2022-11-13;IM;Isle of Man;0;38008;0;116;0.3051989054935803
2022-11-20;IM;Isle of Man;0;38008;0;116;0.3051989054935803
2022-11-27;IM;Isle of Man;0;38008;0;116;0.3051989054935803
2022-12-04;IM;Isle of Man;0;38008;0;116;0.3051989054935803
2022-12-11;IM;Isle of Man;0;38008;0;116;0.3051989054935803
2022-12-18;IM;Isle of Man;0;38008;0;116;0.3051989054935803
2022-12-25;IM;Isle of Man;0;38008;0;116;0.3051989054935803
2023-01-01;IM;Isle of Man;0;38008;0;116;0.3051989054935803
2023-01-08;IM;Isle of Man;0;38008;0;116;0.3051989054935803
2023-01-15;IM;Isle of Man;0;38008;0;116;0.3051989054935803
2023-01-22;IM;Isle of Man;0;38008;0;116;0.3051989054935803
2023-01-29;IM;Isle of Man;0;38008;0;116;0.3051989054935803
2023-02-05;IM;Isle of Man;0;38008;0;116;0.3051989054935803
2023-02-12;IM;Isle of Man;0;38008;0;116;0.3051989054935803
2023-02-19;IM;Isle of Man;0;38008;0;116;0.3051989054935803
2023-02-26;IM;Isle of Man;0;38008;0;116;0.3051989054935803
2023-03-05;IM;Isle of Man;0;38008;0;116;0.3051989054935803
2023-03-12;IM;Isle of Man;0;38008;0;116;0.3051989054935803
2023-03-19;IM;Isle of Man;0;38008;0;116;0.3051989054935803
2023-03-26;IM;Isle of Man;0;38008;0;116;0.3051989054935803
2023-04-02;IM;Isle of Man;0;38008;0;116;0.3051989054935803
2023-04-09;IM;Isle of Man;0;38008;0;116;0.3051989054935803
2023-04-16;IM;Isle of Man;0;38008;0;116;0.3051989054935803
2023-04-23;IM;Isle of Man;0;38008;0;116;0.3051989054935803
2023-04-30;IM;Isle of Man;0;38008;0;116;0.3051989054935803
2023-05-07;IM;Isle of Man;0;38008;0;116;0.3051989054935803
2023-05-14;IM;Isle of Man;0;38008;0;116;0.3051989054935803
2023-05-21;IM;Isle of Man;0;38008;0;116;0.3051989054935803
2023-05-28;IM;Isle of Man;0;38008;0;116;0.3051989054935803
2023-06-04;IM;Isle of Man;0;38008;0;116;0.3051989054935803
2023-06-11;IM;Isle of Man;0;38008;0;116;0.3051989054935803
2023-06-18;IM;Isle of Man;0;38008;0;116;0.3051989054935803
2023-06-25;IM;Isle of Man;0;38008;0;116;0.3051989054935803
2023-07-02;IM;Isle of Man;0;38008;0;116;0.3051989054935803
2023-07-09;IM;Isle of Man;0;38008;0;116;0.3051989054935803
2023-07-16;IM;Isle of Man;0;38008;0;116;0.3051989054935803
2023-07-23;IM;Isle of Man;0;38008;0;116;0.3051989054935803
2023-07-30;IM;Isle of Man;0;38008;0;116;0.3051989054935803
2023-08-06;IM;Isle of Man;0;38008;0;116;0.3051989054935803
2023-08-13;IM;Isle of Man;0;38008;0;116;0.3051989054935803
2023-08-20;IM;Isle of Man;0;38008;0;116;0.3051989054935803
2023-08-27;IM;Isle of Man;0;38008;0;116;0.3051989054935803
2023-09-03;IM;Isle of Man;0;38008;0;116;0.3051989054935803
2023-09-10;IM;Isle of Man;0;38008;0;116;0.3051989054935803
2023-09-17;IM;Isle of Man;0;38008;0;116;0.3051989054935803
2023-09-24;IM;Isle of Man;0;38008;0;116;0.3051989054935803
2023-10-01;IM;Isle of Man;0;38008;0;116;0.3051989054935803
2023-10-08;IM;Isle of Man;0;38008;0;116;0.3051989054935803
2023-10-15;IM;Isle of Man;0;38008;0;116;0.3051989054935803
2023-10-22;IM;Isle of Man;0;38008;0;116;0.3051989054935803
2023-10-29;IM;Isle of Man;0;38008;0;116;0.3051989054935803
2023-11-05;IM;Isle of Man;0;38008;0;116;0.3051989054935803
2023-11-12;IM;Isle of Man;0;38008;0;116;0.3051989054935803
2023-11-19;IM;Isle of Man;0;38008;0;116;0.3051989054935803
2023-11-26;IM;Isle of Man;0;38008;0;116;0.3051989054935803
2023-12-03;IM;Isle of Man;0;38008;0;116;0.3051989054935803
2023-12-10;IM;Isle of Man;0;38008;0;116;0.3051989054935803
2023-12-17;IM;Isle of Man;0;38008;0;116;0.3051989054935803
2023-12-24;IM;Isle of Man;0;38008;0;116;0.3051989054935803
2023-12-31;IM;Isle of Man;0;38008;0;116;0.3051989054935803
2024-01-07;IM;Isle of Man;0;38008;0;116;0.3051989054935803
2024-01-14;IM;Isle of Man;0;38008;0;116;0.3051989054935803
2024-01-21;IM;Isle of Man;0;38008;0;116;0.3051989054935803
2020-01-05;IL;Israel;0;0;0;0;0.0
2020-01-12;IL;Israel;0;0;0;0;0.0
2020-01-19;IL;Israel;0;0;0;0;0.0
2020-01-26;IL;Israel;0;0;0;0;0.0
2020-02-02;IL;Israel;0;0;0;0;0.0
2020-02-09;IL;Israel;0;0;0;0;0.0
2020-02-16;IL;Israel;9;9;0;0;0.0
2020-02-23;IL;Israel;1;10;0;0;0.0
2020-03-01;IL;Israel;5;15;0;0;0.0
2020-03-08;IL;Israel;26;41;0;0;0.0
2020-03-15;IL;Israel;151;192;0;0;0.0
2020-03-22;IL;Israel;844;1036;1;1;0.09652509652509653
2020-03-29;IL;Israel;2868;3904;12;13;0.3329918032786885
2020-04-05;IL;Israel;4259;8163;36;49;0.6002695087590347
2020-04-12;IL;Israel;2786;10949;54;103;0.94072518038177
2020-04-19;IL;Israel;2567;13516;63;166;1.2281740159810595
2020-04-26;IL;Israel;1759;15275;37;203;1.3289689034369885
2020-05-03;IL;Israel;768;16043;30;233;1.4523468179268215
2020-05-10;IL;Israel;293;16336;19;252;1.542605288932419
2020-05-17;IL;Israel;169;16505;21;273;1.6540442290215087
2020-05-24;IL;Israel;121;16626;10;283;1.7021532539396127
2020-05-31;IL;Israel;344;16970;6;289;1.7030053034767239
2020-06-07;IL;Israel;752;17722;11;300;1.6928111951247038
2020-06-14;IL;Israel;1260;18982;5;305;1.6067853756190076
2020-06-21;IL;Israel;1676;20658;5;310;1.5006292961564527
2020-06-28;IL;Israel;2831;23489;16;326;1.3878836902379839
2020-07-05;IL;Israel;5810;29299;15;341;1.1638622478582887
2020-07-12;IL;Israel;8756;38055;34;375;0.9854158454867954
2020-07-19;IL;Israel;11408;49463;53;428;0.8652932494996259
2020-07-26;IL;Israel;11867;61330;68;496;0.8087396054133377
2020-08-02;IL;Israel;10932;72262;83;579;0.8012510032935707
2020-08-09;IL;Israel;10106;82368;82;661;0.802496114996115
2020-08-16;IL;Israel;9839;92207;88;749;0.8123027535870379
2020-08-23;IL;Israel;9687;101894;87;836;0.8204604785365184
2020-08-30;IL;Israel;11652;113546;88;924;0.8137671076039666
2020-09-06;IL;Israel;15508;129054;108;1032;0.7996652564042959
2020-09-13;IL;Israel;23881;152935;113;1145;0.748684081472521
2020-09-20;IL;Israel;32590;185525;145;1290;0.6953240803126264
2020-09-27;IL;Israel;43128;228653;190;1480;0.6472690058735289
2020-10-04;IL;Israel;35988;264641;241;1721;0.6503149549767421
2020-10-11;IL;Israel;25121;289762;257;1978;0.6826291922336262
2020-10-18;IL;Israel;12757;302519;245;2223;0.7348298784539153
2020-10-25;IL;Israel;6926;309445;190;2413;0.7797831601738596
2020-11-01;IL;Israel;4652;314097;156;2569;0.8179002028035925
2020-11-08;IL;Israel;4530;318627;113;2682;0.8417365759963845
2020-11-15;IL;Israel;4585;323212;60;2742;0.8483595906092595
2020-11-22;IL;Israel;5091;328303;68;2810;0.8559166379838137
2020-11-29;IL;Israel;6362;334665;58;2868;0.856976379364439
2020-12-06;IL;Israel;9033;343698;60;2928;0.8519106890351412
2020-12-13;IL;Israel;11998;355696;80;3008;0.8456659619450317
2020-12-20;IL;Israel;17326;373022;103;3111;0.8339990670791535
2020-12-27;IL;Israel;26083;399105;131;3242;0.8123175605417121
2021-01-03;IL;Israel;36643;435748;191;3433;0.7878406785573312
2021-01-10;IL;Israel;50749;486497;244;3677;0.7558114438526856
2021-01-17;IL;Israel;58256;544753;341;4018;0.7375819866985588
2021-01-24;IL;Israel;49873;594626;366;4384;0.737270149640278
2021-01-31;IL;Israel;45816;640442;381;4765;0.7440174129741647
2021-02-07;IL;Israel;46171;686613;348;5113;0.7446698504106389
2021-02-14;IL;Israel;35955;722568;248;5361;0.7419370910419504
2021-02-21;IL;Israel;25826;748394;205;5566;0.74372589839042
2021-02-28;IL;Israel;25825;774219;177;5743;0.7417797806563776
2021-03-07;IL;Israel;26152;800371;132;5875;0.7340345914582113
2021-03-14;IL;Israel;17889;818260;115;5990;0.732041160511329
2021-03-21;IL;Israel;9371;827631;101;6091;0.7359559997148488
2021-03-28;IL;Israel;4543;832174;77;6168;0.7411911451210925
2021-04-04;IL;Israel;2360;834534;81;6249;0.7488011273357347
2021-04-11;IL;Israel;1684;836218;59;6308;0.7543487463795325
2021-04-18;IL;Israel;1052;837270;43;6351;0.7585366727578917
2021-04-25;IL;Israel;984;838254;24;6375;0.7605093444230507
2021-05-02;IL;Israel;624;838878;16;6391;0.7618509485288684
2021-05-09;IL;Israel;404;839282;13;6404;0.7630331640616622
2021-05-16;IL;Israel;261;839543;8;6412;0.7637488490762236
2021-05-23;IL;Israel;209;839752;7;6419;0.7643923444064439
2021-05-30;IL;Israel;150;839902;6;6425;0.7649701989041578
2021-06-06;IL;Israel;115;840017;4;6429;0.7653416537998636
2021-06-13;IL;Israel;92;840109;3;6432;0.7656149380616086
2021-06-20;IL;Israel;184;840293;3;6435;0.7658043087351674
2021-06-27;IL;Israel;1095;841388;1;6436;0.7649265261686642
2021-07-04;IL;Israel;2005;843393;0;6436;0.7631080646863324
2021-07-11;IL;Israel;3244;846637;5;6441;0.7607746885619221
2021-07-18;IL;Israel;5222;851859;12;6453;0.7575197303779146
2021-07-25;IL;Israel;8764;860623;14;6467;0.7514323925807236
2021-08-01;IL;Israel;14859;875482;26;6493;0.741648600428107
2021-08-08;IL;Israel;23515;898997;75;6568;0.7305919819532212
2021-08-15;IL;Israel;38065;937062;124;6692;0.7141469828036993
2021-08-22;IL;Israel;51170;988232;163;6855;0.6936630264958026
2021-08-29;IL;Israel;61130;1049362;193;7048;0.6716462002626358
2021-09-05;IL;Israel;66012;1115374;208;7256;0.6505441224199238
2021-09-12;IL;Israel;55065;1170439;171;7427;0.634548233611491
2021-09-19;IL;Israel;54413;1224852;146;7573;0.6182787798036007
2021-09-26;IL;Israel;40329;1265181;143;7716;0.6098732118171234
2021-10-03;IL;Israel;24955;1290136;129;7845;0.6080754277068464
2021-10-10;IL;Israel;16145;1306281;101;7946;0.6082917840801482
2021-10-17;IL;Israel;11082;1317363;82;8028;0.6093992316468582
2021-10-24;IL;Israel;7222;1324585;45;8073;0.6094739106965578
2021-10-31;IL;Israel;4653;1329238;47;8120;0.6108763065756471
2021-11-07;IL;Israel;3775;1333013;22;8142;0.6107967439177262
2021-11-14;IL;Israel;3104;1336117;25;8167;0.611248865181717
2021-11-21;IL;Israel;3191;1339308;22;8189;0.6114351590522867
2021-11-28;IL;Israel;3564;1342872;12;8201;0.6107060092101109
2021-12-05;IL;Israel;3636;1346508;15;8216;0.6101709013240174
2021-12-12;IL;Israel;4294;1350802;16;8232;0.6094157396864973
2021-12-19;IL;Israel;4887;1355689;13;8245;0.608177834296804
2021-12-26;IL;Israel;9079;1364768;6;8251;0.6045716194986988
2022-01-02;IL;Israel;26891;1391659;11;8262;0.5936799172785863
2022-01-09;IL;Israel;112884;1504543;24;8286;0.5507320162999662
2022-01-16;IL;Israel;308975;1813518;74;8360;0.46098246612385435
2022-01-23;IL;Israel;494733;2308251;193;8553;0.3705402921952595
2022-01-30;IL;Israel;474410;2782661;336;8889;0.31944243298051755
2022-02-06;IL;Israel;382736;3165397;434;9323;0.29452861678961595
2022-02-13;IL;Israel;241078;3406475;439;9762;0.2865718961683265
2022-02-20;IL;Israel;135580;3542055;262;10024;0.28299955816609285
2022-02-27;IL;Israel;77870;3619925;192;10216;0.28221579176364153
2022-03-06;IL;Israel;53061;3672986;134;10350;0.28178708004876685
2022-03-13;IL;Israel;43758;3716744;71;10421;0.2803798163123422
2022-03-20;IL;Israel;47811;3764555;58;10479;0.2783595936305885
2022-03-27;IL;Israel;88966;3853521;50;10529;0.2732306376428207
2022-04-03;IL;Israel;86177;3939698;63;10592;0.2688530948311266
2022-04-10;IL;Israel;57296;3996994;60;10652;0.26650027495662987
2022-04-17;IL;Israel;34453;4031447;48;10700;0.26541338631017597
2022-04-24;IL;Israel;25894;4057341;46;10746;0.2648532622720151
2022-05-01;IL;Israel;21226;4078567;36;10782;0.2643575549941928
2022-05-08;IL;Israel;14419;4092986;30;10812;0.264159222631106
2022-05-15;IL;Israel;15310;4108296;20;10832;0.26366162516040714
2022-05-22;IL;Israel;14797;4123093;23;10855;0.2632732271622299
2022-05-29;IL;Israel;13249;4136342;11;10866;0.2626958795960295
2022-06-05;IL;Israel;16478;4152820;14;10880;0.26199064731917104
2022-06-12;IL;Israel;29452;4182272;13;10893;0.26045651741445797
2022-06-19;IL;Israel;47448;4229720;18;10911;0.2579603378001381
2022-06-26;IL;Israel;67821;4297541;49;10960;0.2550295622543217
2022-07-03;IL;Israel;74269;4371810;89;11049;0.25273284978075444
2022-07-10;IL;Israel;73628;4445438;96;11145;0.2507064545720804
2022-07-17;IL;Israel;60205;4505643;103;11248;0.24964250385572048
2022-07-24;IL;Israel;43530;4549173;99;11347;0.24942995133401172
2022-07-31;IL;Israel;30706;4579879;82;11429;0.24954807758021555
2022-08-07;IL;Israel;21063;4600942;70;11499;0.2499270801501084
2022-08-14;IL;Israel;13168;4614110;52;11551;0.2503408024516104
2022-08-21;IL;Israel;9188;4623298;43;11594;0.2507733656796512
2022-08-28;IL;Israel;6922;4630220;41;11635;0.25128395626989647
2022-09-04;IL;Israel;6023;4636243;26;11661;0.25151830911365086
2022-09-11;IL;Israel;6094;4642337;16;11677;0.2515327947971033
2022-09-18;IL;Israel;7637;4649974;15;11692;0.25144226612879983
2022-09-25;IL;Israel;7584;4657558;9;11701;0.2512260716882109
2022-10-02;IL;Israel;6116;4663674;13;11714;0.25117536088500186
2022-10-09;IL;Israel;4937;4668611;17;11731;0.251273879961299
2022-10-16;IL;Israel;4311;4672922;17;11748;0.25140586553766575
2022-10-23;IL;Israel;4605;4677527;18;11766;0.25154317655461955
2022-10-30;IL;Israel;5518;4683045;16;11782;0.2515884429895506
2022-11-06;IL;Israel;6333;4689378;15;11797;0.2515685449115
2022-11-13;IL;Israel;7173;4696551;16;11813;0.25152500207066847
2022-11-20;IL;Israel;8825;4705376;23;11836;0.2515420659262937
2022-11-27;IL;Israel;10228;4715604;24;11860;0.25150542751257315
2022-12-04;IL;Israel;11231;4726835;39;11899;0.25173292488525617
2022-12-11;IL;Israel;10967;4737802;44;11943;0.2520789176077852
2022-12-18;IL;Israel;10321;4748123;42;11985;0.2524155334644869
2022-12-25;IL;Israel;8581;4756704;41;12026;0.2528221222089918
2023-01-01;IL;Israel;7374;4764078;41;12067;0.25329140286955837
2023-01-08;IL;Israel;6639;4770717;46;12113;0.2539031344764319
2023-01-15;IL;Israel;5328;4776045;24;12137;0.2541223962504541
2023-01-22;IL;Israel;4576;4780621;36;12173;0.25463219108981866
2023-01-29;IL;Israel;4168;4784789;26;12199;0.2549537712112279
2023-02-05;IL;Israel;3442;4788231;26;12225;0.25531349677991727
2023-02-12;IL;Israel;2878;4791109;19;12244;0.2555566988770241
2023-02-19;IL;Israel;3097;4794206;21;12265;0.2558296410291923
2023-02-26;IL;Israel;3552;4797758;26;12291;0.2561821584164937
2023-03-05;IL;Israel;3657;4801415;25;12316;0.2565077169959273
2023-03-12;IL;Israel;3462;4804877;23;12339;0.2568015788957761
2023-03-19;IL;Israel;3838;4808715;32;12371;0.257262075211361
2023-03-26;IL;Israel;3192;4811907;22;12393;0.25754861845833676
2023-04-02;IL;Israel;2791;4814698;24;12417;0.25789779545882213
2023-04-09;IL;Israel;1969;4816667;16;12433;0.2581245496107578
2023-04-16;IL;Israel;1852;4818519;22;12455;0.25848191114323715
2023-04-23;IL;Israel;1956;4820475;25;12480;0.25889564825043176
2023-04-30;IL;Israel;1334;4821809;19;12499;0.25921806525310315
2023-05-07;IL;Israel;1540;4823349;12;12511;0.25938409184158145
2023-05-14;IL;Israel;1169;4824518;7;12518;0.2594663342534943
2023-05-21;IL;Israel;850;4825368;16;12534;0.2597522095724098
2023-05-28;IL;Israel;688;4826056;7;12541;0.25986022540973414
2023-06-04;IL;Israel;745;4826801;9;12550;0.26000657578383696
2023-06-11;IL;Israel;735;4827536;8;12558;0.260132705380136
2023-06-18;IL;Israel;601;4828137;6;12564;0.26022459594663533
2023-06-25;IL;Israel;597;4828734;3;12567;0.2602545511929214
2023-07-02;IL;Israel;514;4829248;6;12573;0.2603510940005566
2023-07-09;IL;Israel;497;4829745;6;12579;0.2604485329970837
2023-07-16;IL;Israel;539;4830284;4;12583;0.26050228102529793
2023-07-23;IL;Israel;535;4830819;6;12589;0.26059763365176797
2023-07-30;IL;Israel;563;4831382;8;12597;0.2607328503521353
2023-08-06;IL;Israel;541;4831923;10;12607;0.26091061467659976
2023-08-13;IL;Israel;601;4832524;17;12624;0.2612299494011825
2023-08-20;IL;Israel;747;4833271;9;12633;0.2613757846394295
2023-08-27;IL;Israel;866;4834137;10;12643;0.26153582325035474
2023-09-03;IL;Israel;985;4835122;9;12652;0.2616686817830036
2023-09-10;IL;Israel;1048;4836170;16;12668;0.26194281838727757
2023-09-17;IL;Israel;1269;4837439;10;12678;0.262080824171633
2023-09-24;IL;Israel;1464;4838903;9;12687;0.26218752473442847
2023-10-01;IL;Israel;1038;4839941;10;12697;0.2623379086645891
2023-10-08;IL;Israel;784;4840725;0;12697;0.26229542062397676
2023-10-15;IL;Israel;389;4841114;1;12698;0.2622950006961208
2023-10-22;IL;Israel;264;4841378;5;12703;0.2623839741495087
2023-10-29;IL;Israel;180;4841558;4;12707;0.26245683724123514
2023-11-05;IL;Israel;0;4841558;0;12707;0.26245683724123514
2023-11-12;IL;Israel;0;4841558;0;12707;0.26245683724123514
2023-11-19;IL;Israel;0;4841558;0;12707;0.26245683724123514
2023-11-26;IL;Israel;0;4841558;0;12707;0.26245683724123514
2023-12-03;IL;Israel;0;4841558;0;12707;0.26245683724123514
2023-12-10;IL;Israel;0;4841558;0;12707;0.26245683724123514
2023-12-17;IL;Israel;0;4841558;0;12707;0.26245683724123514
2023-12-24;IL;Israel;0;4841558;0;12707;0.26245683724123514
2023-12-31;IL;Israel;0;4841558;0;12707;0.26245683724123514
2024-01-07;IL;Israel;0;4841558;0;12707;0.26245683724123514
2024-01-14;IL;Israel;0;4841558;0;12707;0.26245683724123514
2024-01-21;IL;Israel;0;4841558;0;12707;0.26245683724123514
2020-01-05;IT;Italy;0;0;0;0;0.0
2020-01-12;IT;Italy;0;0;0;0;0.0
2020-01-19;IT;Italy;0;0;0;0;0.0
2020-01-26;IT;Italy;0;0;0;0;0.0
2020-02-02;IT;Italy;3;3;0;0;0.0
2020-02-09;IT;Italy;0;3;0;0;0.0
2020-02-16;IT;Italy;0;3;0;0;0.0
2020-02-23;IT;Italy;76;79;2;2;2.5316455696202533
2020-03-01;IT;Italy;1049;1128;27;29;2.5709219858156027
2020-03-08;IT;Italy;4755;5883;204;233;3.960564337922828
2020-03-15;IT;Italy;15274;21157;1208;1441;6.810984544122513
2020-03-22;IT;Italy;32421;53578;3384;4825;9.00556198439658
2020-03-29;IT;Italy;38894;92472;5198;10023;10.838956657150273
2020-09-20;IT;Italy;10272;296968;89;35692;12.018803372753966
2020-09-27;IT;Italy;11535;308503;126;35818;11.610259867813278
2020-10-04;IT;Italy;14647;323150;150;35968;11.130434782608695
2020-10-11;IT;Italy;26743;349893;172;36140;10.328871969430654
2020-10-18;IT;Italy;53042;402935;334;36474;9.052080360355887
2020-10-25;IT;Italy;101973;504908;736;37210;7.3696594231028225
2020-11-01;IT;Italy;174921;679829;1408;38618;5.680546137337478
2020-11-08;IT;Italy;223060;902889;2445;41063;4.5479566148219766
2020-11-15;IT;Italy;242062;1144951;3620;44683;3.902612426208633
2020-11-22;IT;Italy;235979;1380930;4578;49261;3.567233675856126
2020-11-29;IT;Italy;184001;1564931;5102;54363;3.4738272805638077
2020-12-06;IT;Italy;145459;1710390;5151;59514;3.479557293950503
2020-12-13;IT;Italy;115784;1826174;4522;64036;3.5065661870117526
2020-12-20;IT;Italy;112308;1938482;4411;68447;3.530958760514671
2020-12-27;IT;Italy;100700;2039182;3180;71627;3.5125359090066506
2021-01-03;IT;Italy;102019;2141201;3358;74985;3.5020065841553407
2021-01-10;IT;Italy;116665;2257866;3409;78394;3.472039527589325
2021-01-17;IT;Italy;110867;2368733;3406;81800;3.4533229367767495
2021-01-24;IT;Italy;86452;2455185;3362;85162;3.4686591845421013
2021-01-31;IT;Italy;86598;2541783;3117;88279;3.473113165049888
2021-02-07;IT;Italy;83315;2625098;2724;91003;3.4666515307238055
2021-02-14;IT;Italy;85721;2710819;2353;93356;3.443830074969963
2021-02-21;IT;Italy;84977;2795796;2130;95486;3.4153421780416027
2021-02-28;IT;Italy;112029;2907825;2021;97507;3.3532623180555916
2021-03-07;IT;Italy;138937;3046762;2071;99578;3.2683222384945068
2021-03-14;IT;Italy;155076;3201838;2303;101881;3.1819536153921595
2021-03-21;IT;Italy;154493;3356331;2761;104642;3.1177497094297313
2021-03-28;IT;Italy;156059;3512390;2994;107636;3.0644660758059326
2021-04-04;IT;Italy;137857;3650247;3068;110704;3.0327810693358557
2021-04-11;IT;Italy;103830;3754077;3219;113923;3.034647398015544
2021-04-18;IT;Italy;103366;3857443;2753;116676;3.024697967021159
2021-04-25;IT;Italy;92074;3949517;2345;119021;3.0135583667572514
2021-05-02;IT;Italy;86100;4035617;2012;121033;2.9991200849832875
2021-05-09;IT;Italy;67304;4102921;1661;122694;2.990406103359046
2021-05-16;IT;Italy;50453;4153374;1369;124063;2.9870413788885855
2021-05-23;IT;Italy;34816;4188190;1090;125153;2.9882359682822415
2021-05-30;IT;Italy;24865;4213055;849;126002;2.9907513668822268
2021-06-06;IT;Italy;17098;4230153;470;126472;2.98977365594105
2021-06-13;IT;Italy;13329;4243482;504;126976;2.9922596584597274
2021-06-20;IT;Italy;8613;4252095;277;127253;2.9927130038251732
2021-06-27;IT;Italy;5194;4257289;205;127458;2.9938770893871665
2021-07-04;IT;Italy;5222;4262511;179;127637;2.994408694781081
2021-07-11;IT;Italy;7374;4269885;131;127768;2.9923054133776437
2021-07-18;IT;Italy;14447;4284332;96;127864;2.9844559198493488
2021-07-25;IT;Italy;28341;4312673;78;127942;2.9666520044529228
2021-08-01;IT;Italy;37355;4350028;121;128063;2.943958061879142
2021-08-08;IT;Italy;40656;4390684;146;128209;2.920023394988116
2021-08-15;IT;Italy;44324;4435008;204;128413;2.895440098416959
2021-08-22;IT;Italy;43683;4478691;315;128728;2.8742326720017077
2021-08-29;IT;Italy;45601;4524292;328;129056;2.8525126141283543
2021-09-05;IT;Italy;41834;4566126;410;129466;2.835357587591757
2021-09-12;IT;Italy;35623;4601749;419;129885;2.822513787692462
2021-09-19;IT;Italy;30526;4632275;399;130284;2.812527321888273
2021-09-26;IT;Italy;24940;4657215;369;130653;2.805389057623494
2021-10-03;IT;Italy;21852;4679067;345;130998;2.7996607015885857
2021-10-10;IT;Italy;18971;4698038;276;131274;2.794230272296648
2021-10-17;IT;Italy;17426;4715464;243;131517;2.789057450125799
2021-10-24;IT;Italy;21998;4737462;285;131802;2.782122579558422
2021-10-31;IT;Italy;29978;4767440;272;132074;2.770333764032688
2021-11-07;IT;Italy;34785;4802225;291;132365;2.756326494489534
2021-11-14;IT;Italy;50271;4852496;374;132739;2.7354788133776924
2021-11-21;IT;Italy;63485;4915981;392;133131;2.708126821482833
2021-11-28;IT;Italy;78910;4994891;496;133627;2.6752735945589206
2021-12-05;IT;Italy;99181;5094072;525;134152;2.633492420209216
2021-12-12;IT;Italy;112233;5206305;613;134765;2.588496063907128
2021-12-19;IT;Italy;158547;5364852;779;135544;2.526518904901757
2021-12-26;IT;Italy;257579;5622431;986;136530;2.428309035717824
2022-01-02;IT;Italy;644604;6267035;983;137513;2.1942274137610527
2022-01-09;IT;Italy;1014262;7281297;1368;138881;1.907366228846317
2022-01-16;IT;Italy;1268153;8549450;1975;140856;1.6475445788910397
2022-01-23;IT;Italy;1231741;9781191;2440;143296;1.4650158656548062
2022-01-30;IT;Italy;1040184;10821375;2618;145914;1.3483868732023425
2022-02-06;IT;Italy;721418;11542793;2628;148542;1.286880913484284
2022-02-13;IT;Italy;510537;12053330;2282;150824;1.2513056557814313
2022-02-20;IT;Italy;374443;12427773;2024;152848;1.2298905041152586
2022-02-27;IT;Italy;304907;12732680;1568;154416;1.212753324516127
2022-03-06;IT;Italy;257543;12990223;1366;155782;1.1992249863608961
2022-03-13;IT;Italy;332905;13323128;1000;156782;1.1767656964640736
2022-03-20;IT;Italy;477051;13800179;910;157692;1.1426808304443008
2022-03-27;IT;Italy;503932;14304111;1008;158700;1.1094712562004028
2022-04-03;IT;Italy;486695;14790806;966;159666;1.0794949240764837
2022-04-10;IT;Italy;447322;15238128;992;160658;1.054315858220905
2022-04-17;IT;Italy;421707;15659835;944;161602;1.0319521246552088
2022-04-24;IT;Italy;419374;16079209;1007;162609;1.0112997473942904
2022-05-01;IT;Italy;383991;16463200;898;163507;0.9931665775790854
2022-05-08;IT;Italy;304573;16767773;910;164417;0.9805535893168401
2022-05-15;IT;Italy;262374;17030147;765;165182;0.9699387797415958
2022-05-22;IT;Italy;199116;17229263;736;165918;0.9630011452027867
2022-05-29;IT;Italy;144478;17373741;624;166542;0.9585845673651979
2022-06-05;IT;Italy;116710;17490451;380;166922;0.9543607537621528
2022-06-12;IT;Italy;143614;17634065;443;167365;0.9491005051869776
2022-06-19;IT;Italy;210840;17844905;338;167703;0.9397808506125418
2022-06-26;IT;Italy;340012;18184917;355;168058;0.9241614905363604
2022-07-03;IT;Italy;511037;18695954;430;168488;0.9012003345750638
2022-07-10;IT;Italy;661984;19357938;574;169062;0.873347150920723
2022-07-17;IT;Italy;718925;20076863;784;169846;0.845978776664462
2022-07-24;IT;Italy;531327;20608190;952;170798;0.828787001672636
2022-07-31;IT;Italy;394583;21002773;1205;172003;0.818953763867276
2022-08-07;IT;Italy;283998;21286771;1059;173062;0.8130025920793718
2022-08-14;IT;Italy;193305;21480076;920;173982;0.8099692012262899
2022-08-21;IT;Italy;150922;21630998;677;174659;0.8074477192406935
2022-08-28;IT;Italy;157864;21788862;647;175306;0.8045670306232606
2022-09-04;IT;Italy;136211;21925073;496;175802;0.801830853653258
2022-09-11;IT;Italy;110644;22035717;373;176175;0.7994974704022564
2022-09-18;IT;Italy;113218;22148935;371;176546;0.7970857289526562
2022-09-25;IT;Italy;135877;22284812;321;176867;0.7936661076611281
2022-10-02;IT;Italy;215534;22500346;263;177130;0.7872323385604827
2022-10-09;IT;Italy;280947;22781293;348;177478;0.7790514787725175
2022-10-16;IT;Italy;288452;23069745;478;177956;0.7713826052260222
2022-10-23;IT;Italy;252777;23322522;586;178542;0.7655347050374741
2022-10-30;IT;Italy;208501;23531023;559;179101;0.7611271299169611
2022-11-06;IT;Italy;165989;23697012;554;179655;0.7581335570915017
2022-11-13;IT;Italy;181181;23878193;484;180139;0.7544080073395839
2022-11-20;IT;Italy;221013;24099206;540;180679;0.7497300948421288
2022-11-27;IT;Italy;228458;24327664;592;181271;0.7451229185013407
2022-12-04;IT;Italy;227792;24555456;673;181944;0.7409514203279304
2022-12-11;IT;Italy;198433;24753889;675;182619;0.7377386236158691
2022-12-18;IT;Italy;174187;24928076;751;183370;0.7355962810768067
2022-12-25;IT;Italy;132427;25060503;798;184168;0.7348934696163122
2023-01-01;IT;Italy;132328;25192831;750;184918;0.7340104016098865
2023-01-08;IT;Italy;108312;25301143;614;185532;0.7332949345410996
2023-01-15;IT;Italy;79745;25380888;626;186158;0.7334573951864883
2023-01-22;IT;Italy;47190;25428078;443;186601;0.733838397066424
2023-01-29;IT;Italy;36722;25464800;303;186904;0.7339700292168012
2023-02-05;IT;Italy;32751;25497551;455;187359;0.7348117472144677
2023-02-12;IT;Italy;29286;25526837;259;187618;0.7349833432163961
2023-02-19;IT;Italy;29146;25555983;309;187927;0.7353542221404671
2023-02-26;IT;Italy;29177;25585160;247;188174;0.7354810366634409
2023-03-05;IT;Italy;25133;25610293;222;188396;0.7356261015834532
2023-03-12;IT;Italy;24149;25634442;198;188594;0.7357055012159032
2023-03-19;IT;Italy;23041;25657483;201;188795;0.7358282182238998
2023-03-26;IT;Italy;22665;25680148;179;188974;0.7358758212764194
2023-04-02;IT;Italy;20999;25701147;181;189155;0.7359788261590037
2023-04-09;IT;Italy;19907;25721054;148;189303;0.7359846140053203
2023-04-16;IT;Italy;24746;25745800;137;189440;0.7358093358916794
2023-04-23;IT;Italy;26659;25772459;187;189627;0.735773796361457
2023-04-30;IT;Italy;23050;25795509;159;189786;0.7357327199862581
2023-05-07;IT;Italy;19894;25815403;182;189968;0.7358707512720216
2023-05-14;IT;Italy;17110;25832513;154;190122;0.7359794999425724
2023-05-21;IT;Italy;14163;25846676;164;190286;0.7362107220286276
2023-05-28;IT;Italy;15136;25861812;154;190440;0.736375316625146
2023-06-04;IT;Italy;10983;25872795;111;190551;0.7364917474126781
2023-06-11;IT;Italy;9501;25882296;104;190655;0.7366232114801562
2023-06-18;IT;Italy;6930;25889226;81;190736;0.7367389044384718
2023-06-25;IT;Italy;5292;25894518;84;190820;0.736912731876299
2023-07-02;IT;Italy;4430;25898948;67;190887;0.7370453811483
2023-07-09;IT;Italy;3536;25902484;29;190916;0.7370567239806036
2023-07-16;IT;Italy;3405;25905889;43;190959;0.7371258326629903
2023-07-23;IT;Italy;3572;25909461;43;191002;0.7371901715747773
2023-07-30;IT;Italy;4381;25913842;17;191019;0.7371311440426317
2023-08-06;IT;Italy;6352;25920194;49;191068;0.7371395445574211
2023-08-13;IT;Italy;6071;25926265;76;191144;0.7372600719772016
2023-08-20;IT;Italy;7691;25933956;38;191182;0.737187955435723
2023-08-27;IT;Italy;12948;25946904;55;191237;0.7370320559246684
2023-09-03;IT;Italy;17113;25964017;81;191318;0.7368582450088521
2023-09-10;IT;Italy;24730;25988747;89;191407;0.7364995318935538
2023-09-17;IT;Italy;34727;26023474;109;191516;0.7359355634070993
2023-09-24;IT;Italy;37524;26060998;134;191650;0.7353901028655925
2023-10-01;IT;Italy;39802;26100800;130;191780;0.7347667504444308
2023-10-08;IT;Italy;45648;26146448;154;191934;0.734072941762491
2023-10-15;IT;Italy;38171;26184619;164;192098;0.7336291584002044
2023-10-22;IT;Italy;29933;26214552;214;192312;0.733607806839499
2023-10-29;IT;Italy;28440;26242992;167;192479;0.7334491432989043
2023-11-05;IT;Italy;24661;26267653;140;192619;0.7332935302594412
2023-11-12;IT;Italy;30926;26298579;224;192843;0.7332829655929318
2023-11-19;IT;Italy;42125;26340704;264;193107;0.7331125242514399
2023-11-26;IT;Italy;49370;26390074;286;193393;0.7328247734356486
2023-12-03;IT;Italy;56226;26446300;343;193736;0.7325637234698238
2023-12-10;IT;Italy;53600;26499900;406;194142;0.732614085336171
2023-12-17;IT;Italy;65754;26565654;426;194568;0.7324043292892394
2023-12-24;IT;Italy;57499;26623153;382;194950;0.7322573701169054
2023-12-31;IT;Italy;34875;26658028;338;195288;0.7325673151817531
2024-01-07;IT;Italy;21271;26679299;296;195584;0.7330927248125972
2024-01-14;IT;Italy;12142;26691441;191;195775;0.7334748243828424
2024-01-21;IT;Italy;2265;26693706;30;195805;0.7335249740144737
2020-01-05;JM;Jamaica;0;0;0;0;0.0
2020-01-12;JM;Jamaica;0;0;0;0;0.0
2020-01-19;JM;Jamaica;0;0;0;0;0.0
2020-01-26;JM;Jamaica;0;0;0;0;0.0
2020-02-02;JM;Jamaica;0;0;0;0;0.0
2020-02-09;JM;Jamaica;0;0;0;0;0.0
2020-02-16;JM;Jamaica;0;0;0;0;0.0
2020-02-23;JM;Jamaica;0;0;0;0;0.0
2020-03-01;JM;Jamaica;0;0;0;0;0.0
2020-03-08;JM;Jamaica;0;0;0;0;0.0
2020-03-15;JM;Jamaica;8;8;0;0;0.0
2020-03-22;JM;Jamaica;8;16;1;1;6.25
2020-03-29;JM;Jamaica;14;30;0;1;3.3333333333333335
2020-04-05;JM;Jamaica;23;53;2;3;5.660377358490567
2020-04-12;JM;Jamaica;12;65;1;4;6.153846153846154
2020-04-19;JM;Jamaica;98;163;1;5;3.067484662576687
2020-04-26;JM;Jamaica;125;288;2;7;2.430555555555556
2020-05-03;JM;Jamaica;144;432;1;8;1.8518518518518516
2020-05-10;JM;Jamaica;58;490;1;9;1.8367346938775513
2020-05-17;JM;Jamaica;21;511;0;9;1.761252446183953
2020-05-24;JM;Jamaica;33;544;0;9;1.6544117647058825
2020-05-31;JM;Jamaica;31;575;0;9;1.565217391304348
2020-06-07;JM;Jamaica;20;595;1;10;1.680672268907563
2020-06-14;JM;Jamaica;19;614;0;10;1.6286644951140066
2020-06-21;JM;Jamaica;38;652;0;10;1.5337423312883436
2020-06-28;JM;Jamaica;34;686;0;10;1.4577259475218658
2020-07-05;JM;Jamaica;35;721;0;10;1.3869625520110958
2020-07-12;JM;Jamaica;32;753;0;10;1.3280212483399734
2020-07-19;JM;Jamaica;15;768;0;10;1.3020833333333335
2020-07-26;JM;Jamaica;63;831;0;10;1.203369434416366
2020-08-02;JM;Jamaica;47;878;0;10;1.1389521640091116
2020-08-09;JM;Jamaica;109;987;2;12;1.21580547112462
2020-08-16;JM;Jamaica;95;1082;2;14;1.2939001848428837
2020-08-23;JM;Jamaica;264;1346;2;16;1.188707280832095
2020-08-30;JM;Jamaica;665;2011;3;19;0.9448035803083044
2020-09-06;JM;Jamaica;953;2964;11;30;1.0121457489878543
2020-09-13;JM;Jamaica;659;3623;10;40;1.1040574109853711
2020-09-20;JM;Jamaica;1135;4758;20;60;1.2610340479192939
2020-09-27;JM;Jamaica;1096;5854;28;88;1.5032456440040998
2020-10-04;JM;Jamaica;941;6795;31;119;1.7512877115526122
2020-10-11;JM;Jamaica;764;7559;19;138;1.8256383119460244
2020-10-18;JM;Jamaica;636;8195;30;168;2.0500305064063453
2020-10-25;JM;Jamaica;475;8670;18;186;2.1453287197231834
2020-11-01;JM;Jamaica;424;9094;20;206;2.2652298218605673
2020-11-08;JM;Jamaica;378;9472;12;218;2.30152027027027
2020-11-15;JM;Jamaica;308;9780;11;229;2.341513292433538
2020-11-22;JM;Jamaica;460;10240;8;237;2.314453125
2020-11-29;JM;Jamaica;429;10669;14;251;2.352610366482332
2020-12-06;JM;Jamaica;394;11063;10;261;2.3592154026936636
2020-12-13;JM;Jamaica;545;11608;10;271;2.3345968297725705
2020-12-20;JM;Jamaica;527;12135;14;285;2.3485784919653896
2020-12-27;JM;Jamaica;549;12684;9;294;2.3178807947019866
2021-01-03;JM;Jamaica;247;12931;9;303;2.343206248549996
2021-01-10;JM;Jamaica;524;13455;8;311;2.3114083983649203
2021-01-17;JM;Jamaica;641;14096;12;323;2.2914301929625425
2021-01-24;JM;Jamaica;676;14772;13;336;2.274573517465475
2021-01-31;JM;Jamaica;755;15527;12;348;2.241257164938494
2021-02-07;JM;Jamaica;1314;16841;9;357;2.1198266136215187
2021-02-14;JM;Jamaica;1989;18830;15;372;1.975570897503983
2021-02-21;JM;Jamaica;2094;20924;19;391;1.8686675587841712
2021-02-28;JM;Jamaica;1893;22817;26;417;1.8275846956216857
2021-03-07;JM;Jamaica;2486;25303;29;446;1.7626368414812472
2021-03-14;JM;Jamaica;4609;29912;38;484;1.618079700454667
2021-03-21;JM;Jamaica;4753;34665;40;524;1.5116111351507284
2021-03-28;JM;Jamaica;3082;37747;42;566;1.4994569104829523
2021-04-04;JM;Jamaica;2702;40449;47;613;1.5154886400158223
2021-04-11;JM;Jamaica;1670;42119;56;669;1.5883567985944584
2021-04-18;JM;Jamaica;1565;43684;52;721;1.6504898818789489
2021-04-25;JM;Jamaica;1183;44867;35;756;1.6849800521541443
2021-05-02;JM;Jamaica;910;45777;23;779;1.7017279419795968
2021-05-09;JM;Jamaica;811;46588;24;803;1.7236198162616985
2021-05-16;JM;Jamaica;645;47233;40;843;1.7847691232824507
2021-05-23;JM;Jamaica;666;47899;69;912;1.9040063466878223
2021-05-30;JM;Jamaica;475;48374;30;942;1.9473270765287136
2021-06-06;JM;Jamaica;527;48901;22;964;1.971329829655835
2021-06-13;JM;Jamaica;331;49232;32;996;2.0230744231394215
2021-06-20;JM;Jamaica;375;49607;35;1031;2.07833571874937
2021-06-27;JM;Jamaica;357;49964;26;1057;2.115523176687215
2021-07-04;JM;Jamaica;278;50242;27;1084;2.1575574220771467
2021-07-11;JM;Jamaica;387;50629;30;1114;2.200319974718047
2021-07-18;JM;Jamaica;417;51046;39;1153;2.2587470124985307
2021-07-25;JM;Jamaica;782;51828;20;1173;2.2632553831905535
2021-08-01;JM;Jamaica;1067;52895;17;1190;2.249740051044522
2021-08-08;JM;Jamaica;1585;54480;29;1219;2.237518355359765
2021-08-15;JM;Jamaica;2809;57289;66;1285;2.2430134929916736
2021-08-22;JM;Jamaica;3993;61282;86;1371;2.237198524852322
2021-08-29;JM;Jamaica;4452;65734;112;1483;2.2560623117412604
2021-09-05;JM;Jamaica;4923;70657;110;1593;2.2545536889480164
2021-09-12;JM;Jamaica;4640;75297;111;1704;2.263038368062473
2021-09-19;JM;Jamaica;3830;79127;73;1777;2.245756821312573
2021-09-26;JM;Jamaica;3222;82349;47;1824;2.2149631446647806
2021-10-03;JM;Jamaica;2068;84417;60;1884;2.231777959415757
2021-10-10;JM;Jamaica;1488;85905;111;1995;2.322332809498865
2021-10-17;JM;Jamaica;1327;87232;108;2103;2.4108125458547325
2021-10-24;JM;Jamaica;927;88159;72;2175;2.4671332478816685
2021-10-31;JM;Jamaica;748;88907;54;2229;2.5071141754867443
2021-11-07;JM;Jamaica;680;89587;45;2274;2.5383147108397424
2021-11-14;JM;Jamaica;562;90149;48;2322;2.5757357264085017
2021-11-21;JM;Jamaica;481;90630;34;2356;2.59958071278826
2021-11-28;JM;Jamaica;492;91122;29;2385;2.6173701191808787
2021-12-05;JM;Jamaica;299;91421;22;2407;2.6328742849017184
2021-12-12;JM;Jamaica;304;91725;17;2424;2.642681929681112
2021-12-19;JM;Jamaica;293;92018;20;2444;2.656002086548284
2021-12-26;JM;Jamaica;337;92355;18;2462;2.6658004439391476
2022-01-02;JM;Jamaica;2294;94649;14;2476;2.615981151412059
2022-01-09;JM;Jamaica;6407;101056;19;2495;2.468928119062698
2022-01-16;JM;Jamaica;9194;110250;27;2522;2.287528344671202
2022-01-23;JM;Jamaica;8477;118727;50;2572;2.166314317720485
2022-01-30;JM;Jamaica;4915;123642;67;2639;2.134387991135698
2022-02-06;JM;Jamaica;2139;125781;52;2691;2.1394328237174136
2022-02-13;JM;Jamaica;1105;126886;47;2738;2.1578424727708336
2022-02-20;JM;Jamaica;550;127436;33;2771;2.1744248093160485
2022-02-27;JM;Jamaica;480;127916;40;2811;2.1975358829231686
2022-03-06;JM;Jamaica;226;128142;14;2825;2.204585537918871
2022-03-13;JM;Jamaica;212;128354;19;2844;2.215747074497094
2022-03-20;JM;Jamaica;146;128500;19;2863;2.2280155642023347
2022-03-27;JM;Jamaica;128;128628;12;2875;2.235127654942936
2022-04-03;JM;Jamaica;183;128811;18;2893;2.245926201954802
2022-04-10;JM;Jamaica;181;128992;21;2914;2.2590548251054328
2022-04-17;JM;Jamaica;211;129203;12;2926;2.264653297524051
2022-04-24;JM;Jamaica;286;129489;17;2943;2.272779927252508
2022-05-01;JM;Jamaica;573;130062;21;2964;2.278913133736218
2022-05-08;JM;Jamaica;932;130994;11;2975;2.2710963860940194
2022-05-15;JM;Jamaica;1322;132316;24;2999;2.2665437286495966
2022-05-22;JM;Jamaica;1981;134297;29;3028;2.254704125929842
2022-05-29;JM;Jamaica;2016;136313;21;3049;2.2367639183350083
2022-06-05;JM;Jamaica;2061;138374;24;3073;2.220792923526096
2022-06-12;JM;Jamaica;1829;140203;9;3082;2.1982411218019586
2022-06-19;JM;Jamaica;1261;141464;12;3094;2.1871288808460103
2022-06-26;JM;Jamaica;812;142276;19;3113;2.188000787202339
2022-07-03;JM;Jamaica;821;143097;21;3134;2.190122783845923
2022-07-10;JM;Jamaica;768;143865;21;3155;2.193028186146735
2022-07-17;JM;Jamaica;752;144617;15;3170;2.191996791525201
2022-07-24;JM;Jamaica;880;145497;11;3181;2.1862993738702516
2022-07-31;JM;Jamaica;744;146241;12;3193;2.1833822252309543
2022-08-07;JM;Jamaica;765;147006;13;3206;2.1808633661211108
2022-08-14;JM;Jamaica;902;147908;15;3221;2.177705059902101
2022-08-21;JM;Jamaica;829;148737;16;3237;2.1763246535831704
2022-08-28;JM;Jamaica;683;149420;13;3250;2.1750769642618124
2022-09-04;JM;Jamaica;681;150101;12;3262;2.1732033763932286
2022-09-11;JM;Jamaica;562;150663;21;3283;2.179035330505831
2022-09-18;JM;Jamaica;558;151221;7;3290;2.1756237559598204
2022-09-25;JM;Jamaica;373;151594;16;3306;2.180825098618679
2022-10-02;JM;Jamaica;337;151931;14;3320;2.1852024932370617
2022-10-09;JM;Jamaica;170;152101;15;3335;2.1926220077448537
2022-10-16;JM;Jamaica;135;152236;14;3349;2.199873880028377
2022-10-23;JM;Jamaica;70;152306;1;3350;2.199519388599267
2022-10-30;JM;Jamaica;75;152381;1;3351;2.199093062783418
2022-11-06;JM;Jamaica;0;152381;0;3351;2.199093062783418
2022-11-13;JM;Jamaica;136;152517;48;3399;2.228604024469403
2022-11-20;JM;Jamaica;52;152569;22;3421;2.2422641558901217
2022-11-27;JM;Jamaica;55;152624;12;3433;2.249318586853968
2022-12-04;JM;Jamaica;0;152624;0;3433;2.249318586853968
2022-12-11;JM;Jamaica;45;152669;14;3447;2.2578257537548554
2022-12-18;JM;Jamaica;0;152669;0;3447;2.2578257537548554
2022-12-25;JM;Jamaica;122;152791;16;3463;2.2664947542721756
2023-01-01;JM;Jamaica;0;152791;0;3463;2.2664947542721756
2023-01-08;JM;Jamaica;36;152827;2;3465;2.267269526981489
2023-01-15;JM;Jamaica;141;152968;0;3465;2.2651796454160347
2023-01-22;JM;Jamaica;175;153143;11;3476;2.2697740020764905
2023-01-29;JM;Jamaica;264;153407;4;3480;2.268475362923465
2023-02-05;JM;Jamaica;222;153629;4;3484;2.267801001113071
2023-02-12;JM;Jamaica;276;153905;4;3488;2.2663331275787013
2023-02-19;JM;Jamaica;160;154065;12;3500;2.271768409437575
2023-02-26;JM;Jamaica;131;154196;2;3502;2.2711354380139563
2023-03-05;JM;Jamaica;220;154416;12;3514;2.275670914931095
2023-03-12;JM;Jamaica;0;154416;0;3514;2.275670914931095
2023-03-19;JM;Jamaica;55;154471;7;3521;2.279392248383192
2023-03-26;JM;Jamaica;67;154538;7;3528;2.2829336473876976
2023-04-02;JM;Jamaica;64;154602;1;3529;2.2826354122197645
2023-04-09;JM;Jamaica;0;154602;0;3529;2.2826354122197645
2023-04-16;JM;Jamaica;85;154687;3;3532;2.283320511743068
2023-04-23;JM;Jamaica;53;154740;4;3536;2.2851234328551118
2023-04-30;JM;Jamaica;46;154786;0;3536;2.2844443295905315
2023-05-07;JM;Jamaica;0;154786;0;3536;2.2844443295905315
2023-05-14;JM;Jamaica;88;154874;0;3536;2.283146299572556
2023-05-21;JM;Jamaica;52;154926;1;3537;2.2830254444057165
2023-05-28;JM;Jamaica;39;154965;2;3539;2.283741490013874
2023-06-04;JM;Jamaica;71;155036;2;3541;2.283985654944658
2023-06-11;JM;Jamaica;89;155125;3;3544;2.2846091861402096
2023-06-18;JM;Jamaica;63;155188;4;3548;2.2862592468489833
2023-06-25;JM;Jamaica;76;155264;4;3552;2.2877164056059356
2023-07-02;JM;Jamaica;80;155344;1;3553;2.2871819960861055
2023-07-09;JM;Jamaica;143;155487;3;3556;2.28700791706059
2023-07-16;JM;Jamaica;173;155660;4;3560;2.28703584735963
2023-07-23;JM;Jamaica;186;155846;3;3563;2.286231279596525
2023-07-30;JM;Jamaica;116;155962;7;3570;2.2890191200420613
2023-08-06;JM;Jamaica;91;156053;2;3572;2.288965928242328
2023-08-13;JM;Jamaica;57;156110;5;3577;2.2913330343988214
2023-08-20;JM;Jamaica;87;156197;2;3579;2.291337221585562
2023-08-27;JM;Jamaica;44;156241;3;3582;2.2926120544543367
2023-09-03;JM;Jamaica;57;156298;2;3584;2.293055573327874
2023-09-10;JM;Jamaica;51;156349;0;3584;2.2923075939084994
2023-09-17;JM;Jamaica;49;156398;1;3585;2.2922288008798066
2023-09-24;JM;Jamaica;59;156457;2;3587;2.2926427069418436
2023-10-01;JM;Jamaica;42;156499;0;3587;2.292027425095368
2023-10-08;JM;Jamaica;31;156530;3;3590;2.2934900658020827
2023-10-15;JM;Jamaica;25;156555;0;3590;2.2931238222988726
2023-10-22;JM;Jamaica;12;156567;1;3591;2.2935867711586733
2023-10-29;JM;Jamaica;6;156573;0;3591;2.2934988791170894
2023-11-05;JM;Jamaica;7;156580;0;3591;2.2933963469153147
2023-11-12;JM;Jamaica;11;156591;0;3591;2.2932352434047933
2023-11-19;JM;Jamaica;9;156600;0;3591;2.293103448275862
2023-11-26;JM;Jamaica;8;156608;0;3591;2.2929863097670617
2023-12-03;JM;Jamaica;3;156611;0;3591;2.29294238591159
2023-12-10;JM;Jamaica;6;156617;0;3591;2.292854543248817
2023-12-17;JM;Jamaica;12;156629;0;3591;2.2926788781132483
2023-12-24;JM;Jamaica;7;156636;0;3591;2.292576419213974
2023-12-31;JM;Jamaica;5;156641;0;3591;2.292503239892493
2024-01-07;JM;Jamaica;8;156649;0;3591;2.2923861626949424
2024-01-14;JM;Jamaica;0;156649;0;3591;2.2923861626949424
2024-01-21;JM;Jamaica;0;156649;0;3591;2.2923861626949424
2020-01-05;JP;Japan;0;0;0;0;0.0
2020-01-12;JP;Japan;0;0;0;0;0.0
2020-01-19;JP;Japan;1;1;0;0;0.0
2020-01-26;JP;Japan;2;3;0;0;0.0
2020-02-02;JP;Japan;12;15;0;0;0.0
2020-02-09;JP;Japan;10;25;0;0;0.0
2020-02-16;JP;Japan;27;52;1;1;1.9230769230769231
2020-02-23;JP;Japan;80;132;0;1;0.7575757575757576
2020-03-01;JP;Japan;107;239;5;6;2.510460251046025
2020-03-08;JP;Japan;216;455;0;6;1.3186813186813187
2020-03-15;JP;Japan;325;780;16;22;2.8205128205128207
2020-03-22;JP;Japan;266;1046;18;40;3.824091778202677
2020-03-29;JP;Japan;647;1693;12;52;3.0714707619610158
2020-04-05;JP;Japan;1578;3271;18;70;2.140018343014369
2020-04-12;JP;Japan;3477;6748;28;98;1.4522821576763485
2020-04-19;JP;Japan;3613;10361;63;161;1.553904063314352
2020-04-26;JP;Japan;2821;13182;187;348;2.639963586709149
2020-05-03;JP;Japan;1657;14839;144;492;3.3155873037266663
2020-05-10;JP;Japan;908;15747;121;613;3.8928049787261068
2020-05-17;JP;Japan;538;16285;131;744;4.568621430764507
2020-05-24;JP;Japan;265;16550;76;820;4.954682779456193
2020-05-31;JP;Japan;301;16851;71;891;5.287520028484956
2020-06-07;JP;Japan;290;17141;25;916;5.343912257161192
2020-06-14;JP;Japan;288;17429;9;925;5.307246543117792
2020-06-21;JP;Japan;435;17864;28;953;5.33475145544111
2020-06-28;JP;Japan;526;18390;18;971;5.280043501903208
2020-07-05;JP;Japan;1132;19522;6;977;5.00461018338285
2020-07-12;JP;Japan;1980;21502;5;982;4.567017021672402
2020-07-19;JP;Japan;3140;24642;3;985;3.99724048372697
2020-07-26;JP;Japan;4740;29382;11;996;3.389830508474576
2020-08-02;JP;Japan;7307;36689;15;1011;2.7555943198233805
2020-08-09;JP;Japan;10094;46783;29;1040;2.2230297330226794
2020-08-16;JP;Japan;7931;54714;48;1088;1.9885221332748473
2020-08-23;JP;Japan;7033;61747;88;1176;1.9045459698446887
2020-08-30;JP;Japan;5517;67264;88;1264;1.879162702188392
2020-09-06;JP;Japan;4155;71419;93;1357;1.9000546073173803
2020-09-13;JP;Japan;3799;75218;82;1439;1.9131059055013426
2020-09-20;JP;Japan;3439;78657;61;1500;1.9070139974827416
2020-09-27;JP;Japan;3033;81690;45;1545;1.8912963643040763
2020-10-04;JP;Japan;3649;85339;52;1597;1.8713601049930277
2020-10-11;JP;Japan;3573;88912;30;1627;1.8298992262011877
2020-10-18;JP;Japan;3744;92656;43;1670;1.8023657399412882
2020-10-25;JP;Japan;3878;96534;41;1711;1.7724325108252015
2020-11-01;JP;Japan;4612;101146;55;1766;1.7459909437842327
2020-11-08;JP;Japan;5940;107086;46;1812;1.6920979399734792
2020-11-15;JP;Japan;9591;116677;71;1883;1.6138570583748297
2020-11-22;JP;Japan;13502;130179;91;1974;1.516373608646556
2020-11-29;JP;Japan;14474;144653;132;2106;1.4558979074059992
2020-12-06;JP;Japan;15445;160098;209;2315;1.4459893315344352
2020-12-13;JP;Japan;17189;177287;247;2562;1.4451144189929324
2020-12-20;JP;Japan;18593;195880;311;2873;1.4667143148866653
2020-12-27;JP;Japan;21432;217312;340;3213;1.4785193638639376
2021-01-03;JP;Japan;26535;243847;335;3548;1.455010723937551
2021-01-10;JP;Japan;42905;286752;448;3996;1.3935386675594241
2021-01-17;JP;Japan;41542;328294;450;4446;1.354273913016991
2021-01-24;JP;Japan;36519;364813;573;5019;1.3757733414105309
2021-01-31;JP;Japan;24705;389518;635;5654;1.4515375412689528
2021-02-07;JP;Japan;15472;404990;684;6338;1.5649769130101978
2021-02-14;JP;Japan;10792;415782;574;6912;1.6624096281224294
2021-02-21;JP;Japan;9815;425597;505;7417;1.7427284496836208
2021-02-28;JP;Japan;7176;432773;443;7860;1.8161946332141792
2021-03-07;JP;Japan;7219;439992;367;8227;1.8698067237586138
2021-03-14;JP;Japan;7914;447906;333;8560;1.9111152786522174
2021-03-21;JP;Japan;8875;456781;252;8812;1.9291520444151573
2021-03-28;JP;Japan;11833;468614;219;9031;1.9271724703060513
2021-04-04;JP;Japan;16711;485325;190;9221;1.899963941688559
2021-04-11;JP;Japan;20961;506286;161;9382;1.8531027917027134
2021-04-18;JP;Japan;27766;534052;240;9622;1.8016972130054751
2021-04-25;JP;Japan;32811;566863;291;9913;1.7487470517567736
2021-05-02;JP;Japan;35999;602862;448;10361;1.7186354422736878
2021-05-09;JP;Japan;37182;640044;515;10876;1.6992581760004
2021-05-16;JP;Japan;43131;683175;632;11508;1.6844878691404104
2021-05-23;JP;Japan;35689;718864;804;12312;1.7127022635714126
2021-05-30;JP;Japan;25623;744487;655;12967;1.7417362559722334
2021-06-06;JP;Japan;17914;762401;607;13574;1.78042788506311
2021-06-13;JP;Japan;12830;775231;497;14071;1.8150718946997733
2021-06-20;JP;Japan;10056;785287;352;14423;1.8366533509404843
2021-06-27;JP;Japan;10469;795756;246;14669;1.8434042595971631
2021-07-04;JP;Japan;11078;806834;179;14848;1.840279413113478
2021-07-11;JP;Japan;13881;820715;107;14955;1.822191625594756
2021-07-18;JP;Japan;20822;841537;93;15048;1.7881566704731937
2021-07-25;JP;Japan;28908;870445;81;15129;1.738076501100012
2021-08-01;JP;Japan;65441;935886;68;15197;1.6238088827057997
2021-08-08;JP;Japan;95410;1031296;83;15280;1.4816308799801414
2021-08-15;JP;Japan;113250;1144546;128;15408;1.346210637230832
2021-08-22;JP;Japan;155807;1300353;223;15631;1.202058210347498
2021-08-29;JP;Japan;154011;1454364;315;15946;1.0964242789287963
2021-09-05;JP;Japan;117008;1571372;408;16354;1.0407465577851711
2021-09-12;JP;Japan;68173;1639545;443;16797;1.024491551009579
2021-09-19;JP;Japan;37166;1676711;407;17204;1.026056368688462
2021-09-26;JP;Japan;17964;1694675;278;17482;1.0315842270641864
2021-10-03;JP;Japan;10371;1705046;248;17730;1.0398546432178368
2021-10-10;JP;Japan;5927;1710973;211;17941;1.0485846357598865
2021-10-17;JP;Japan;3747;1714720;162;18103;1.0557408789773257
2021-10-24;JP;Japan;2218;1716938;96;18199;1.0599683855794442
2021-10-31;JP;Japan;5926;1722864;69;18268;1.0603274547497656
2021-11-07;JP;Japan;1336;1724200;42;18310;1.0619417700962765
2021-11-14;JP;Japan;1266;1725466;17;18327;1.0621478487550609
2021-11-21;JP;Japan;1008;1726474;20;18347;1.0626861452880265
2021-11-28;JP;Japan;669;1727143;11;18358;1.062911409188469
2021-12-05;JP;Japan;799;1727942;6;18364;1.0627671530641654
2021-12-12;JP;Japan;878;1728820;9;18373;1.0627480015270532
2021-12-19;JP;Japan;1144;1729964;6;18379;1.0623920497767585
2021-12-26;JP;Japan;1825;1731789;8;18387;1.0617344260761559
2022-01-02;JP;Japan;3019;1734808;8;18395;1.0603478886424318
2022-01-09;JP;Japan;30796;1765604;8;18403;1.0423062022967777
2022-01-16;JP;Japan;114235;1879839;30;18433;0.9805626971245942
2022-01-23;JP;Japan;289814;2169653;73;18506;0.8529474528876276
2022-01-30;JP;Japan;499985;2669638;258;18764;0.7028668306339662
2022-02-06;JP;Japan;630951;3300589;560;19324;0.5854712598266552
2022-02-13;JP;Japan;611609;3912198;1035;20359;0.520397996215938
2022-02-20;JP;Japan;572555;4484753;1462;21821;0.4865596834429901
2022-02-27;JP;Japan;469867;4954620;1449;23270;0.4696626582866093
2022-03-06;JP;Japan;438913;5393533;1665;24935;0.46231292178985467
2022-03-13;JP;Japan;378863;5772396;1219;26154;0.4530874181189233
2022-03-20;JP;Japan;331694;6104090;891;27045;0.44306358523547323
2022-03-27;JP;Japan;273629;6377719;722;27767;0.4353750925683618
2022-04-03;JP;Japan;324367;6702086;519;28286;0.4220477027600064
2022-04-10;JP;Japan;337477;7039563;398;28684;0.40746847496073263
2022-04-17;JP;Japan;334688;7374251;339;29023;0.39357217431302516
2022-04-24;JP;Japan;285761;7660012;285;29308;0.3826103666678329
2022-05-01;JP;Japan;241921;7901933;293;29601;0.37460454296436074
2022-05-08;JP;Japan;197600;8099533;212;29813;0.36808294996760926
2022-05-15;JP;Japan;273523;8373056;248;30061;0.3590206490915623
2022-05-22;JP;Japan;245627;8618683;246;30307;0.351643052656653
2022-05-29;JP;Japan;192931;8811614;251;30558;0.34679231296332313
2022-06-05;JP;Japan;134170;8945784;215;30773;0.34399444475744106
2022-06-12;JP;Japan;105948;9051732;137;30910;0.3414816081607365
2022-06-19;JP;Japan;98001;9149733;135;31045;0.33929951835753025
2022-06-26;JP;Japan;103653;9253386;94;31139;0.3365146552840225
2022-07-03;JP;Japan;122586;9375972;193;31332;0.33417335290677064
2022-07-10;JP;Japan;269760;9645732;113;31445;0.3259991050964302
2022-07-17;JP;Japan;559111;10204843;165;31610;0.3097548879487906
2022-07-24;JP;Japan;969068;11173911;330;31940;0.2858444102517015
2022-07-31;JP;Japan;1379099;12553010;754;32694;0.2604474942663154
2022-08-07;JP;Japan;1496968;14049978;1131;33825;0.24074770793235406
2022-08-14;JP;Japan;1395301;15445279;1546;35371;0.229008488613252
2022-08-21;JP;Japan;1476374;16921653;1906;37277;0.22029171736354597
2022-08-28;JP;Japan;1258772;18180425;1976;39253;0.21590804395386795
2022-09-04;JP;Japan;1164787;19345212;2040;41293;0.21345333408597433
2022-09-11;JP;Japan;537181;19882393;1501;42794;0.2152356610192747
2022-09-18;JP;Japan;605919;20488312;1033;43827;0.21391220516360743
2022-09-25;JP;Japan;535502;21023814;636;44463;0.21148874319378966
2022-10-02;JP;Japan;306958;21330772;555;45018;0.2110472138561136
2022-10-09;JP;Japan;208547;21539319;493;45511;0.21129265971686476
2022-10-16;JP;Japan;218276;21757595;379;45890;0.2109148552493968
2022-10-23;JP;Japan;233682;21991277;457;46347;0.21075174488502874
2022-10-30;JP;Japan;281974;22273251;364;46711;0.20971792577563103
2022-11-06;JP;Japan;401693;22674944;428;47139;0.20789025983923046
2022-11-13;JP;Japan;503766;23178710;576;47715;0.20585701275006246
2022-11-20;JP;Japan;593075;23771785;767;48482;0.2039476631645457
2022-11-27;JP;Japan;698772;24470557;952;49434;0.20201420016716415
2022-12-04;JP;Japan;749895;25220452;1174;50608;0.20066254165468567
2022-12-11;JP;Japan;849371;26069823;1435;52043;0.19962928018345197
2022-12-18;JP;Japan;1046650;27116473;1687;53730;0.19814523813624285
2022-12-25;JP;Japan;1149932;28266405;2083;55813;0.1974534787851515
2023-01-01;JP;Japan;946130;29212535;1908;57721;0.19758983600704286
2023-01-08;JP;Japan;1070496;30283031;775;58496;0.19316428398465135
2023-01-15;JP;Japan;1025321;31308352;0;58496;0.18683832352466206
2023-01-22;JP;Japan;672526;31980878;0;58496;0.18290929973842496
2023-01-29;JP;Japan;438754;32419632;0;58496;0.18043388031054763
2023-02-05;JP;Japan;292614;32712246;10981;69477;0.21238835144489926
2023-02-12;JP;Japan;223365;32935611;1218;70695;0.214646086268143
2023-02-19;JP;Japan;141082;33076693;991;71686;0.21672662378914362
2023-02-26;JP;Japan;95874;33172567;582;72268;0.21785471109305468
2023-03-05;JP;Japan;78930;33251497;503;72771;0.21885029717609406
2023-03-12;JP;Japan;65012;33316509;428;73199;0.21970789316491712
2023-03-19;JP;Japan;51856;33368365;312;73511;0.2203014741657255
2023-03-26;JP;Japan;47096;33415461;236;73747;0.22069723952035258
2023-04-02;JP;Japan;47398;33462859;206;73953;0.22100024388232936
2023-04-09;JP;Japan;53989;33516848;143;74096;0.22107090738365376
2023-04-16;JP;Japan;56847;33573695;139;74235;0.22111060459684287
2023-04-23;JP;Japan;65510;33639205;141;74376;0.2210991609343919
2023-04-30;JP;Japan;74812;33714017;166;74542;0.22110091479161323
2023-05-07;JP;Japan;64976;33778993;112;74654;0.22100718040943376
2023-05-14;JP;Japan;24579;33803572;40;74694;0.2209648140143296
2023-05-21;JP;Japan;0;33803572;0;74694;0.2209648140143296
2023-05-28;JP;Japan;0;33803572;0;74694;0.2209648140143296
2023-06-04;JP;Japan;0;33803572;0;74694;0.2209648140143296
2023-06-11;JP;Japan;0;33803572;0;74694;0.2209648140143296
2023-06-18;JP;Japan;0;33803572;0;74694;0.2209648140143296
2023-06-25;JP;Japan;0;33803572;0;74694;0.2209648140143296
2023-07-02;JP;Japan;0;33803572;0;74694;0.2209648140143296
2023-07-09;JP;Japan;0;33803572;0;74694;0.2209648140143296
2023-07-16;JP;Japan;0;33803572;0;74694;0.2209648140143296
2023-07-23;JP;Japan;0;33803572;0;74694;0.2209648140143296
2023-07-30;JP;Japan;0;33803572;0;74694;0.2209648140143296
2023-08-06;JP;Japan;0;33803572;0;74694;0.2209648140143296
2023-08-13;JP;Japan;0;33803572;0;74694;0.2209648140143296
2023-08-20;JP;Japan;0;33803572;0;74694;0.2209648140143296
2023-08-27;JP;Japan;0;33803572;0;74694;0.2209648140143296
2023-09-03;JP;Japan;0;33803572;0;74694;0.2209648140143296
2023-09-10;JP;Japan;0;33803572;0;74694;0.2209648140143296
2023-09-17;JP;Japan;0;33803572;0;74694;0.2209648140143296
2023-09-24;JP;Japan;0;33803572;0;74694;0.2209648140143296
2023-10-01;JP;Japan;0;33803572;0;74694;0.2209648140143296
2023-10-08;JP;Japan;0;33803572;0;74694;0.2209648140143296
2023-10-15;JP;Japan;0;33803572;0;74694;0.2209648140143296
2023-10-22;JP;Japan;0;33803572;0;74694;0.2209648140143296
2023-10-29;JP;Japan;0;33803572;0;74694;0.2209648140143296
2023-11-05;JP;Japan;0;33803572;0;74694;0.2209648140143296
2023-11-12;JP;Japan;0;33803572;0;74694;0.2209648140143296
2023-11-19;JP;Japan;0;33803572;0;74694;0.2209648140143296
2023-11-26;JP;Japan;0;33803572;0;74694;0.2209648140143296
2023-12-03;JP;Japan;0;33803572;0;74694;0.2209648140143296
2023-12-10;JP;Japan;0;33803572;0;74694;0.2209648140143296
2023-12-17;JP;Japan;0;33803572;0;74694;0.2209648140143296
2023-12-24;JP;Japan;0;33803572;0;74694;0.2209648140143296
2023-12-31;JP;Japan;0;33803572;0;74694;0.2209648140143296
2024-01-07;JP;Japan;0;33803572;0;74694;0.2209648140143296
2024-01-14;JP;Japan;0;33803572;0;74694;0.2209648140143296
2024-01-21;JP;Japan;0;33803572;0;74694;0.2209648140143296
2020-01-05;JE;Jersey;0;0;0;0;0.0
2020-01-12;JE;Jersey;0;0;0;0;0.0
2020-01-19;JE;Jersey;0;0;0;0;0.0
2020-01-26;JE;Jersey;0;0;0;0;0.0
2020-02-02;JE;Jersey;0;0;0;0;0.0
2020-02-09;JE;Jersey;0;0;0;0;0.0
2020-02-16;JE;Jersey;0;0;0;0;0.0
2020-02-23;JE;Jersey;0;0;0;0;0.0
2020-03-01;JE;Jersey;0;0;0;0;0.0
2020-03-08;JE;Jersey;0;0;0;0;0.0
2020-03-15;JE;Jersey;2;2;0;0;0.0
2020-03-22;JE;Jersey;13;15;0;0;0.0
2020-03-29;JE;Jersey;30;45;2;2;4.444444444444445
2020-04-05;JE;Jersey;102;147;1;3;2.0408163265306123
2020-04-12;JE;Jersey;51;198;1;4;2.0202020202020203
2020-04-19;JE;Jersey;47;245;8;12;4.8979591836734695
2020-04-26;JE;Jersey;19;264;7;19;7.196969696969697
2020-05-03;JE;Jersey;11;275;5;24;8.727272727272728
2020-05-10;JE;Jersey;2;277;1;25;9.025270758122744
2020-05-17;JE;Jersey;4;281;2;27;9.608540925266903
2020-05-24;JE;Jersey;9;290;2;29;10.0
2020-05-31;JE;Jersey;2;292;0;29;9.931506849315069
2020-06-07;JE;Jersey;3;295;1;30;10.16949152542373
2020-06-14;JE;Jersey;2;297;0;30;10.1010101010101
2020-06-21;JE;Jersey;5;302;1;31;10.264900662251655
2020-06-28;JE;Jersey;2;304;0;31;10.197368421052632
2020-07-05;JE;Jersey;0;304;0;31;10.197368421052632
2020-07-12;JE;Jersey;5;309;0;31;10.032362459546926
2020-07-19;JE;Jersey;6;315;0;31;9.841269841269842
2020-07-26;JE;Jersey;1;316;0;31;9.81012658227848
2020-08-02;JE;Jersey;4;320;0;31;9.6875
2020-08-09;JE;Jersey;7;327;0;31;9.480122324159021
2020-08-16;JE;Jersey;9;336;0;31;9.226190476190476
2020-08-23;JE;Jersey;8;344;1;32;9.30232558139535
2020-08-30;JE;Jersey;10;354;0;32;9.03954802259887
2020-09-06;JE;Jersey;6;360;0;32;8.88888888888889
2020-09-13;JE;Jersey;9;369;0;32;8.672086720867208
2020-09-20;JE;Jersey;12;381;0;32;8.398950131233596
2020-09-27;JE;Jersey;10;391;0;32;8.184143222506394
2020-10-04;JE;Jersey;20;411;0;32;7.785888077858881
2020-10-11;JE;Jersey;39;450;0;32;7.111111111111111
2020-10-18;JE;Jersey;36;486;0;32;6.584362139917696
2020-10-25;JE;Jersey;42;528;0;32;6.0606060606060606
2020-11-01;JE;Jersey;40;568;0;32;5.633802816901409
2020-11-08;JE;Jersey;76;644;0;32;4.968944099378882
2020-11-15;JE;Jersey;90;734;0;32;4.35967302452316
2020-11-22;JE;Jersey;73;807;0;32;3.965303593556382
2020-11-29;JE;Jersey;137;944;0;32;3.389830508474576
2020-12-06;JE;Jersey;309;1253;0;32;2.5538707102952913
2020-12-13;JE;Jersey;433;1686;0;32;1.8979833926453145
2020-12-20;JE;Jersey;578;2264;4;36;1.5901060070671376
2020-12-27;JE;Jersey;379;2643;5;41;1.5512674990541053
2021-01-03;JE;Jersey;144;2787;3;44;1.5787585217079296
2021-01-10;JE;Jersey;165;2952;13;57;1.9308943089430894
2021-01-17;JE;Jersey;87;3039;5;62;2.040144784468575
2021-01-24;JE;Jersey;65;3104;1;63;2.029639175257732
2021-01-31;JE;Jersey;34;3138;3;66;2.1032504780114722
2021-02-07;JE;Jersey;23;3161;1;67;2.1195824106295476
2021-02-14;JE;Jersey;25;3186;0;67;2.102950408035154
2021-02-21;JE;Jersey;13;3199;1;68;2.1256642700844015
2021-02-28;JE;Jersey;4;3203;1;69;2.1542304089915705
2021-03-07;JE;Jersey;4;3207;0;69;2.1515434985968196
2021-03-14;JE;Jersey;2;3209;0;69;2.1502025553131814
2021-03-21;JE;Jersey;1;3210;0;69;2.149532710280374
2021-03-28;JE;Jersey;2;3212;0;69;2.1481942714819424
2021-04-04;JE;Jersey;3;3215;0;69;2.1461897356143083
2021-04-11;JE;Jersey;1;3216;0;69;2.1455223880597014
2021-04-18;JE;Jersey;2;3218;0;69;2.1441889372280922
2021-04-25;JE;Jersey;1;3219;0;69;2.1435228331780056
2021-05-02;JE;Jersey;1;3220;0;69;2.142857142857143
2021-05-09;JE;Jersey;1;3221;0;69;2.1421918658801617
2021-05-16;JE;Jersey;2;3223;0;69;2.140862550418864
2021-05-23;JE;Jersey;5;3228;0;69;2.137546468401487
2021-05-30;JE;Jersey;1;3229;0;69;2.136884484360483
2021-06-06;JE;Jersey;4;3233;0;69;2.1342406433652954
2021-06-13;JE;Jersey;39;3272;0;69;2.10880195599022
2021-06-20;JE;Jersey;23;3295;0;69;2.0940819423368744
2021-06-27;JE;Jersey;131;3426;0;69;2.0140105078809105
2021-07-04;JE;Jersey;366;3792;0;69;1.8196202531645569
2021-07-11;JE;Jersey;874;4666;0;69;1.478782683240463
2021-07-18;JE;Jersey;1650;6316;0;69;1.0924635845471817
2021-07-25;JE;Jersey;1434;7750;0;69;0.8903225806451612
2021-08-01;JE;Jersey;620;8370;0;69;0.8243727598566308
2021-08-08;JE;Jersey;280;8650;4;73;0.8439306358381502
2021-08-15;JE;Jersey;225;8875;1;74;0.8338028169014085
2021-08-22;JE;Jersey;223;9098;1;75;0.8243570015387996
2021-08-29;JE;Jersey;166;9264;2;77;0.8311744386873922
2021-09-05;JE;Jersey;187;9451;0;77;0.8147286001481325
2021-09-12;JE;Jersey;201;9652;1;78;0.8081226688769167
2021-09-19;JE;Jersey;137;9789;0;78;0.796812749003984
2021-09-26;JE;Jersey;143;9932;0;78;0.7853403141361256
2021-10-03;JE;Jersey;117;10049;0;78;0.7761966364812419
2021-10-10;JE;Jersey;164;10213;1;79;0.7735239400763733
2021-10-17;JE;Jersey;212;10425;0;79;0.7577937649880095
2021-10-24;JE;Jersey;251;10676;1;80;0.7493443237167479
2021-10-31;JE;Jersey;393;11069;0;80;0.722739181497877
2021-11-07;JE;Jersey;423;11492;0;80;0.6961364427427775
2021-11-14;JE;Jersey;681;12173;0;80;0.6571921465538487
2021-11-21;JE;Jersey;768;12941;0;80;0.618190248048837
2021-11-28;JE;Jersey;901;13842;0;80;0.5779511631267158
2021-12-05;JE;Jersey;903;14745;1;81;0.5493387589013226
2021-12-12;JE;Jersey;776;15521;3;84;0.5412022421235745
2021-12-19;JE;Jersey;809;16330;3;87;0.5327617881200245
2021-12-26;JE;Jersey;1142;17472;2;89;0.5093864468864469
2022-01-02;JE;Jersey;2770;20242;0;89;0.43967987353028354
2022-01-09;JE;Jersey;3535;23777;1;90;0.37851705429616855
2022-01-16;JE;Jersey;2375;26152;2;92;0.35178953808504126
2022-01-23;JE;Jersey;1945;28097;4;96;0.34167348827276933
2022-01-30;JE;Jersey;2381;30478;4;100;0.32810551873482513
2022-02-06;JE;Jersey;2122;32600;4;104;0.31901840490797545
2022-02-13;JE;Jersey;1758;34358;2;106;0.3085162116537633
2022-02-20;JE;Jersey;1455;35813;3;109;0.3043587524083433
2022-02-27;JE;Jersey;1459;37272;3;112;0.30049366816913503
2022-03-06;JE;Jersey;1988;39260;2;114;0.29037187977585327
2022-03-13;JE;Jersey;2122;41382;2;116;0.280315112850998
2022-03-20;JE;Jersey;2160;43542;0;116;0.2664094437554545
2022-03-27;JE;Jersey;2069;45611;3;119;0.2609019754006709
2022-04-03;JE;Jersey;1414;47025;1;120;0.2551834130781499
2022-04-10;JE;Jersey;1103;48128;1;121;0.2514128989361702
2022-04-17;JE;Jersey;794;48922;1;122;0.24937655860349126
2022-04-24;JE;Jersey;600;49522;1;123;0.24837445983603249
2022-05-01;JE;Jersey;364;49886;3;126;0.25257587299041817
2022-05-08;JE;Jersey;213;50099;1;127;0.2534980738138486
2022-05-15;JE;Jersey;211;50310;0;127;0.2524349035976943
2022-05-22;JE;Jersey;200;50510;2;129;0.2553949712928133
2022-05-29;JE;Jersey;168;50678;0;129;0.2545483247168397
2022-06-05;JE;Jersey;180;50858;0;129;0.25364741043690275
2022-06-12;JE;Jersey;470;51328;0;129;0.251324812967581
2022-06-19;JE;Jersey;616;51944;2;131;0.2521946711843524
2022-06-26;JE;Jersey;1139;53083;0;131;0.2467833392988339
2022-07-03;JE;Jersey;1395;54478;0;131;0.24046404053012227
2022-07-10;JE;Jersey;1610;56088;0;131;0.2335615461417772
2022-07-17;JE;Jersey;1079;57167;0;131;0.22915318278027533
2022-07-24;JE;Jersey;597;57764;1;132;0.22851603074579324
2022-07-31;JE;Jersey;357;58121;1;133;0.2288329519450801
2022-08-07;JE;Jersey;302;58423;2;135;0.2310733786351266
2022-08-14;JE;Jersey;199;58622;0;135;0.2302889700112586
2022-08-21;JE;Jersey;181;58803;0;135;0.2295801234630886
2022-08-28;JE;Jersey;143;58946;1;136;0.23071964170596815
2022-09-04;JE;Jersey;202;59148;0;136;0.22993169676066816
2022-09-11;JE;Jersey;229;59377;1;137;0.23072907017868874
2022-09-18;JE;Jersey;304;59681;1;138;0.23122936948107436
2022-09-25;JE;Jersey;322;60003;0;138;0.22998850057497125
2022-10-02;JE;Jersey;384;60387;1;139;0.23018199281302268
2022-10-09;JE;Jersey;408;60795;2;141;0.231926967678263
2022-10-16;JE;Jersey;368;61163;0;141;0.23053153050046596
2022-10-23;JE;Jersey;333;61496;0;141;0.2292832054117341
2022-10-30;JE;Jersey;321;61817;0;141;0.22809259588786254
2022-11-06;JE;Jersey;307;62124;0;141;0.22696542399072822
2022-11-13;JE;Jersey;302;62426;0;141;0.22586742703360776
2022-11-20;JE;Jersey;250;62676;1;142;0.22656200140404623
2022-11-27;JE;Jersey;228;62904;0;142;0.2257408113951418
2022-12-04;JE;Jersey;348;63252;0;142;0.22449883007651933
2022-12-11;JE;Jersey;583;63835;0;142;0.22244850003916347
2022-12-18;JE;Jersey;769;64604;2;144;0.22289641508265742
2022-12-25;JE;Jersey;782;65386;2;146;0.22328938916587648
2023-01-01;JE;Jersey;416;65802;0;146;0.22187775447554786
2023-01-08;JE;Jersey;271;66073;4;150;0.22702162759372208
2023-01-15;JE;Jersey;142;66215;4;154;0.2325757003700068
2023-01-22;JE;Jersey;69;66284;1;155;0.23384225454106572
2023-01-29;JE;Jersey;94;66378;2;157;0.23652414956762785
2023-02-05;JE;Jersey;13;66391;4;161;0.24250274886656326
2023-02-12;JE;Jersey;0;66391;0;161;0.24250274886656326
2023-02-19;JE;Jersey;0;66391;0;161;0.24250274886656326
2023-02-26;JE;Jersey;0;66391;0;161;0.24250274886656326
2023-03-05;JE;Jersey;0;66391;0;161;0.24250274886656326
2023-03-12;JE;Jersey;0;66391;0;161;0.24250274886656326
2023-03-19;JE;Jersey;0;66391;0;161;0.24250274886656326
2023-03-26;JE;Jersey;0;66391;0;161;0.24250274886656326
2023-04-02;JE;Jersey;0;66391;0;161;0.24250274886656326
2023-04-09;JE;Jersey;0;66391;0;161;0.24250274886656326
2023-04-16;JE;Jersey;0;66391;0;161;0.24250274886656326
2023-04-23;JE;Jersey;0;66391;0;161;0.24250274886656326
2023-04-30;JE;Jersey;0;66391;0;161;0.24250274886656326
2023-05-07;JE;Jersey;0;66391;0;161;0.24250274886656326
2023-05-14;JE;Jersey;0;66391;0;161;0.24250274886656326
2023-05-21;JE;Jersey;0;66391;0;161;0.24250274886656326
2023-05-28;JE;Jersey;0;66391;0;161;0.24250274886656326
2023-06-04;JE;Jersey;0;66391;0;161;0.24250274886656326
2023-06-11;JE;Jersey;0;66391;0;161;0.24250274886656326
2023-06-18;JE;Jersey;0;66391;0;161;0.24250274886656326
2023-06-25;JE;Jersey;0;66391;0;161;0.24250274886656326
2023-07-02;JE;Jersey;0;66391;0;161;0.24250274886656326
2023-07-09;JE;Jersey;0;66391;0;161;0.24250274886656326
2023-07-16;JE;Jersey;0;66391;0;161;0.24250274886656326
2023-07-23;JE;Jersey;0;66391;0;161;0.24250274886656326
2023-07-30;JE;Jersey;0;66391;0;161;0.24250274886656326
2023-08-06;JE;Jersey;0;66391;0;161;0.24250274886656326
2023-08-13;JE;Jersey;0;66391;0;161;0.24250274886656326
2023-08-20;JE;Jersey;0;66391;0;161;0.24250274886656326
2023-08-27;JE;Jersey;0;66391;0;161;0.24250274886656326
2023-09-03;JE;Jersey;0;66391;0;161;0.24250274886656326
2023-09-10;JE;Jersey;0;66391;0;161;0.24250274886656326
2023-09-17;JE;Jersey;0;66391;0;161;0.24250274886656326
2023-09-24;JE;Jersey;0;66391;0;161;0.24250274886656326
2023-10-01;JE;Jersey;0;66391;0;161;0.24250274886656326
2023-10-08;JE;Jersey;0;66391;0;161;0.24250274886656326
2023-10-15;JE;Jersey;0;66391;0;161;0.24250274886656326
2023-10-22;JE;Jersey;0;66391;0;161;0.24250274886656326
2023-10-29;JE;Jersey;0;66391;0;161;0.24250274886656326
2023-11-05;JE;Jersey;0;66391;0;161;0.24250274886656326
2023-11-12;JE;Jersey;0;66391;0;161;0.24250274886656326
2023-11-19;JE;Jersey;0;66391;0;161;0.24250274886656326
2023-11-26;JE;Jersey;0;66391;0;161;0.24250274886656326
2023-12-03;JE;Jersey;0;66391;0;161;0.24250274886656326
2023-12-10;JE;Jersey;0;66391;0;161;0.24250274886656326
2023-12-17;JE;Jersey;0;66391;0;161;0.24250274886656326
2023-12-24;JE;Jersey;0;66391;0;161;0.24250274886656326
2023-12-31;JE;Jersey;0;66391;0;161;0.24250274886656326
2024-01-07;JE;Jersey;0;66391;0;161;0.24250274886656326
2024-01-14;JE;Jersey;0;66391;0;161;0.24250274886656326
2024-01-21;JE;Jersey;0;66391;0;161;0.24250274886656326
2020-01-05;JO;Jordan;0;0;0;0;0.0
2020-01-12;JO;Jordan;0;0;0;0;0.0
2020-01-19;JO;Jordan;0;0;0;0;0.0
2020-01-26;JO;Jordan;0;0;0;0;0.0
2020-02-02;JO;Jordan;0;0;0;0;0.0
2020-02-09;JO;Jordan;0;0;0;0;0.0
2020-02-16;JO;Jordan;0;0;0;0;0.0
2020-02-23;JO;Jordan;0;0;0;0;0.0
2020-03-01;JO;Jordan;0;0;0;0;0.0
2020-03-08;JO;Jordan;1;1;0;0;0.0
2020-03-15;JO;Jordan;0;1;0;0;0.0
2020-03-22;JO;Jordan;98;99;0;0;0.0
2020-03-29;JO;Jordan;147;246;1;1;0.40650406504065045
2020-04-05;JO;Jordan;77;323;4;5;1.5479876160990713
2020-04-12;JO;Jordan;58;381;2;7;1.837270341207349
2020-04-19;JO;Jordan;32;413;0;7;1.694915254237288
2020-04-26;JO;Jordan;20;433;0;7;1.6166281755196306
2020-05-03;JO;Jordan;7;440;2;9;2.0454545454545454
2020-05-10;JO;Jordan;48;488;0;9;1.8442622950819672
2020-05-17;JO;Jordan;61;549;0;9;1.639344262295082
2020-05-24;JO;Jordan;85;634;0;9;1.4195583596214512
2020-05-31;JO;Jordan;28;662;0;9;1.3595166163141994
2020-06-07;JO;Jordan;31;693;0;9;1.2987012987012987
2020-06-14;JO;Jordan;134;827;0;9;1.0882708585247884
2020-06-21;JO;Jordan;55;882;0;9;1.0204081632653061
2020-06-28;JO;Jordan;86;968;0;9;0.9297520661157025
2020-07-05;JO;Jordan;35;1003;1;10;0.9970089730807578
2020-07-12;JO;Jordan;18;1021;0;10;0.9794319294809012
2020-07-19;JO;Jordan;37;1058;1;11;1.0396975425330812
2020-07-26;JO;Jordan;96;1154;0;11;0.9532062391681109
2020-08-02;JO;Jordan;54;1208;0;11;0.9105960264900662
2020-08-09;JO;Jordan;38;1246;0;11;0.8828250401284109
2020-08-16;JO;Jordan;93;1339;0;11;0.8215085884988798
2020-08-23;JO;Jordan;237;1576;0;11;0.6979695431472082
2020-08-30;JO;Jordan;317;1893;4;15;0.7923930269413629
2020-09-06;JO;Jordan;460;2353;1;16;0.6799830004249894
2020-09-13;JO;Jordan;709;3062;6;22;0.7184846505551926
2020-09-20;JO;Jordan;1478;4540;8;30;0.6607929515418502
2020-09-27;JO;Jordan;3521;8061;13;43;0.533432576603399
2020-10-04;JO;Jordan;6688;14749;45;88;0.5966506203810428
2020-10-11;JO;Jordan;9249;23998;93;181;0.7542295191265939
2020-10-18;JO;Jordan;12055;36053;149;330;0.915319113527307
2020-10-25;JO;Jordan;14697;50750;210;540;1.064039408866995
2020-11-01;JO;Jordan;21857;72607;289;829;1.1417631908769126
2020-11-08;JO;Jordan;32195;104802;352;1181;1.1268868914715366
2020-11-15;JO;Jordan;36503;141305;523;1704;1.2059021266055694
2020-11-22;JO;Jordan;36856;178161;468;2172;1.2191220300739218
2020-11-29;JO;Jordan;32548;210709;454;2626;1.2462685504653337
2020-12-06;JO;Jordan;26804;237513;384;3010;1.2672990531044617
2020-12-13;JO;Jordan;19762;257275;325;3335;1.2962783014284325
2020-12-20;JO;Jordan;15522;272797;210;3545;1.2995010942202445
2020-12-27;JO;Jordan;13559;286356;184;3729;1.302225202195868
2021-01-03;JO;Jordan;10312;296668;148;3877;1.3068480591098468
2021-01-10;JO;Jordan;9291;305959;132;4009;1.310306282867966
2021-01-17;JO;Jordan;7598;313557;128;4137;1.3193773380916387
2021-01-24;JO;Jordan;5962;319519;80;4217;1.319796318841759
2021-01-31;JO;Jordan;6155;325674;87;4304;1.321566965738745
2021-02-07;JO;Jordan;8181;333855;65;4369;1.3086519596830959
2021-02-14;JO;Jordan;10948;344803;75;4444;1.2888518951401235
2021-02-21;JO;Jordan;15008;359811;99;4543;1.2626073132839186
2021-02-28;JO;Jordan;26685;386496;132;4675;1.2095856102003644
2021-03-07;JO;Jordan;34919;421415;225;4900;1.1627493088760485
2021-03-14;JO;Jordan;47585;469000;385;5285;1.126865671641791
2021-03-21;JO;Jordan;57666;526666;503;5788;1.0989887328971302
2021-03-28;JO;Jordan;55467;582133;684;6472;1.1117734263475871
2021-04-04;JO;Jordan;44742;626875;658;7130;1.1373878364905283
2021-04-11;JO;Jordan;35520;662395;578;7708;1.1636561266313907
2021-04-18;JO;Jordan;21071;683466;470;8178;1.1965481823528896
2021-04-25;JO;Jordan;16957;700423;385;8563;1.2225469466308216
2021-05-02;JO;Jordan;11654;712077;308;8871;1.245792238760696
2021-05-09;JO;Jordan;7156;719233;205;9076;1.2618998294015986
2021-05-16;JO;Jordan;4112;723345;167;9243;1.2778134914874646
2021-05-23;JO;Jordan;6361;729706;114;9357;1.2822972539625548
2021-05-30;JO;Jordan;5433;735139;86;9443;1.2845189821244691
2021-06-06;JO;Jordan;4180;739319;73;9516;1.287130453836571
2021-06-13;JO;Jordan;3512;742831;66;9582;1.289930010998464
2021-06-20;JO;Jordan;3147;745978;74;9656;1.294408146084737
2021-06-27;JO;Jordan;3341;749319;62;9718;1.2969109284563718
2021-07-04;JO;Jordan;3298;752617;51;9769;1.298004164136606
2021-07-11;JO;Jordan;3737;756354;57;9826;1.2991271283023558
2021-07-18;JO;Jordan;4196;760550;61;9887;1.2999802774308067
2021-07-25;JO;Jordan;3372;763922;61;9948;1.3022271907341325
2021-08-01;JO;Jordan;6790;770712;84;10032;1.3016535359511723
2021-08-08;JO;Jordan;5466;776178;84;10116;1.3033092924561118
2021-08-15;JO;Jordan;6032;782210;87;10203;1.304381176410427
2021-08-22;JO;Jordan;6306;788516;82;10285;1.304348928873986
2021-08-29;JO;Jordan;5834;794350;83;10368;1.305218102851388
2021-09-05;JO;Jordan;5890;800240;95;10463;1.307482755173448
2021-09-12;JO;Jordan;6261;806501;79;10542;1.307127951484251
2021-09-19;JO;Jordan;6180;812681;64;10606;1.305063118246889
2021-09-26;JO;Jordan;6115;818796;63;10669;1.30301076214344
2021-10-03;JO;Jordan;6449;825245;67;10736;1.300946991499494
2021-10-10;JO;Jordan;7154;832399;66;10802;1.2976949756066503
2021-10-17;JO;Jordan;7718;840117;63;10865;1.2932722466037467
2021-10-24;JO;Jordan;9641;849758;76;10941;1.2875430416659803
2021-10-31;JO;Jordan;11060;860818;87;11028;1.2811070400479545
2021-11-07;JO;Jordan;12889;873707;86;11114;1.2720511567378994
2021-11-14;JO;Jordan;15964;889671;101;11215;1.260578348625503
2021-11-21;JO;Jordan;21599;911270;132;11347;1.2451852908578138
2021-11-28;JO;Jordan;28023;939293;168;11515;1.2259220498821988
2021-12-05;JO;Jordan;32108;971401;200;11715;1.2059901111899205
2021-12-12;JO;Jordan;34735;1006136;226;11941;1.1868176866745648
2021-12-19;JO;Jordan;27333;1033469;250;12191;1.1796193209472177
2021-12-26;JO;Jordan;17952;1051421;253;12444;1.1835411314782565
2022-01-02;JO;Jordan;12856;1064277;240;12684;1.1917949932207499
2022-01-09;JO;Jordan;13155;1077432;172;12856;1.193207552773632
2022-01-16;JO;Jordan;20042;1097474;118;12974;1.1821692358998939
2022-01-23;JO;Jordan;36623;1134097;88;13062;1.151753333268671
2022-01-30;JO;Jordan;63153;1197250;112;13174;1.1003549801628731
2022-02-06;JO;Jordan;116993;1314243;126;13300;1.0119894113950008
2022-02-13;JO;Jordan;136567;1450810;177;13477;0.928929356704186
2022-02-20;JO;Jordan;110012;1560822;180;13657;0.8749876667550817
2022-02-27;JO;Jordan;56356;1617178;141;13798;0.853214673956732
2022-03-06;JO;Jordan;37499;1654677;84;13882;0.8389552764678544
2022-03-13;JO;Jordan;25502;1680179;77;13959;0.8308043369188641
2022-03-20;JO;Jordan;9135;1689314;44;14003;0.8289163530285075
2022-03-27;JO;Jordan;3171;1692485;28;14031;0.8290176870105199
2022-04-03;JO;Jordan;1731;1694216;17;14048;0.8291740840601198
2022-04-10;JO;Jordan;741;1694957;7;14055;0.8292245761986882
2022-04-17;JO;Jordan;475;1695432;4;14059;0.8292281849109844
2022-04-24;JO;Jordan;313;1695745;5;14064;0.8293699819253484
2022-05-01;JO;Jordan;225;1695970;2;14066;0.8293778781464294
2022-05-08;JO;Jordan;84;1696054;0;14066;0.8293368017763585
2022-05-15;JO;Jordan;305;1696359;0;14066;0.8291876896340928
2022-05-22;JO;Jordan;309;1696668;0;14066;0.8290366765920028
2022-05-29;JO;Jordan;269;1696937;0;14066;0.8289052569423614
2022-06-05;JO;Jordan;334;1697271;2;14068;0.8288599758082238
2022-06-12;JO;Jordan;402;1697673;0;14068;0.8286637061436449
2022-06-19;JO;Jordan;643;1698316;0;14068;0.8283499654952318
2022-06-26;JO;Jordan;881;1699197;0;14068;0.8279204824396464
2022-07-03;JO;Jordan;1329;1700526;0;14068;0.8272734436286184
2022-07-10;JO;Jordan;2135;1702661;1;14069;0.8262948408403081
2022-07-17;JO;Jordan;2455;1705116;1;14070;0.8251638011724716
2022-07-24;JO;Jordan;4763;1709879;4;14074;0.8230991783629134
2022-07-31;JO;Jordan;5417;1715296;9;14083;0.8210244762420015
2022-08-07;JO;Jordan;5482;1720778;7;14090;0.8188156752352715
2022-08-14;JO;Jordan;5939;1726717;5;14095;0.8162889460172107
2022-08-21;JO;Jordan;4832;1731549;10;14105;0.8145885562580094
2022-08-28;JO;Jordan;3946;1735495;5;14110;0.8130245261438379
2022-09-04;JO;Jordan;3372;1738867;4;14114;0.8116779489173123
2022-09-11;JO;Jordan;3389;1742256;0;14114;0.8100990899156036
2022-09-18;JO;Jordan;2776;1745032;2;14116;0.8089249939256128
2022-09-25;JO;Jordan;1965;1746997;6;14122;0.8083585718807761
2022-10-02;JO;Jordan;0;1746997;0;14122;0.8083585718807761
2022-10-09;JO;Jordan;0;1746997;0;14122;0.8083585718807761
2022-10-16;JO;Jordan;0;1746997;0;14122;0.8083585718807761
2022-10-23;JO;Jordan;0;1746997;0;14122;0.8083585718807761
2022-10-30;JO;Jordan;0;1746997;0;14122;0.8083585718807761
2022-11-06;JO;Jordan;0;1746997;0;14122;0.8083585718807761
2022-11-13;JO;Jordan;0;1746997;0;14122;0.8083585718807761
2022-11-20;JO;Jordan;0;1746997;0;14122;0.8083585718807761
2022-11-27;JO;Jordan;0;1746997;0;14122;0.8083585718807761
2022-12-04;JO;Jordan;0;1746997;0;14122;0.8083585718807761
2022-12-11;JO;Jordan;0;1746997;0;14122;0.8083585718807761
2022-12-18;JO;Jordan;0;1746997;0;14122;0.8083585718807761
2022-12-25;JO;Jordan;0;1746997;0;14122;0.8083585718807761
2023-01-01;JO;Jordan;0;1746997;0;14122;0.8083585718807761
2023-01-08;JO;Jordan;0;1746997;0;14122;0.8083585718807761
2023-01-15;JO;Jordan;0;1746997;0;14122;0.8083585718807761
2023-01-22;JO;Jordan;0;1746997;0;14122;0.8083585718807761
2023-01-29;JO;Jordan;0;1746997;0;14122;0.8083585718807761
2023-02-05;JO;Jordan;0;1746997;0;14122;0.8083585718807761
2023-02-12;JO;Jordan;0;1746997;0;14122;0.8083585718807761
2023-02-19;JO;Jordan;0;1746997;0;14122;0.8083585718807761
2023-02-26;JO;Jordan;0;1746997;0;14122;0.8083585718807761
2023-03-05;JO;Jordan;0;1746997;0;14122;0.8083585718807761
2023-03-12;JO;Jordan;0;1746997;0;14122;0.8083585718807761
2023-03-19;JO;Jordan;0;1746997;0;14122;0.8083585718807761
2023-03-26;JO;Jordan;0;1746997;0;14122;0.8083585718807761
2023-04-02;JO;Jordan;0;1746997;0;14122;0.8083585718807761
2023-04-09;JO;Jordan;0;1746997;0;14122;0.8083585718807761
2023-04-16;JO;Jordan;0;1746997;0;14122;0.8083585718807761
2023-04-23;JO;Jordan;0;1746997;0;14122;0.8083585718807761
2023-04-30;JO;Jordan;0;1746997;0;14122;0.8083585718807761
2023-05-07;JO;Jordan;0;1746997;0;14122;0.8083585718807761
2023-05-14;JO;Jordan;0;1746997;0;14122;0.8083585718807761
2023-05-21;JO;Jordan;0;1746997;0;14122;0.8083585718807761
2023-05-28;JO;Jordan;0;1746997;0;14122;0.8083585718807761
2023-06-04;JO;Jordan;0;1746997;0;14122;0.8083585718807761
2023-06-11;JO;Jordan;0;1746997;0;14122;0.8083585718807761
2023-06-18;JO;Jordan;0;1746997;0;14122;0.8083585718807761
2023-06-25;JO;Jordan;0;1746997;0;14122;0.8083585718807761
2023-07-02;JO;Jordan;0;1746997;0;14122;0.8083585718807761
2023-07-09;JO;Jordan;0;1746997;0;14122;0.8083585718807761
2023-07-16;JO;Jordan;0;1746997;0;14122;0.8083585718807761
2023-07-23;JO;Jordan;0;1746997;0;14122;0.8083585718807761
2023-07-30;JO;Jordan;0;1746997;0;14122;0.8083585718807761
2023-08-06;JO;Jordan;0;1746997;0;14122;0.8083585718807761
2023-08-13;JO;Jordan;0;1746997;0;14122;0.8083585718807761
2023-08-20;JO;Jordan;0;1746997;0;14122;0.8083585718807761
2023-08-27;JO;Jordan;0;1746997;0;14122;0.8083585718807761
2023-09-03;JO;Jordan;0;1746997;0;14122;0.8083585718807761
2023-09-10;JO;Jordan;0;1746997;0;14122;0.8083585718807761
2023-09-17;JO;Jordan;0;1746997;0;14122;0.8083585718807761
2023-09-24;JO;Jordan;0;1746997;0;14122;0.8083585718807761
2023-10-01;JO;Jordan;0;1746997;0;14122;0.8083585718807761
2023-10-08;JO;Jordan;0;1746997;0;14122;0.8083585718807761
2023-10-15;JO;Jordan;0;1746997;0;14122;0.8083585718807761
2023-10-22;JO;Jordan;0;1746997;0;14122;0.8083585718807761
2023-10-29;JO;Jordan;0;1746997;0;14122;0.8083585718807761
2023-11-05;JO;Jordan;0;1746997;0;14122;0.8083585718807761
2023-11-12;JO;Jordan;0;1746997;0;14122;0.8083585718807761
2023-11-19;JO;Jordan;0;1746997;0;14122;0.8083585718807761
2023-11-26;JO;Jordan;0;1746997;0;14122;0.8083585718807761
2023-12-03;JO;Jordan;0;1746997;0;14122;0.8083585718807761
2023-12-10;JO;Jordan;0;1746997;0;14122;0.8083585718807761
2023-12-17;JO;Jordan;0;1746997;0;14122;0.8083585718807761
2023-12-24;JO;Jordan;0;1746997;0;14122;0.8083585718807761
2023-12-31;JO;Jordan;0;1746997;0;14122;0.8083585718807761
2024-01-07;JO;Jordan;0;1746997;0;14122;0.8083585718807761
2024-01-14;JO;Jordan;0;1746997;0;14122;0.8083585718807761
2024-01-21;JO;Jordan;0;1746997;0;14122;0.8083585718807761
2020-01-05;KZ;Kazakhstan;0;0;0;0;0.0
2020-01-12;KZ;Kazakhstan;0;0;0;0;0.0
2020-01-19;KZ;Kazakhstan;0;0;0;0;0.0
2020-01-26;KZ;Kazakhstan;0;0;0;0;0.0
2020-02-02;KZ;Kazakhstan;0;0;0;0;0.0
2020-02-09;KZ;Kazakhstan;0;0;0;0;0.0
2020-02-16;KZ;Kazakhstan;0;0;0;0;0.0
2020-02-23;KZ;Kazakhstan;0;0;0;0;0.0
2020-03-01;KZ;Kazakhstan;0;0;0;0;0.0
2020-03-08;KZ;Kazakhstan;0;0;0;0;0.0
2020-03-15;KZ;Kazakhstan;6;6;0;0;0.0
2020-03-22;KZ;Kazakhstan;51;57;0;0;0.0
2020-03-29;KZ;Kazakhstan;227;284;1;1;0.35211267605633806
2020-04-05;KZ;Kazakhstan;247;531;4;5;0.9416195856873822
2020-04-12;KZ;Kazakhstan;366;897;5;10;1.1148272017837235
2020-04-19;KZ;Kazakhstan;730;1627;9;19;1.1677934849416103
2020-04-26;KZ;Kazakhstan;974;2601;6;25;0.9611687812379853
2020-05-03;KZ;Kazakhstan;1276;3877;1;26;0.670621614650503
2020-05-10;KZ;Kazakhstan;1179;5056;5;31;0.613132911392405
2020-05-17;KZ;Kazakhstan;1101;6157;3;34;0.5522169887932434
2020-05-24;KZ;Kazakhstan;2165;8322;1;35;0.4205719778899303
2020-05-31;KZ;Kazakhstan;2536;10858;3;38;0.3499723706023209
2020-06-07;KZ;Kazakhstan;1836;12694;16;54;0.4253978257444462
2020-06-14;KZ;Kazakhstan;1802;14496;19;73;0.5035871964679911
2020-06-21;KZ;Kazakhstan;3345;17841;45;118;0.6613979037049492
2020-06-28;KZ;Kazakhstan;10222;28063;55;173;0.6164700851655204
2020-07-05;KZ;Kazakhstan;19108;47171;69;242;0.5130270717177927
2020-07-12;KZ;Kazakhstan;11082;58253;110;352;0.6042607247695397
2020-07-19;KZ;Kazakhstan;12086;70339;23;375;0.533132401654843
2020-07-26;KZ;Kazakhstan;11381;81720;210;585;0.7158590308370044
2020-08-02;KZ;Kazakhstan;15054;96774;238;823;0.8504350342034018
2020-08-09;KZ;Kazakhstan;15048;111822;286;1109;0.9917547530897319
2020-08-16;KZ;Kazakhstan;9339;121161;324;1433;1.1827238137684568
2020-08-23;KZ;Kazakhstan;6042;127203;200;1633;1.2837747537400848
2020-08-30;KZ;Kazakhstan;4139;131342;148;1781;1.3560018882002711
2020-09-06;KZ;Kazakhstan;2582;133924;97;1878;1.402287864759117
2020-09-13;KZ;Kazakhstan;2460;136384;70;1948;1.4283200375410605
2020-09-20;KZ;Kazakhstan;1964;138348;51;1999;1.4449070459999422
2020-09-27;KZ;Kazakhstan;1827;140175;44;2043;1.4574638844301764
2020-10-04;KZ;Kazakhstan;1573;141748;32;2075;1.4638654513643932
2020-10-11;KZ;Kazakhstan;1884;143632;31;2106;1.4662470758605324
2020-10-18;KZ;Kazakhstan;1688;145320;30;2136;1.4698596201486376
2020-10-25;KZ;Kazakhstan;1977;147297;42;2178;1.4786451862563392
2020-11-01;KZ;Kazakhstan;3083;150380;41;2219;1.4755951589307088
2020-11-08;KZ;Kazakhstan;4840;155220;40;2259;1.4553536915345961
2020-11-15;KZ;Kazakhstan;5392;160612;47;2306;1.4357582247901777
2020-11-22;KZ;Kazakhstan;6013;166625;59;2365;1.4193548387096775
2020-11-29;KZ;Kazakhstan;6344;172969;52;2417;1.3973602206175673
2020-12-06;KZ;Kazakhstan;6375;179344;60;2477;1.3811446159336247
2020-12-13;KZ;Kazakhstan;6169;185513;65;2542;1.3702543757041286
2020-12-20;KZ;Kazakhstan;5456;190969;67;2609;1.3661903240840136
2020-12-27;KZ;Kazakhstan;6173;197142;60;2669;1.3538464659991276
2021-01-03;KZ;Kazakhstan;5738;202880;80;2749;1.3549881703470033
2021-01-10;KZ;Kazakhstan;5716;208596;96;2845;1.36388041956701
2021-01-17;KZ;Kazakhstan;6331;214927;40;2885;1.342316228300772
2021-01-24;KZ;Kazakhstan;9468;224395;71;2956;1.3173199046324562
2021-01-31;KZ;Kazakhstan;10174;234569;79;3035;1.2938623603289436
2021-02-07;KZ;Kazakhstan;8838;243407;91;3126;1.2842687350815711
2021-02-14;KZ;Kazakhstan;7069;250476;59;3185;1.2715789137482234
2021-02-21;KZ;Kazakhstan;5912;256388;61;3246;1.2660498931307238
2021-02-28;KZ;Kazakhstan;5705;262093;65;3311;1.2632920375591872
2021-03-07;KZ;Kazakhstan;5564;267657;78;3389;1.2661727509461735
2021-03-14;KZ;Kazakhstan;5864;273521;67;3456;1.2635227276881849
2021-03-21;KZ;Kazakhstan;8277;281798;55;3511;1.245927934193997
2021-03-28;KZ;Kazakhstan;8994;290792;2291;5802;1.995240584335195
2021-04-04;KZ;Kazakhstan;13130;303922;110;5912;1.9452359486973632
2021-04-11;KZ;Kazakhstan;16959;320881;116;6028;1.8785780398340817
2021-04-18;KZ;Kazakhstan;17964;338845;151;6179;1.823547639776299
2021-04-25;KZ;Kazakhstan;19989;358834;194;6373;1.776030142071264
2021-05-02;KZ;Kazakhstan;19736;378570;188;6561;1.7331008796259608
2021-05-09;KZ;Kazakhstan;17560;396130;197;6758;1.7060056042208367
2021-05-16;KZ;Kazakhstan;16106;412236;218;6976;1.6922345452604821
2021-05-23;KZ;Kazakhstan;15637;427873;173;7149;1.6708228843605462
2021-05-30;KZ;Kazakhstan;12496;440369;0;7149;1.623411275543919
2021-06-06;KZ;Kazakhstan;9489;449858;172;7321;1.627402424765148
2021-06-13;KZ;Kazakhstan;7616;457474;144;7465;1.6317867244914463
2021-06-20;KZ;Kazakhstan;7711;465185;121;7586;1.6307490568268537
2021-06-27;KZ;Kazakhstan;9854;475039;80;7666;1.6137622384688415
2021-07-04;KZ;Kazakhstan;16238;491277;93;7759;1.5793533994060378
2021-07-11;KZ;Kazakhstan;21408;512685;175;7934;1.5475389371641457
2021-07-18;KZ;Kazakhstan;34825;547510;239;8173;1.4927581231393034
2021-07-25;KZ;Kazakhstan;41346;588856;365;8538;1.4499300338283043
2021-08-01;KZ;Kazakhstan;52691;641547;539;9077;1.4148612650359211
2021-08-08;KZ;Kazakhstan;56033;697580;832;9909;1.42048223859629
2021-08-15;KZ;Kazakhstan;55346;752926;882;10791;1.433208575610352
2021-08-22;KZ;Kazakhstan;51785;804711;934;11725;1.4570448272733938
2021-08-29;KZ;Kazakhstan;44846;849557;930;12655;1.4895998738165892
2021-09-05;KZ;Kazakhstan;34667;884224;1077;13732;1.5530001447596988
2021-09-12;KZ;Kazakhstan;28017;912241;691;14423;1.5810514984527113
2021-09-19;KZ;Kazakhstan;22208;934449;608;15031;1.6085415041377324
2021-09-26;KZ;Kazakhstan;17936;952385;799;15830;1.6621429358925224
2021-10-03;KZ;Kazakhstan;14827;967212;312;16142;1.6689205675694676
2021-10-10;KZ;Kazakhstan;13917;981129;298;16440;1.6756206370416125
2021-10-17;KZ;Kazakhstan;13335;994464;242;16682;1.677486565627313
2021-10-24;KZ;Kazakhstan;12491;1006955;251;16933;1.6816044411120656
2021-10-31;KZ;Kazakhstan;11886;1018841;198;17131;1.6814203590157835
2021-11-07;KZ;Kazakhstan;10087;1028928;187;17318;1.6831109659762395
2021-11-14;KZ;Kazakhstan;8710;1037638;194;17512;1.6876791327996854
2021-11-21;KZ;Kazakhstan;8145;1045783;158;17670;1.689643071268131
2021-11-28;KZ;Kazakhstan;6839;1052622;135;17805;1.6914903925625724
2021-12-05;KZ;Kazakhstan;5483;1058105;127;17932;1.694727838919578
2021-12-12;KZ;Kazakhstan;4793;1062898;104;18036;1.6968702547187031
2021-12-19;KZ;Kazakhstan;3649;1066547;80;18116;1.6985655578235184
2021-12-26;KZ;Kazakhstan;3317;1069864;69;18185;1.699748753112545
2022-01-02;KZ;Kazakhstan;3135;1072999;51;18236;1.699535600685555
2022-01-09;KZ;Kazakhstan;6672;1079671;42;18278;1.6929231219510388
2022-01-16;KZ;Kazakhstan;54927;1134598;34;18312;1.6139637122575574
2022-01-23;KZ;Kazakhstan;97258;1231856;70;18382;1.492219869854918
2022-01-30;KZ;Kazakhstan;80452;1312308;108;18490;1.4089680166546268
2022-02-06;KZ;Kazakhstan;45666;1357974;151;18641;1.372706693942594
2022-02-13;KZ;Kazakhstan;19486;1377460;130;18771;1.362725596387554
2022-02-20;KZ;Kazakhstan;8870;1386330;95;18866;1.3608592470768142
2022-02-27;KZ;Kazakhstan;3843;1390173;63;18929;1.3616290922065095
2022-03-06;KZ;Kazakhstan;1838;1392011;44;18973;1.362992102792291
2022-03-13;KZ;Kazakhstan;849;1392860;20;18993;1.3635972028775325
2022-03-20;KZ;Kazakhstan;567;1393427;11;19004;1.3638317615490443
2022-03-27;KZ;Kazakhstan;216;1393643;6;19010;1.3640509083029155
2022-04-03;KZ;Kazakhstan;249;1393892;2;19012;1.36395072215064
2022-04-10;KZ;Kazakhstan;178;1394070;1;19013;1.3638483003005588
2022-04-17;KZ;Kazakhstan;154;1394224;0;19013;1.3636976554699962
2022-04-24;KZ;Kazakhstan;125;1394349;0;19013;1.3635754032885596
2022-05-01;KZ;Kazakhstan;174;1394523;0;19013;1.3634052647392692
2022-05-08;KZ;Kazakhstan;109;1394632;1;19014;1.3633704088246936
2022-05-15;KZ;Kazakhstan;78;1394710;1;19015;1.3633658610033628
2022-05-22;KZ;Kazakhstan;87;1394797;0;19015;1.363280821510227
2022-05-29;KZ;Kazakhstan;90;1394887;0;19015;1.3631928607837052
2022-06-05;KZ;Kazakhstan;70;1394957;1;19016;1.3631961415298106
2022-06-12;KZ;Kazakhstan;98;1395055;1;19017;1.363172061316579
2022-06-19;KZ;Kazakhstan;112;1395167;0;19017;1.3630626297783706
2022-06-26;KZ;Kazakhstan;299;1395466;1;19018;1.36284223334714
2022-07-03;KZ;Kazakhstan;959;1396425;0;19018;1.3619062964355408
2022-07-10;KZ;Kazakhstan;2293;1398718;0;19018;1.359673644008299
2022-07-17;KZ;Kazakhstan;7190;1405908;2;19020;1.3528623494567211
2022-07-24;KZ;Kazakhstan;15001;1420909;1;19021;1.338650117635964
2022-07-31;KZ;Kazakhstan;18815;1439724;0;19021;1.321155999344319
2022-08-07;KZ;Kazakhstan;16803;1456527;5;19026;1.3062579684413678
2022-08-14;KZ;Kazakhstan;10234;1466761;4;19030;1.2974165525262806
2022-08-21;KZ;Kazakhstan;6630;1473391;4;19034;1.2918498891332988
2022-08-28;KZ;Kazakhstan;4094;1477485;7;19041;1.2887440481629255
2022-09-04;KZ;Kazakhstan;2363;1479848;0;19041;1.2866862002043453
2022-09-11;KZ;Kazakhstan;1677;1481525;4;19045;1.2854997384451832
2022-09-18;KZ;Kazakhstan;990;1482515;3;19048;1.284843660941036
2022-09-25;KZ;Kazakhstan;688;1483203;0;19048;1.2842476720988294
2022-10-02;KZ;Kazakhstan;533;1483736;2;19050;1.2839211288261523
2022-10-09;KZ;Kazakhstan;334;1484070;2;19052;1.2837669382172001
2022-10-16;KZ;Kazakhstan;324;1484394;0;19052;1.2834867292646022
2022-10-23;KZ;Kazakhstan;243;1484637;0;19052;1.283276652811428
2022-10-30;KZ;Kazakhstan;279;1484916;0;19052;1.2830355387106074
2022-11-06;KZ;Kazakhstan;285;1485201;0;19052;1.2827893328916424
2022-11-13;KZ;Kazakhstan;363;1485564;1;19053;1.2825431957155666
2022-11-20;KZ;Kazakhstan;494;1486058;0;19053;1.282116848736725
2022-11-27;KZ;Kazakhstan;712;1486770;0;19053;1.2815028551827115
2022-12-04;KZ;Kazakhstan;1039;1487809;0;19053;1.2806079274960698
2022-12-11;KZ;Kazakhstan;1304;1489113;3;19056;1.2796879753249082
2022-12-18;KZ;Kazakhstan;1434;1490547;1;19057;1.278523924438478
2022-12-25;KZ;Kazakhstan;1674;1492221;0;19057;1.2770896536102896
2023-01-01;KZ;Kazakhstan;1513;1493734;1;19058;1.275863038532965
2023-01-08;KZ;Kazakhstan;987;1494721;2;19060;1.2751543599106456
2023-01-15;KZ;Kazakhstan;859;1495580;3;19063;1.274622554460477
2023-01-22;KZ;Kazakhstan;517;1496097;2;19065;1.274315769632584
2023-01-29;KZ;Kazakhstan;381;1496478;0;19065;1.2739913316467064
2023-02-05;KZ;Kazakhstan;419;1496897;0;19065;1.2736347257025702
2023-02-12;KZ;Kazakhstan;552;1497449;1;19066;1.2732320099048449
2023-02-19;KZ;Kazakhstan;618;1498067;2;19068;1.272840266823847
2023-02-26;KZ;Kazakhstan;568;1498635;0;19068;1.272357845639532
2023-03-05;KZ;Kazakhstan;491;1499126;2;19070;1.2720745287587567
2023-03-12;KZ;Kazakhstan;411;1499537;1;19071;1.2717925599701774
2023-03-19;KZ;Kazakhstan;564;1500101;0;19071;1.271314398163857
2023-03-26;KZ;Kazakhstan;305;1500406;0;19071;1.271055967518125
2023-04-02;KZ;Kazakhstan;530;1500936;1;19072;1.270673766236535
2023-04-09;KZ;Kazakhstan;424;1501360;0;19072;1.2703149144775403
2023-04-16;KZ;Kazakhstan;458;1501818;0;19072;1.2699275145190696
2023-04-23;KZ;Kazakhstan;404;1502222;0;19072;1.269585986625146
2023-04-30;KZ;Kazakhstan;388;1502610;0;19072;1.2692581574726642
2023-05-07;KZ;Kazakhstan;247;1502857;0;19072;1.2690495502898813
2023-05-14;KZ;Kazakhstan;0;1502857;0;19072;1.2690495502898813
2023-05-21;KZ;Kazakhstan;0;1502857;0;19072;1.2690495502898813
2023-05-28;KZ;Kazakhstan;0;1502857;0;19072;1.2690495502898813
2023-06-04;KZ;Kazakhstan;0;1502857;0;19072;1.2690495502898813
2023-06-11;KZ;Kazakhstan;0;1502857;0;19072;1.2690495502898813
2023-06-18;KZ;Kazakhstan;0;1502857;0;19072;1.2690495502898813
2023-06-25;KZ;Kazakhstan;0;1502857;0;19072;1.2690495502898813
2023-07-02;KZ;Kazakhstan;0;1502857;0;19072;1.2690495502898813
2023-07-09;KZ;Kazakhstan;0;1502857;0;19072;1.2690495502898813
2023-07-16;KZ;Kazakhstan;0;1502857;0;19072;1.2690495502898813
2023-07-23;KZ;Kazakhstan;0;1502857;0;19072;1.2690495502898813
2023-07-30;KZ;Kazakhstan;0;1502857;0;19072;1.2690495502898813
2023-08-06;KZ;Kazakhstan;0;1502857;0;19072;1.2690495502898813
2023-08-13;KZ;Kazakhstan;0;1502857;0;19072;1.2690495502898813
2023-08-20;KZ;Kazakhstan;0;1502857;0;19072;1.2690495502898813
2023-08-27;KZ;Kazakhstan;0;1502857;0;19072;1.2690495502898813
2023-09-03;KZ;Kazakhstan;0;1502857;0;19072;1.2690495502898813
2023-09-10;KZ;Kazakhstan;0;1502857;0;19072;1.2690495502898813
2023-09-17;KZ;Kazakhstan;0;1502857;0;19072;1.2690495502898813
2023-09-24;KZ;Kazakhstan;0;1502857;0;19072;1.2690495502898813
2023-10-01;KZ;Kazakhstan;0;1502857;0;19072;1.2690495502898813
2023-10-08;KZ;Kazakhstan;0;1502857;0;19072;1.2690495502898813
2023-10-15;KZ;Kazakhstan;0;1502857;0;19072;1.2690495502898813
2023-10-22;KZ;Kazakhstan;0;1502857;0;19072;1.2690495502898813
2023-10-29;KZ;Kazakhstan;0;1502857;0;19072;1.2690495502898813
2023-11-05;KZ;Kazakhstan;44;1502901;0;19072;1.2690123966914653
2023-11-12;KZ;Kazakhstan;57;1502958;0;19072;1.2689642691279464
2023-11-19;KZ;Kazakhstan;42;1503000;0;19072;1.2689288090485695
2023-11-26;KZ;Kazakhstan;39;1503039;0;19072;1.2688958836064799
2023-12-03;KZ;Kazakhstan;36;1503075;0;19072;1.268865492407232
2023-12-10;KZ;Kazakhstan;37;1503112;0;19072;1.26883425852498
2023-12-17;KZ;Kazakhstan;33;1503145;0;19072;1.2688064025759325
2023-12-24;KZ;Kazakhstan;38;1503183;0;19072;1.2687743275436192
2023-12-31;KZ;Kazakhstan;22;1503205;0;19072;1.2687557585292757
2024-01-07;KZ;Kazakhstan;0;1503205;0;19072;1.2687557585292757
2024-01-14;KZ;Kazakhstan;0;1503205;0;19072;1.2687557585292757
2024-01-21;KZ;Kazakhstan;0;1503205;0;19072;1.2687557585292757
2020-01-05;KE;Kenya;0;0;0;0;0.0
2020-01-12;KE;Kenya;0;0;0;0;0.0
2020-01-19;KE;Kenya;0;0;0;0;0.0
2020-01-26;KE;Kenya;0;0;0;0;0.0
2020-02-02;KE;Kenya;0;0;0;0;0.0
2020-02-09;KE;Kenya;0;0;0;0;0.0
2020-02-16;KE;Kenya;0;0;0;0;0.0
2020-02-23;KE;Kenya;0;0;0;0;0.0
2020-03-01;KE;Kenya;0;0;0;0;0.0
2020-03-08;KE;Kenya;0;0;0;0;0.0
2020-03-15;KE;Kenya;1;1;0;0;0.0
2020-03-22;KE;Kenya;6;7;0;0;0.0
2020-03-29;KE;Kenya;31;38;4;4;10.526315789473683
2020-04-05;KE;Kenya;88;126;3;7;5.555555555555555
2020-04-12;KE;Kenya;65;191;0;7;3.664921465968586
2020-04-19;KE;Kenya;71;262;4;11;4.198473282442748
2020-04-26;KE;Kenya;81;343;2;13;3.7900874635568513
2020-05-03;KE;Kenya;92;435;8;21;4.827586206896552
2020-05-10;KE;Kenya;214;649;9;30;4.622496147919876
2020-05-17;KE;Kenya;181;830;20;50;6.024096385542169
2020-05-24;KE;Kenya;362;1192;0;50;4.194630872483222
2020-05-31;KE;Kenya;696;1888;13;63;3.3368644067796613
2020-06-07;KE;Kenya;712;2600;20;83;3.192307692307692
2020-06-14;KE;Kenya;857;3457;17;100;2.8926815157651142
2020-06-21;KE;Kenya;1021;4478;21;121;2.702099151406878
2020-06-28;KE;Kenya;1333;5811;20;141;2.4264326277749095
2020-07-05;KE;Kenya;1766;7577;18;159;2.098455853240069
2020-07-12;KE;Kenya;2149;9726;25;184;1.8918363150318733
2020-07-19;KE;Kenya;3024;12750;41;225;1.7647058823529411
2020-07-26;KE;Kenya;3893;16643;53;278;1.6703719281379557
2020-08-02;KE;Kenya;4720;21363;86;364;1.7038805411225018
2020-08-09;KE;Kenya;4474;25837;54;418;1.6178348879513877
2020-08-16;KE;Kenya;4012;29849;54;472;1.5812925056115783
2020-08-23;KE;Kenya;2269;32118;70;542;1.6875272432903667
2020-08-30;KE;Kenya;1676;33794;30;572;1.6926081552938392
2020-09-06;KE;Kenya;1226;35020;22;594;1.6961736150770987
2020-09-13;KE;Kenya;943;35963;25;619;1.7212134693991046
2020-09-20;KE;Kenya;866;36829;27;646;1.7540525129653262
2020-09-27;KE;Kenya;1042;37871;43;689;1.8193340550817247
2020-10-04;KE;Kenya;1313;39184;39;728;1.8579011841567987
2020-10-11;KE;Kenya;1974;41158;32;760;1.8465425919626803
2020-10-18;KE;Kenya;3038;44196;65;825;1.8666847678522942
2020-10-25;KE;Kenya;4594;48790;71;896;1.836441893830703
2020-11-01;KE;Kenya;6402;55192;100;996;1.804609363675895
2020-11-08;KE;Kenya;6577;61769;107;1103;1.7856853761595621
2020-11-15;KE;Kenya;7504;69273;146;1249;1.8030112742338285
2020-11-22;KE;Kenya;7131;76404;117;1366;1.7878645097115335
2020-11-29;KE;Kenya;6201;82605;79;1445;1.7492887839719147
2020-12-06;KE;Kenya;5379;87984;73;1518;1.7253136933987996
2020-12-13;KE;Kenya;3542;91526;68;1586;1.7328409413718506
2020-12-20;KE;Kenya;2625;94151;47;1633;1.7344478550413698
2020-12-27;KE;Kenya;1692;95843;22;1655;1.7267823419550723
2021-01-03;KE;Kenya;835;96678;30;1685;1.7428991083803969
2021-01-10;KE;Kenya;1506;98184;19;1704;1.7355169885113664
2021-01-17;KE;Kenya;898;99082;24;1728;1.7440100119093276
2021-01-24;KE;Kenya;816;99898;12;1740;1.7417766121443874
2021-01-31;KE;Kenya;777;100675;15;1755;1.7432331760615845
2021-02-07;KE;Kenya;1015;101690;21;1776;1.7464844134133148
2021-02-14;KE;Kenya;1102;102792;19;1795;1.746244843956728
2021-02-21;KE;Kenya;1201;103993;22;1817;1.7472329868356524
2021-02-28;KE;Kenya;1655;105648;37;1854;1.754884143571104
2021-03-07;KE;Kenya;2714;108362;20;1874;1.7293885310348645
2021-03-14;KE;Kenya;4443;112805;34;1908;1.6914143876601215
2021-03-21;KE;Kenya;7358;120163;86;1994;1.6594126311759858
2021-03-28;KE;Kenya;9167;129330;110;2104;1.626846052733318
2021-04-04;KE;Kenya;8747;138077;102;2206;1.5976592770700409
2021-04-11;KE;Kenya;7107;145184;124;2330;1.6048600396737933
2021-04-18;KE;Kenya;6103;151287;133;2463;1.6280314898173671
2021-04-25;KE;Kenya;5031;156318;140;2603;1.6651953070023924
2021-05-02;KE;Kenya;3735;160053;141;2744;1.7144320943687403
2021-05-09;KE;Kenya;3185;163238;139;2883;1.7661328857251375
2021-05-16;KE;Kenya;2141;165379;118;3001;1.81461975220554
2021-05-23;KE;Kenya;2729;168108;48;3049;1.8137149927427605
2021-05-30;KE;Kenya;2377;170485;92;3141;1.8423908261723905
2021-06-06;KE;Kenya;1840;172325;123;3264;1.894095459161468
2021-06-13;KE;Kenya;2851;175176;132;3396;1.9386217290039733
2021-06-20;KE;Kenya;3616;178792;51;3447;1.9279386102286455
2021-06-27;KE;Kenya;3601;182393;127;3574;1.9595050248638928
2021-07-04;KE;Kenya;3198;185591;97;3671;1.9780053989687
2021-07-11;KE;Kenya;2922;188513;50;3721;1.9738691761310891
2021-07-18;KE;Kenya;3922;192435;39;3760;1.9539065138878062
2021-07-25;KE;Kenya;4310;196745;89;3849;1.9563394241276781
2021-08-01;KE;Kenya;6468;203213;82;3931;1.9344234866863832
2021-08-08;KE;Kenya;7815;211028;186;4117;1.950925943476695
2021-08-15;KE;Kenya;8910;219938;202;4319;1.9637352344751704
2021-08-22;KE;Kenya;8425;228363;148;4467;1.9560962152362686
2021-08-29;KE;Kenya;6226;234589;227;4694;2.000946335932205
2021-09-05;KE;Kenya;5103;239692;84;4778;1.9933915191161993
2021-09-12;KE;Kenya;3764;243456;124;4902;2.0135055205047316
2021-09-19;KE;Kenya;2840;246296;78;4980;2.0219573196479033
2021-09-26;KE;Kenya;2096;248392;116;5096;2.0515958646011145
2021-10-03;KE;Kenya;1631;250023;35;5131;2.0522111965699157
2021-10-10;KE;Kenya;1034;251057;50;5181;2.0636747830174023
2021-10-17;KE;Kenya;902;251959;34;5215;2.069781194559432
2021-10-24;KE;Kenya;669;252628;40;5255;2.080133635226499
2021-10-31;KE;Kenya;665;253293;21;5276;2.0829632086161087
2021-11-07;KE;Kenya;520;253813;29;5305;2.0901214673795274
2021-11-14;KE;Kenya;463;254276;11;5316;2.0906416649624817
2021-11-21;KE;Kenya;412;254688;9;5325;2.0907934413871088
2021-11-28;KE;Kenya;252;254940;8;5333;2.091864752490782
2021-12-05;KE;Kenya;468;255408;2;5335;2.0888147591304893
2021-12-12;KE;Kenya;726;256134;11;5346;2.0871887371454005
2021-12-19;KE;Kenya;6201;262335;7;5353;2.0405207082547125
2021-12-26;KE;Kenya;19023;281358;6;5359;1.9046908209469786
2022-01-02;KE;Kenya;15797;297155;22;5381;1.8108394608874157
2022-01-09;KE;Kenya;13642;310797;56;5437;1.7493733851999858
2022-01-16;KE;Kenya;6527;317324;51;5488;1.7294626312538603
2022-01-23;KE;Kenya;2814;320138;43;5531;1.7276924326384244
2022-01-30;KE;Kenya;1096;321234;47;5578;1.7364288960695318
2022-02-06;KE;Kenya;809;322043;29;5607;1.7410718444431335
2022-02-13;KE;Kenya;393;322436;22;5629;1.7457728045255492
2022-02-20;KE;Kenya;233;322669;6;5635;1.7463716687999158
2022-02-27;KE;Kenya;237;322906;4;5639;1.746328652920664
2022-03-06;KE;Kenya;165;323071;1;5640;1.745746291062955
2022-03-13;KE;Kenya;100;323171;4;5644;1.7464438331409686
2022-03-20;KE;Kenya;101;323272;3;5647;1.7468262020836942
2022-03-27;KE;Kenya;93;323365;0;5647;1.746323813647117
2022-04-03;KE;Kenya;85;323450;1;5648;1.746174060905859
2022-04-10;KE;Kenya;81;323531;0;5648;1.7457368845643848
2022-04-17;KE;Kenya;78;323609;1;5649;1.7456251216746135
2022-04-24;KE;Kenya;87;323696;0;5649;1.7451559487914585
2022-05-01;KE;Kenya;77;323773;0;5649;1.7447409141589942
2022-05-08;KE;Kenya;95;323868;0;5649;1.7442291303864537
2022-05-15;KE;Kenya;143;324011;0;5649;1.7434593269981573
2022-05-22;KE;Kenya;211;324222;0;5649;1.7423247034439364
2022-05-29;KE;Kenya;464;324686;2;5651;1.7404507739785517
2022-06-05;KE;Kenya;756;325442;0;5651;1.7364077162750968
2022-06-12;KE;Kenya;1295;326737;0;5651;1.7295255817369934
2022-06-19;KE;Kenya;2370;329107;0;5651;1.7170707399113356
2022-06-26;KE;Kenya;2859;331966;0;5651;1.7022827638975075
2022-07-03;KE;Kenya;2283;334249;4;5655;1.69185248123405
2022-07-10;KE;Kenya;1524;335773;8;5663;1.68655609593386
2022-07-17;KE;Kenya;917;336690;5;5668;1.6834476818438324
2022-07-24;KE;Kenya;552;337242;2;5670;1.681285249168253
2022-07-31;KE;Kenya;357;337599;2;5672;1.6800997633286827
2022-08-07;KE;Kenya;234;337833;0;5672;1.6789360423641269
2022-08-14;KE;Kenya;105;337938;1;5673;1.6787102959714504
2022-08-21;KE;Kenya;104;338042;0;5673;1.6781938339022962
2022-08-28;KE;Kenya;111;338153;0;5673;1.6776429604350693
2022-09-04;KE;Kenya;81;338234;1;5674;1.6775368531844816
2022-09-11;KE;Kenya;56;338290;0;5674;1.6772591563451476
2022-09-18;KE;Kenya;42;338332;1;5675;1.6773465117103912
2022-09-25;KE;Kenya;57;338389;0;5675;1.6770639707555504
2022-10-02;KE;Kenya;50;338439;3;5678;1.6777026288341472
2022-10-09;KE;Kenya;54;338493;0;5678;1.6774349838844527
2022-10-16;KE;Kenya;78;338571;0;5678;1.6770485363483583
2022-10-23;KE;Kenya;178;338749;0;5678;1.6761673097189955
2022-10-30;KE;Kenya;329;339078;0;5678;1.6745409610768023
2022-11-06;KE;Kenya;593;339671;0;5678;1.6716175357919871
2022-11-13;KE;Kenya;700;340371;0;5678;1.6681797215391438
2022-11-20;KE;Kenya;604;340975;6;5684;1.6669843830192828
2022-11-27;KE;Kenya;485;341460;0;5684;1.6646166461664618
2022-12-04;KE;Kenya;176;341636;0;5684;1.6637590886206373
2022-12-11;KE;Kenya;288;341924;0;5684;1.6623577169195496
2022-12-18;KE;Kenya;183;342107;0;5684;1.661468487929215
2022-12-25;KE;Kenya;363;342470;4;5688;1.6608754051449761
2023-01-01;KE;Kenya;37;342507;0;5688;1.6606959857754733
2023-01-08;KE;Kenya;0;342507;0;5688;1.6606959857754733
2023-01-15;KE;Kenya;92;342599;0;5688;1.6602500299183593
2023-01-22;KE;Kenya;104;342703;0;5688;1.6597461942264877
2023-01-29;KE;Kenya;82;342785;0;5688;1.659349154717972
2023-02-05;KE;Kenya;32;342817;0;5688;1.659194263995076
2023-02-12;KE;Kenya;32;342849;0;5688;1.659039402185802
2023-02-19;KE;Kenya;25;342874;0;5688;1.658918436510205
2023-02-26;KE;Kenya;41;342915;0;5688;1.6587200909846462
2023-03-05;KE;Kenya;20;342935;0;5688;1.6586233542799655
2023-03-12;KE;Kenya;7;342942;0;5688;1.6585894990989731
2023-03-19;KE;Kenya;14;342956;0;5688;1.6585217928830522
2023-03-26;KE;Kenya;11;342967;0;5688;1.6584685990197308
2023-04-02;KE;Kenya;16;342983;0;5688;1.6583912322185066
2023-04-09;KE;Kenya;9;342992;0;5688;1.658347716564818
2023-04-16;KE;Kenya;13;343005;0;5688;1.6582848646521189
2023-04-23;KE;Kenya;27;343032;0;5688;1.658154341285944
2023-04-30;KE;Kenya;28;343060;0;5688;1.658019005421792
2023-05-07;KE;Kenya;14;343074;0;5688;1.657951345773798
2023-05-14;KE;Kenya;0;343074;0;5688;1.657951345773798
2023-05-21;KE;Kenya;0;343074;0;5688;1.657951345773798
2023-05-28;KE;Kenya;0;343074;0;5688;1.657951345773798
2023-06-04;KE;Kenya;238;343312;0;5688;1.6568019760451136
2023-06-11;KE;Kenya;0;343312;0;5688;1.6568019760451136
2023-06-18;KE;Kenya;154;343466;1;5689;1.6563502646550168
2023-06-25;KE;Kenya;277;343743;0;5689;1.65501552031605
2023-07-02;KE;Kenya;43;343786;0;5689;1.6548085145991982
2023-07-09;KE;Kenya;0;343786;0;5689;1.6548085145991982
2023-07-16;KE;Kenya;64;343850;0;5689;1.6545005089428528
2023-07-23;KE;Kenya;65;343915;0;5689;1.654187808033962
2023-07-30;KE;Kenya;3;343918;0;5689;1.6541733785379074
2023-08-06;KE;Kenya;0;343918;0;5689;1.6541733785379074
2023-08-13;KE;Kenya;37;343955;0;5689;1.6539954354494049
2023-08-20;KE;Kenya;23;343978;0;5689;1.6538848414724199
2023-08-27;KE;Kenya;7;343985;0;5689;1.6538511853714553
2023-09-03;KE;Kenya;1;343986;0;5689;1.6538463774688503
2023-09-10;KE;Kenya;9;343995;0;5689;1.6538031076033082
2023-09-17;KE;Kenya;3;343998;0;5689;1.653788684817935
2023-09-24;KE;Kenya;13;344011;0;5689;1.6537261889881427
2023-10-01;KE;Kenya;14;344025;0;5689;1.653658891068963
2023-10-08;KE;Kenya;17;344042;0;5689;1.6535771795304064
2023-10-15;KE;Kenya;15;344057;0;5689;1.6535050878197506
2023-10-22;KE;Kenya;15;344072;0;5689;1.6534330023948476
2023-10-29;KE;Kenya;19;344091;0;5689;1.6533417032122317
2023-11-05;KE;Kenya;3;344094;0;5689;1.6533272884734984
2023-11-12;KE;Kenya;0;344094;0;5689;1.6533272884734984
2023-11-19;KE;Kenya;0;344094;0;5689;1.6533272884734984
2023-11-26;KE;Kenya;0;344094;0;5689;1.6533272884734984
2023-12-03;KE;Kenya;0;344094;0;5689;1.6533272884734984
2023-12-10;KE;Kenya;0;344094;0;5689;1.6533272884734984
2023-12-17;KE;Kenya;0;344094;0;5689;1.6533272884734984
2023-12-24;KE;Kenya;0;344094;0;5689;1.6533272884734984
2023-12-31;KE;Kenya;0;344094;0;5689;1.6533272884734984
2024-01-07;KE;Kenya;0;344094;0;5689;1.6533272884734984
2024-01-14;KE;Kenya;0;344094;0;5689;1.6533272884734984
2024-01-21;KE;Kenya;0;344094;0;5689;1.6533272884734984
2020-01-05;KI;Kiribati;0;0;0;0;0.0
2020-01-12;KI;Kiribati;0;0;0;0;0.0
2020-01-19;KI;Kiribati;0;0;0;0;0.0
2020-01-26;KI;Kiribati;0;0;0;0;0.0
2020-02-02;KI;Kiribati;0;0;0;0;0.0
2020-02-09;KI;Kiribati;0;0;0;0;0.0
2020-02-16;KI;Kiribati;0;0;0;0;0.0
2020-02-23;KI;Kiribati;0;0;0;0;0.0
2020-03-01;KI;Kiribati;0;0;0;0;0.0
2020-03-08;KI;Kiribati;0;0;0;0;0.0
2020-03-15;KI;Kiribati;0;0;0;0;0.0
2020-03-22;KI;Kiribati;0;0;0;0;0.0
2020-03-29;KI;Kiribati;0;0;0;0;0.0
2020-04-05;KI;Kiribati;0;0;0;0;0.0
2020-04-12;KI;Kiribati;0;0;0;0;0.0
2020-04-19;KI;Kiribati;0;0;0;0;0.0
2020-04-26;KI;Kiribati;0;0;0;0;0.0
2020-05-03;KI;Kiribati;0;0;0;0;0.0
2020-05-10;KI;Kiribati;0;0;0;0;0.0
2020-05-17;KI;Kiribati;0;0;0;0;0.0
2020-05-24;KI;Kiribati;0;0;0;0;0.0
2020-05-31;KI;Kiribati;0;0;0;0;0.0
2020-06-07;KI;Kiribati;0;0;0;0;0.0
2020-06-14;KI;Kiribati;0;0;0;0;0.0
2020-06-21;KI;Kiribati;0;0;0;0;0.0
2020-06-28;KI;Kiribati;0;0;0;0;0.0
2020-07-05;KI;Kiribati;0;0;0;0;0.0
2020-07-12;KI;Kiribati;0;0;0;0;0.0
2020-07-19;KI;Kiribati;0;0;0;0;0.0
2020-07-26;KI;Kiribati;0;0;0;0;0.0
2020-08-02;KI;Kiribati;0;0;0;0;0.0
2020-08-09;KI;Kiribati;0;0;0;0;0.0
2020-08-16;KI;Kiribati;0;0;0;0;0.0
2020-08-23;KI;Kiribati;0;0;0;0;0.0
2020-08-30;KI;Kiribati;0;0;0;0;0.0
2020-09-06;KI;Kiribati;0;0;0;0;0.0
2020-09-13;KI;Kiribati;0;0;0;0;0.0
2020-09-20;KI;Kiribati;0;0;0;0;0.0
2020-09-27;KI;Kiribati;0;0;0;0;0.0
2020-10-04;KI;Kiribati;0;0;0;0;0.0
2020-10-11;KI;Kiribati;0;0;0;0;0.0
2020-10-18;KI;Kiribati;0;0;0;0;0.0
2020-10-25;KI;Kiribati;0;0;0;0;0.0
2020-11-01;KI;Kiribati;0;0;0;0;0.0
2020-11-08;KI;Kiribati;0;0;0;0;0.0
2020-11-15;KI;Kiribati;0;0;0;0;0.0
2020-11-22;KI;Kiribati;0;0;0;0;0.0
2020-11-29;KI;Kiribati;0;0;0;0;0.0
2020-12-06;KI;Kiribati;0;0;0;0;0.0
2020-12-13;KI;Kiribati;0;0;0;0;0.0
2020-12-20;KI;Kiribati;0;0;0;0;0.0
2020-12-27;KI;Kiribati;0;0;0;0;0.0
2021-01-03;KI;Kiribati;0;0;0;0;0.0
2021-01-10;KI;Kiribati;0;0;0;0;0.0
2021-01-17;KI;Kiribati;0;0;0;0;0.0
2021-01-24;KI;Kiribati;0;0;0;0;0.0
2021-01-31;KI;Kiribati;0;0;0;0;0.0
2021-02-07;KI;Kiribati;0;0;0;0;0.0
2021-02-14;KI;Kiribati;0;0;0;0;0.0
2021-02-21;KI;Kiribati;0;0;0;0;0.0
2021-02-28;KI;Kiribati;0;0;0;0;0.0
2021-03-07;KI;Kiribati;0;0;0;0;0.0
2021-03-14;KI;Kiribati;0;0;0;0;0.0
2021-03-21;KI;Kiribati;0;0;0;0;0.0
2021-03-28;KI;Kiribati;0;0;0;0;0.0
2021-04-04;KI;Kiribati;0;0;0;0;0.0
2021-04-11;KI;Kiribati;0;0;0;0;0.0
2021-04-18;KI;Kiribati;0;0;0;0;0.0
2021-04-25;KI;Kiribati;0;0;0;0;0.0
2021-05-02;KI;Kiribati;0;0;0;0;0.0
2021-05-09;KI;Kiribati;0;0;0;0;0.0
2021-05-16;KI;Kiribati;0;0;0;0;0.0
2021-05-23;KI;Kiribati;0;0;0;0;0.0
2021-05-30;KI;Kiribati;0;0;0;0;0.0
2021-06-06;KI;Kiribati;0;0;0;0;0.0
2021-06-13;KI;Kiribati;0;0;0;0;0.0
2021-06-20;KI;Kiribati;0;0;0;0;0.0
2021-06-27;KI;Kiribati;0;0;0;0;0.0
2021-07-04;KI;Kiribati;0;0;0;0;0.0
2021-07-11;KI;Kiribati;0;0;0;0;0.0
2021-07-18;KI;Kiribati;0;0;0;0;0.0
2021-07-25;KI;Kiribati;0;0;0;0;0.0
2021-08-01;KI;Kiribati;0;0;0;0;0.0
2021-08-08;KI;Kiribati;0;0;0;0;0.0
2021-08-15;KI;Kiribati;0;0;0;0;0.0
2021-08-22;KI;Kiribati;0;0;0;0;0.0
2021-08-29;KI;Kiribati;0;0;0;0;0.0
2021-09-05;KI;Kiribati;0;0;0;0;0.0
2021-09-12;KI;Kiribati;0;0;0;0;0.0
2021-09-19;KI;Kiribati;0;0;0;0;0.0
2021-09-26;KI;Kiribati;0;0;0;0;0.0
2021-10-03;KI;Kiribati;0;0;0;0;0.0
2021-10-10;KI;Kiribati;0;0;0;0;0.0
2021-10-17;KI;Kiribati;0;0;0;0;0.0
2021-10-24;KI;Kiribati;0;0;0;0;0.0
2021-10-31;KI;Kiribati;0;0;0;0;0.0
2021-11-07;KI;Kiribati;0;0;0;0;0.0
2021-11-14;KI;Kiribati;0;0;0;0;0.0
2021-11-21;KI;Kiribati;0;0;0;0;0.0
2021-11-28;KI;Kiribati;0;0;0;0;0.0
2021-12-05;KI;Kiribati;0;0;0;0;0.0
2021-12-12;KI;Kiribati;0;0;0;0;0.0
2021-12-19;KI;Kiribati;0;0;0;0;0.0
2021-12-26;KI;Kiribati;0;0;0;0;0.0
2022-01-02;KI;Kiribati;0;0;0;0;0.0
2022-01-09;KI;Kiribati;0;0;0;0;0.0
2022-01-16;KI;Kiribati;0;0;0;0;0.0
2022-01-23;KI;Kiribati;59;59;0;0;0.0
2022-01-30;KI;Kiribati;305;364;0;0;0.0
2022-02-06;KI;Kiribati;1179;1543;0;0;0.0
2022-02-13;KI;Kiribati;1005;2548;3;3;0.11773940345368916
2022-02-20;KI;Kiribati;285;2833;8;11;0.3882809742322626
2022-02-27;KI;Kiribati;81;2914;0;11;0.3774879890185312
2022-03-06;KI;Kiribati;71;2985;0;11;0.3685092127303182
2022-03-13;KI;Kiribati;42;3027;2;13;0.4294681202510736
2022-03-20;KI;Kiribati;22;3049;0;13;0.42636930141029844
2022-03-27;KI;Kiribati;16;3065;0;13;0.4241435562805873
2022-04-03;KI;Kiribati;2;3067;0;13;0.42386697098141507
2022-04-10;KI;Kiribati;2;3069;0;13;0.4235907461713913
2022-04-17;KI;Kiribati;0;3069;0;13;0.4235907461713913
2022-04-24;KI;Kiribati;7;3076;0;13;0.42262678803641096
2022-05-01;KI;Kiribati;8;3084;0;13;0.42153047989623865
2022-05-08;KI;Kiribati;5;3089;0;13;0.4208481709291033
2022-05-15;KI;Kiribati;4;3093;0;13;0.42030391205948914
2022-05-22;KI;Kiribati;5;3098;0;13;0.4196255648805681
2022-05-29;KI;Kiribati;0;3098;0;13;0.4196255648805681
2022-06-05;KI;Kiribati;0;3098;0;13;0.4196255648805681
2022-06-12;KI;Kiribati;111;3209;0;13;0.40511062636335304
2022-06-19;KI;Kiribati;6;3215;0;13;0.4043545878693624
2022-06-26;KI;Kiribati;21;3236;0;13;0.40173053152039556
2022-07-03;KI;Kiribati;0;3236;0;13;0.40173053152039556
2022-07-10;KI;Kiribati;0;3236;0;13;0.40173053152039556
2022-07-17;KI;Kiribati;0;3236;0;13;0.40173053152039556
2022-07-24;KI;Kiribati;194;3430;0;13;0.37900874635568516
2022-07-31;KI;Kiribati;0;3430;0;13;0.37900874635568516
2022-08-07;KI;Kiribati;0;3430;0;13;0.37900874635568516
2022-08-14;KI;Kiribati;0;3430;0;13;0.37900874635568516
2022-08-21;KI;Kiribati;0;3430;0;13;0.37900874635568516
2022-08-28;KI;Kiribati;0;3430;0;13;0.37900874635568516
2022-09-04;KI;Kiribati;0;3430;0;13;0.37900874635568516
2022-09-11;KI;Kiribati;0;3430;0;13;0.37900874635568516
2022-09-18;KI;Kiribati;0;3430;0;13;0.37900874635568516
2022-09-25;KI;Kiribati;0;3430;0;13;0.37900874635568516
2022-10-02;KI;Kiribati;0;3430;0;13;0.37900874635568516
2022-10-09;KI;Kiribati;0;3430;0;13;0.37900874635568516
2022-10-16;KI;Kiribati;0;3430;0;13;0.37900874635568516
2022-10-23;KI;Kiribati;0;3430;0;13;0.37900874635568516
2022-10-30;KI;Kiribati;0;3430;0;13;0.37900874635568516
2022-11-06;KI;Kiribati;0;3430;0;13;0.37900874635568516
2022-11-13;KI;Kiribati;0;3430;0;13;0.37900874635568516
2022-11-20;KI;Kiribati;0;3430;0;13;0.37900874635568516
2022-11-27;KI;Kiribati;0;3430;0;13;0.37900874635568516
2022-12-04;KI;Kiribati;0;3430;0;13;0.37900874635568516
2022-12-11;KI;Kiribati;0;3430;0;13;0.37900874635568516
2022-12-18;KI;Kiribati;0;3430;0;13;0.37900874635568516
2022-12-25;KI;Kiribati;0;3430;0;13;0.37900874635568516
2023-01-01;KI;Kiribati;0;3430;0;13;0.37900874635568516
2023-01-08;KI;Kiribati;0;3430;0;13;0.37900874635568516
2023-01-15;KI;Kiribati;1491;4921;0;13;0.2641739483844747
2023-01-22;KI;Kiribati;70;4991;0;13;0.2604688439190543
2023-01-29;KI;Kiribati;17;5008;0;13;0.2595846645367412
2023-02-05;KI;Kiribati;0;5008;5;18;0.35942492012779553
2023-02-12;KI;Kiribati;4;5012;0;18;0.3591380686352753
2023-02-19;KI;Kiribati;0;5012;0;18;0.3591380686352753
2023-02-26;KI;Kiribati;1;5013;0;18;0.3590664272890485
2023-03-05;KI;Kiribati;1;5014;0;18;0.35899481451934584
2023-03-12;KI;Kiribati;0;5014;0;18;0.35899481451934584
2023-03-19;KI;Kiribati;0;5014;0;18;0.35899481451934584
2023-03-26;KI;Kiribati;0;5014;0;18;0.35899481451934584
2023-04-02;KI;Kiribati;0;5014;0;18;0.35899481451934584
2023-04-09;KI;Kiribati;0;5014;0;18;0.35899481451934584
2023-04-16;KI;Kiribati;0;5014;0;18;0.35899481451934584
2023-04-23;KI;Kiribati;11;5025;6;24;0.47761194029850745
2023-04-30;KI;Kiribati;0;5025;0;24;0.47761194029850745
2023-05-07;KI;Kiribati;0;5025;0;24;0.47761194029850745
2023-05-14;KI;Kiribati;0;5025;0;24;0.47761194029850745
2023-05-21;KI;Kiribati;2;5027;0;24;0.4774219216232345
2023-05-28;KI;Kiribati;2;5029;0;24;0.4772320540862995
2023-06-04;KI;Kiribati;8;5037;0;24;0.4764740917212627
2023-06-11;KI;Kiribati;0;5037;0;24;0.4764740917212627
2023-06-18;KI;Kiribati;0;5037;0;24;0.4764740917212627
2023-06-25;KI;Kiribati;44;5081;0;24;0.4723479629994096
2023-07-02;KI;Kiribati;0;5081;0;24;0.4723479629994096
2023-07-09;KI;Kiribati;1;5082;0;24;0.47225501770956313
2023-07-16;KI;Kiribati;0;5082;0;24;0.47225501770956313
2023-07-23;KI;Kiribati;0;5082;0;24;0.47225501770956313
2023-07-30;KI;Kiribati;0;5082;0;24;0.47225501770956313
2023-08-06;KI;Kiribati;0;5082;0;24;0.47225501770956313
2023-08-13;KI;Kiribati;3;5085;0;24;0.471976401179941
2023-08-20;KI;Kiribati;0;5085;0;24;0.471976401179941
2023-08-27;KI;Kiribati;0;5085;0;24;0.471976401179941
2023-09-03;KI;Kiribati;0;5085;0;24;0.471976401179941
2023-09-10;KI;Kiribati;0;5085;0;24;0.471976401179941
2023-09-17;KI;Kiribati;0;5085;0;24;0.471976401179941
2023-09-24;KI;Kiribati;0;5085;0;24;0.471976401179941
2023-10-01;KI;Kiribati;0;5085;0;24;0.471976401179941
2023-10-08;KI;Kiribati;0;5085;0;24;0.471976401179941
2023-10-15;KI;Kiribati;0;5085;0;24;0.471976401179941
2023-10-22;KI;Kiribati;0;5085;0;24;0.471976401179941
2023-10-29;KI;Kiribati;0;5085;0;24;0.471976401179941
2023-11-05;KI;Kiribati;0;5085;0;24;0.471976401179941
2023-11-12;KI;Kiribati;0;5085;0;24;0.471976401179941
2023-11-19;KI;Kiribati;0;5085;0;24;0.471976401179941
2023-11-26;KI;Kiribati;0;5085;0;24;0.471976401179941
2023-12-03;KI;Kiribati;0;5085;0;24;0.471976401179941
2023-12-10;KI;Kiribati;0;5085;0;24;0.471976401179941
2023-12-17;KI;Kiribati;0;5085;0;24;0.471976401179941
2023-12-24;KI;Kiribati;0;5085;0;24;0.471976401179941
2023-12-31;KI;Kiribati;0;5085;0;24;0.471976401179941
2024-01-07;KI;Kiribati;0;5085;0;24;0.471976401179941
2024-01-14;KI;Kiribati;0;5085;0;24;0.471976401179941
2024-01-21;KI;Kiribati;0;5085;0;24;0.471976401179941
2020-01-05;XK;Kosovo (in accordance with UN Security Council resolution 1244 (1999));0;0;0;0;0.0
2020-01-12;XK;Kosovo (in accordance with UN Security Council resolution 1244 (1999));0;0;0;0;0.0
2020-01-19;XK;Kosovo (in accordance with UN Security Council resolution 1244 (1999));0;0;0;0;0.0
2020-01-26;XK;Kosovo (in accordance with UN Security Council resolution 1244 (1999));0;0;0;0;0.0
2020-02-02;XK;Kosovo (in accordance with UN Security Council resolution 1244 (1999));0;0;0;0;0.0
2020-02-09;XK;Kosovo (in accordance with UN Security Council resolution 1244 (1999));0;0;0;0;0.0
2020-02-16;XK;Kosovo (in accordance with UN Security Council resolution 1244 (1999));0;0;0;0;0.0
2020-02-23;XK;Kosovo (in accordance with UN Security Council resolution 1244 (1999));0;0;0;0;0.0
2020-03-01;XK;Kosovo (in accordance with UN Security Council resolution 1244 (1999));0;0;0;0;0.0
2020-03-08;XK;Kosovo (in accordance with UN Security Council resolution 1244 (1999));0;0;0;0;0.0
2020-03-15;XK;Kosovo (in accordance with UN Security Council resolution 1244 (1999));2;2;0;0;0.0
2020-03-22;XK;Kosovo (in accordance with UN Security Council resolution 1244 (1999));29;31;1;1;3.225806451612903
2020-03-29;XK;Kosovo (in accordance with UN Security Council resolution 1244 (1999));60;91;0;1;1.098901098901099
2020-04-05;XK;Kosovo (in accordance with UN Security Council resolution 1244 (1999));49;140;0;1;0.7142857142857143
2020-04-12;XK;Kosovo (in accordance with UN Security Council resolution 1244 (1999));143;283;6;7;2.4734982332155475
2020-04-19;XK;Kosovo (in accordance with UN Security Council resolution 1244 (1999));227;510;6;13;2.549019607843137
2020-04-26;XK;Kosovo (in accordance with UN Security Council resolution 1244 (1999));221;731;3;16;2.188782489740082
2020-05-03;XK;Kosovo (in accordance with UN Security Council resolution 1244 (1999));92;823;1;17;2.0656136087484813
2020-05-10;XK;Kosovo (in accordance with UN Security Council resolution 1244 (1999));47;870;2;19;2.1839080459770113
2020-05-17;XK;Kosovo (in accordance with UN Security Council resolution 1244 (1999));74;944;1;20;2.11864406779661
2020-05-24;XK;Kosovo (in accordance with UN Security Council resolution 1244 (1999));81;1025;0;20;1.951219512195122
2020-05-31;XK;Kosovo (in accordance with UN Security Council resolution 1244 (1999));39;1064;1;21;1.9736842105263157
2020-06-07;XK;Kosovo (in accordance with UN Security Council resolution 1244 (1999));87;1151;0;21;1.8245004344048652
2020-06-14;XK;Kosovo (in accordance with UN Security Council resolution 1244 (1999));286;1437;2;23;1.6005567153792624
2020-06-21;XK;Kosovo (in accordance with UN Security Council resolution 1244 (1999));593;2030;2;25;1.2315270935960592
2020-06-28;XK;Kosovo (in accordance with UN Security Council resolution 1244 (1999));517;2547;12;37;1.452689438555163
2020-07-05;XK;Kosovo (in accordance with UN Security Council resolution 1244 (1999));766;3313;17;54;1.6299426501660126
2020-07-12;XK;Kosovo (in accordance with UN Security Council resolution 1244 (1999));1359;4672;37;91;1.9477739726027399
2020-07-19;XK;Kosovo (in accordance with UN Security Council resolution 1244 (1999));902;5574;29;120;2.1528525296017222
2020-07-26;XK;Kosovo (in accordance with UN Security Council resolution 1244 (1999));1300;6874;39;159;2.313063718359034
2020-08-02;XK;Kosovo (in accordance with UN Security Council resolution 1244 (1999));1637;8511;68;227;2.6671366466925157
2020-08-09;XK;Kosovo (in accordance with UN Security Council resolution 1244 (1999));1505;10016;78;305;3.0451277955271565
2020-08-16;XK;Kosovo (in accordance with UN Security Council resolution 1244 (1999));1216;11232;75;380;3.3831908831908835
2020-08-23;XK;Kosovo (in accordance with UN Security Council resolution 1244 (1999));1062;12294;67;447;3.6359199609565644
2020-08-30;XK;Kosovo (in accordance with UN Security Council resolution 1244 (1999));878;13172;51;498;3.7807470391740052
2020-09-06;XK;Kosovo (in accordance with UN Security Council resolution 1244 (1999));812;13984;48;546;3.904462242562929
2020-09-13;XK;Kosovo (in accordance with UN Security Council resolution 1244 (1999));539;14523;33;579;3.9867795909935966
2020-09-20;XK;Kosovo (in accordance with UN Security Council resolution 1244 (1999));436;14959;22;601;4.017648238518618
2020-09-27;XK;Kosovo (in accordance with UN Security Council resolution 1244 (1999));423;15382;8;609;3.9591730594201016
2020-10-04;XK;Kosovo (in accordance with UN Security Council resolution 1244 (1999));333;15715;11;620;3.9452752147629653
2020-10-11;XK;Kosovo (in accordance with UN Security Council resolution 1244 (1999));372;16087;15;635;3.9472866289550566
2020-10-18;XK;Kosovo (in accordance with UN Security Council resolution 1244 (1999));624;16711;7;642;3.8417808629046735
2020-10-25;XK;Kosovo (in accordance with UN Security Council resolution 1244 (1999));1003;17714;9;651;3.6750592751495987
2020-11-01;XK;Kosovo (in accordance with UN Security Council resolution 1244 (1999));2085;19799;20;671;3.3890600535380573
2020-11-08;XK;Kosovo (in accordance with UN Security Council resolution 1244 (1999));3583;23382;63;734;3.139166880506372
2020-11-15;XK;Kosovo (in accordance with UN Security Council resolution 1244 (1999));5191;28573;65;799;2.7963462009589475
2020-11-22;XK;Kosovo (in accordance with UN Security Council resolution 1244 (1999));4972;33545;95;894;2.6650767625577583
2020-11-29;XK;Kosovo (in accordance with UN Security Council resolution 1244 (1999));4843;38388;85;979;2.550276127956653
2020-12-06;XK;Kosovo (in accordance with UN Security Council resolution 1244 (1999));3906;42294;98;1077;2.546460490849766
2020-12-13;XK;Kosovo (in accordance with UN Security Council resolution 1244 (1999));3781;46075;99;1176;2.552360282148671
2020-12-20;XK;Kosovo (in accordance with UN Security Council resolution 1244 (1999));2564;48639;62;1238;2.545282592158556
2020-12-27;XK;Kosovo (in accordance with UN Security Council resolution 1244 (1999));1723;50362;57;1295;2.5713831857352765
2021-01-03;XK;Kosovo (in accordance with UN Security Council resolution 1244 (1999));1326;51688;35;1330;2.5731310942578545
2021-01-10;XK;Kosovo (in accordance with UN Security Council resolution 1244 (1999));1792;53480;35;1365;2.5523560209424083
2021-01-17;XK;Kosovo (in accordance with UN Security Council resolution 1244 (1999));1975;55455;30;1395;2.5155531512036786
2021-01-24;XK;Kosovo (in accordance with UN Security Council resolution 1244 (1999));2201;57656;45;1440;2.4975718051893994
2021-01-31;XK;Kosovo (in accordance with UN Security Council resolution 1244 (1999));2235;59891;42;1482;2.474495333188626
2021-02-07;XK;Kosovo (in accordance with UN Security Council resolution 1244 (1999));2075;61966;28;1510;2.4368201917180388
2021-02-14;XK;Kosovo (in accordance with UN Security Council resolution 1244 (1999));2086;64052;24;1534;2.394929120089927
2021-02-21;XK;Kosovo (in accordance with UN Security Council resolution 1244 (1999));1887;65939;27;1561;2.367339510759945
2021-02-28;XK;Kosovo (in accordance with UN Security Council resolution 1244 (1999));2821;68760;24;1585;2.3051192553810353
2021-03-07;XK;Kosovo (in accordance with UN Security Council resolution 1244 (1999));3697;72457;45;1630;2.249610113584609
2021-03-14;XK;Kosovo (in accordance with UN Security Council resolution 1244 (1999));4188;76645;56;1686;2.1997521038554373
2021-03-21;XK;Kosovo (in accordance with UN Security Council resolution 1244 (1999));4704;81349;56;1742;2.1413907976742186
2021-03-28;XK;Kosovo (in accordance with UN Security Council resolution 1244 (1999));5675;87024;78;1820;2.0913770913770913
2021-04-04;XK;Kosovo (in accordance with UN Security Council resolution 1244 (1999));5908;92932;76;1896;2.0402014376102957
2021-04-11;XK;Kosovo (in accordance with UN Security Council resolution 1244 (1999));4492;97424;70;1966;2.017983248480867
2021-04-18;XK;Kosovo (in accordance with UN Security Council resolution 1244 (1999));3686;101110;85;2051;2.028483829492632
2021-04-25;XK;Kosovo (in accordance with UN Security Council resolution 1244 (1999));2662;103772;57;2108;2.0313764792044093
2021-05-02;XK;Kosovo (in accordance with UN Security Council resolution 1244 (1999));1560;105332;60;2168;2.058253901948126
2021-05-09;XK;Kosovo (in accordance with UN Security Council resolution 1244 (1999));970;106302;25;2193;2.06299034825309
2021-05-16;XK;Kosovo (in accordance with UN Security Council resolution 1244 (1999));498;106800;20;2213;2.0720973782771535
2021-05-23;XK;Kosovo (in accordance with UN Security Council resolution 1244 (1999));370;107170;16;2229;2.079873098814967
2021-05-30;XK;Kosovo (in accordance with UN Security Council resolution 1244 (1999));169;107339;4;2233;2.08032495178826
2021-06-06;XK;Kosovo (in accordance with UN Security Council resolution 1244 (1999));104;107443;1;2234;2.0792420166972256
2021-06-13;XK;Kosovo (in accordance with UN Security Council resolution 1244 (1999));85;107528;5;2239;2.082248344617216
2021-06-20;XK;Kosovo (in accordance with UN Security Council resolution 1244 (1999));74;107602;2;2241;2.08267504321481
2021-06-27;XK;Kosovo (in accordance with UN Security Council resolution 1244 (1999));80;107682;6;2247;2.086699726973867
2021-07-04;XK;Kosovo (in accordance with UN Security Council resolution 1244 (1999));63;107745;3;2250;2.0882639565641097
2021-07-11;XK;Kosovo (in accordance with UN Security Council resolution 1244 (1999));54;107799;4;2254;2.090928487277248
2021-07-18;XK;Kosovo (in accordance with UN Security Council resolution 1244 (1999));54;107853;0;2254;2.089881598101119
2021-07-25;XK;Kosovo (in accordance with UN Security Council resolution 1244 (1999));96;107949;1;2255;2.088949411296075
2021-08-01;XK;Kosovo (in accordance with UN Security Council resolution 1244 (1999));373;108322;1;2256;2.0826794187699638
2021-08-08;XK;Kosovo (in accordance with UN Security Council resolution 1244 (1999));1297;109619;5;2261;2.0625986370975835
2021-08-15;XK;Kosovo (in accordance with UN Security Council resolution 1244 (1999));5489;115108;9;2270;1.9720610209542342
2021-08-22;XK;Kosovo (in accordance with UN Security Council resolution 1244 (1999));12476;127584;35;2305;1.806652871833459
2021-08-29;XK;Kosovo (in accordance with UN Security Council resolution 1244 (1999));13475;141059;107;2412;1.7099227982617204
2021-09-05;XK;Kosovo (in accordance with UN Security Council resolution 1244 (1999));10177;151236;183;2595;1.7158613028643972
2021-09-12;XK;Kosovo (in accordance with UN Security Council resolution 1244 (1999));5299;156535;167;2762;1.7644616220014693
2021-09-19;XK;Kosovo (in accordance with UN Security Council resolution 1244 (1999));2356;158891;117;2879;1.8119339673109236
2021-09-26;XK;Kosovo (in accordance with UN Security Council resolution 1244 (1999));859;159750;42;2921;1.8284820031298905
2021-10-03;XK;Kosovo (in accordance with UN Security Council resolution 1244 (1999));377;160127;28;2949;1.841663179850993
2021-10-10;XK;Kosovo (in accordance with UN Security Council resolution 1244 (1999));184;160311;7;2956;1.8439158884917441
2021-10-17;XK;Kosovo (in accordance with UN Security Council resolution 1244 (1999));176;160487;7;2963;1.846255459943796
2021-10-24;XK;Kosovo (in accordance with UN Security Council resolution 1244 (1999));92;160579;1;2964;1.8458204372925477
2021-10-31;XK;Kosovo (in accordance with UN Security Council resolution 1244 (1999));127;160706;2;2966;1.8456062623673042
2021-11-07;XK;Kosovo (in accordance with UN Security Council resolution 1244 (1999));104;160810;2;2968;1.8456563646539395
2021-11-14;XK;Kosovo (in accordance with UN Security Council resolution 1244 (1999));81;160891;2;2970;1.8459702531527555
2021-11-21;XK;Kosovo (in accordance with UN Security Council resolution 1244 (1999));65;160956;2;2972;1.8464673575387063
2021-11-28;XK;Kosovo (in accordance with UN Security Council resolution 1244 (1999));76;161032;1;2973;1.8462169009886236
2021-12-05;XK;Kosovo (in accordance with UN Security Council resolution 1244 (1999));57;161089;1;2974;1.8461844073772882
2021-12-12;XK;Kosovo (in accordance with UN Security Council resolution 1244 (1999));61;161150;3;2977;1.8473471920570896
2021-12-19;XK;Kosovo (in accordance with UN Security Council resolution 1244 (1999));65;161215;2;2979;1.8478429426542196
2021-12-26;XK;Kosovo (in accordance with UN Security Council resolution 1244 (1999));69;161284;0;2979;1.8470524044542544
2022-01-02;XK;Kosovo (in accordance with UN Security Council resolution 1244 (1999));204;161488;2;2981;1.8459575943723372
2022-01-09;XK;Kosovo (in accordance with UN Security Council resolution 1244 (1999));842;162330;0;2981;1.8363826772623666
2022-01-16;XK;Kosovo (in accordance with UN Security Council resolution 1244 (1999));2990;165320;3;2984;1.8049842729252359
2022-01-23;XK;Kosovo (in accordance with UN Security Council resolution 1244 (1999));13126;178446;3;2987;1.6738957443708462
2022-01-30;XK;Kosovo (in accordance with UN Security Council resolution 1244 (1999));23466;201912;15;3002;1.4867863227544673
2022-02-06;XK;Kosovo (in accordance with UN Security Council resolution 1244 (1999));14290;216202;25;3027;1.4000795552307563
2022-02-13;XK;Kosovo (in accordance with UN Security Council resolution 1244 (1999));6094;222296;31;3058;1.3756432864289057
2022-02-20;XK;Kosovo (in accordance with UN Security Council resolution 1244 (1999));2626;224922;30;3088;1.372920390179707
2022-02-27;XK;Kosovo (in accordance with UN Security Council resolution 1244 (1999));1147;226069;14;3102;1.3721474417102744
2022-03-06;XK;Kosovo (in accordance with UN Security Council resolution 1244 (1999));467;226536;5;3107;1.3715259384821838
2022-03-13;XK;Kosovo (in accordance with UN Security Council resolution 1244 (1999));266;226802;7;3114;1.3730037653988942
2022-03-20;XK;Kosovo (in accordance with UN Security Council resolution 1244 (1999));248;227050;3;3117;1.3728253688614844
2022-03-27;XK;Kosovo (in accordance with UN Security Council resolution 1244 (1999));231;227281;3;3120;1.372750031898839
2022-04-03;XK;Kosovo (in accordance with UN Security Council resolution 1244 (1999));209;227490;6;3126;1.3741263352235265
2022-04-10;XK;Kosovo (in accordance with UN Security Council resolution 1244 (1999));176;227666;2;3128;1.373942529846354
2022-04-17;XK;Kosovo (in accordance with UN Security Council resolution 1244 (1999));129;227795;0;3128;1.3731644680524155
2022-04-24;XK;Kosovo (in accordance with UN Security Council resolution 1244 (1999));115;227910;0;3128;1.372471589662586
2022-05-01;XK;Kosovo (in accordance with UN Security Council resolution 1244 (1999));120;228030;0;3128;1.371749331228347
2022-05-08;XK;Kosovo (in accordance with UN Security Council resolution 1244 (1999));65;228095;0;3128;1.3713584252175628
2022-05-15;XK;Kosovo (in accordance with UN Security Council resolution 1244 (1999));80;228175;1;3129;1.3713158759723896
2022-05-22;XK;Kosovo (in accordance with UN Security Council resolution 1244 (1999));81;228256;0;3129;1.370829244357213
2022-05-29;XK;Kosovo (in accordance with UN Security Council resolution 1244 (1999));49;228305;0;3129;1.3705350298942205
2022-06-05;XK;Kosovo (in accordance with UN Security Council resolution 1244 (1999));45;228350;0;3129;1.3702649441646595
2022-06-12;XK;Kosovo (in accordance with UN Security Council resolution 1244 (1999));37;228387;0;3129;1.3700429534080312
2022-06-19;XK;Kosovo (in accordance with UN Security Council resolution 1244 (1999));93;228480;0;3129;1.369485294117647
2022-06-26;XK;Kosovo (in accordance with UN Security Council resolution 1244 (1999));199;228679;1;3130;1.3687308410479317
2022-07-03;XK;Kosovo (in accordance with UN Security Council resolution 1244 (1999));849;229528;0;3130;1.3636680492140392
2022-07-10;XK;Kosovo (in accordance with UN Security Council resolution 1244 (1999));1886;231414;3;3133;1.3538506745486445
2022-07-17;XK;Kosovo (in accordance with UN Security Council resolution 1244 (1999));4507;235921;4;3137;1.329682393682631
2022-07-24;XK;Kosovo (in accordance with UN Security Council resolution 1244 (1999));8333;244254;13;3150;1.289641111302169
2022-07-31;XK;Kosovo (in accordance with UN Security Council resolution 1244 (1999));9015;253269;10;3160;1.2476852674429164
2022-08-07;XK;Kosovo (in accordance with UN Security Council resolution 1244 (1999));7374;260643;5;3165;1.2143046235655666
2022-08-14;XK;Kosovo (in accordance with UN Security Council resolution 1244 (1999));5607;266250;9;3174;1.192112676056338
2022-08-21;XK;Kosovo (in accordance with UN Security Council resolution 1244 (1999));3168;269418;5;3179;1.1799508570325665
2022-08-28;XK;Kosovo (in accordance with UN Security Council resolution 1244 (1999));1602;271020;3;3182;1.1740830934986348
2022-09-04;XK;Kosovo (in accordance with UN Security Council resolution 1244 (1999));617;271637;6;3188;1.173625095255801
2022-09-11;XK;Kosovo (in accordance with UN Security Council resolution 1244 (1999));242;271879;1;3189;1.172948260071576
2022-09-18;XK;Kosovo (in accordance with UN Security Council resolution 1244 (1999));69;271948;0;3189;1.172650653801462
2022-09-25;XK;Kosovo (in accordance with UN Security Council resolution 1244 (1999));52;272000;0;3189;1.1724264705882352
2022-10-02;XK;Kosovo (in accordance with UN Security Council resolution 1244 (1999));32;272032;0;3189;1.1722885542877308
2022-10-09;XK;Kosovo (in accordance with UN Security Council resolution 1244 (1999));14;272046;1;3190;1.1725958110025512
2022-10-16;XK;Kosovo (in accordance with UN Security Council resolution 1244 (1999));30;272076;0;3190;1.1724665167085666
2022-10-23;XK;Kosovo (in accordance with UN Security Council resolution 1244 (1999));19;272095;1;3191;1.1727521637663316
2022-10-30;XK;Kosovo (in accordance with UN Security Council resolution 1244 (1999));22;272117;1;3192;1.1730248385804636
2022-11-06;XK;Kosovo (in accordance with UN Security Council resolution 1244 (1999));19;272136;0;3192;1.1729429402945586
2022-11-13;XK;Kosovo (in accordance with UN Security Council resolution 1244 (1999));17;272153;0;3192;1.172869672573883
2022-11-20;XK;Kosovo (in accordance with UN Security Council resolution 1244 (1999));1;272154;0;3192;1.1728653629930115
2022-11-27;XK;Kosovo (in accordance with UN Security Council resolution 1244 (1999));11;272165;0;3192;1.1728179596935684
2022-12-04;XK;Kosovo (in accordance with UN Security Council resolution 1244 (1999));5;272170;0;3192;1.1727964140059521
2022-12-11;XK;Kosovo (in accordance with UN Security Council resolution 1244 (1999));4;272174;0;3192;1.1727791780258217
2022-12-18;XK;Kosovo (in accordance with UN Security Council resolution 1244 (1999));13;272187;0;3192;1.1727231645890508
2022-12-25;XK;Kosovo (in accordance with UN Security Council resolution 1244 (1999));18;272205;0;3192;1.1726456163553203
2023-01-01;XK;Kosovo (in accordance with UN Security Council resolution 1244 (1999));35;272240;0;3192;1.1724948574786953
2023-01-08;XK;Kosovo (in accordance with UN Security Council resolution 1244 (1999));52;272292;0;3192;1.172270944427306
2023-01-15;XK;Kosovo (in accordance with UN Security Council resolution 1244 (1999));65;272357;0;3192;1.1719911733496844
2023-01-22;XK;Kosovo (in accordance with UN Security Council resolution 1244 (1999));75;272432;0;3192;1.1716685264579785
2023-01-29;XK;Kosovo (in accordance with UN Security Council resolution 1244 (1999));59;272491;0;3192;1.1714148357193448
2023-02-05;XK;Kosovo (in accordance with UN Security Council resolution 1244 (1999));74;272565;2;3194;1.171830572523985
2023-02-12;XK;Kosovo (in accordance with UN Security Council resolution 1244 (1999));94;272659;0;3194;1.1714265804539736
2023-02-19;XK;Kosovo (in accordance with UN Security Council resolution 1244 (1999));127;272786;2;3196;1.1716143790370475
2023-02-26;XK;Kosovo (in accordance with UN Security Council resolution 1244 (1999));173;272959;1;3197;1.1712381713004518
2023-03-05;XK;Kosovo (in accordance with UN Security Council resolution 1244 (1999));200;273159;4;3201;1.1718449694134185
2023-03-12;XK;Kosovo (in accordance with UN Security Council resolution 1244 (1999));174;273333;0;3201;1.1710989891451087
2023-03-19;XK;Kosovo (in accordance with UN Security Council resolution 1244 (1999));173;273506;1;3202;1.1707238598056349
2023-03-26;XK;Kosovo (in accordance with UN Security Council resolution 1244 (1999));98;273604;0;3202;1.1703045277115833
2023-04-02;XK;Kosovo (in accordance with UN Security Council resolution 1244 (1999));85;273689;2;3204;1.1706718209354414
2023-04-09;XK;Kosovo (in accordance with UN Security Council resolution 1244 (1999));69;273758;1;3205;1.1707420422416879
2023-04-16;XK;Kosovo (in accordance with UN Security Council resolution 1244 (1999));34;273792;0;3205;1.1705966573165032
2023-04-23;XK;Kosovo (in accordance with UN Security Council resolution 1244 (1999));28;273820;1;3206;1.170842159082609
2023-04-30;XK;Kosovo (in accordance with UN Security Council resolution 1244 (1999));26;273846;0;3206;1.1707309947926938
2023-05-07;XK;Kosovo (in accordance with UN Security Council resolution 1244 (1999));21;273867;0;3206;1.1706412236596595
2023-05-14;XK;Kosovo (in accordance with UN Security Council resolution 1244 (1999));11;273878;0;3206;1.1705942061793937
2023-05-21;XK;Kosovo (in accordance with UN Security Council resolution 1244 (1999));10;273888;0;3206;1.1705514662927912
2023-05-28;XK;Kosovo (in accordance with UN Security Council resolution 1244 (1999));11;273899;2;3208;1.1712346521893107
2023-06-04;XK;Kosovo (in accordance with UN Security Council resolution 1244 (1999));3;273902;0;3208;1.1712218238640097
2023-06-11;XK;Kosovo (in accordance with UN Security Council resolution 1244 (1999));4;273906;0;3208;1.1712047198673998
2023-06-18;XK;Kosovo (in accordance with UN Security Council resolution 1244 (1999));2;273908;1;3209;1.171561254143727
2023-06-25;XK;Kosovo (in accordance with UN Security Council resolution 1244 (1999));0;273908;0;3209;1.171561254143727
2023-07-02;XK;Kosovo (in accordance with UN Security Council resolution 1244 (1999));1;273909;0;3209;1.1715569769521994
2023-07-09;XK;Kosovo (in accordance with UN Security Council resolution 1244 (1999));3;273912;0;3209;1.171544145564999
2023-07-16;XK;Kosovo (in accordance with UN Security Council resolution 1244 (1999));2;273914;0;3209;1.171535591463014
2023-07-23;XK;Kosovo (in accordance with UN Security Council resolution 1244 (1999));0;273914;0;3209;1.171535591463014
2023-07-30;XK;Kosovo (in accordance with UN Security Council resolution 1244 (1999));4;273918;0;3209;1.1715184836337882
2023-08-06;XK;Kosovo (in accordance with UN Security Council resolution 1244 (1999));0;273918;0;3209;1.1715184836337882
2023-08-13;XK;Kosovo (in accordance with UN Security Council resolution 1244 (1999));5;273923;0;3209;1.1714970995498735
2023-08-20;XK;Kosovo (in accordance with UN Security Council resolution 1244 (1999));10;273933;0;3209;1.1714543337239398
2023-08-27;XK;Kosovo (in accordance with UN Security Council resolution 1244 (1999));36;273969;0;3209;1.1713004026002942
2023-09-03;XK;Kosovo (in accordance with UN Security Council resolution 1244 (1999));24;273993;1;3210;1.1715627771512411
2023-09-10;XK;Kosovo (in accordance with UN Security Council resolution 1244 (1999));27;274020;0;3210;1.1714473396102476
2023-09-17;XK;Kosovo (in accordance with UN Security Council resolution 1244 (1999));38;274058;0;3210;1.1712849104933993
2023-09-24;XK;Kosovo (in accordance with UN Security Council resolution 1244 (1999));53;274111;1;3211;1.1714232555424628
2023-10-01;XK;Kosovo (in accordance with UN Security Council resolution 1244 (1999));71;274182;0;3211;1.1711199130504555
2023-10-08;XK;Kosovo (in accordance with UN Security Council resolution 1244 (1999));36;274218;0;3211;1.1709661656054673
2023-10-15;XK;Kosovo (in accordance with UN Security Council resolution 1244 (1999));29;274247;0;3211;1.1708423428515171
2023-10-22;XK;Kosovo (in accordance with UN Security Council resolution 1244 (1999));32;274279;1;3212;1.1710703334925385
2023-10-29;XK;Kosovo (in accordance with UN Security Council resolution 1244 (1999));0;274279;0;3212;1.1710703334925385
2023-11-05;XK;Kosovo (in accordance with UN Security Council resolution 1244 (1999));0;274279;0;3212;1.1710703334925385
2023-11-12;XK;Kosovo (in accordance with UN Security Council resolution 1244 (1999));0;274279;0;3212;1.1710703334925385
2023-11-19;XK;Kosovo (in accordance with UN Security Council resolution 1244 (1999));0;274279;0;3212;1.1710703334925385
2023-11-26;XK;Kosovo (in accordance with UN Security Council resolution 1244 (1999));0;274279;0;3212;1.1710703334925385
2023-12-03;XK;Kosovo (in accordance with UN Security Council resolution 1244 (1999));0;274279;0;3212;1.1710703334925385
2023-12-10;XK;Kosovo (in accordance with UN Security Council resolution 1244 (1999));0;274279;0;3212;1.1710703334925385
2023-12-17;XK;Kosovo (in accordance with UN Security Council resolution 1244 (1999));0;274279;0;3212;1.1710703334925385
2023-12-24;XK;Kosovo (in accordance with UN Security Council resolution 1244 (1999));0;274279;0;3212;1.1710703334925385
2023-12-31;XK;Kosovo (in accordance with UN Security Council resolution 1244 (1999));0;274279;0;3212;1.1710703334925385
2024-01-07;XK;Kosovo (in accordance with UN Security Council resolution 1244 (1999));0;274279;0;3212;1.1710703334925385
2024-01-14;XK;Kosovo (in accordance with UN Security Council resolution 1244 (1999));0;274279;0;3212;1.1710703334925385
2024-01-21;XK;Kosovo (in accordance with UN Security Council resolution 1244 (1999));0;274279;0;3212;1.1710703334925385
2020-01-05;KW;Kuwait;0;0;0;0;0.0
2020-01-12;KW;Kuwait;0;0;0;0;0.0
2020-01-19;KW;Kuwait;0;0;0;0;0.0
2020-01-26;KW;Kuwait;0;0;0;0;0.0
2020-02-02;KW;Kuwait;0;0;0;0;0.0
2020-02-09;KW;Kuwait;0;0;0;0;0.0
2020-02-16;KW;Kuwait;0;0;0;0;0.0
2020-02-23;KW;Kuwait;0;0;0;0;0.0
2020-03-01;KW;Kuwait;45;45;0;0;0.0
2020-03-08;KW;Kuwait;16;61;0;0;0.0
2020-03-15;KW;Kuwait;43;104;0;0;0.0
2020-03-22;KW;Kuwait;72;176;0;0;0.0
2020-03-29;KW;Kuwait;59;235;0;0;0.0
2020-04-05;KW;Kuwait;244;479;0;0;0.0
2020-04-12;KW;Kuwait;675;1154;1;1;0.08665511265164644
2020-04-19;KW;Kuwait;597;1751;5;6;0.34266133637921187
2020-04-26;KW;Kuwait;1141;2892;13;19;0.656984785615491
2020-05-03;KW;Kuwait;1727;4619;14;33;0.7144403550552068
2020-05-10;KW;Kuwait;3004;7623;16;49;0.642791551882461
2020-05-17;KW;Kuwait;6179;13802;58;107;0.7752499637733662
2020-05-24;KW;Kuwait;6662;20464;41;148;0.7232212666145427
2020-05-31;KW;Kuwait;5728;26192;57;205;0.7826817348808796
2020-06-07;KW;Kuwait;4939;31131;49;254;0.815906973756063
2020-06-14;KW;Kuwait;4335;35466;35;289;0.8148649410703208
2020-06-21;KW;Kuwait;3679;39145;30;319;0.8149188913015711
2020-06-28;KW;Kuwait;5246;44391;25;344;0.7749318555563065
2020-07-05;KW;Kuwait;4912;49303;21;365;0.7403200616595339
2020-07-12;KW;Kuwait;4755;54058;21;386;0.7140478745051612
2020-07-19;KW;Kuwait;4846;58904;21;407;0.6909547738693468
2020-07-26;KW;Kuwait;4405;63309;22;429;0.6776287731602142
2020-08-02;KW;Kuwait;4139;67448;24;453;0.6716285138180524
2020-08-09;KW;Kuwait;3751;71199;21;474;0.6657396873551595
2020-08-16;KW;Kuwait;4498;75697;24;498;0.6578860456821274
2020-08-23;KW;Kuwait;4260;79957;15;513;0.6415948572357643
2020-08-30;KW;Kuwait;4267;84224;15;528;0.6268996960486323
2020-09-06;KW;Kuwait;4739;88963;12;540;0.6069939188201837
2020-09-13;KW;Kuwait;5248;94211;18;558;0.5922875248113277
2020-09-20;KW;Kuwait;4838;99049;23;581;0.5865783602055548
2020-09-27;KW;Kuwait;4150;103199;16;597;0.5784939776548222
2020-10-04;KW;Kuwait;3259;106458;23;620;0.5823892990662984
2020-10-11;KW;Kuwait;4110;110568;35;655;0.5923956298386513
2020-10-18;KW;Kuwait;4915;115483;39;694;0.6009542530069361
2020-10-25;KW;Kuwait;5444;120927;50;744;0.6152472152621002
2020-11-01;KW;Kuwait;4999;125926;35;779;0.6186172831663039
2020-11-08;KW;Kuwait;5279;131205;29;808;0.61583018939827
2020-11-15;KW;Kuwait;5136;136341;27;835;0.6124349975429255
2020-11-22;KW;Kuwait;3393;139734;28;863;0.6176020152575609
2020-11-29;KW;Kuwait;2461;142195;12;875;0.6153521572488484
2020-12-06;KW;Kuwait;1969;144164;14;889;0.6166588052495768
2020-12-13;KW;Kuwait;1880;146044;22;911;0.6237846128563994
2020-12-20;KW;Kuwait;1731;147775;7;918;0.6212146844865505
2020-12-27;KW;Kuwait;1674;149449;11;929;0.621616738820601
2021-01-03;KW;Kuwait;1625;151074;8;937;0.6202258495836477
2021-01-10;KW;Kuwait;2826;153900;5;942;0.6120857699805069
2021-01-17;KW;Kuwait;3499;157399;5;947;0.6016556649025725
2021-01-24;KW;Kuwait;3502;160901;5;952;0.591668168625428
2021-01-31;KW;Kuwait;3721;164622;7;959;0.5825466827034054
2021-02-07;KW;Kuwait;5414;170036;5;964;0.5669387659083959
2021-02-14;KW;Kuwait;6867;176903;34;998;0.5641509753932947
2021-02-21;KW;Kuwait;6419;183322;41;1039;0.5667623089427347
2021-02-28;KW;Kuwait;6568;189890;39;1078;0.5676970877876666
2021-03-07;KW;Kuwait;9538;199428;42;1120;0.5616061937140221
2021-03-14;KW;Kuwait;9032;208460;45;1165;0.5588602129905018
2021-03-21;KW;Kuwait;9473;217933;50;1215;0.5575107946020107
2021-03-28;KW;Kuwait;9245;227178;64;1279;0.5629946561726927
2021-04-04;KW;Kuwait;8811;235989;60;1339;0.5673993279347765
2021-04-11;KW;Kuwait;9715;245704;64;1403;0.571012274932439
2021-04-18;KW;Kuwait;10156;255860;37;1440;0.5628077855076995
2021-04-25;KW;Kuwait;9544;265404;71;1511;0.5693207336739461
2021-05-02;KW;Kuwait;9866;275270;58;1569;0.5699858320921277
2021-05-09;KW;Kuwait;8806;284076;66;1635;0.5755502048747518
2021-05-16;KW;Kuwait;6725;290801;52;1687;0.5801218015068724
2021-05-23;KW;Kuwait;7422;298223;37;1724;0.5780908917152601
2021-05-30;KW;Kuwait;8494;306717;40;1764;0.5751229961169416
2021-06-06;KW;Kuwait;9183;315900;30;1794;0.5679012345679012
2021-06-13;KW;Kuwait;10551;326451;23;1817;0.5565919540758031
2021-06-20;KW;Kuwait;10920;337371;45;1862;0.5519146577506662
2021-06-27;KW;Kuwait;12552;349923;57;1919;0.5484063636857252
2021-07-04;KW;Kuwait;12095;362018;86;2005;0.553839864316139
2021-07-11;KW;Kuwait;12086;374104;95;2100;0.5613412313153561
2021-07-18;KW;Kuwait;10469;384573;111;2211;0.5749233565538923
2021-07-25;KW;Kuwait;7208;391781;68;2279;0.581702532792555
2021-08-01;KW;Kuwait;6050;397831;41;2320;0.5831621970133046
2021-08-08;KW;Kuwait;4963;402794;46;2366;0.5873970317333426
2021-08-15;KW;Kuwait;3440;406234;20;2386;0.5873462093276289
2021-08-22;KW;Kuwait;1844;408078;17;2403;0.5888580124387984
2021-08-29;KW;Kuwait;1285;409363;13;2416;0.5901852390176934
2021-09-05;KW;Kuwait;907;410270;7;2423;0.5905866868159992
2021-09-12;KW;Kuwait;464;410734;7;2430;0.5916237759717968
2021-09-19;KW;Kuwait;390;411124;8;2438;0.5930084354112141
2021-09-26;KW;Kuwait;323;411447;7;2445;0.5942442161444852
2021-10-03;KW;Kuwait;284;411731;6;2451;0.595291586011255
2021-10-10;KW;Kuwait;317;412048;3;2454;0.5955616821341203
2021-10-17;KW;Kuwait;249;412297;2;2456;0.5956870896465412
2021-10-24;KW;Kuwait;209;412506;4;2460;0.596354962109642
2021-10-31;KW;Kuwait;147;412653;1;2461;0.5963848560412743
2021-11-07;KW;Kuwait;168;412821;1;2462;0.5963843893600375
2021-11-14;KW;Kuwait;161;412982;0;2462;0.5961518903971601
2021-11-21;KW;Kuwait;138;413120;2;2464;0.5964368706429125
2021-11-28;KW;Kuwait;146;413266;1;2465;0.5964681343251078
2021-12-05;KW;Kuwait;198;413464;0;2465;0.5961824971460635
2021-12-12;KW;Kuwait;208;413672;1;2466;0.5961244657603125
2021-12-19;KW;Kuwait;351;414023;0;2466;0.5956190839639344
2021-12-26;KW;Kuwait;888;414911;2;2468;0.5948263603519791
2022-01-02;KW;Kuwait;2812;417723;0;2468;0.5908221476911734
2022-01-09;KW;Kuwait;13197;430920;3;2471;0.573424301494477
2022-01-16;KW;Kuwait;29908;460828;4;2475;0.537076740128638
2022-01-23;KW;Kuwait;32279;493107;10;2485;0.5039474191199882
2022-01-30;KW;Kuwait;40955;534062;9;2494;0.46698697903988673
2022-02-06;KW;Kuwait;40525;574587;14;2508;0.4364874248808275
2022-02-13;KW;Kuwait;24452;599039;11;2519;0.42050684513028364
2022-02-20;KW;Kuwait;12781;611820;9;2528;0.41319342290216077
2022-02-27;KW;Kuwait;6883;618703;8;2536;0.40988972091617465
2022-03-06;KW;Kuwait;3786;622489;8;2544;0.4086819204837355
2022-03-13;KW;Kuwait;2972;625461;6;2550;0.4076992810103268
2022-03-20;KW;Kuwait;1682;627143;3;2553;0.40708418973025284
2022-03-27;KW;Kuwait;1317;628460;0;2553;0.40623110460490724
2022-04-03;KW;Kuwait;1065;629525;1;2554;0.40570271236249555
2022-04-10;KW;Kuwait;797;630322;1;2555;0.4053483774959465
2022-04-17;KW;Kuwait;624;630946;0;2555;0.40494749154444276
2022-04-24;KW;Kuwait;463;631409;0;2555;0.4046505513858687
2022-05-01;KW;Kuwait;319;631728;0;2555;0.40444621735936986
2022-05-08;KW;Kuwait;201;631929;0;2555;0.40431757365147036
2022-05-15;KW;Kuwait;440;632369;0;2555;0.4040362509863703
2022-05-22;KW;Kuwait;412;632781;0;2555;0.4037731853516462
2022-05-29;KW;Kuwait;535;633316;0;2555;0.40343209393099183
2022-06-05;KW;Kuwait;851;634167;0;2555;0.40289072121381275
2022-06-12;KW;Kuwait;1701;635868;0;2555;0.4018129548900086
2022-06-19;KW;Kuwait;2840;638708;0;2555;0.4000263030993819
2022-06-26;KW;Kuwait;3277;641985;0;2555;0.39798437658200736
2022-07-03;KW;Kuwait;3130;645115;0;2555;0.39605341683265777
2022-07-10;KW;Kuwait;2820;647935;1;2556;0.39448401460022997
2022-07-17;KW;Kuwait;2150;650085;2;2558;0.3934870055454287
2022-07-24;KW;Kuwait;2935;653020;1;2559;0.3918716118955009
2022-07-31;KW;Kuwait;1651;654671;3;2562;0.3913416051726746
2022-08-07;KW;Kuwait;1061;655732;0;2562;0.39070839916307276
2022-08-14;KW;Kuwait;724;656456;1;2563;0.3904298231716977
2022-08-21;KW;Kuwait;586;657042;0;2563;0.390081608177255
2022-08-28;KW;Kuwait;353;657395;0;2563;0.38987214688277216
2022-09-04;KW;Kuwait;350;657745;0;2563;0.3896646876829166
2022-09-11;KW;Kuwait;396;658141;0;2563;0.3894302284768765
2022-09-18;KW;Kuwait;576;658717;0;2563;0.38908970012919053
2022-09-25;KW;Kuwait;627;659344;0;2563;0.38871969715353444
2022-10-02;KW;Kuwait;579;659923;1;2564;0.38853017700549913
2022-10-09;KW;Kuwait;744;660667;0;2564;0.3880926397110798
2022-10-16;KW;Kuwait;666;661333;1;2565;0.38785301807107764
2022-10-23;KW;Kuwait;454;661787;1;2566;0.38773804864707223
2022-10-30;KW;Kuwait;336;662123;3;2569;0.3879943756673609
2022-11-06;KW;Kuwait;236;662359;0;2569;0.38785613239949934
2022-11-13;KW;Kuwait;165;662524;1;2570;0.3879104756959748
2022-11-20;KW;Kuwait;107;662631;0;2570;0.38784783688055646
2022-11-27;KW;Kuwait;96;662727;0;2570;0.3877916547839457
2022-12-04;KW;Kuwait;61;662788;0;2570;0.387755964199714
2022-12-11;KW;Kuwait;70;662858;0;2570;0.3877150158857553
2022-12-18;KW;Kuwait;0;662858;0;2570;0.3877150158857553
2022-12-25;KW;Kuwait;60;662918;0;2570;0.3876799242138545
2023-01-01;KW;Kuwait;52;662970;0;2570;0.3876495165693772
2023-01-08;KW;Kuwait;48;663018;0;2570;0.387621452207934
2023-01-15;KW;Kuwait;63;663081;0;2570;0.38758462389964426
2023-01-22;KW;Kuwait;65;663146;0;2570;0.38754663377295495
2023-01-29;KW;Kuwait;0;663146;0;2570;0.38754663377295495
2023-02-05;KW;Kuwait;0;663146;0;2570;0.38754663377295495
2023-02-12;KW;Kuwait;128;663274;0;2570;0.3874718442152112
2023-02-19;KW;Kuwait;182;663456;0;2570;0.38736555250084403
2023-02-26;KW;Kuwait;0;663456;0;2570;0.38736555250084403
2023-03-05;KW;Kuwait;403;663859;0;2570;0.3871303996782449
2023-03-12;KW;Kuwait;543;664402;0;2570;0.3868140071823986
2023-03-19;KW;Kuwait;370;664772;0;2570;0.38659871354389175
2023-03-26;KW;Kuwait;350;665122;0;2570;0.38639527785879885
2023-04-02;KW;Kuwait;264;665386;0;2570;0.3862419708259567
2023-04-09;KW;Kuwait;141;665527;0;2570;0.3861601407606303
2023-04-16;KW;Kuwait;118;665645;0;2570;0.38609168550804107
2023-04-23;KW;Kuwait;96;665741;0;2570;0.38603601100127527
2023-04-30;KW;Kuwait;61;665802;0;2570;0.3860006428337554
2023-05-07;KW;Kuwait;49;665851;0;2570;0.38597223703200867
2023-05-14;KW;Kuwait;34;665885;0;2570;0.3859525293406519
2023-05-21;KW;Kuwait;24;665909;0;2570;0.3859386192407671
2023-05-28;KW;Kuwait;22;665931;0;2570;0.3859258691966585
2023-06-04;KW;Kuwait;11;665942;0;2570;0.38591949449051116
2023-06-11;KW;Kuwait;13;665955;0;2570;0.3859119610183871
2023-06-18;KW;Kuwait;12;665967;0;2570;0.38590500730516675
2023-06-25;KW;Kuwait;7;665974;0;2570;0.3859009510881806
2023-07-02;KW;Kuwait;8;665982;0;2570;0.385896315516035
2023-07-09;KW;Kuwait;23;666005;0;2570;0.38588298886644995
2023-07-16;KW;Kuwait;6;666011;0;2570;0.3858795125005443
2023-07-23;KW;Kuwait;0;666011;0;2570;0.3858795125005443
2023-07-30;KW;Kuwait;0;666011;0;2570;0.3858795125005443
2023-08-06;KW;Kuwait;10;666021;0;2570;0.3858737186965576
2023-08-13;KW;Kuwait;22;666043;0;2570;0.38586097294018556
2023-08-20;KW;Kuwait;38;666081;0;2570;0.38583895952594355
2023-08-27;KW;Kuwait;42;666123;0;2570;0.3858146318322592
2023-09-03;KW;Kuwait;30;666153;0;2570;0.3857972567863539
2023-09-10;KW;Kuwait;53;666206;0;2570;0.38576656469620507
2023-09-17;KW;Kuwait;78;666284;0;2570;0.38572140408594535
2023-09-24;KW;Kuwait;0;666284;0;2570;0.38572140408594535
2023-10-01;KW;Kuwait;49;666333;0;2570;0.3856930393662028
2023-10-08;KW;Kuwait;58;666391;0;2570;0.38565947019092395
2023-10-15;KW;Kuwait;41;666432;0;2570;0.3856357437818112
2023-10-22;KW;Kuwait;28;666460;0;2570;0.385619542058038
2023-10-29;KW;Kuwait;26;666486;0;2570;0.38560449881918
2023-11-05;KW;Kuwait;15;666501;0;2570;0.3855958205614095
2023-11-12;KW;Kuwait;11;666512;0;2570;0.38558945675396694
2023-11-19;KW;Kuwait;8;666520;0;2570;0.3855848286623057
2023-11-26;KW;Kuwait;9;666529;0;2570;0.38557962219198266
2023-12-03;KW;Kuwait;9;666538;0;2570;0.38557441586226143
2023-12-10;KW;Kuwait;13;666551;0;2570;0.3855668958564311
2023-12-17;KW;Kuwait;0;666551;0;2570;0.3855668958564311
2023-12-24;KW;Kuwait;35;666586;0;2570;0.3855466511447885
2023-12-31;KW;Kuwait;0;666586;0;2570;0.3855466511447885
2024-01-07;KW;Kuwait;67;666653;0;2570;0.3855079029120097
2024-01-14;KW;Kuwait;103;666756;0;2570;0.3854483499211106
2024-01-21;KW;Kuwait;120;666876;0;2570;0.385378990996827
2020-01-05;KG;Kyrgyzstan;0;0;0;0;0.0
2020-01-12;KG;Kyrgyzstan;0;0;0;0;0.0
2020-01-19;KG;Kyrgyzstan;0;0;0;0;0.0
2020-01-26;KG;Kyrgyzstan;0;0;0;0;0.0
2020-02-02;KG;Kyrgyzstan;0;0;0;0;0.0
2020-02-09;KG;Kyrgyzstan;0;0;0;0;0.0
2020-02-16;KG;Kyrgyzstan;0;0;0;0;0.0
2020-02-23;KG;Kyrgyzstan;0;0;0;0;0.0
2020-03-01;KG;Kyrgyzstan;0;0;0;0;0.0
2020-03-08;KG;Kyrgyzstan;0;0;0;0;0.0
2020-03-15;KG;Kyrgyzstan;0;0;0;0;0.0
2020-03-22;KG;Kyrgyzstan;0;0;0;0;0.0
2020-03-29;KG;Kyrgyzstan;0;0;0;0;0.0
2020-04-05;KG;Kyrgyzstan;0;0;0;0;0.0
2020-04-12;KG;Kyrgyzstan;0;0;0;0;0.0
2020-04-19;KG;Kyrgyzstan;0;0;0;0;0.0
2020-04-26;KG;Kyrgyzstan;0;0;0;0;0.0
2020-05-03;KG;Kyrgyzstan;0;0;0;0;0.0
2020-05-10;KG;Kyrgyzstan;0;0;0;0;0.0
2020-05-17;KG;Kyrgyzstan;0;0;0;0;0.0
2020-05-24;KG;Kyrgyzstan;0;0;0;0;0.0
2020-05-31;KG;Kyrgyzstan;0;0;0;0;0.0
2020-06-07;KG;Kyrgyzstan;0;0;0;0;0.0
2020-06-14;KG;Kyrgyzstan;0;0;0;0;0.0
2020-06-21;KG;Kyrgyzstan;0;0;0;0;0.0
2020-06-28;KG;Kyrgyzstan;0;0;0;0;0.0
2020-07-05;KG;Kyrgyzstan;0;0;0;0;0.0
2020-07-12;KG;Kyrgyzstan;0;0;0;0;0.0
2020-07-19;KG;Kyrgyzstan;0;0;0;0;0.0
2020-07-26;KG;Kyrgyzstan;0;0;0;0;0.0
2020-08-02;KG;Kyrgyzstan;0;0;0;0;0.0
2020-08-09;KG;Kyrgyzstan;0;0;0;0;0.0
2020-08-16;KG;Kyrgyzstan;0;0;0;0;0.0
2020-08-23;KG;Kyrgyzstan;0;0;0;0;0.0
2020-08-30;KG;Kyrgyzstan;0;0;0;0;0.0
2020-09-06;KG;Kyrgyzstan;0;0;0;0;0.0
2020-09-13;KG;Kyrgyzstan;0;0;0;0;0.0
2020-09-20;KG;Kyrgyzstan;0;0;0;0;0.0
2020-09-27;KG;Kyrgyzstan;0;0;0;0;0.0
2020-10-04;KG;Kyrgyzstan;0;0;0;0;0.0
2020-10-11;KG;Kyrgyzstan;0;0;0;0;0.0
2020-10-18;KG;Kyrgyzstan;0;0;0;0;0.0
2020-10-25;KG;Kyrgyzstan;0;0;0;0;0.0
2020-11-01;KG;Kyrgyzstan;0;0;0;0;0.0
2020-11-08;KG;Kyrgyzstan;0;0;0;0;0.0
2020-11-15;KG;Kyrgyzstan;0;0;0;0;0.0
2020-11-22;KG;Kyrgyzstan;0;0;0;0;0.0
2020-11-29;KG;Kyrgyzstan;0;0;0;0;0.0
2020-12-06;KG;Kyrgyzstan;0;0;0;0;0.0
2020-12-13;KG;Kyrgyzstan;0;0;0;0;0.0
2020-12-20;KG;Kyrgyzstan;0;0;0;0;0.0
2020-12-27;KG;Kyrgyzstan;0;0;0;0;0.0
2021-01-03;KG;Kyrgyzstan;0;0;0;0;0.0
2021-01-10;KG;Kyrgyzstan;0;0;0;0;0.0
2021-01-17;KG;Kyrgyzstan;0;0;0;0;0.0
2021-01-24;KG;Kyrgyzstan;0;0;0;0;0.0
2021-01-31;KG;Kyrgyzstan;0;0;0;0;0.0
2021-02-07;KG;Kyrgyzstan;0;0;0;0;0.0
2021-02-14;KG;Kyrgyzstan;0;0;0;0;0.0
2021-02-21;KG;Kyrgyzstan;0;0;0;0;0.0
2021-02-28;KG;Kyrgyzstan;0;0;0;0;0.0
2021-03-07;KG;Kyrgyzstan;0;0;0;0;0.0
2021-03-14;KG;Kyrgyzstan;0;0;0;0;0.0
2021-03-21;KG;Kyrgyzstan;0;0;0;0;0.0
2021-03-28;KG;Kyrgyzstan;0;0;0;0;0.0
2021-04-04;KG;Kyrgyzstan;0;0;0;0;0.0
2021-04-11;KG;Kyrgyzstan;0;0;0;0;0.0
2021-04-18;KG;Kyrgyzstan;0;0;0;0;0.0
2021-04-25;KG;Kyrgyzstan;0;0;0;0;0.0
2021-05-02;KG;Kyrgyzstan;0;0;0;0;0.0
2021-05-09;KG;Kyrgyzstan;0;0;0;0;0.0
2021-05-16;KG;Kyrgyzstan;0;0;0;0;0.0
2021-05-23;KG;Kyrgyzstan;0;0;0;0;0.0
2021-05-30;KG;Kyrgyzstan;0;0;0;0;0.0
2021-06-06;KG;Kyrgyzstan;0;0;0;0;0.0
2021-06-13;KG;Kyrgyzstan;0;0;0;0;0.0
2021-06-20;KG;Kyrgyzstan;0;0;0;0;0.0
2021-06-27;KG;Kyrgyzstan;6331;6331;45;45;0.710788185120834
2021-07-04;KG;Kyrgyzstan;10124;16455;64;109;0.6624126405347919
2021-07-11;KG;Kyrgyzstan;8908;25363;67;176;0.69392422032094
2021-07-18;KG;Kyrgyzstan;9338;34701;73;249;0.7175585717990836
2021-07-25;KG;Kyrgyzstan;7804;42505;75;324;0.7622632631455123
2021-08-01;KG;Kyrgyzstan;6623;49128;83;407;0.8284481354828203
2021-08-08;KG;Kyrgyzstan;4757;53885;63;470;0.8722278927345272
2021-08-15;KG;Kyrgyzstan;2827;56712;44;514;0.9063337565241923
2021-08-22;KG;Kyrgyzstan;1821;58533;38;552;0.9430577622879401
2021-08-29;KG;Kyrgyzstan;1441;59974;35;587;0.9787574615666789
2021-09-05;KG;Kyrgyzstan;993;60967;30;617;1.0120228976331458
2021-09-12;KG;Kyrgyzstan;644;61611;20;637;1.0339062829689505
2021-09-19;KG;Kyrgyzstan;554;62165;16;653;1.050430306442532
2021-09-26;KG;Kyrgyzstan;537;62702;12;665;1.0605722305508596
2021-10-03;KG;Kyrgyzstan;466;63168;6;671;1.0622467071935158
2021-10-10;KG;Kyrgyzstan;553;63721;12;683;1.0718601402991164
2021-10-17;KG;Kyrgyzstan;577;64298;16;699;1.0871255715574357
2021-10-24;KG;Kyrgyzstan;716;65014;19;718;1.1043775186882825
2021-10-31;KG;Kyrgyzstan;698;65712;17;735;1.1185171658144633
2021-11-07;KG;Kyrgyzstan;555;66267;17;752;1.1348031448533962
2021-11-14;KG;Kyrgyzstan;543;66810;18;770;1.1525220775333034
2021-11-21;KG;Kyrgyzstan;459;67269;20;790;1.1743893918446833
2021-11-28;KG;Kyrgyzstan;401;67670;16;806;1.1910743313137284
2021-12-05;KG;Kyrgyzstan;364;68034;17;823;1.2096892730105535
2021-12-12;KG;Kyrgyzstan;342;68376;10;833;1.2182637182637184
2021-12-19;KG;Kyrgyzstan;227;68603;14;847;1.2346398845531537
2021-12-26;KG;Kyrgyzstan;288;68891;13;860;1.2483488409226169
2022-01-02;KG;Kyrgyzstan;321;69212;8;868;1.254117783043403
2022-01-09;KG;Kyrgyzstan;1238;70450;14;882;1.2519517388218595
2022-01-16;KG;Kyrgyzstan;4403;74853;14;896;1.197012811777751
2022-01-23;KG;Kyrgyzstan;5352;80205;18;914;1.1395798266940964
2022-01-30;KG;Kyrgyzstan;1;80206;0;914;1.1395656185322793
2022-02-06;KG;Kyrgyzstan;1203;81409;25;939;1.153435123880652
2022-02-13;KG;Kyrgyzstan;547;81956;25;964;1.1762409097564546
2022-02-20;KG;Kyrgyzstan;271;82227;16;980;1.1918226373332361
2022-02-27;KG;Kyrgyzstan;163;82390;11;991;1.202815875713072
2022-03-06;KG;Kyrgyzstan;141;82531;9;1000;1.211665919472683
2022-03-13;KG;Kyrgyzstan;101;82632;7;1007;1.2186562106689902
2022-03-20;KG;Kyrgyzstan;76;82708;7;1014;1.2259999032741693
2022-03-27;KG;Kyrgyzstan;74;82782;4;1018;1.22973593293228
2022-04-03;KG;Kyrgyzstan;76;82858;6;1024;1.2358492843177484
2022-04-10;KG;Kyrgyzstan;2;82860;0;1024;1.2358194545015688
2022-04-17;KG;Kyrgyzstan;10;82870;0;1024;1.2356703270182214
2022-04-24;KG;Kyrgyzstan;10;82880;0;1024;1.2355212355212355
2022-05-01;KG;Kyrgyzstan;3;82883;0;1024;1.2354765150875329
2022-05-08;KG;Kyrgyzstan;0;82883;0;1024;1.2354765150875329
2022-05-15;KG;Kyrgyzstan;3;82886;0;1024;1.2354317978910794
2022-05-22;KG;Kyrgyzstan;0;82886;0;1024;1.2354317978910794
2022-05-29;KG;Kyrgyzstan;5;82891;0;1024;1.2353572764232548
2022-06-05;KG;Kyrgyzstan;2;82893;0;1024;1.235327470353347
2022-06-12;KG;Kyrgyzstan;12;82905;0;1024;1.235148664133647
2022-06-19;KG;Kyrgyzstan;7;82912;0;1024;1.2350443844075647
2022-06-26;KG;Kyrgyzstan;29;82941;0;1024;1.2346125559132397
2022-07-03;KG;Kyrgyzstan;48;82989;0;1024;1.2338984684717254
2022-07-10;KG;Kyrgyzstan;114;83103;0;1024;1.2322058168778505
2022-07-17;KG;Kyrgyzstan;489;83592;0;1024;1.224997607426548
2022-07-24;KG;Kyrgyzstan;981;84573;0;1024;1.210788313054994
2022-07-31;KG;Kyrgyzstan;1091;85664;0;1024;1.1953679491968623
2022-08-07;KG;Kyrgyzstan;895;86559;0;1024;1.1830081216280226
2022-08-14;KG;Kyrgyzstan;527;87086;0;1024;1.1758491605998667
2022-08-21;KG;Kyrgyzstan;339;87425;0;1024;1.1712896768658851
2022-08-28;KG;Kyrgyzstan;179;87604;0;1024;1.1688963974247752
2022-09-04;KG;Kyrgyzstan;119;87723;0;1024;1.1673107394867936
2022-09-11;KG;Kyrgyzstan;85;87808;0;1024;1.1661807580174928
2022-09-18;KG;Kyrgyzstan;78;87886;0;1024;1.1651457570033907
2022-09-25;KG;Kyrgyzstan;85;87971;0;1024;1.164019961123552
2022-10-02;KG;Kyrgyzstan;77;88048;0;1024;1.1630019989096856
2022-10-09;KG;Kyrgyzstan;90;88138;0;1024;1.1618144273752524
2022-10-16;KG;Kyrgyzstan;84;88222;0;1024;1.1607082133708144
2022-10-23;KG;Kyrgyzstan;65;88287;0;1024;1.159853659089107
2022-10-30;KG;Kyrgyzstan;53;88340;0;1024;1.159157799411365
2022-11-06;KG;Kyrgyzstan;13;88353;0;1024;1.1589872443493714
2022-11-13;KG;Kyrgyzstan;19;88372;0;1024;1.1587380618295389
2022-11-20;KG;Kyrgyzstan;28;88400;0;1024;1.1583710407239818
2022-11-27;KG;Kyrgyzstan;19;88419;0;1024;1.1581221230730951
2022-12-04;KG;Kyrgyzstan;12;88431;0;1024;1.1579649670364465
2022-12-11;KG;Kyrgyzstan;10;88441;0;1024;1.1578340362501554
2022-12-18;KG;Kyrgyzstan;4;88445;0;1024;1.1577816722256769
2022-12-25;KG;Kyrgyzstan;10;88455;0;1024;1.1576507828839522
2023-01-01;KG;Kyrgyzstan;12;88467;0;1024;1.1574937547334034
2023-01-08;KG;Kyrgyzstan;6;88473;0;1024;1.1574152566319669
2023-01-15;KG;Kyrgyzstan;2;88475;0;1024;1.1573890929641142
2023-01-22;KG;Kyrgyzstan;3;88478;0;1024;1.1573498496801464
2023-01-29;KG;Kyrgyzstan;1;88479;0;1024;1.1573367691768668
2023-02-05;KG;Kyrgyzstan;7;88486;0;1024;1.1572452139321474
2023-02-12;KG;Kyrgyzstan;12;88498;0;1024;1.1570882957806956
2023-02-19;KG;Kyrgyzstan;22;88520;0;1024;1.1568007230004518
2023-02-26;KG;Kyrgyzstan;40;88560;0;1024;1.1562782294489613
2023-03-05;KG;Kyrgyzstan;35;88595;0;1024;1.1558214346182065
2023-03-12;KG;Kyrgyzstan;32;88627;0;1024;1.1554041093571936
2023-03-19;KG;Kyrgyzstan;29;88656;0;1024;1.1550261685616314
2023-03-26;KG;Kyrgyzstan;36;88692;0;1024;1.1545573445181077
2023-04-02;KG;Kyrgyzstan;27;88719;0;1024;1.1542059761719587
2023-04-09;KG;Kyrgyzstan;17;88736;0;1024;1.153984853948792
2023-04-16;KG;Kyrgyzstan;17;88753;0;1024;1.1537638164343742
2023-04-23;KG;Kyrgyzstan;10;88763;0;1024;1.1536338339172854
2023-04-30;KG;Kyrgyzstan;12;88775;0;1024;1.1534778935511125
2023-05-07;KG;Kyrgyzstan;1;88776;0;1024;1.1534649004235378
2023-05-14;KG;Kyrgyzstan;1;88777;0;1024;1.1534519075886773
2023-05-21;KG;Kyrgyzstan;2;88779;0;1024;1.1534259227970578
2023-05-28;KG;Kyrgyzstan;5;88784;0;1024;1.153360965939809
2023-06-04;KG;Kyrgyzstan;2;88786;0;1024;1.1533349852454218
2023-06-11;KG;Kyrgyzstan;3;88789;0;1024;1.1532960163984278
2023-06-18;KG;Kyrgyzstan;4;88793;0;1024;1.1532440620319169
2023-06-25;KG;Kyrgyzstan;8;88801;0;1024;1.153140167340458
2023-07-02;KG;Kyrgyzstan;2;88803;0;1024;1.1531141965924574
2023-07-09;KG;Kyrgyzstan;5;88808;0;1024;1.1530492748401044
2023-07-16;KG;Kyrgyzstan;5;88813;0;1024;1.1529843603976897
2023-07-23;KG;Kyrgyzstan;2;88815;0;1024;1.1529583966672297
2023-07-30;KG;Kyrgyzstan;8;88823;0;1024;1.1528545534377357
2023-08-06;KG;Kyrgyzstan;4;88827;0;1024;1.1528026388372905
2023-08-13;KG;Kyrgyzstan;4;88831;0;1024;1.152750728912204
2023-08-20;KG;Kyrgyzstan;11;88842;0;1024;1.1526080007203798
2023-08-27;KG;Kyrgyzstan;9;88851;0;1024;1.1524912493950548
2023-09-03;KG;Kyrgyzstan;7;88858;0;1024;1.1524004591595578
2023-09-10;KG;Kyrgyzstan;9;88867;0;1024;1.1522837498734064
2023-09-17;KG;Kyrgyzstan;9;88876;0;1024;1.1521670642243125
2023-09-24;KG;Kyrgyzstan;13;88889;0;1024;1.1519985600018001
2023-10-01;KG;Kyrgyzstan;11;88900;0;1024;1.1518560179977502
2023-10-08;KG;Kyrgyzstan;5;88905;0;1024;1.1517912378381419
2023-10-15;KG;Kyrgyzstan;3;88908;0;1024;1.1517523732397534
2023-10-22;KG;Kyrgyzstan;9;88917;0;1024;1.1516357951797744
2023-10-29;KG;Kyrgyzstan;7;88924;0;1024;1.1515451396698304
2023-11-05;KG;Kyrgyzstan;0;88924;0;1024;1.1515451396698304
2023-11-12;KG;Kyrgyzstan;2;88926;0;1024;1.1515192407170007
2023-11-19;KG;Kyrgyzstan;1;88927;0;1024;1.1515062916774434
2023-11-26;KG;Kyrgyzstan;4;88931;0;1024;1.1514544984313682
2023-12-03;KG;Kyrgyzstan;1;88932;0;1024;1.1514415508478388
2023-12-10;KG;Kyrgyzstan;0;88932;0;1024;1.1514415508478388
2023-12-17;KG;Kyrgyzstan;2;88934;0;1024;1.1514156565542988
2023-12-24;KG;Kyrgyzstan;3;88937;0;1024;1.1513768172976377
2023-12-31;KG;Kyrgyzstan;6;88943;0;1024;1.1512991466444802
2024-01-07;KG;Kyrgyzstan;1;88944;0;1024;1.1512862025544162
2024-01-14;KG;Kyrgyzstan;4;88948;0;1024;1.1512344291046452
2024-01-21;KG;Kyrgyzstan;5;88953;0;1024;1.1511697188402863
2020-01-05;LA;Lao People's Democratic Republic;0;0;0;0;0.0
2020-01-12;LA;Lao People's Democratic Republic;0;0;0;0;0.0
2020-01-19;LA;Lao People's Democratic Republic;0;0;0;0;0.0
2020-01-26;LA;Lao People's Democratic Republic;0;0;0;0;0.0
2020-02-02;LA;Lao People's Democratic Republic;0;0;0;0;0.0
2020-02-09;LA;Lao People's Democratic Republic;0;0;0;0;0.0
2020-02-16;LA;Lao People's Democratic Republic;0;0;0;0;0.0
2020-02-23;LA;Lao People's Democratic Republic;0;0;0;0;0.0
2020-03-01;LA;Lao People's Democratic Republic;0;0;0;0;0.0
2020-03-08;LA;Lao People's Democratic Republic;0;0;0;0;0.0
2020-03-15;LA;Lao People's Democratic Republic;0;0;0;0;0.0
2020-03-22;LA;Lao People's Democratic Republic;0;0;0;0;0.0
2020-03-29;LA;Lao People's Democratic Republic;6;6;0;0;0.0
2020-04-05;LA;Lao People's Democratic Republic;4;10;0;0;0.0
2020-04-12;LA;Lao People's Democratic Republic;6;16;0;0;0.0
2020-04-19;LA;Lao People's Democratic Republic;3;19;0;0;0.0
2020-04-26;LA;Lao People's Democratic Republic;0;19;0;0;0.0
2020-05-03;LA;Lao People's Democratic Republic;0;19;0;0;0.0
2020-05-10;LA;Lao People's Democratic Republic;0;19;0;0;0.0
2020-05-17;LA;Lao People's Democratic Republic;0;19;0;0;0.0
2020-05-24;LA;Lao People's Democratic Republic;0;19;0;0;0.0
2020-05-31;LA;Lao People's Democratic Republic;0;19;0;0;0.0
2020-06-07;LA;Lao People's Democratic Republic;0;19;0;0;0.0
2020-06-14;LA;Lao People's Democratic Republic;0;19;0;0;0.0
2020-06-21;LA;Lao People's Democratic Republic;0;19;0;0;0.0
2020-06-28;LA;Lao People's Democratic Republic;0;19;0;0;0.0
2020-07-05;LA;Lao People's Democratic Republic;0;19;0;0;0.0
2020-07-12;LA;Lao People's Democratic Republic;0;19;0;0;0.0
2020-07-19;LA;Lao People's Democratic Republic;0;19;0;0;0.0
2020-07-26;LA;Lao People's Democratic Republic;1;20;0;0;0.0
2020-08-02;LA;Lao People's Democratic Republic;0;20;0;0;0.0
2020-08-09;LA;Lao People's Democratic Republic;0;20;0;0;0.0
2020-08-16;LA;Lao People's Democratic Republic;2;22;0;0;0.0
2020-08-23;LA;Lao People's Democratic Republic;0;22;0;0;0.0
2020-08-30;LA;Lao People's Democratic Republic;0;22;0;0;0.0
2020-09-06;LA;Lao People's Democratic Republic;0;22;0;0;0.0
2020-09-13;LA;Lao People's Democratic Republic;1;23;0;0;0.0
2020-09-20;LA;Lao People's Democratic Republic;0;23;0;0;0.0
2020-09-27;LA;Lao People's Democratic Republic;0;23;0;0;0.0
2020-10-04;LA;Lao People's Democratic Republic;0;23;0;0;0.0
2020-10-11;LA;Lao People's Democratic Republic;0;23;0;0;0.0
2020-10-18;LA;Lao People's Democratic Republic;0;23;0;0;0.0
2020-10-25;LA;Lao People's Democratic Republic;1;24;0;0;0.0
2020-11-01;LA;Lao People's Democratic Republic;0;24;0;0;0.0
2020-11-08;LA;Lao People's Democratic Republic;0;24;0;0;0.0
2020-11-15;LA;Lao People's Democratic Republic;0;24;0;0;0.0
2020-11-22;LA;Lao People's Democratic Republic;1;25;0;0;0.0
2020-11-29;LA;Lao People's Democratic Republic;14;39;0;0;0.0
2020-12-06;LA;Lao People's Democratic Republic;0;39;0;0;0.0
2020-12-13;LA;Lao People's Democratic Republic;2;41;0;0;0.0
2020-12-20;LA;Lao People's Democratic Republic;0;41;0;0;0.0
2020-12-27;LA;Lao People's Democratic Republic;0;41;0;0;0.0
2021-01-03;LA;Lao People's Democratic Republic;0;41;0;0;0.0
2021-01-10;LA;Lao People's Democratic Republic;0;41;0;0;0.0
2021-01-17;LA;Lao People's Democratic Republic;0;41;0;0;0.0
2021-01-24;LA;Lao People's Democratic Republic;2;43;0;0;0.0
2021-01-31;LA;Lao People's Democratic Republic;1;44;0;0;0.0
2021-02-07;LA;Lao People's Democratic Republic;1;45;0;0;0.0
2021-02-14;LA;Lao People's Democratic Republic;0;45;0;0;0.0
2021-02-21;LA;Lao People's Democratic Republic;0;45;0;0;0.0
2021-02-28;LA;Lao People's Democratic Republic;0;45;0;0;0.0
2021-03-07;LA;Lao People's Democratic Republic;2;47;0;0;0.0
2021-03-14;LA;Lao People's Democratic Republic;2;49;0;0;0.0
2021-03-21;LA;Lao People's Democratic Republic;0;49;0;0;0.0
2021-03-28;LA;Lao People's Democratic Republic;0;49;0;0;0.0
2021-04-04;LA;Lao People's Democratic Republic;0;49;0;0;0.0
2021-04-11;LA;Lao People's Democratic Republic;2;51;0;0;0.0
2021-04-18;LA;Lao People's Democratic Republic;7;58;0;0;0.0
2021-04-25;LA;Lao People's Democratic Republic;254;312;0;0;0.0
2021-05-02;LA;Lao People's Democratic Republic;568;880;0;0;0.0
2021-05-09;LA;Lao People's Democratic Republic;362;1242;1;1;0.08051529790660225
2021-05-16;LA;Lao People's Democratic Republic;289;1531;1;2;0.13063357282821686
2021-05-23;LA;Lao People's Democratic Republic;210;1741;0;2;0.11487650775416428
2021-05-30;LA;Lao People's Democratic Republic;110;1851;1;3;0.1620745542949757
2021-06-06;LA;Lao People's Democratic Republic;52;1903;0;3;0.1576458223857068
2021-06-13;LA;Lao People's Democratic Republic;33;1936;0;3;0.15495867768595042
2021-06-20;LA;Lao People's Democratic Republic;57;1993;0;3;0.15052684395383845
2021-06-27;LA;Lao People's Democratic Republic;57;2050;0;3;0.14634146341463414
2021-07-04;LA;Lao People's Democratic Republic;194;2244;0;3;0.1336898395721925
2021-07-11;LA;Lao People's Democratic Republic;475;2719;0;3;0.11033468186833395
2021-07-18;LA;Lao People's Democratic Republic;707;3426;2;5;0.14594279042615294
2021-07-25;LA;Lao People's Democratic Republic;1336;4762;0;5;0.10499790004199916
2021-08-01;LA;Lao People's Democratic Republic;1804;6566;2;7;0.10660980810234541
2021-08-08;LA;Lao People's Democratic Republic;1825;8391;1;8;0.09534024550113217
2021-08-15;LA;Lao People's Democratic Republic;1701;10092;1;9;0.089179548156956
2021-08-22;LA;Lao People's Democratic Republic;2377;12469;2;11;0.08821878258080039
2021-08-29;LA;Lao People's Democratic Republic;2172;14641;1;12;0.08196161464380848
2021-09-05;LA;Lao People's Democratic Republic;1292;15933;4;16;0.10042051088934914
2021-09-12;LA;Lao People's Democratic Republic;1424;17357;0;16;0.09218182865702598
2021-09-19;LA;Lao People's Democratic Republic;1828;19185;0;16;0.0833984884023977
2021-09-26;LA;Lao People's Democratic Republic;2634;21819;0;16;0.07333058343645446
2021-10-03;LA;Lao People's Democratic Republic;3398;25217;6;22;0.08724273307689258
2021-10-10;LA;Lao People's Democratic Republic;3323;28540;4;26;0.09110021023125438
2021-10-17;LA;Lao People's Democratic Republic;3489;32029;14;40;0.12488682131818041
2021-10-24;LA;Lao People's Democratic Republic;3604;35633;12;52;0.1459321415541773
2021-10-31;LA;Lao People's Democratic Republic;4638;40271;13;65;0.16140647115790518
2021-11-07;LA;Lao People's Democratic Republic;6785;47056;17;82;0.17426045562733763
2021-11-14;LA;Lao People's Democratic Republic;7136;54192;17;99;0.18268379096545614
2021-11-21;LA;Lao People's Democratic Republic;7968;62160;33;132;0.21235521235521237
2021-11-28;LA;Lao People's Democratic Republic;9358;71518;27;159;0.22232165329008083
2021-12-05;LA;Lao People's Democratic Republic;8315;79833;48;207;0.25929127052722556
2021-12-12;LA;Lao People's Democratic Republic;9487;89320;40;247;0.27653381101656965
2021-12-19;LA;Lao People's Democratic Republic;9252;98572;26;273;0.27695491620338436
2021-12-26;LA;Lao People's Democratic Republic;7659;106231;52;325;0.30593706168632506
2022-01-02;LA;Lao People's Democratic Republic;6536;112767;55;380;0.33697801661833693
2022-01-09;LA;Lao People's Democratic Republic;6113;118880;57;437;0.36759757738896365
2022-01-16;LA;Lao People's Democratic Republic;5851;124731;58;495;0.39685402987228513
2022-01-23;LA;Lao People's Democratic Republic;5222;129953;31;526;0.4047617215454818
2022-01-30;LA;Lao People's Democratic Republic;3571;133524;18;544;0.4074173931278272
2022-02-06;LA;Lao People's Democratic Republic;2914;136438;30;574;0.42070390946803676
2022-02-13;LA;Lao People's Democratic Republic;2590;139028;20;594;0.42725206433236473
2022-02-20;LA;Lao People's Democratic Republic;2055;141083;16;610;0.4323695980380344
2022-02-27;LA;Lao People's Democratic Republic;1526;142609;11;621;0.43545638774551393
2022-03-06;LA;Lao People's Democratic Republic;1546;144155;8;629;0.4363358884534009
2022-03-13;LA;Lao People's Democratic Republic;2173;146328;11;640;0.4373735717019299
2022-03-20;LA;Lao People's Democratic Republic;6629;152957;5;645;0.42168714083042946
2022-03-27;LA;Lao People's Democratic Republic;15036;167993;16;661;0.39346877548469283
2022-04-03;LA;Lao People's Democratic Republic;15567;183560;10;671;0.36554804968402704
2022-04-10;LA;Lao People's Democratic Republic;11905;195465;0;671;0.3432839638810017
2022-04-17;LA;Lao People's Democratic Republic;4725;200190;0;671;0.3351815775013737
2022-04-24;LA;Lao People's Democratic Republic;5080;205270;0;671;0.3268865396794466
2022-05-01;LA;Lao People's Democratic Republic;2338;207608;0;671;0.3232052714731609
2022-05-08;LA;Lao People's Democratic Republic;1221;208829;0;671;0.3213155261003022
2022-05-15;LA;Lao People's Democratic Republic;605;209434;0;671;0.3203873296599406
2022-05-22;LA;Lao People's Democratic Republic;294;209728;0;671;0.3199382056759231
2022-05-29;LA;Lao People's Democratic Republic;237;209965;0;671;0.3195770723692044
2022-06-05;LA;Lao People's Democratic Republic;116;210081;0;671;0.31940061214483934
2022-06-12;LA;Lao People's Democratic Republic;66;210147;0;671;0.3193002993142895
2022-06-19;LA;Lao People's Democratic Republic;56;210203;0;671;0.3192152347968393
2022-06-26;LA;Lao People's Democratic Republic;44;210247;0;671;0.319148430179741
2022-07-03;LA;Lao People's Democratic Republic;59;210306;0;671;0.3190588951337575
2022-07-10;LA;Lao People's Democratic Republic;55;210361;0;671;0.31897547549213023
2022-07-17;LA;Lao People's Democratic Republic;149;210510;0;671;0.3187497031019904
2022-07-24;LA;Lao People's Democratic Republic;256;210766;0;671;0.3183625442433789
2022-07-31;LA;Lao People's Democratic Republic;426;211192;0;671;0.317720368195765
2022-08-07;LA;Lao People's Democratic Republic;579;211771;0;671;0.3168516935746632
2022-08-14;LA;Lao People's Democratic Republic;552;212323;0;671;0.3160279385652991
2022-08-21;LA;Lao People's Democratic Republic;834;213157;0;671;0.31479144480359544
2022-08-28;LA;Lao People's Democratic Republic;581;213738;0;671;0.3139357531183037
2022-09-04;LA;Lao People's Democratic Republic;619;214357;0;671;0.3130291989531483
2022-09-11;LA;Lao People's Democratic Republic;540;214897;0;671;0.3122426092500128
2022-09-18;LA;Lao People's Democratic Republic;494;215391;0;671;0.3115264797507788
2022-09-25;LA;Lao People's Democratic Republic;300;215691;0;671;0.3110931842311455
2022-10-02;LA;Lao People's Democratic Republic;169;215860;0;671;0.31084962475678685
2022-10-09;LA;Lao People's Democratic Republic;133;215993;0;671;0.3106582157755112
2022-10-16;LA;Lao People's Democratic Republic;95;216088;0;671;0.31052163933212396
2022-10-23;LA;Lao People's Democratic Republic;85;216173;0;671;0.310399541108279
2022-10-30;LA;Lao People's Democratic Republic;56;216229;0;671;0.31031915238011554
2022-11-06;LA;Lao People's Democratic Republic;48;216277;0;671;0.31025028088978485
2022-11-13;LA;Lao People's Democratic Republic;78;216355;0;671;0.310138429895311
2022-11-20;LA;Lao People's Democratic Republic;105;216460;0;671;0.30998798854291787
2022-11-27;LA;Lao People's Democratic Republic;132;216592;0;671;0.3097990692176996
2022-12-04;LA;Lao People's Democratic Republic;218;216810;0;671;0.30948756976154235
2022-12-11;LA;Lao People's Democratic Republic;335;217145;0;671;0.30901010845287713
2022-12-18;LA;Lao People's Democratic Republic;267;217412;0;671;0.3086306183651316
2022-12-25;LA;Lao People's Democratic Republic;230;217642;0;671;0.3083044632929306
2023-01-01;LA;Lao People's Democratic Republic;152;217794;0;671;0.30808929538922103
2023-01-08;LA;Lao People's Democratic Republic;63;217857;0;671;0.30800020196734557
2023-01-15;LA;Lao People's Democratic Republic;70;217927;0;671;0.3079012696912269
2023-01-22;LA;Lao People's Democratic Republic;15;217942;0;671;0.3078800781859394
2023-01-29;LA;Lao People's Democratic Republic;20;217962;0;671;0.3078518273827548
2023-02-05;LA;Lao People's Democratic Republic;25;217987;0;671;0.30781652116869357
2023-02-12;LA;Lao People's Democratic Republic;10;217997;0;671;0.3078024009504718
2023-02-19;LA;Lao People's Democratic Republic;9;218006;0;671;0.30778969386163685
2023-02-26;LA;Lao People's Democratic Republic;8;218014;0;671;0.30777839955232233
2023-03-05;LA;Lao People's Democratic Republic;5;218019;0;671;0.3077713410299103
2023-03-12;LA;Lao People's Democratic Republic;4;218023;0;671;0.30776569444508145
2023-03-19;LA;Lao People's Democratic Republic;3;218026;0;671;0.30776145964242796
2023-03-26;LA;Lao People's Democratic Republic;7;218033;0;671;0.30775157888943416
2023-04-02;LA;Lao People's Democratic Republic;4;218037;0;671;0.30774593302971515
2023-04-09;LA;Lao People's Democratic Republic;0;218037;0;671;0.30774593302971515
2023-04-16;LA;Lao People's Democratic Republic;11;218048;0;671;0.3077304079835632
2023-04-23;LA;Lao People's Democratic Republic;21;218069;0;671;0.3077007736083533
2023-04-30;LA;Lao People's Democratic Republic;8;218077;0;671;0.3076894858238145
2023-05-07;LA;Lao People's Democratic Republic;8;218085;0;671;0.30767819886741404
2023-05-14;LA;Lao People's Democratic Republic;13;218098;0;671;0.30765985932929235
2023-05-21;LA;Lao People's Democratic Republic;95;218193;0;671;0.30752590596398605
2023-05-28;LA;Lao People's Democratic Republic;32;218225;0;671;0.3074808110894719
2023-06-04;LA;Lao People's Democratic Republic;37;218262;0;671;0.3074286866243322
2023-06-11;LA;Lao People's Democratic Republic;57;218319;0;671;0.3073484213467449
2023-06-18;LA;Lao People's Democratic Republic;48;218367;0;671;0.3072808620350144
2023-06-25;LA;Lao People's Democratic Republic;52;218419;0;671;0.307207706289288
2023-07-02;LA;Lao People's Democratic Republic;66;218485;0;671;0.3071149049133808
2023-07-09;LA;Lao People's Democratic Republic;84;218569;0;671;0.3069968751286779
2023-07-16;LA;Lao People's Democratic Republic;78;218647;0;671;0.30688735724706945
2023-07-23;LA;Lao People's Democratic Republic;55;218702;0;671;0.30681018006236793
2023-07-30;LA;Lao People's Democratic Republic;37;218739;0;671;0.3067582827022159
2023-08-06;LA;Lao People's Democratic Republic;23;218762;0;671;0.30672603102915497
2023-08-13;LA;Lao People's Democratic Republic;15;218777;0;671;0.30670500098273584
2023-08-20;LA;Lao People's Democratic Republic;16;218793;0;671;0.3066825721115392
2023-08-27;LA;Lao People's Democratic Republic;12;218805;0;671;0.30666575261077217
2023-09-03;LA;Lao People's Democratic Republic;11;218816;0;671;0.3066503363556595
2023-09-10;LA;Lao People's Democratic Republic;21;218837;0;671;0.3066209096267999
2023-09-17;LA;Lao People's Democratic Republic;16;218853;0;671;0.30659849305241416
2023-09-24;LA;Lao People's Democratic Republic;11;218864;0;671;0.3065830835587397
2023-10-01;LA;Lao People's Democratic Republic;6;218870;0;671;0.30657467903321606
2023-10-08;LA;Lao People's Democratic Republic;6;218876;0;671;0.30656627496847527
2023-10-15;LA;Lao People's Democratic Republic;0;218876;0;671;0.30656627496847527
2023-10-22;LA;Lao People's Democratic Republic;9;218885;0;671;0.3065536697352491
2023-10-29;LA;Lao People's Democratic Republic;6;218891;0;671;0.30654526682229966
2023-11-05;LA;Lao People's Democratic Republic;0;218891;0;671;0.30654526682229966
2023-11-12;LA;Lao People's Democratic Republic;3;218894;0;671;0.30654106553857113
2023-11-19;LA;Lao People's Democratic Republic;2;218896;0;671;0.30653826474672907
2023-11-26;LA;Lao People's Democratic Republic;2;218898;0;671;0.30653546400606674
2023-12-03;LA;Lao People's Democratic Republic;3;218901;0;671;0.30653126299103245
2023-12-10;LA;Lao People's Democratic Republic;0;218901;0;671;0.30653126299103245
2023-12-17;LA;Lao People's Democratic Republic;2;218903;0;671;0.30652846237831366
2023-12-24;LA;Lao People's Democratic Republic;3;218906;0;671;0.3065242615551881
2023-12-31;LA;Lao People's Democratic Republic;0;218906;0;671;0.3065242615551881
2024-01-07;LA;Lao People's Democratic Republic;0;218906;0;671;0.3065242615551881
2024-01-14;LA;Lao People's Democratic Republic;2;218908;0;671;0.306521461070404
2024-01-21;LA;Lao People's Democratic Republic;5;218913;0;671;0.3065144600823158
2020-01-05;LV;Latvia;0;0;0;0;0.0
2020-01-12;LV;Latvia;0;0;0;0;0.0
2020-01-19;LV;Latvia;0;0;0;0;0.0
2020-01-26;LV;Latvia;0;0;0;0;0.0
2020-02-02;LV;Latvia;0;0;0;0;0.0
2020-02-09;LV;Latvia;0;0;0;0;0.0
2020-02-16;LV;Latvia;0;0;0;0;0.0
2020-02-23;LV;Latvia;0;0;0;0;0.0
2020-03-01;LV;Latvia;0;0;0;0;0.0
2020-03-08;LV;Latvia;3;3;0;0;0.0
2020-03-15;LV;Latvia;27;30;0;0;0.0
2020-03-22;LV;Latvia;106;136;0;0;0.0
2020-03-29;LV;Latvia;211;347;0;0;0.0
2020-04-05;LV;Latvia;187;534;2;2;0.37453183520599254
2020-04-12;LV;Latvia;118;652;5;7;1.0736196319018405
2020-04-19;LV;Latvia;76;728;1;8;1.098901098901099
2020-04-26;LV;Latvia;85;813;5;13;1.5990159901599015
2020-05-03;LV;Latvia;67;880;3;16;1.8181818181818181
2020-05-10;LV;Latvia;60;940;2;18;1.9148936170212765
2020-05-17;LV;Latvia;68;1008;2;20;1.984126984126984
2020-05-24;LV;Latvia;39;1047;3;23;2.1967526265520534
2020-05-31;LV;Latvia;19;1066;2;25;2.345215759849906
2020-06-07;LV;Latvia;22;1088;0;25;2.297794117647059
2020-06-14;LV;Latvia;9;1097;3;28;2.552415679124886
2020-06-21;LV;Latvia;14;1111;2;30;2.7002700270027002
2020-06-28;LV;Latvia;5;1116;0;30;2.6881720430107525
2020-07-05;LV;Latvia;8;1124;0;30;2.6690391459074734
2020-07-12;LV;Latvia;49;1173;1;31;2.6427962489343564
2020-07-19;LV;Latvia;19;1192;0;31;2.6006711409395975
2020-07-26;LV;Latvia;27;1219;0;31;2.543068088597211
2020-08-02;LV;Latvia;24;1243;1;32;2.574416733708769
2020-08-09;LV;Latvia;47;1290;0;32;2.4806201550387597
2020-08-16;LV;Latvia;32;1322;0;32;2.4205748865355523
2020-08-23;LV;Latvia;15;1337;1;33;2.468212415856395
2020-08-30;LV;Latvia;56;1393;1;34;2.4407753050969134
2020-09-06;LV;Latvia;35;1428;1;35;2.450980392156863
2020-09-13;LV;Latvia;46;1474;0;35;2.37449118046133
2020-09-20;LV;Latvia;51;1525;1;36;2.360655737704918
2020-09-27;LV;Latvia;151;1676;0;36;2.1479713603818613
2020-10-04;LV;Latvia;410;2086;3;39;1.8696069031639502
2020-10-11;LV;Latvia;584;2670;1;40;1.4981273408239701
2020-10-18;LV;Latvia;780;3450;4;44;1.2753623188405796
2020-10-25;LV;Latvia;1228;4678;16;60;1.2825994014536126
2020-11-01;LV;Latvia;1458;6136;20;80;1.303780964797914
2020-11-08;LV;Latvia;1959;8095;25;105;1.2970969734403952
2020-11-15;LV;Latvia;2452;10547;30;135;1.2799848298094245
2020-11-22;LV;Latvia;2573;13120;40;175;1.333841463414634
2020-11-29;LV;Latvia;3855;16975;58;233;1.3726067746686303
2020-12-06;LV;Latvia;4338;21313;63;296;1.3888237226106133
2020-12-13;LV;Latvia;4362;25675;103;399;1.5540408958130476
2020-12-20;LV;Latvia;5265;30940;106;505;1.6321913380736912
2020-12-27;LV;Latvia;5390;36330;127;632;1.7396091384530692
2021-01-03;LV;Latvia;6167;42497;96;728;1.7130620985010707
2021-01-10;LV;Latvia;7071;49568;189;917;1.8499838605551968
2021-01-17;LV;Latvia;6096;55664;140;1057;1.8988933601609657
2021-01-24;LV;Latvia;5342;61006;151;1208;1.9801331016621317
2021-01-31;LV;Latvia;5233;66239;155;1363;2.0577001464394087
2021-02-07;LV;Latvia;5559;71798;111;1474;2.0529819772138502
2021-02-14;LV;Latvia;4906;76704;99;1573;2.050740508969545
2021-02-21;LV;Latvia;4813;81517;107;1680;2.06091980813818
2021-02-28;LV;Latvia;4667;86184;88;1768;2.0514248584424024
2021-03-07;LV;Latvia;4145;90329;78;1846;2.0436404698380364
2021-03-14;LV;Latvia;3450;93779;63;1909;2.035636976295333
2021-03-21;LV;Latvia;3628;97407;62;1971;2.0234685392220273
2021-03-28;LV;Latvia;3631;101038;46;2017;1.9962786278429896
2021-04-04;LV;Latvia;3065;104103;71;2088;2.005705887438402
2021-04-11;LV;Latvia;3503;107606;56;2144;1.9924539523818376
2021-04-18;LV;Latvia;3726;111332;68;2212;1.986850141917867
2021-04-25;LV;Latvia;3982;115314;52;2264;1.963334894288638
2021-05-02;LV;Latvia;4434;119748;67;2331;1.94658783445235
2021-05-09;LV;Latvia;4213;123961;50;2381;1.9207654020216034
2021-05-16;LV;Latvia;4015;127976;66;2447;1.9120772644870914
2021-05-23;LV;Latvia;2967;130943;65;2512;1.9183919720794542
2021-05-30;LV;Latvia;2153;133096;47;2559;1.9226723567950952
2021-06-06;LV;Latvia;1714;134810;37;2596;1.9256731696461686
2021-06-13;LV;Latvia;1218;136028;39;2635;1.9371011850501367
2021-06-20;LV;Latvia;780;136808;24;2659;1.943599789485995
2021-06-27;LV;Latvia;400;137208;24;2683;1.955425339630342
2021-07-04;LV;Latvia;421;137629;16;2699;1.9610692513932382
2021-07-11;LV;Latvia;268;137897;2;2701;1.9587083112758072
2021-07-18;LV;Latvia;260;138157;9;2710;1.9615365128078925
2021-07-25;LV;Latvia;322;138479;3;2713;1.9591418193372279
2021-08-01;LV;Latvia;418;138897;3;2716;1.955405804301029
2021-08-08;LV;Latvia;522;139419;4;2720;1.9509536002983812
2021-08-15;LV;Latvia;701;140120;4;2724;1.9440479588923778
2021-08-22;LV;Latvia;923;141043;8;2732;1.936997936799416
2021-08-29;LV;Latvia;1274;142317;9;2741;1.925982138465538
2021-09-05;LV;Latvia;2199;144516;16;2757;1.907747239060035
2021-09-12;LV;Latvia;2675;147191;32;2789;1.8948169385356441
2021-09-19;LV;Latvia;3367;150558;36;2825;1.8763532990608272
2021-09-26;LV;Latvia;4226;154784;54;2879;1.8600113706843087
2021-10-03;LV;Latvia;6855;161639;61;2940;1.818867971219817
2021-10-10;LV;Latvia;9635;171274;79;3019;1.7626726765300045
2021-10-17;LV;Latvia;14340;185614;133;3152;1.6981477690260434
2021-10-24;LV;Latvia;16957;202571;208;3360;1.6586776981897706
2021-10-31;LV;Latvia;16566;219137;259;3619;1.651478298963662
2021-11-07;LV;Latvia;12685;231822;265;3884;1.6754233851834597
2021-11-14;LV;Latvia;8516;240338;245;4129;1.7179971540081052
2021-11-21;LV;Latvia;5776;246114;206;4335;1.7613788732051001
2021-11-28;LV;Latvia;6297;252411;133;4468;1.7701288771091592
2021-12-05;LV;Latvia;4916;257327;114;4582;1.780613771582461
2021-12-12;LV;Latvia;4615;261942;86;4668;1.782073894220858
2021-12-19;LV;Latvia;5195;267137;79;4747;1.7769908324193204
2021-12-26;LV;Latvia;4292;271429;68;4815;1.773944567455946
2022-01-02;LV;Latvia;5590;277019;72;4887;1.7641389218790045
2022-01-09;LV;Latvia;10830;287849;89;4976;1.728684136474332
2022-01-16;LV;Latvia;15943;303792;78;5054;1.6636382788223523
2022-01-23;LV;Latvia;31747;335539;87;5141;1.5321616861229246
2022-01-30;LV;Latvia;53448;388987;84;5225;1.3432325501880524
2022-02-06;LV;Latvia;61116;450103;97;5322;1.1823960293532814
2022-02-13;LV;Latvia;68517;518620;114;5436;1.0481662874551694
2022-02-20;LV;Latvia;67322;585942;122;5558;0.9485580484075216
2022-02-27;LV;Latvia;63560;649502;126;5684;0.875132024227793
2022-03-06;LV;Latvia;52036;701538;117;5801;0.8268974738360574
2022-03-13;LV;Latvia;40796;742334;110;5911;0.7962722979144158
2022-03-20;LV;Latvia;28702;771036;117;6028;0.7818052594171997
2022-03-27;LV;Latvia;19582;790618;95;6123;0.7744574497418475
2022-04-03;LV;Latvia;11914;802532;87;6210;0.7738009200879218
2022-04-10;LV;Latvia;6264;808796;58;6268;0.774979104743347
2022-04-17;LV;Latvia;4377;813173;49;6317;0.7768334659414418
2022-04-24;LV;Latvia;4140;817313;42;6359;0.7780373002754147
2022-05-01;LV;Latvia;2907;820220;27;6386;0.7785716027407281
2022-05-08;LV;Latvia;1906;822126;15;6401;0.7785911162035989
2022-05-15;LV;Latvia;1433;823559;15;6416;0.7790577238546358
2022-05-22;LV;Latvia;1157;824716;12;6428;0.779419824521411
2022-05-29;LV;Latvia;1218;825934;12;6440;0.7797233192966992
2022-06-05;LV;Latvia;1026;826960;11;6451;0.7800860984811842
2022-06-12;LV;Latvia;1227;828187;10;6461;0.7801378191157311
2022-06-19;LV;Latvia;1498;829685;12;6473;0.7801756088153938
2022-06-26;LV;Latvia;1523;831208;13;6486;0.7803101028864015
2022-07-03;LV;Latvia;3409;834617;7;6493;0.77796162790837
2022-07-10;LV;Latvia;3867;838484;9;6502;0.7754471164625681
2022-07-17;LV;Latvia;5493;843977;12;6514;0.7718219809307599
2022-07-24;LV;Latvia;8574;852551;9;6523;0.765115518015931
2022-07-31;LV;Latvia;9066;861617;25;6548;0.7599664352026481
2022-08-07;LV;Latvia;9733;871350;10;6558;0.7526252367016698
2022-08-14;LV;Latvia;9574;880924;16;6574;0.746261879571904
2022-08-21;LV;Latvia;8177;889101;22;6596;0.7418729705623995
2022-08-28;LV;Latvia;5479;894580;17;6613;0.7392295825974201
2022-09-04;LV;Latvia;4909;899489;16;6629;0.7369739930115877
2022-09-11;LV;Latvia;5623;905112;13;6642;0.7338318351761992
2022-09-18;LV;Latvia;8368;913480;23;6665;0.7296273591102158
2022-09-25;LV;Latvia;8470;921950;24;6689;0.7255274147188026
2022-10-02;LV;Latvia;7816;929766;36;6725;0.723300271251046
2022-10-09;LV;Latvia;6719;936485;32;6757;0.7215278408089826
2022-10-16;LV;Latvia;5189;941674;44;6801;0.722224464092669
2022-10-23;LV;Latvia;4373;946047;18;6819;0.7207887134571539
2022-10-30;LV;Latvia;3521;949568;21;6840;0.7203275594796792
2022-11-06;LV;Latvia;2874;952442;15;6855;0.7197288653797292
2022-11-13;LV;Latvia;2541;954983;18;6873;0.7196986752643764
2022-11-20;LV;Latvia;2312;957295;8;6881;0.7187961913516733
2022-11-27;LV;Latvia;3124;960419;16;6897;0.7181240687658199
2022-12-04;LV;Latvia;2757;963176;20;6917;0.7181449703896277
2022-12-11;LV;Latvia;2842;966018;28;6945;0.7189307031545996
2022-12-18;LV;Latvia;2310;968328;26;6971;0.7199006948058922
2022-12-25;LV;Latvia;2191;970519;40;7011;0.7223969855304223
2023-01-01;LV;Latvia;1327;971846;47;7058;0.7262467510284552
2023-01-08;LV;Latvia;393;972239;31;7089;0.7291417028117573
2023-01-15;LV;Latvia;264;972503;26;7115;0.731617280358004
2023-01-22;LV;Latvia;177;972680;21;7136;0.733643130320352
2023-01-29;LV;Latvia;154;972834;10;7146;0.7345549189275868
2023-02-05;LV;Latvia;177;973011;12;7158;0.7356545815001064
2023-02-12;LV;Latvia;194;973205;7;7165;0.7362272080394161
2023-02-19;LV;Latvia;171;973376;20;7185;0.7381525741337367
2023-02-26;LV;Latvia;158;973534;9;7194;0.7389572423767429
2023-03-05;LV;Latvia;180;973714;17;7211;0.7405665318563767
2023-03-12;LV;Latvia;153;973867;13;7224;0.7417850692137633
2023-03-19;LV;Latvia;190;974057;14;7238;0.7430776638328147
2023-03-26;LV;Latvia;219;974276;11;7249;0.7440396766419372
2023-04-02;LV;Latvia;199;974475;17;7266;0.7456322635265143
2023-04-09;LV;Latvia;229;974704;16;7282;0.7470986063461318
2023-04-16;LV;Latvia;188;974892;17;7299;0.7486983173520759
2023-04-23;LV;Latvia;182;975074;8;7307;0.7493790214896511
2023-04-30;LV;Latvia;137;975211;12;7319;0.7505042498495197
2023-05-07;LV;Latvia;114;975325;12;7331;0.7516468869351243
2023-05-14;LV;Latvia;67;975392;4;7335;0.7520053475935828
2023-05-21;LV;Latvia;64;975456;9;7344;0.7528786536758193
2023-05-28;LV;Latvia;58;975514;5;7349;0.7533464409531796
2023-06-04;LV;Latvia;59;975573;4;7353;0.753710896058009
2023-06-11;LV;Latvia;59;975632;10;7363;0.7546902930613182
2023-06-18;LV;Latvia;59;975691;3;7366;0.7549521313612609
2023-06-25;LV;Latvia;17;975708;2;7368;0.7551439570035298
2023-07-02;LV;Latvia;15;975723;2;7370;0.7553373242200911
2023-07-09;LV;Latvia;13;975736;1;7371;0.7554297473906876
2023-07-16;LV;Latvia;42;975778;1;7372;0.7554997140743078
2023-07-23;LV;Latvia;12;975790;0;7372;0.755490423144324
2023-07-30;LV;Latvia;22;975812;1;7373;0.755575869122331
2023-08-06;LV;Latvia;14;975826;1;7374;0.7556675062972292
2023-08-13;LV;Latvia;24;975850;3;7377;0.7559563457498591
2023-08-20;LV;Latvia;28;975878;1;7378;0.7560371275917686
2023-08-27;LV;Latvia;32;975910;0;7378;0.7560123372032257
2023-09-03;LV;Latvia;55;975965;0;7378;0.7559697325211457
2023-09-10;LV;Latvia;90;976055;1;7379;0.7560024793684782
2023-09-17;LV;Latvia;122;976177;2;7381;0.7561128770704494
2023-09-24;LV;Latvia;139;976316;3;7384;0.7563125053773574
2023-10-01;LV;Latvia;112;976428;4;7388;0.7566354098817323
2023-10-08;LV;Latvia;70;976498;5;7393;0.7570932044919704
2023-10-15;LV;Latvia;72;976570;2;7395;0.757242184380024
2023-10-22;LV;Latvia;90;976660;6;7401;0.7577867425716217
2023-10-29;LV;Latvia;138;976798;11;7412;0.7588058124607134
2023-11-05;LV;Latvia;183;976981;7;7419;0.7593801721834919
2023-11-12;LV;Latvia;209;977190;11;7430;0.7603434337232268
2023-11-19;LV;Latvia;241;977431;17;7447;0.7618952130636332
2023-11-26;LV;Latvia;270;977701;18;7465;0.7635258632240327
2023-12-03;LV;Latvia;0;977701;0;7465;0.7635258632240327
2023-12-10;LV;Latvia;0;977701;0;7465;0.7635258632240327
2023-12-17;LV;Latvia;0;977701;0;7465;0.7635258632240327
2023-12-24;LV;Latvia;0;977701;0;7465;0.7635258632240327
2023-12-31;LV;Latvia;0;977701;0;7465;0.7635258632240327
2024-01-07;LV;Latvia;0;977701;0;7465;0.7635258632240327
2024-01-14;LV;Latvia;0;977701;0;7465;0.7635258632240327
2024-01-21;LV;Latvia;0;977701;0;7465;0.7635258632240327
2020-01-05;LB;Lebanon;0;0;0;0;0.0
2020-01-12;LB;Lebanon;0;0;0;0;0.0
2020-01-19;LB;Lebanon;0;0;0;0;0.0
2020-01-26;LB;Lebanon;0;0;0;0;0.0
2020-02-02;LB;Lebanon;0;0;0;0;0.0
2020-02-09;LB;Lebanon;0;0;0;0;0.0
2020-02-16;LB;Lebanon;0;0;0;0;0.0
2020-02-23;LB;Lebanon;1;1;0;0;0.0
2020-03-01;LB;Lebanon;6;7;0;0;0.0
2020-03-08;LB;Lebanon;21;28;0;0;0.0
2020-03-15;LB;Lebanon;65;93;3;3;3.225806451612903
2020-03-22;LB;Lebanon;137;230;1;4;1.7391304347826086
2020-03-29;LB;Lebanon;182;412;4;8;1.9417475728155338
2020-04-05;LB;Lebanon;108;520;9;17;3.2692307692307696
2020-04-12;LB;Lebanon;99;619;3;20;3.231017770597738
2020-04-19;LB;Lebanon;53;672;1;21;3.125
2020-04-26;LB;Lebanon;32;704;3;24;3.4090909090909087
2020-05-03;LB;Lebanon;29;733;1;25;3.4106412005457027
2020-05-10;LB;Lebanon;76;809;1;26;3.2138442521631645
2020-05-17;LB;Lebanon;93;902;0;26;2.882483370288248
2020-05-24;LB;Lebanon;195;1097;0;26;2.3701002734731085
2020-05-31;LB;Lebanon;94;1191;0;26;2.18303946263644
2020-06-07;LB;Lebanon;129;1320;3;29;2.196969696969697
2020-06-14;LB;Lebanon;122;1442;3;32;2.219140083217753
2020-06-21;LB;Lebanon;94;1536;0;32;2.083333333333333
2020-06-28;LB;Lebanon;183;1719;1;33;1.9197207678883073
2020-07-05;LB;Lebanon;136;1855;2;35;1.8867924528301887
2020-07-12;LB;Lebanon;313;2168;1;36;1.6605166051660518
2020-07-19;LB;Lebanon;607;2775;4;40;1.4414414414414414
2020-07-26;LB;Lebanon;807;3582;7;47;1.3121161362367393
2020-08-02;LB;Lebanon;1148;4730;14;61;1.2896405919661733
2020-08-09;LB;Lebanon;1493;6223;13;74;1.1891370721516954
2020-08-16;LB;Lebanon;2219;8442;23;97;1.1490168206586115
2020-08-23;LB;Lebanon;3749;12191;24;121;0.992535476991223
2020-08-30;LB;Lebanon;4084;16275;34;155;0.9523809523809524
2020-09-06;LB;Lebanon;3736;20011;32;187;0.934486032682025
2020-09-13;LB;Lebanon;3658;23669;52;239;1.009759601166082
2020-09-20;LB;Lebanon;4628;28297;47;286;1.0107078488885748
2020-09-27;LB;Lebanon;6931;35228;54;340;0.9651413648234359
2020-10-04;LB;Lebanon;8252;43480;58;398;0.9153633854645814
2020-10-11;LB;Lebanon;9078;52558;57;455;0.8657102629476008
2020-10-18;LB;Lebanon;8389;60947;62;517;0.8482780120432507
2020-10-25;LB;Lebanon;9043;69990;45;562;0.8029718531218746
2020-11-01;LB;Lebanon;11238;81228;75;637;0.7842123405722166
2020-11-08;LB;Lebanon;11869;93097;76;713;0.7658678582553681
2020-11-15;LB;Lebanon;11170;104267;93;806;0.7730154315363442
2020-11-22;LB;Lebanon;10975;115242;88;894;0.7757588379236737
2020-11-29;LB;Lebanon;10395;125637;97;991;0.7887803752079403
2020-12-06;LB;Lebanon;10239;135876;99;1090;0.8022020077129146
2020-12-13;LB;Lebanon;9369;145245;100;1190;0.819305311714689
2020-12-20;LB;Lebanon;11325;156570;80;1270;0.811138787762662
2020-12-27;LB;Lebanon;12902;169472;109;1379;0.8137037386706949
2021-01-03;LB;Lebanon;16936;186408;387;1766;0.9473842324363762
2021-01-10;LB;Lebanon;29145;215553;114;1880;0.8721752886761028
2021-01-17;LB;Lebanon;33605;249158;276;2156;0.8653143788278923
2021-01-24;LB;Lebanon;27429;276587;414;2570;0.929183222638808
2021-01-31;LB;Lebanon;22326;298913;461;3031;1.014007420219261
2021-02-07;LB;Lebanon;18923;317836;531;3562;1.1207037591713966
2021-02-14;LB;Lebanon;19156;336992;399;3961;1.1753988225239769
2021-02-21;LB;Lebanon;16379;353371;336;4297;1.2160024450223703
2021-02-28;LB;Lebanon;19404;372775;355;4652;1.2479377640667964
2021-03-07;LB;Lebanon;20436;393211;361;5013;1.2748880372115734
2021-03-14;LB;Lebanon;22151;415362;321;5334;1.2841810276337267
2021-03-21;LB;Lebanon;21213;436575;381;5715;1.3090534272461776
2021-03-28;LB;Lebanon;21763;458338;343;6058;1.321731996910577
2021-04-04;LB;Lebanon;18775;477113;321;6379;1.3369998302288977
2021-04-11;LB;Lebanon;17520;494633;251;6630;1.3403877218058642
2021-04-18;LB;Lebanon;13870;508503;256;6886;1.354170968509527
2021-04-25;LB;Lebanon;11112;519615;232;7118;1.369860377394802
2021-05-02;LB;Lebanon;7893;527508;184;7302;1.384244409563457
2021-05-09;LB;Lebanon;4761;532269;158;7460;1.4015469621563532
2021-05-16;LB;Lebanon;3177;535446;142;7602;1.4197510113064624
2021-05-23;LB;Lebanon;2772;538218;68;7670;1.4250731116387785
2021-05-30;LB;Lebanon;1914;540132;48;7718;1.4289099701554435
2021-06-06;LB;Lebanon;1291;541423;40;7758;1.4328907342318298
2021-06-13;LB;Lebanon;1100;542523;36;7794;1.4366211202105719
2021-06-20;LB;Lebanon;848;543371;25;7819;1.4389799970922261
2021-06-27;LB;Lebanon;920;544291;22;7841;1.4405896845621184
2021-07-04;LB;Lebanon;1072;545363;18;7859;1.4410585243223322
2021-07-11;LB;Lebanon;2134;547497;14;7873;1.437998747025098
2021-07-18;LB;Lebanon;2995;550492;11;7884;1.4321734012483378
2021-07-25;LB;Lebanon;3966;554458;7;7891;1.4231916574384353
2021-08-01;LB;Lebanon;6922;561380;15;7906;1.4083152231999714
2021-08-08;LB;Lebanon;8718;570098;32;7938;1.3923921852032457
2021-08-15;LB;Lebanon;11399;581497;34;7972;1.3709443040978715
2021-08-22;LB;Lebanon;9486;590983;36;8008;1.3550305169522643
2021-08-29;LB;Lebanon;8315;599298;32;8040;1.3415696364746754
2021-09-05;LB;Lebanon;7238;606536;49;8089;1.3336388936518195
2021-09-12;LB;Lebanon;6177;612713;92;8181;1.3352091435957782
2021-09-19;LB;Lebanon;4949;617662;51;8232;1.3327677597132412
2021-09-26;LB;Lebanon;4073;621735;45;8277;1.3312745783975488
2021-10-03;LB;Lebanon;3710;625445;64;8341;1.3336104693458257
2021-10-10;LB;Lebanon;4116;629561;41;8382;1.3314039465595866
2021-10-17;LB;Lebanon;3794;633355;37;8419;1.3292703144366114
2021-10-24;LB;Lebanon;3957;637312;30;8449;1.3257242920265113
2021-10-31;LB;Lebanon;4027;641339;46;8495;1.3245724959810645
2021-11-07;LB;Lebanon;4466;645805;45;8540;1.3223805947615768
2021-11-14;LB;Lebanon;5983;651788;37;8577;1.3159186729427361
2021-11-21;LB;Lebanon;6679;658467;58;8635;1.3113793098211453
2021-11-28;LB;Lebanon;8301;666768;66;8701;1.304951647349603
2021-12-05;LB;Lebanon;10406;677174;64;8765;1.294349753534542
2021-12-12;LB;Lebanon;11341;688515;71;8836;1.2833416846401313
2021-12-19;LB;Lebanon;10949;699464;88;8924;1.2758340672286208
2021-12-26;LB;Lebanon;11795;711259;103;9027;1.2691579298117843
2022-01-02;LB;Lebanon;20029;731288;109;9136;1.2493026003435035
2022-01-09;LB;Lebanon;38112;769400;131;9267;1.204445022095139
2022-01-16;LB;Lebanon;45231;814631;100;9367;1.1498457583863122
2022-01-23;LB;Lebanon;44217;858848;107;9474;1.1031055553485598
2022-01-30;LB;Lebanon;48976;907824;102;9576;1.0548300111034739
2022-02-06;LB;Lebanon;57803;965627;118;9694;1.0039073058230559
2022-02-13;LB;Lebanon;46417;1012044;130;9824;0.9707087834125789
2022-02-20;LB;Lebanon;30984;1043028;126;9950;0.9539532975145442
2022-02-27;LB;Lebanon;22279;1065307;119;10069;0.9451735509106765
2022-03-06;LB;Lebanon;11935;1077242;73;10142;0.9414783307743292
2022-03-13;LB;Lebanon;6872;1084114;58;10200;0.9408604630140374
2022-03-20;LB;Lebanon;3721;1087835;43;10243;0.9415950029186412
2022-03-27;LB;Lebanon;2663;1090498;35;10278;0.9425051673639017
2022-04-03;LB;Lebanon;2309;1092807;33;10311;0.943533487614922
2022-04-10;LB;Lebanon;1696;1094503;26;10337;0.9444469316210189
2022-04-17;LB;Lebanon;1015;1095518;22;10359;0.9455800817512812
2022-04-24;LB;Lebanon;802;1096320;16;10375;0.9463477816695854
2022-05-01;LB;Lebanon;635;1096955;12;10387;0.9468939017553135
2022-05-08;LB;Lebanon;537;1097492;11;10398;0.9474328742259625
2022-05-15;LB;Lebanon;464;1097956;9;10407;0.9478521907981741
2022-05-22;LB;Lebanon;548;1098504;10;10417;0.9482896739565809
2022-05-29;LB;Lebanon;561;1099065;9;10426;0.9486245126539377
2022-06-05;LB;Lebanon;680;1099745;9;10435;0.9488563257846137
2022-06-12;LB;Lebanon;1126;1100871;9;10444;0.9487033448969043
2022-06-19;LB;Lebanon;2393;1103264;8;10452;0.9473707109087218
2022-06-26;LB;Lebanon;4338;1107602;8;10460;0.9443825489661448
2022-07-03;LB;Lebanon;7212;1114814;8;10468;0.9389907195281006
2022-07-10;LB;Lebanon;9814;1124628;8;10476;0.9315080186515008
2022-07-17;LB;Lebanon;13830;1138458;11;10487;0.9211582684648884
2022-07-24;LB;Lebanon;17202;1155660;19;10506;0.9090909090909091
2022-07-31;LB;Lebanon;16609;1172269;23;10529;0.898172689032978
2022-08-07;LB;Lebanon;13136;1185405;17;10546;0.8896537470316053
2022-08-14;LB;Lebanon;10379;1195784;26;10572;0.8841061596408717
2022-08-21;LB;Lebanon;7620;1203404;27;10599;0.8807516012910046
2022-08-28;LB;Lebanon;4469;1207873;20;10619;0.8791487184497045
2022-09-04;LB;Lebanon;2693;1210566;17;10636;0.8785972842455513
2022-09-11;LB;Lebanon;1931;1212497;9;10645;0.8779403165533606
2022-09-18;LB;Lebanon;1272;1213769;12;10657;0.8780089127338069
2022-09-25;LB;Lebanon;1123;1214892;13;10670;0.8782673686220668
2022-10-02;LB;Lebanon;1033;1215925;7;10677;0.8780969220963464
2022-10-09;LB;Lebanon;713;1216638;7;10684;0.8781576771397901
2022-10-16;LB;Lebanon;361;1216999;4;10688;0.8782258654279913
2022-10-23;LB;Lebanon;1083;1218082;11;10699;0.8783480915077966
2022-10-30;LB;Lebanon;548;1218630;6;10705;0.8784454674511541
2022-11-06;LB;Lebanon;511;1219141;8;10713;0.8787334688932616
2022-11-13;LB;Lebanon;432;1219573;7;10720;0.8789961732508017
2022-11-20;LB;Lebanon;470;1220043;7;10727;0.8792313057818455
2022-11-27;LB;Lebanon;342;1220385;7;10734;0.8795584999815632
2022-12-04;LB;Lebanon;329;1220714;5;10739;0.8797310426520871
2022-12-11;LB;Lebanon;430;1221144;2;10741;0.8795850448431962
2022-12-18;LB;Lebanon;496;1221640;1;10742;0.8793097802953407
2022-12-25;LB;Lebanon;486;1222126;2;10744;0.8791237564702822
2023-01-01;LB;Lebanon;682;1222808;3;10747;0.8788787773714271
2023-01-08;LB;Lebanon;907;1223715;6;10753;0.8787176752756973
2023-01-15;LB;Lebanon;1536;1225251;7;10760;0.8781874081310685
2023-01-22;LB;Lebanon;1490;1226741;13;10773;0.8781804798241845
2023-01-29;LB;Lebanon;1521;1228262;13;10786;0.8781514041792386
2023-02-05;LB;Lebanon;1128;1229390;9;10795;0.87807774587397
2023-02-12;LB;Lebanon;751;1230141;8;10803;0.8781920121351943
2023-02-19;LB;Lebanon;694;1230835;12;10815;0.8786717959759025
2023-02-26;LB;Lebanon;878;1231713;10;10825;0.8788573312127094
2023-03-05;LB;Lebanon;689;1232402;12;10837;0.8793396959758261
2023-03-12;LB;Lebanon;619;1233021;6;10843;0.8793848604362781
2023-03-19;LB;Lebanon;626;1233647;10;10853;0.8797492313441365
2023-03-26;LB;Lebanon;648;1234295;9;10862;0.8800165276534377
2023-04-02;LB;Lebanon;601;1234896;8;10870;0.8802360684624455
2023-04-09;LB;Lebanon;464;1235360;9;10879;0.8806339852350732
2023-04-16;LB;Lebanon;444;1235804;6;10885;0.8808031046994507
2023-04-23;LB;Lebanon;532;1236336;10;10895;0.8812329334420416
2023-04-30;LB;Lebanon;420;1236756;6;10901;0.8814188085604598
2023-05-07;LB;Lebanon;371;1237127;5;10906;0.8815586435345765
2023-05-14;LB;Lebanon;429;1237556;8;10914;0.8818994857606445
2023-05-21;LB;Lebanon;0;1237556;0;10914;0.8818994857606445
2023-05-28;LB;Lebanon;0;1237556;0;10914;0.8818994857606445
2023-06-04;LB;Lebanon;0;1237556;0;10914;0.8818994857606445
2023-06-11;LB;Lebanon;808;1238364;16;10930;0.8826160967211579
2023-06-18;LB;Lebanon;47;1238411;2;10932;0.8827440970727811
2023-06-25;LB;Lebanon;141;1238552;4;10936;0.8829665609518212
2023-07-02;LB;Lebanon;0;1238552;0;10936;0.8829665609518212
2023-07-09;LB;Lebanon;0;1238552;0;10936;0.8829665609518212
2023-07-16;LB;Lebanon;0;1238552;0;10936;0.8829665609518212
2023-07-23;LB;Lebanon;0;1238552;0;10936;0.8829665609518212
2023-07-30;LB;Lebanon;0;1238552;0;10936;0.8829665609518212
2023-08-06;LB;Lebanon;0;1238552;0;10936;0.8829665609518212
2023-08-13;LB;Lebanon;0;1238552;0;10936;0.8829665609518212
2023-08-20;LB;Lebanon;1352;1239904;11;10947;0.8828909334916252
2023-08-27;LB;Lebanon;0;1239904;0;10947;0.8828909334916252
2023-09-03;LB;Lebanon;0;1239904;0;10947;0.8828909334916252
2023-09-10;LB;Lebanon;0;1239904;0;10947;0.8828909334916252
2023-09-17;LB;Lebanon;0;1239904;0;10947;0.8828909334916252
2023-09-24;LB;Lebanon;0;1239904;0;10947;0.8828909334916252
2023-10-01;LB;Lebanon;0;1239904;0;10947;0.8828909334916252
2023-10-08;LB;Lebanon;0;1239904;0;10947;0.8828909334916252
2023-10-15;LB;Lebanon;0;1239904;0;10947;0.8828909334916252
2023-10-22;LB;Lebanon;0;1239904;0;10947;0.8828909334916252
2023-10-29;LB;Lebanon;0;1239904;0;10947;0.8828909334916252
2023-11-05;LB;Lebanon;0;1239904;0;10947;0.8828909334916252
2023-11-12;LB;Lebanon;0;1239904;0;10947;0.8828909334916252
2023-11-19;LB;Lebanon;0;1239904;0;10947;0.8828909334916252
2023-11-26;LB;Lebanon;0;1239904;0;10947;0.8828909334916252
2023-12-03;LB;Lebanon;0;1239904;0;10947;0.8828909334916252
2023-12-10;LB;Lebanon;0;1239904;0;10947;0.8828909334916252
2023-12-17;LB;Lebanon;0;1239904;0;10947;0.8828909334916252
2023-12-24;LB;Lebanon;0;1239904;0;10947;0.8828909334916252
2023-12-31;LB;Lebanon;0;1239904;0;10947;0.8828909334916252
2024-01-07;LB;Lebanon;0;1239904;0;10947;0.8828909334916252
2024-01-14;LB;Lebanon;0;1239904;0;10947;0.8828909334916252
2024-01-21;LB;Lebanon;0;1239904;0;10947;0.8828909334916252
2020-01-05;LS;Lesotho;0;0;0;0;0.0
2020-01-12;LS;Lesotho;0;0;0;0;0.0
2020-01-19;LS;Lesotho;0;0;0;0;0.0
2020-01-26;LS;Lesotho;0;0;0;0;0.0
2020-02-02;LS;Lesotho;0;0;0;0;0.0
2020-02-09;LS;Lesotho;0;0;0;0;0.0
2020-02-16;LS;Lesotho;0;0;0;0;0.0
2020-02-23;LS;Lesotho;0;0;0;0;0.0
2020-03-01;LS;Lesotho;0;0;0;0;0.0
2020-03-08;LS;Lesotho;0;0;0;0;0.0
2020-03-15;LS;Lesotho;0;0;0;0;0.0
2020-03-22;LS;Lesotho;0;0;0;0;0.0
2020-03-29;LS;Lesotho;0;0;0;0;0.0
2020-04-05;LS;Lesotho;0;0;0;0;0.0
2020-04-12;LS;Lesotho;0;0;0;0;0.0
2020-04-19;LS;Lesotho;0;0;0;0;0.0
2020-04-26;LS;Lesotho;0;0;0;0;0.0
2020-05-03;LS;Lesotho;0;0;0;0;0.0
2020-05-10;LS;Lesotho;0;0;0;0;0.0
2020-05-17;LS;Lesotho;1;1;0;0;0.0
2020-05-24;LS;Lesotho;1;2;0;0;0.0
2020-05-31;LS;Lesotho;0;2;0;0;0.0
2020-06-07;LS;Lesotho;2;4;0;0;0.0
2020-06-14;LS;Lesotho;0;4;0;0;0.0
2020-06-21;LS;Lesotho;0;4;0;0;0.0
2020-06-28;LS;Lesotho;23;27;0;0;0.0
2020-07-05;LS;Lesotho;52;79;0;0;0.0
2020-07-12;LS;Lesotho;105;184;20;20;10.869565217391305
2020-07-19;LS;Lesotho;175;359;4;24;6.685236768802229
2020-07-26;LS;Lesotho;87;446;5;29;6.502242152466367
2020-08-02;LS;Lesotho;256;702;3;32;4.5584045584045585
2020-08-09;LS;Lesotho;40;742;9;41;5.525606469002695
2020-08-16;LS;Lesotho;161;903;2;43;4.761904761904762
2020-08-23;LS;Lesotho;112;1015;5;48;4.729064039408867
2020-08-30;LS;Lesotho;51;1066;1;49;4.596622889305816
2020-09-06;LS;Lesotho;82;1148;0;49;4.2682926829268295
2020-09-13;LS;Lesotho;97;1245;2;51;4.096385542168675
2020-09-20;LS;Lesotho;145;1390;0;51;3.6690647482014387
2020-09-27;LS;Lesotho;168;1558;2;53;3.4017971758664958
2020-10-04;LS;Lesotho;122;1680;4;57;3.392857142857143
2020-10-11;LS;Lesotho;120;1800;3;60;3.3333333333333335
2020-10-18;LS;Lesotho;33;1833;0;60;3.273322422258593
2020-10-25;LS;Lesotho;107;1940;1;61;3.1443298969072164
2020-11-01;LS;Lesotho;13;1953;1;62;3.1746031746031744
2020-11-08;LS;Lesotho;10;1963;0;62;3.1584309730005096
2020-11-15;LS;Lesotho;87;2050;0;62;3.024390243902439
2020-11-22;LS;Lesotho;35;2085;0;62;2.973621103117506
2020-11-29;LS;Lesotho;24;2109;0;62;2.939781887150308
2020-12-06;LS;Lesotho;36;2145;0;62;2.8904428904428907
2020-12-13;LS;Lesotho;5;2150;0;62;2.883720930232558
2020-12-20;LS;Lesotho;135;2285;0;62;2.713347921225383
2020-12-27;LS;Lesotho;292;2577;2;64;2.4835079549864183
2021-01-03;LS;Lesotho;0;2577;0;64;2.4835079549864183
2021-01-10;LS;Lesotho;2626;5203;20;84;1.6144532000768788
2021-01-17;LS;Lesotho;1168;6371;9;93;1.4597394443572438
2021-01-24;LS;Lesotho;1285;7656;30;123;1.6065830721003136
2021-01-31;LS;Lesotho;993;8649;41;164;1.896172967973176
2021-02-07;LS;Lesotho;731;9380;19;183;1.950959488272921
2021-02-14;LS;Lesotho;585;9965;47;230;2.308078273958856
2021-02-21;LS;Lesotho;496;10461;55;285;2.7244049326068254
2021-02-28;LS;Lesotho;30;10491;7;292;2.7833380993232293
2021-03-07;LS;Lesotho;32;10523;15;307;2.917418986980899
2021-03-14;LS;Lesotho;7;10530;2;309;2.9344729344729346
2021-03-21;LS;Lesotho;5;10535;0;309;2.933080208827717
2021-03-28;LS;Lesotho;151;10686;6;315;2.947782144862437
2021-04-04;LS;Lesotho;21;10707;0;315;2.942000560381059
2021-04-11;LS;Lesotho;0;10707;0;315;2.942000560381059
2021-04-18;LS;Lesotho;2;10709;0;315;2.941451115883836
2021-04-25;LS;Lesotho;19;10728;1;316;2.9455630126771064
2021-05-02;LS;Lesotho;5;10733;2;318;2.9628249324513183
2021-05-09;LS;Lesotho;40;10773;1;319;2.9611064698783993
2021-05-16;LS;Lesotho;17;10790;1;320;2.9657089898053752
2021-05-23;LS;Lesotho;32;10822;6;326;3.0123821844391054
2021-05-30;LS;Lesotho;9;10831;0;326;3.0098790508724953
2021-06-06;LS;Lesotho;8;10839;0;326;3.0076575329827477
2021-06-13;LS;Lesotho;20;10859;0;326;3.002118058753108
2021-06-20;LS;Lesotho;222;11081;3;329;2.9690461149715732
2021-06-27;LS;Lesotho;158;11239;0;329;2.9273066998843316
2021-07-04;LS;Lesotho;329;11568;0;329;2.8440525587828493
2021-07-11;LS;Lesotho;339;11907;6;335;2.8134710674393215
2021-07-18;LS;Lesotho;491;12398;4;339;2.734311985804162
2021-07-25;LS;Lesotho;482;12880;24;363;2.8183229813664594
2021-08-01;LS;Lesotho;723;13603;14;377;2.77144747482173
2021-08-08;LS;Lesotho;240;13843;13;390;2.8173083869103515
2021-08-15;LS;Lesotho;400;14243;7;397;2.787334129045847
2021-08-22;LS;Lesotho;128;14371;3;400;2.783383202282374
2021-08-29;LS;Lesotho;450;14821;17;417;2.8135753322987656
2021-09-05;LS;Lesotho;1491;16312;49;466;2.856792545365375
2021-09-12;LS;Lesotho;1491;17803;49;515;2.8927708813121384
2021-09-19;LS;Lesotho;1491;19294;49;564;2.9231885560277804
2021-09-26;LS;Lesotho;1491;20785;52;616;2.9636757276882366
2021-10-03;LS;Lesotho;575;21360;34;650;3.0430711610486894
2021-10-10;LS;Lesotho;97;21457;2;652;3.038635410355595
2021-10-17;LS;Lesotho;73;21530;3;655;3.0422666047375753
2021-10-24;LS;Lesotho;57;21587;1;656;3.0388659841571313
2021-10-31;LS;Lesotho;48;21635;2;658;3.0413681534550494
2021-11-07;LS;Lesotho;50;21685;1;659;3.03896702789947
2021-11-14;LS;Lesotho;6;21691;2;661;3.0473468258724816
2021-11-21;LS;Lesotho;38;21729;0;661;3.0420175801923697
2021-11-28;LS;Lesotho;48;21777;1;662;3.0399044863847178
2021-12-05;LS;Lesotho;187;21964;2;664;3.0231287561464213
2021-12-12;LS;Lesotho;1138;23102;0;664;2.8742100251060516
2021-12-19;LS;Lesotho;2426;25528;1;665;2.604982764023817
2021-12-26;LS;Lesotho;2654;28182;0;665;2.3596621957277697
2022-01-02;LS;Lesotho;1806;29988;8;673;2.244231025743631
2022-01-09;LS;Lesotho;1186;31174;10;683;2.1909283377173283
2022-01-16;LS;Lesotho;670;31844;4;687;2.1573922874010805
2022-01-23;LS;Lesotho;205;32049;3;690;2.152953290274268
2022-01-30;LS;Lesotho;198;32247;3;693;2.149037119732068
2022-02-06;LS;Lesotho;114;32361;2;695;2.147646858873335
2022-02-13;LS;Lesotho;70;32431;1;696;2.146094785853042
2022-02-20;LS;Lesotho;168;32599;0;696;2.1350348170189273
2022-02-27;LS;Lesotho;96;32695;1;697;2.1318244379874596
2022-03-06;LS;Lesotho;21;32716;0;697;2.1304560459713904
2022-03-13;LS;Lesotho;59;32775;0;697;2.1266209000762775
2022-03-20;LS;Lesotho;104;32879;0;697;2.1198941573648833
2022-03-27;LS;Lesotho;16;32895;0;697;2.1188630490956073
2022-04-03;LS;Lesotho;15;32910;0;697;2.117897295654816
2022-04-10;LS;Lesotho;58;32968;0;697;2.114171317641349
2022-04-17;LS;Lesotho;42;33010;0;697;2.1114813692820356
2022-04-24;LS;Lesotho;103;33113;0;697;2.104913478090176
2022-05-01;LS;Lesotho;24;33137;0;697;2.1033889609801735
2022-05-08;LS;Lesotho;56;33193;1;698;2.1028530111770554
2022-05-15;LS;Lesotho;89;33282;0;698;2.0972297337900367
2022-05-22;LS;Lesotho;88;33370;0;698;2.0916991309559485
2022-05-29;LS;Lesotho;116;33486;0;698;2.0844532043241952
2022-06-05;LS;Lesotho;173;33659;1;699;2.076710538043317
2022-06-12;LS;Lesotho;212;33871;0;699;2.063712320273981
2022-06-19;LS;Lesotho;67;33938;0;699;2.0596381637102956
2022-06-26;LS;Lesotho;0;33938;0;699;2.0596381637102956
2022-07-03;LS;Lesotho;156;34094;2;701;2.0560802487241157
2022-07-10;LS;Lesotho;39;34133;1;702;2.056660709577242
2022-07-17;LS;Lesotho;41;34174;0;702;2.054193246327617
2022-07-24;LS;Lesotho;47;34221;2;704;2.0572163291546124
2022-07-31;LS;Lesotho;13;34234;0;704;2.056435122977157
2022-08-07;LS;Lesotho;11;34245;0;704;2.055774565630019
2022-08-14;LS;Lesotho;6;34251;0;704;2.0554144404542933
2022-08-21;LS;Lesotho;47;34298;0;704;2.052597819114817
2022-08-28;LS;Lesotho;111;34409;0;704;2.0459763433985296
2022-09-04;LS;Lesotho;48;34457;1;705;2.046028383202252
2022-09-11;LS;Lesotho;33;34490;1;706;2.046970136271383
2022-09-18;LS;Lesotho;0;34490;0;706;2.046970136271383
2022-09-25;LS;Lesotho;0;34490;0;706;2.046970136271383
2022-10-02;LS;Lesotho;0;34490;0;706;2.046970136271383
2022-10-09;LS;Lesotho;0;34490;0;706;2.046970136271383
2022-10-16;LS;Lesotho;0;34490;0;706;2.046970136271383
2022-10-23;LS;Lesotho;0;34490;0;706;2.046970136271383
2022-10-30;LS;Lesotho;0;34490;0;706;2.046970136271383
2022-11-06;LS;Lesotho;0;34490;0;706;2.046970136271383
2022-11-13;LS;Lesotho;0;34490;0;706;2.046970136271383
2022-11-20;LS;Lesotho;0;34490;0;706;2.046970136271383
2022-11-27;LS;Lesotho;0;34490;0;706;2.046970136271383
2022-12-04;LS;Lesotho;0;34490;0;706;2.046970136271383
2022-12-11;LS;Lesotho;0;34490;0;706;2.046970136271383
2022-12-18;LS;Lesotho;0;34490;0;706;2.046970136271383
2022-12-25;LS;Lesotho;0;34490;0;706;2.046970136271383
2023-01-01;LS;Lesotho;0;34490;0;706;2.046970136271383
2023-01-08;LS;Lesotho;0;34490;0;706;2.046970136271383
2023-01-15;LS;Lesotho;0;34490;0;706;2.046970136271383
2023-01-22;LS;Lesotho;0;34490;0;706;2.046970136271383
2023-01-29;LS;Lesotho;0;34490;0;706;2.046970136271383
2023-02-05;LS;Lesotho;0;34490;0;706;2.046970136271383
2023-02-12;LS;Lesotho;0;34490;0;706;2.046970136271383
2023-02-19;LS;Lesotho;0;34490;0;706;2.046970136271383
2023-02-26;LS;Lesotho;0;34490;0;706;2.046970136271383
2023-03-05;LS;Lesotho;0;34490;0;706;2.046970136271383
2023-03-12;LS;Lesotho;0;34490;0;706;2.046970136271383
2023-03-19;LS;Lesotho;0;34490;0;706;2.046970136271383
2023-03-26;LS;Lesotho;0;34490;0;706;2.046970136271383
2023-04-02;LS;Lesotho;0;34490;0;706;2.046970136271383
2023-04-09;LS;Lesotho;0;34490;0;706;2.046970136271383
2023-04-16;LS;Lesotho;0;34490;0;706;2.046970136271383
2023-04-23;LS;Lesotho;0;34490;0;706;2.046970136271383
2023-04-30;LS;Lesotho;0;34490;0;706;2.046970136271383
2023-05-07;LS;Lesotho;0;34490;0;706;2.046970136271383
2023-05-14;LS;Lesotho;0;34490;0;706;2.046970136271383
2023-05-21;LS;Lesotho;0;34490;0;706;2.046970136271383
2023-05-28;LS;Lesotho;0;34490;0;706;2.046970136271383
2023-06-04;LS;Lesotho;0;34490;0;706;2.046970136271383
2023-06-11;LS;Lesotho;0;34490;0;706;2.046970136271383
2023-06-18;LS;Lesotho;0;34490;0;706;2.046970136271383
2023-06-25;LS;Lesotho;0;34490;0;706;2.046970136271383
2023-07-02;LS;Lesotho;0;34490;0;706;2.046970136271383
2023-07-09;LS;Lesotho;0;34490;0;706;2.046970136271383
2023-07-16;LS;Lesotho;0;34490;0;706;2.046970136271383
2023-07-23;LS;Lesotho;0;34490;0;706;2.046970136271383
2023-07-30;LS;Lesotho;0;34490;0;706;2.046970136271383
2023-08-06;LS;Lesotho;0;34490;0;706;2.046970136271383
2023-08-13;LS;Lesotho;0;34490;0;706;2.046970136271383
2023-08-20;LS;Lesotho;0;34490;0;706;2.046970136271383
2023-08-27;LS;Lesotho;0;34490;0;706;2.046970136271383
2023-09-03;LS;Lesotho;0;34490;0;706;2.046970136271383
2023-09-10;LS;Lesotho;0;34490;0;706;2.046970136271383
2023-09-17;LS;Lesotho;0;34490;0;706;2.046970136271383
2023-09-24;LS;Lesotho;1346;35836;3;709;1.9784574171224467
2023-10-01;LS;Lesotho;0;35836;0;709;1.9784574171224467
2023-10-08;LS;Lesotho;24;35860;0;709;1.9771332961517012
2023-10-15;LS;Lesotho;74;35934;0;709;1.9730617242722768
2023-10-22;LS;Lesotho;67;36001;0;709;1.969389739173912
2023-10-29;LS;Lesotho;10;36011;0;709;1.9688428535725193
2023-11-05;LS;Lesotho;28;36039;0;709;1.9673131884902468
2023-11-12;LS;Lesotho;13;36052;0;709;1.966603794519028
2023-11-19;LS;Lesotho;34;36086;0;709;1.9647508729147038
2023-11-26;LS;Lesotho;27;36113;0;709;1.9632819206379974
2023-12-03;LS;Lesotho;11;36124;0;709;1.962684088140848
2023-12-10;LS;Lesotho;8;36132;0;709;1.9622495295029339
2023-12-17;LS;Lesotho;3;36135;0;709;1.9620866196208662
2023-12-24;LS;Lesotho;0;36135;0;709;1.9620866196208662
2023-12-31;LS;Lesotho;0;36135;0;709;1.9620866196208662
2024-01-07;LS;Lesotho;0;36135;0;709;1.9620866196208662
2024-01-14;LS;Lesotho;0;36135;0;709;1.9620866196208662
2024-01-21;LS;Lesotho;0;36135;0;709;1.9620866196208662
2020-01-05;LR;Liberia;0;0;0;0;0.0
2020-01-12;LR;Liberia;0;0;0;0;0.0
2020-01-19;LR;Liberia;0;0;0;0;0.0
2020-01-26;LR;Liberia;0;0;0;0;0.0
2020-02-02;LR;Liberia;0;0;0;0;0.0
2020-02-09;LR;Liberia;0;0;0;0;0.0
2020-02-16;LR;Liberia;0;0;0;0;0.0
2020-02-23;LR;Liberia;0;0;0;0;0.0
2020-03-01;LR;Liberia;0;0;0;0;0.0
2020-03-08;LR;Liberia;0;0;0;0;0.0
2020-03-15;LR;Liberia;0;0;0;0;0.0
2020-03-22;LR;Liberia;3;3;0;0;0.0
2020-03-29;LR;Liberia;1;4;0;0;0.0
2020-04-05;LR;Liberia;7;11;1;1;9.090909090909092
2020-04-12;LR;Liberia;46;57;5;6;10.526315789473683
2020-04-19;LR;Liberia;41;98;3;9;9.183673469387756
2020-04-26;LR;Liberia;32;130;5;14;10.76923076923077
2020-05-03;LR;Liberia;41;171;6;20;11.695906432748536
2020-05-10;LR;Liberia;44;215;2;22;10.232558139534884
2020-05-17;LR;Liberia;22;237;1;23;9.70464135021097
2020-05-24;LR;Liberia;33;270;5;28;10.37037037037037
2020-05-31;LR;Liberia;24;294;2;30;10.204081632653061
2020-06-07;LR;Liberia;70;364;3;33;9.065934065934066
2020-06-14;LR;Liberia;99;463;2;35;7.559395248380129
2020-06-21;LR;Liberia;168;631;2;37;5.863708399366086
2020-06-28;LR;Liberia;137;768;0;37;4.817708333333334
2020-07-05;LR;Liberia;103;871;3;40;4.5924225028702645
2020-07-12;LR;Liberia;136;1007;15;55;5.461767626613704
2020-07-19;LR;Liberia;81;1088;19;74;6.8014705882352935
2020-07-26;LR;Liberia;64;1152;3;77;6.684027777777778
2020-08-02;LR;Liberia;52;1204;6;83;6.893687707641195
2020-08-09;LR;Liberia;31;1235;2;85;6.882591093117409
2020-08-16;LR;Liberia;49;1284;3;88;6.853582554517133
2020-08-23;LR;Liberia;21;1305;0;88;6.743295019157087
2020-08-30;LR;Liberia;20;1325;0;88;6.6415094339622645
2020-09-06;LR;Liberia;3;1328;0;88;6.626506024096386
2020-09-13;LR;Liberia;18;1346;0;88;6.537890044576524
2020-09-20;LR;Liberia;17;1363;0;88;6.456346294937637
2020-09-27;LR;Liberia;3;1366;0;88;6.44216691068814
2020-10-04;LR;Liberia;9;1375;0;88;6.4
2020-10-11;LR;Liberia;22;1397;0;88;6.299212598425196
2020-10-18;LR;Liberia;10;1407;0;88;6.2544420753375976
2020-10-25;LR;Liberia;15;1422;0;88;6.188466947960619
2020-11-01;LR;Liberia;39;1461;0;88;6.023271731690623
2020-11-08;LR;Liberia;14;1475;0;88;5.966101694915254
2020-11-15;LR;Liberia;59;1534;0;88;5.736636245110821
2020-11-22;LR;Liberia;51;1585;0;88;5.55205047318612
2020-11-29;LR;Liberia;34;1619;1;89;5.497220506485485
2020-12-06;LR;Liberia;106;1725;0;89;5.159420289855072
2020-12-13;LR;Liberia;67;1792;0;89;4.966517857142857
2020-12-20;LR;Liberia;17;1809;0;89;4.91984521835268
2020-12-27;LR;Liberia;12;1821;0;89;4.887424492037342
2021-01-03;LR;Liberia;35;1856;0;89;4.795258620689656
2021-01-10;LR;Liberia;24;1880;0;89;4.73404255319149
2021-01-17;LR;Liberia;26;1906;0;89;4.669464847848898
2021-01-24;LR;Liberia;19;1925;0;89;4.623376623376623
2021-01-31;LR;Liberia;29;1954;0;89;4.554759467758444
2021-02-07;LR;Liberia;23;1977;0;89;4.501770359129996
2021-02-14;LR;Liberia;16;1993;2;91;4.565980933266432
2021-02-21;LR;Liberia;11;2004;0;91;4.5409181636726546
2021-02-28;LR;Liberia;19;2023;0;91;4.498269896193772
2021-03-07;LR;Liberia;12;2035;0;91;4.471744471744472
2021-03-14;LR;Liberia;10;2045;0;91;4.449877750611247
2021-03-21;LR;Liberia;9;2054;0;91;4.430379746835443
2021-03-28;LR;Liberia;12;2066;0;91;4.404646660212972
2021-04-04;LR;Liberia;4;2070;0;91;4.396135265700483
2021-04-11;LR;Liberia;6;2076;0;91;4.383429672447013
2021-04-18;LR;Liberia;16;2092;0;91;4.349904397705545
2021-04-25;LR;Liberia;15;2107;0;91;4.318936877076411
2021-05-02;LR;Liberia;10;2117;0;91;4.298535663675012
2021-05-09;LR;Liberia;11;2128;0;91;4.276315789473684
2021-05-16;LR;Liberia;13;2141;0;91;4.25035030359645
2021-05-23;LR;Liberia;27;2168;1;92;4.243542435424354
2021-05-30;LR;Liberia;36;2204;0;92;4.174228675136116
2021-06-06;LR;Liberia;110;2314;3;95;4.1054451166810715
2021-06-13;LR;Liberia;265;2579;15;110;4.2652190771616905
2021-06-20;LR;Liberia;509;3088;28;138;4.4689119170984455
2021-06-27;LR;Liberia;704;3792;39;177;4.667721518987341
2021-07-04;LR;Liberia;1142;4934;33;210;4.256181597081476
2021-07-11;LR;Liberia;286;5220;29;239;4.578544061302682
2021-07-18;LR;Liberia;240;5460;22;261;4.78021978021978
2021-07-25;LR;Liberia;76;5536;12;273;4.93135838150289
2021-08-01;LR;Liberia;25;5561;3;276;4.963136126595936
2021-08-08;LR;Liberia;31;5592;3;279;4.989270386266095
2021-08-15;LR;Liberia;32;5624;2;281;4.996443812233286
2021-08-22;LR;Liberia;33;5657;1;282;4.984974368039597
2021-08-29;LR;Liberia;61;5718;1;283;4.949282966072053
2021-09-05;LR;Liberia;32;5750;0;283;4.921739130434783
2021-09-12;LR;Liberia;22;5772;0;283;4.902979902979903
2021-09-19;LR;Liberia;21;5793;0;283;4.885206283445537
2021-09-26;LR;Liberia;10;5803;2;285;4.91125280027572
2021-10-03;LR;Liberia;2;5805;1;286;4.926787252368648
2021-10-10;LR;Liberia;2;5807;0;286;4.925090408128121
2021-10-17;LR;Liberia;5;5812;0;286;4.9208534067446665
2021-10-24;LR;Liberia;2;5814;1;287;4.936360509115927
2021-10-31;LR;Liberia;4;5818;0;287;4.932966655207975
2021-11-07;LR;Liberia;0;5818;0;287;4.932966655207975
2021-11-14;LR;Liberia;3;5821;0;287;4.930424325717231
2021-11-21;LR;Liberia;2;5823;0;287;4.928730894727804
2021-11-28;LR;Liberia;1;5824;0;287;4.927884615384615
2021-12-05;LR;Liberia;6;5830;0;287;4.9228130360205835
2021-12-12;LR;Liberia;17;5847;0;287;4.908500085513938
2021-12-19;LR;Liberia;72;5919;0;287;4.848792025680013
2021-12-26;LR;Liberia;309;6228;0;287;4.608220937700707
2022-01-02;LR;Liberia;516;6744;0;287;4.255634638196916
2022-01-09;LR;Liberia;331;7075;0;287;4.056537102473498
2022-01-16;LR;Liberia;118;7193;0;287;3.9899902683164186
2022-01-23;LR;Liberia;53;7246;3;290;4.002208114821971
2022-01-30;LR;Liberia;26;7272;0;290;3.987898789878988
2022-02-06;LR;Liberia;74;7346;0;290;3.947726653961339
2022-02-13;LR;Liberia;14;7360;0;290;3.940217391304348
2022-02-20;LR;Liberia;21;7381;4;294;3.9832001083863977
2022-02-27;LR;Liberia;3;7384;0;294;3.9815817984832065
2022-03-06;LR;Liberia;9;7393;0;294;3.976734749086974
2022-03-13;LR;Liberia;0;7393;0;294;3.976734749086974
2022-03-20;LR;Liberia;2;7395;0;294;3.975659229208925
2022-03-27;LR;Liberia;4;7399;0;294;3.9735099337748347
2022-04-03;LR;Liberia;1;7400;0;294;3.972972972972973
2022-04-10;LR;Liberia;21;7421;0;294;3.961730225037057
2022-04-17;LR;Liberia;13;7434;0;294;3.954802259887006
2022-04-24;LR;Liberia;0;7434;0;294;3.954802259887006
2022-05-01;LR;Liberia;1;7435;0;294;3.9542703429724275
2022-05-08;LR;Liberia;16;7451;0;294;3.945779090055026
2022-05-15;LR;Liberia;4;7455;0;294;3.943661971830986
2022-05-22;LR;Liberia;1;7456;0;294;3.9431330472103
2022-05-29;LR;Liberia;0;7456;0;294;3.9431330472103
2022-06-05;LR;Liberia;2;7458;0;294;3.9420756234915526
2022-06-12;LR;Liberia;30;7488;0;294;3.926282051282051
2022-06-19;LR;Liberia;5;7493;0;294;3.9236620846123045
2022-06-26;LR;Liberia;6;7499;0;294;3.9205227363648487
2022-07-03;LR;Liberia;2;7501;0;294;3.9194774030129316
2022-07-10;LR;Liberia;3;7504;0;294;3.9179104477611943
2022-07-17;LR;Liberia;3;7507;0;294;3.9163447449047553
2022-07-24;LR;Liberia;1;7508;0;294;3.9158231220031965
2022-07-31;LR;Liberia;40;7548;0;294;3.8950715421303657
2022-08-07;LR;Liberia;104;7652;0;294;3.8421327757449033
2022-08-14;LR;Liberia;76;7728;0;294;3.804347826086957
2022-08-21;LR;Liberia;102;7830;0;294;3.7547892720306515
2022-08-28;LR;Liberia;53;7883;0;294;3.7295445896232398
2022-09-04;LR;Liberia;43;7926;0;294;3.709311127933384
2022-09-11;LR;Liberia;18;7944;0;294;3.7009063444108756
2022-09-18;LR;Liberia;16;7960;0;294;3.6934673366834168
2022-09-25;LR;Liberia;13;7973;0;294;3.6874451273046533
2022-10-02;LR;Liberia;3;7976;0;294;3.6860581745235708
2022-10-09;LR;Liberia;10;7986;0;294;3.6814425244177307
2022-10-16;LR;Liberia;4;7990;0;294;3.6795994993742176
2022-10-23;LR;Liberia;3;7993;0;294;3.678218441135994
2022-10-30;LR;Liberia;6;7999;0;294;3.6754594324290535
2022-11-06;LR;Liberia;10;8009;0;294;3.670870270945187
2022-11-13;LR;Liberia;5;8014;0;294;3.668579985026204
2022-11-20;LR;Liberia;11;8025;0;294;3.6635514018691593
2022-11-27;LR;Liberia;10;8035;0;294;3.658991910392035
2022-12-04;LR;Liberia;8;8043;0;294;3.6553524804177546
2022-12-11;LR;Liberia;0;8043;0;294;3.6553524804177546
2022-12-18;LR;Liberia;3;8046;0;294;3.6539895600298284
2022-12-25;LR;Liberia;4;8050;0;294;3.6521739130434785
2023-01-01;LR;Liberia;5;8055;0;294;3.649906890130354
2023-01-08;LR;Liberia;5;8060;0;294;3.6476426799007444
2023-01-15;LR;Liberia;0;8060;0;294;3.6476426799007444
2023-01-22;LR;Liberia;2;8062;0;294;3.6467377821880427
2023-01-29;LR;Liberia;0;8062;0;294;3.6467377821880427
2023-02-05;LR;Liberia;15;8077;0;294;3.639965333663489
2023-02-12;LR;Liberia;6;8083;0;294;3.6372633923048374
2023-02-19;LR;Liberia;7;8090;0;294;3.634116192830655
2023-02-26;LR;Liberia;0;8090;0;294;3.634116192830655
2023-03-05;LR;Liberia;0;8090;0;294;3.634116192830655
2023-03-12;LR;Liberia;0;8090;0;294;3.634116192830655
2023-03-19;LR;Liberia;0;8090;0;294;3.634116192830655
2023-03-26;LR;Liberia;0;8090;0;294;3.634116192830655
2023-04-02;LR;Liberia;0;8090;0;294;3.634116192830655
2023-04-09;LR;Liberia;0;8090;0;294;3.634116192830655
2023-04-16;LR;Liberia;0;8090;0;294;3.634116192830655
2023-04-23;LR;Liberia;0;8090;0;294;3.634116192830655
2023-04-30;LR;Liberia;0;8090;0;294;3.634116192830655
2023-05-07;LR;Liberia;0;8090;0;294;3.634116192830655
2023-05-14;LR;Liberia;0;8090;0;294;3.634116192830655
2023-05-21;LR;Liberia;0;8090;0;294;3.634116192830655
2023-05-28;LR;Liberia;0;8090;0;294;3.634116192830655
2023-06-04;LR;Liberia;0;8090;0;294;3.634116192830655
2023-06-11;LR;Liberia;0;8090;0;294;3.634116192830655
2023-06-18;LR;Liberia;0;8090;0;294;3.634116192830655
2023-06-25;LR;Liberia;0;8090;0;294;3.634116192830655
2023-07-02;LR;Liberia;0;8090;0;294;3.634116192830655
2023-07-09;LR;Liberia;0;8090;0;294;3.634116192830655
2023-07-16;LR;Liberia;0;8090;0;294;3.634116192830655
2023-07-23;LR;Liberia;0;8090;0;294;3.634116192830655
2023-07-30;LR;Liberia;0;8090;0;294;3.634116192830655
2023-08-06;LR;Liberia;0;8090;0;294;3.634116192830655
2023-08-13;LR;Liberia;-160;7930;0;294;3.7074401008827236
2023-08-20;LR;Liberia;0;7930;0;294;3.7074401008827236
2023-08-27;LR;Liberia;0;7930;0;294;3.7074401008827236
2023-09-03;LR;Liberia;0;7930;0;294;3.7074401008827236
2023-09-10;LR;Liberia;0;7930;0;294;3.7074401008827236
2023-09-17;LR;Liberia;0;7930;0;294;3.7074401008827236
2023-09-24;LR;Liberia;0;7930;0;294;3.7074401008827236
2023-10-01;LR;Liberia;0;7930;0;294;3.7074401008827236
2023-10-08;LR;Liberia;0;7930;0;294;3.7074401008827236
2023-10-15;LR;Liberia;0;7930;0;294;3.7074401008827236
2023-10-22;LR;Liberia;0;7930;0;294;3.7074401008827236
2023-10-29;LR;Liberia;0;7930;0;294;3.7074401008827236
2023-11-05;LR;Liberia;0;7930;0;294;3.7074401008827236
2023-11-12;LR;Liberia;0;7930;0;294;3.7074401008827236
2023-11-19;LR;Liberia;0;7930;0;294;3.7074401008827236
2023-11-26;LR;Liberia;0;7930;0;294;3.7074401008827236
2023-12-03;LR;Liberia;0;7930;0;294;3.7074401008827236
2023-12-10;LR;Liberia;0;7930;0;294;3.7074401008827236
2023-12-17;LR;Liberia;0;7930;0;294;3.7074401008827236
2023-12-24;LR;Liberia;0;7930;0;294;3.7074401008827236
2023-12-31;LR;Liberia;0;7930;0;294;3.7074401008827236
2024-01-07;LR;Liberia;0;7930;0;294;3.7074401008827236
2024-01-14;LR;Liberia;0;7930;0;294;3.7074401008827236
2024-01-21;LR;Liberia;0;7930;0;294;3.7074401008827236
2020-01-05;LY;Libya;0;0;0;0;0.0
2020-01-12;LY;Libya;0;0;0;0;0.0
2020-01-19;LY;Libya;0;0;0;0;0.0
2020-01-26;LY;Libya;0;0;0;0;0.0
2020-02-02;LY;Libya;0;0;0;0;0.0
2020-02-09;LY;Libya;0;0;0;0;0.0
2020-02-16;LY;Libya;0;0;0;0;0.0
2020-02-23;LY;Libya;0;0;0;0;0.0
2020-03-01;LY;Libya;0;0;0;0;0.0
2020-03-08;LY;Libya;0;0;0;0;0.0
2020-03-15;LY;Libya;0;0;0;0;0.0
2020-03-22;LY;Libya;0;0;0;0;0.0
2020-03-29;LY;Libya;1;1;0;0;0.0
2020-04-05;LY;Libya;10;11;1;1;9.090909090909092
2020-04-12;LY;Libya;13;24;0;1;4.166666666666666
2020-04-19;LY;Libya;25;49;0;1;2.0408163265306123
2020-04-26;LY;Libya;11;60;1;2;3.3333333333333335
2020-05-03;LY;Libya;3;63;1;3;4.761904761904762
2020-05-10;LY;Libya;1;64;0;3;4.6875
2020-05-17;LY;Libya;0;64;0;3;4.6875
2020-05-24;LY;Libya;8;72;0;3;4.166666666666666
2020-05-31;LY;Libya;46;118;2;5;4.23728813559322
2020-06-07;LY;Libya;121;239;0;5;2.092050209205021
2020-06-14;LY;Libya;170;409;1;6;1.466992665036675
2020-06-21;LY;Libya;111;520;4;10;1.9230769230769231
2020-06-28;LY;Libya;193;713;8;18;2.524544179523142
2020-07-05;LY;Libya;205;918;9;27;2.941176470588235
2020-07-12;LY;Libya;424;1342;11;38;2.8315946348733236
2020-07-19;LY;Libya;362;1704;9;47;2.7582159624413145
2020-07-26;LY;Libya;721;2425;10;57;2.350515463917526
2020-08-02;LY;Libya;1196;3621;17;74;2.0436343551505107
2020-08-09;LY;Libya;1457;5078;34;108;2.126821583300512
2020-08-16;LY;Libya;2249;7327;31;139;1.8970929439061006
2020-08-23;LY;Libya;2794;10121;41;180;1.7784803873135067
2020-08-30;LY;Libya;2837;12958;51;231;1.7826825127334467
2020-09-06;LY;Libya;4136;17094;41;272;1.5912015912015913
2020-09-13;LY;Libya;5254;22348;82;354;1.5840343654913194
2020-09-20;LY;Libya;4886;27234;72;426;1.5642211940956157
2020-09-27;LY;Libya;4594;31828;73;499;1.56780193540279
2020-10-04;LY;Libya;4259;36087;79;578;1.6016848172472082
2020-10-11;LY;Libya;5599;41686;45;623;1.4945065489612819
2020-10-18;LY;Libya;6159;47845;76;699;1.460967708224475
2020-10-25;LY;Libya;6529;54374;91;790;1.4529002832235995
2020-11-01;LY;Libya;6721;61095;67;857;1.4027334479089941
2020-11-08;LY;Libya;5944;67039;63;920;1.3723355061978848
2020-11-15;LY;Libya;5589;72628;75;995;1.3699950432340144
2020-11-22;LY;Libya;4180;76808;73;1068;1.390480158316842
2020-11-29;LY;Libya;4465;81273;85;1153;1.4186753288299927
2020-12-06;LY;Libya;4256;85529;66;1219;1.4252475768452806
2020-12-13;LY;Libya;4351;89880;59;1278;1.4218958611481975
2020-12-20;LY;Libya;3892;93772;68;1346;1.4353964936228298
2020-12-27;LY;Libya;3881;97653;69;1415;1.4490082229936614
2021-01-03;LY;Libya;3091;100744;72;1487;1.4760184229333757
2021-01-10;LY;Libya;3258;104002;81;1568;1.5076633141670353
2021-01-17;LY;Libya;4015;108017;83;1651;1.5284631122878807
2021-01-24;LY;Libya;4523;112540;86;1737;1.543451217344944
2021-01-31;LY;Libya;5110;117650;105;1842;1.5656608584785379
2021-02-07;LY;Libya;5244;122894;94;1936;1.5753413510830472
2021-02-14;LY;Libya;3987;126881;78;2014;1.5873140974614008
2021-02-21;LY;Libya;2444;129325;74;2088;1.6145370191378312
2021-02-28;LY;Libya;3133;132458;86;2174;1.6412749701792269
2021-03-07;LY;Libya;5024;137482;62;2236;1.6263947280371247
2021-03-14;LY;Libya;6161;143643;112;2348;1.6346080212749663
2021-03-21;LY;Libya;6698;150341;139;2487;1.6542393625158807
2021-03-28;LY;Libya;5775;156116;115;2602;1.666709369955674
2021-04-04;LY;Libya;4972;161088;82;2684;1.6661700437028206
2021-04-11;LY;Libya;5800;166888;123;2807;1.681966348688941
2021-04-18;LY;Libya;4243;171131;75;2882;1.6840899661662703
2021-04-25;LY;Libya;3621;174752;65;2947;1.6863898553378502
2021-05-02;LY;Libya;2756;177508;82;3029;1.7064019649818603
2021-05-09;LY;Libya;2189;179697;34;3063;1.7045359688809496
2021-05-16;LY;Libya;1482;181179;22;3085;1.7027359682965464
2021-05-23;LY;Libya;1720;182899;20;3105;1.6976582704115384
2021-05-30;LY;Libya;1916;184815;11;3116;1.6860103346589834
2021-06-06;LY;Libya;2138;186953;21;3137;1.6779618406765335
2021-06-13;LY;Libya;1809;188762;21;3158;1.6730062194721396
2021-06-20;LY;Libya;1664;190426;15;3173;1.6662640605799628
2021-06-27;LY;Libya;1703;192129;12;3185;1.6577403723539912
2021-07-04;LY;Libya;2194;194323;20;3205;1.6493158298297166
2021-07-11;LY;Libya;6913;201236;27;3232;1.6060744598382
2021-07-18;LY;Libya;16198;217434;21;3253;1.496086168676472
2021-07-25;LY;Libya;12170;229604;91;3344;1.4564206198498284
2021-08-01;LY;Libya;19510;249114;165;3509;1.408592050226001
2021-08-08;LY;Libya;15713;264827;180;3689;1.3929848542633494
2021-08-15;LY;Libya;14272;279099;180;3869;1.3862464573502593
2021-08-22;LY;Libya;14433;293532;148;4017;1.3685049670904705
2021-08-29;LY;Libya;10258;303790;148;4165;1.3710128707330722
2021-09-05;LY;Libya;9714;313504;143;4308;1.3741451464734102
2021-09-12;LY;Libya;8983;322487;102;4410;1.367496984374564
2021-09-19;LY;Libya;7337;329824;80;4490;1.3613321043950712
2021-09-26;LY;Libya;6167;335991;98;4588;1.365512766711013
2021-10-03;LY;Libya;5100;341091;76;4664;1.3673770342811742
2021-10-10;LY;Libya;4360;345451;93;4757;1.3770404485730248
2021-10-17;LY;Libya;3759;349210;103;4860;1.3917127230033504
2021-10-24;LY;Libya;3671;352881;122;4982;1.4118073798249269
2021-10-31;LY;Libya;3774;356655;96;5078;1.4237848901599586
2021-11-07;LY;Libya;3611;360266;108;5186;1.4394919309621224
2021-11-14;LY;Libya;3810;364076;89;5275;1.448873312165592
2021-11-21;LY;Libya;3142;367218;90;5365;1.4609850279670387
2021-11-28;LY;Libya;3569;370787;65;5430;1.4644526372283817
2021-12-05;LY;Libya;3493;374280;50;5480;1.464144490755584
2021-12-12;LY;Libya;3170;377450;60;5540;1.4677440720625248
2021-12-19;LY;Libya;3573;381023;49;5589;1.4668405844266619
2021-12-26;LY;Libya;3640;384663;52;5641;1.466478449967894
2022-01-02;LY;Libya;4071;388734;69;5710;1.4688707445193885
2022-01-09;LY;Libya;4134;392868;68;5778;1.4707229909282507
2022-01-16;LY;Libya;3584;396452;50;5828;1.4700392481309212
2022-01-23;LY;Libya;6692;403144;79;5907;1.4652332665251127
2022-01-30;LY;Libya;16399;419543;86;5993;1.4284590614072932
2022-02-06;LY;Libya;26333;445876;59;6052;1.3573280463626658
2022-02-13;LY;Libya;20790;466666;61;6113;1.3099304427577754
2022-02-20;LY;Libya;15487;482153;65;6178;1.2813360074499174
2022-02-27;LY;Libya;10001;492154;63;6241;1.2680990096595781
2022-03-06;LY;Libya;5125;497279;47;6288;1.264481307274186
2022-03-13;LY;Libya;2488;499767;48;6336;1.267790790508377
2022-03-20;LY;Libya;1097;500864;32;6368;1.271403015589062
2022-03-27;LY;Libya;556;501420;29;6397;1.2757767939053088
2022-04-03;LY;Libya;318;501738;22;6419;1.2793529690794798
2022-04-10;LY;Libya;96;501834;10;6429;1.2811009218187688
2022-04-17;LY;Libya;28;501862;0;6429;1.281029446341823
2022-04-24;LY;Libya;42;501904;1;6430;1.2811214893684848
2022-05-01;LY;Libya;12;501916;0;6430;1.28109085982515
2022-05-08;LY;Libya;3;501919;0;6430;1.2810832026681596
2022-05-15;LY;Libya;35;501954;0;6430;1.2809938759328545
2022-05-22;LY;Libya;33;501987;0;6430;1.2809096649913245
2022-05-29;LY;Libya;29;502016;0;6430;1.2808356705762367
2022-06-05;LY;Libya;24;502040;0;6430;1.2807744402836427
2022-06-12;LY;Libya;36;502076;0;6430;1.2806826058206326
2022-06-19;LY;Libya;34;502110;0;6430;1.280595885363765
2022-06-26;LY;Libya;28;502138;0;6430;1.280524477334916
2022-07-03;LY;Libya;51;502189;0;6430;1.2803944331715749
2022-07-10;LY;Libya;100;502289;0;6430;1.2801395212716185
2022-07-17;LY;Libya;353;502642;1;6431;1.2794394419885327
2022-07-24;LY;Libya;969;503611;0;6431;1.2769776672868545
2022-07-31;LY;Libya;1138;504749;0;6431;1.274098611389027
2022-08-07;LY;Libya;862;505611;2;6433;1.2723220024880788
2022-08-14;LY;Libya;567;506178;1;6434;1.2710943581111782
2022-08-21;LY;Libya;337;506515;2;6436;1.2706435149995559
2022-08-28;LY;Libya;231;506746;0;6436;1.2700642925647168
2022-09-04;LY;Libya;92;506838;1;6437;1.2700310552878828
2022-09-11;LY;Libya;51;506889;0;6437;1.2699032727086206
2022-09-18;LY;Libya;33;506922;0;6437;1.2698206035642563
2022-09-25;LY;Libya;32;506954;0;6437;1.26974044982385
2022-10-02;LY;Libya;40;506994;0;6437;1.2696402718769848
2022-10-09;LY;Libya;16;507010;0;6437;1.2696002051241593
2022-10-16;LY;Libya;2;507012;0;6437;1.269595196957863
2022-10-23;LY;Libya;12;507024;0;6437;1.269565148789801
2022-10-30;LY;Libya;10;507034;0;6437;1.2695401097362309
2022-11-06;LY;Libya;17;507051;0;6437;1.2694975456117827
2022-11-13;LY;Libya;9;507060;0;6437;1.2694750128189958
2022-11-20;LY;Libya;10;507070;0;6437;1.2694499773206855
2022-11-27;LY;Libya;8;507078;0;6437;1.2694299496329953
2022-12-04;LY;Libya;6;507084;0;6437;1.2694149292819334
2022-12-11;LY;Libya;16;507100;0;6437;1.2693748767501478
2022-12-18;LY;Libya;12;507112;0;6437;1.269344839009923
2022-12-25;LY;Libya;9;507121;0;6437;1.2693223116376564
2023-01-01;LY;Libya;21;507142;0;6437;1.2692697508784523
2023-01-08;LY;Libya;11;507153;0;6437;1.269242220789387
2023-01-15;LY;Libya;1;507154;0;6437;1.2692397181132358
2023-01-22;LY;Libya;4;507158;0;6437;1.2692297075073251
2023-01-29;LY;Libya;1;507159;0;6437;1.2692272048805207
2023-02-05;LY;Libya;3;507162;0;6437;1.2692196970593224
2023-02-12;LY;Libya;4;507166;0;6437;1.2692096867692235
2023-02-19;LY;Libya;4;507170;0;6437;1.269199676637025
2023-02-26;LY;Libya;1;507171;0;6437;1.269197174128647
2023-03-05;LY;Libya;3;507174;0;6437;1.2691896666627231
2023-03-12;LY;Libya;13;507187;0;6437;1.2691571353366706
2023-03-19;LY;Libya;14;507201;0;6437;1.2691221034658842
2023-03-26;LY;Libya;5;507206;0;6437;1.2691095925521387
2023-04-02;LY;Libya;0;507206;0;6437;1.2691095925521387
2023-04-09;LY;Libya;23;507229;0;6437;1.269052045525788
2023-04-16;LY;Libya;15;507244;0;6437;1.2690145176680256
2023-04-23;LY;Libya;6;507250;0;6437;1.2689995071463775
2023-04-30;LY;Libya;2;507252;0;6437;1.268994503718073
2023-05-07;LY;Libya;0;507252;0;6437;1.268994503718073
2023-05-14;LY;Libya;1;507253;0;6437;1.2689920020187164
2023-05-21;LY;Libya;2;507255;0;6437;1.2689869986495943
2023-05-28;LY;Libya;7;507262;0;6437;1.2689694871683666
2023-06-04;LY;Libya;1;507263;0;6437;1.2689669855676444
2023-06-11;LY;Libya;1;507264;0;6437;1.2689644839767853
2023-06-18;LY;Libya;0;507264;0;6437;1.2689644839767853
2023-06-25;LY;Libya;2;507266;0;6437;1.268959480824656
2023-07-02;LY;Libya;0;507266;0;6437;1.268959480824656
2023-07-09;LY;Libya;0;507266;0;6437;1.268959480824656
2023-07-16;LY;Libya;0;507266;0;6437;1.268959480824656
2023-07-23;LY;Libya;0;507266;0;6437;1.268959480824656
2023-07-30;LY;Libya;0;507266;0;6437;1.268959480824656
2023-08-06;LY;Libya;0;507266;0;6437;1.268959480824656
2023-08-13;LY;Libya;0;507266;0;6437;1.268959480824656
2023-08-20;LY;Libya;0;507266;0;6437;1.268959480824656
2023-08-27;LY;Libya;2;507268;0;6437;1.2689544777119788
2023-09-03;LY;Libya;1;507269;0;6437;1.2689519761704342
2023-09-10;LY;Libya;0;507269;0;6437;1.2689519761704342
2023-09-17;LY;Libya;0;507269;0;6437;1.2689519761704342
2023-09-24;LY;Libya;0;507269;0;6437;1.2689519761704342
2023-10-01;LY;Libya;0;507269;0;6437;1.2689519761704342
2023-10-08;LY;Libya;0;507269;0;6437;1.2689519761704342
2023-10-15;LY;Libya;0;507269;0;6437;1.2689519761704342
2023-10-22;LY;Libya;0;507269;0;6437;1.2689519761704342
2023-10-29;LY;Libya;0;507269;0;6437;1.2689519761704342
2023-11-05;LY;Libya;0;507269;0;6437;1.2689519761704342
2023-11-12;LY;Libya;0;507269;0;6437;1.2689519761704342
2023-11-19;LY;Libya;0;507269;0;6437;1.2689519761704342
2023-11-26;LY;Libya;0;507269;0;6437;1.2689519761704342
2023-12-03;LY;Libya;0;507269;0;6437;1.2689519761704342
2023-12-10;LY;Libya;0;507269;0;6437;1.2689519761704342
2023-12-17;LY;Libya;0;507269;0;6437;1.2689519761704342
2023-12-24;LY;Libya;0;507269;0;6437;1.2689519761704342
2023-12-31;LY;Libya;0;507269;0;6437;1.2689519761704342
2024-01-07;LY;Libya;0;507269;0;6437;1.2689519761704342
2024-01-14;LY;Libya;0;507269;0;6437;1.2689519761704342
2024-01-21;LY;Libya;0;507269;0;6437;1.2689519761704342
2020-01-05;LI;Liechtenstein;0;0;0;0;0.0
2020-01-12;LI;Liechtenstein;0;0;0;0;0.0
2020-01-19;LI;Liechtenstein;0;0;0;0;0.0
2020-01-26;LI;Liechtenstein;0;0;0;0;0.0
2020-02-02;LI;Liechtenstein;0;0;0;0;0.0
2020-02-09;LI;Liechtenstein;0;0;0;0;0.0
2020-02-16;LI;Liechtenstein;0;0;0;0;0.0
2020-02-23;LI;Liechtenstein;0;0;0;0;0.0
2020-03-01;LI;Liechtenstein;0;0;0;0;0.0
2020-03-08;LI;Liechtenstein;1;1;0;0;0.0
2020-03-15;LI;Liechtenstein;10;11;0;0;0.0
2020-03-22;LI;Liechtenstein;35;46;0;0;0.0
2020-03-29;LI;Liechtenstein;18;64;0;0;0.0
2020-04-05;LI;Liechtenstein;14;78;1;1;1.282051282051282
2020-04-12;LI;Liechtenstein;3;81;0;1;1.2345679012345678
2020-04-19;LI;Liechtenstein;1;82;0;1;1.2195121951219512
2020-04-26;LI;Liechtenstein;1;83;0;1;1.2048192771084338
2020-05-03;LI;Liechtenstein;0;83;0;1;1.2048192771084338
2020-05-10;LI;Liechtenstein;0;83;0;1;1.2048192771084338
2020-05-17;LI;Liechtenstein;0;83;0;1;1.2048192771084338
2020-05-24;LI;Liechtenstein;0;83;0;1;1.2048192771084338
2020-05-31;LI;Liechtenstein;0;83;0;1;1.2048192771084338
2020-06-07;LI;Liechtenstein;0;83;0;1;1.2048192771084338
2020-06-14;LI;Liechtenstein;0;83;0;1;1.2048192771084338
2020-06-21;LI;Liechtenstein;0;83;0;1;1.2048192771084338
2020-06-28;LI;Liechtenstein;0;83;0;1;1.2048192771084338
2020-07-05;LI;Liechtenstein;1;84;0;1;1.1904761904761905
2020-07-12;LI;Liechtenstein;1;85;0;1;1.1764705882352942
2020-07-19;LI;Liechtenstein;2;87;0;1;1.1494252873563218
2020-07-26;LI;Liechtenstein;0;87;0;1;1.1494252873563218
2020-08-02;LI;Liechtenstein;2;89;0;1;1.1235955056179776
2020-08-09;LI;Liechtenstein;0;89;0;1;1.1235955056179776
2020-08-16;LI;Liechtenstein;5;94;0;1;1.0638297872340425
2020-08-23;LI;Liechtenstein;7;101;0;1;0.9900990099009901
2020-08-30;LI;Liechtenstein;7;108;0;1;0.9259259259259258
2020-09-06;LI;Liechtenstein;0;108;0;1;0.9259259259259258
2020-09-13;LI;Liechtenstein;3;111;0;1;0.9009009009009009
2020-09-20;LI;Liechtenstein;3;114;0;1;0.8771929824561403
2020-09-27;LI;Liechtenstein;5;119;0;1;0.8403361344537815
2020-10-04;LI;Liechtenstein;9;128;0;1;0.78125
2020-10-11;LI;Liechtenstein;22;150;0;1;0.6666666666666667
2020-10-18;LI;Liechtenstein;77;227;0;1;0.4405286343612335
2020-10-25;LI;Liechtenstein;186;413;0;1;0.24213075060532688
2020-11-01;LI;Liechtenstein;190;603;2;3;0.4975124378109453
2020-11-08;LI;Liechtenstein;217;820;0;3;0.3658536585365854
2020-11-15;LI;Liechtenstein;193;1013;3;6;0.5923000987166831
2020-11-22;LI;Liechtenstein;141;1154;4;10;0.8665511265164645
2020-11-29;LI;Liechtenstein;149;1303;7;17;1.3046815042210285
2020-12-06;LI;Liechtenstein;130;1433;2;19;1.3258897418004187
2020-12-13;LI;Liechtenstein;144;1577;2;21;1.3316423589093214
2020-12-20;LI;Liechtenstein;254;1831;5;26;1.4199890770071
2020-12-27;LI;Liechtenstein;257;2088;13;39;1.8678160919540232
2021-01-03;LI;Liechtenstein;196;2284;5;44;1.926444833625219
2021-01-10;LI;Liechtenstein;121;2405;6;50;2.079002079002079
2021-01-17;LI;Liechtenstein;49;2454;0;50;2.037489812550937
2021-01-24;LI;Liechtenstein;59;2513;3;53;2.109033028253084
2021-01-31;LI;Liechtenstein;54;2567;0;53;2.0646669263731985
2021-02-07;LI;Liechtenstein;30;2597;0;53;2.0408163265306123
2021-02-14;LI;Liechtenstein;18;2615;2;55;2.1032504780114722
2021-02-21;LI;Liechtenstein;7;2622;0;55;2.0976353928299005
2021-02-28;LI;Liechtenstein;28;2650;0;55;2.0754716981132075
2021-03-07;LI;Liechtenstein;20;2670;1;56;2.0973782771535583
2021-03-14;LI;Liechtenstein;20;2690;0;56;2.0817843866171004
2021-03-21;LI;Liechtenstein;21;2711;0;56;2.0656584286241237
2021-03-28;LI;Liechtenstein;28;2739;0;56;2.044541803577948
2021-04-04;LI;Liechtenstein;37;2776;0;56;2.0172910662824206
2021-04-11;LI;Liechtenstein;61;2837;0;56;1.973916108565386
2021-04-18;LI;Liechtenstein;72;2909;0;56;1.9250601581299414
2021-04-25;LI;Liechtenstein;64;2973;1;57;1.917255297679112
2021-05-02;LI;Liechtenstein;62;3035;0;57;1.8780889621087316
2021-05-09;LI;Liechtenstein;27;3062;1;58;1.8941868060091442
2021-05-16;LI;Liechtenstein;17;3079;0;58;1.8837284832737902
2021-05-23;LI;Liechtenstein;12;3091;0;58;1.8764153995470723
2021-05-30;LI;Liechtenstein;12;3103;0;58;1.8691588785046727
2021-06-06;LI;Liechtenstein;12;3115;0;58;1.8619582664526484
2021-06-13;LI;Liechtenstein;5;3120;1;59;1.891025641025641
2021-06-20;LI;Liechtenstein;3;3123;0;59;1.8892090938200448
2021-06-27;LI;Liechtenstein;4;3127;0;59;1.8867924528301887
2021-07-04;LI;Liechtenstein;13;3140;0;59;1.8789808917197452
2021-07-11;LI;Liechtenstein;13;3153;0;59;1.871233745639074
2021-07-18;LI;Liechtenstein;11;3164;0;59;1.8647281921618204
2021-07-25;LI;Liechtenstein;15;3179;0;59;1.8559295375904374
2021-08-01;LI;Liechtenstein;13;3192;0;59;1.8483709273182956
2021-08-08;LI;Liechtenstein;15;3207;0;59;1.8397256002494544
2021-08-15;LI;Liechtenstein;63;3270;0;59;1.8042813455657492
2021-08-22;LI;Liechtenstein;73;3343;0;59;1.7648818426562969
2021-08-29;LI;Liechtenstein;38;3381;0;59;1.7450458444247263
2021-09-05;LI;Liechtenstein;64;3445;0;59;1.7126269956458633
2021-09-12;LI;Liechtenstein;53;3498;1;60;1.7152658662092626
2021-09-19;LI;Liechtenstein;32;3530;0;60;1.69971671388102
2021-09-26;LI;Liechtenstein;25;3555;0;60;1.6877637130801686
2021-10-03;LI;Liechtenstein;6;3561;0;60;1.6849199663016006
2021-10-10;LI;Liechtenstein;11;3572;0;60;1.6797312430011198
2021-10-17;LI;Liechtenstein;31;3603;0;60;1.665278934221482
2021-10-24;LI;Liechtenstein;39;3642;1;61;1.6749038989566172
2021-10-31;LI;Liechtenstein;43;3685;0;61;1.655359565807327
2021-11-07;LI;Liechtenstein;93;3778;0;61;1.614610905240868
2021-11-14;LI;Liechtenstein;147;3925;0;61;1.554140127388535
2021-11-21;LI;Liechtenstein;378;4303;0;61;1.4176156170113874
2021-11-28;LI;Liechtenstein;400;4703;1;62;1.3183074633212843
2021-12-05;LI;Liechtenstein;409;5112;0;62;1.2128325508607198
2021-12-12;LI;Liechtenstein;375;5487;5;67;1.2210679788591214
2021-12-19;LI;Liechtenstein;304;5791;2;69;1.1915040580210672
2021-12-26;LI;Liechtenstein;268;6059;0;69;1.138801782472355
2022-01-02;LI;Liechtenstein;292;6351;0;69;1.086443079829948
2022-01-09;LI;Liechtenstein;481;6832;0;69;1.009953161592506
2022-01-16;LI;Liechtenstein;545;7377;1;70;0.9488952148569879
2022-01-23;LI;Liechtenstein;757;8134;1;71;0.8728792721908041
2022-01-30;LI;Liechtenstein;910;9044;0;71;0.7850508624502434
2022-02-06;LI;Liechtenstein;810;9854;0;71;0.7205195859549421
2022-02-13;LI;Liechtenstein;846;10700;0;71;0.6635514018691588
2022-02-20;LI;Liechtenstein;615;11315;3;74;0.6539991162174105
2022-02-27;LI;Liechtenstein;648;11963;1;75;0.6269330435509488
2022-03-06;LI;Liechtenstein;1143;13106;1;76;0.5798870746223104
2022-03-13;LI;Liechtenstein;1126;14232;2;78;0.5480607082630692
2022-03-20;LI;Liechtenstein;1149;15381;2;80;0.52012222872375
2022-03-27;LI;Liechtenstein;710;16091;2;82;0.5096016406686968
2022-04-03;LI;Liechtenstein;406;16497;0;82;0.4970600715281566
2022-04-10;LI;Liechtenstein;266;16763;0;82;0.48917258247330425
2022-04-17;LI;Liechtenstein;204;16967;0;82;0.48329109447751517
2022-04-24;LI;Liechtenstein;112;17079;0;82;0.4801217869898706
2022-05-01;LI;Liechtenstein;95;17174;1;83;0.4832886922091534
2022-05-08;LI;Liechtenstein;80;17254;0;83;0.48104787295699547
2022-05-15;LI;Liechtenstein;67;17321;0;83;0.479187113907973
2022-05-22;LI;Liechtenstein;57;17378;0;83;0.47761537576245827
2022-05-29;LI;Liechtenstein;53;17431;0;83;0.4761631575927945
2022-06-05;LI;Liechtenstein;95;17526;0;83;0.473582106584503
2022-06-12;LI;Liechtenstein;76;17602;1;84;0.47721849789796617
2022-06-19;LI;Liechtenstein;95;17697;0;84;0.47465672147821664
2022-06-26;LI;Liechtenstein;124;17821;0;84;0.47135402053756803
2022-07-03;LI;Liechtenstein;158;17979;1;85;0.472773791645809
2022-07-10;LI;Liechtenstein;209;18188;0;85;0.46734110402463164
2022-07-17;LI;Liechtenstein;205;18393;0;85;0.46213233295275374
2022-07-24;LI;Liechtenstein;164;18557;0;85;0.4580481758904995
2022-07-31;LI;Liechtenstein;148;18705;1;86;0.45977011494252873
2022-08-07;LI;Liechtenstein;113;18818;0;86;0.4570092464661495
2022-08-14;LI;Liechtenstein;109;18927;0;86;0.45437734453426326
2022-08-21;LI;Liechtenstein;70;18997;0;86;0.4527030583776385
2022-08-28;LI;Liechtenstein;105;19102;0;86;0.4502146372107632
2022-09-04;LI;Liechtenstein;118;19220;0;86;0.4474505723204995
2022-09-11;LI;Liechtenstein;105;19325;0;86;0.4450194049159121
2022-09-18;LI;Liechtenstein;111;19436;0;86;0.4424778761061947
2022-09-25;LI;Liechtenstein;151;19587;0;86;0.4390667279317915
2022-10-02;LI;Liechtenstein;271;19858;0;86;0.43307483130224594
2022-10-09;LI;Liechtenstein;304;20162;0;86;0.4265449856165063
2022-10-16;LI;Liechtenstein;243;20405;0;86;0.4214653271257045
2022-10-23;LI;Liechtenstein;152;20557;0;86;0.4183489808824245
2022-10-30;LI;Liechtenstein;87;20644;0;86;0.4165859329587289
2022-11-06;LI;Liechtenstein;85;20729;0;86;0.41487770755945774
2022-11-13;LI;Liechtenstein;56;20785;0;86;0.4137599230214096
2022-11-20;LI;Liechtenstein;61;20846;0;86;0.4125491701045764
2022-11-27;LI;Liechtenstein;60;20906;0;86;0.41136515832775283
2022-12-04;LI;Liechtenstein;119;21025;0;86;0.4090368608799049
2022-12-11;LI;Liechtenstein;91;21116;1;87;0.4120098503504452
2022-12-18;LI;Liechtenstein;96;21212;0;87;0.41014520082971906
2022-12-25;LI;Liechtenstein;69;21281;0;87;0.40881537521733
2023-01-01;LI;Liechtenstein;23;21304;0;87;0.4083740142696207
2023-01-08;LI;Liechtenstein;20;21324;0;87;0.40799099606077655
2023-01-15;LI;Liechtenstein;15;21339;0;87;0.4077042035709265
2023-01-22;LI;Liechtenstein;1;21340;0;87;0.40768509840674794
2023-01-29;LI;Liechtenstein;10;21350;0;87;0.4074941451990633
2023-02-05;LI;Liechtenstein;9;21359;0;87;0.40732244018914743
2023-02-12;LI;Liechtenstein;13;21372;0;87;0.40707467714766987
2023-02-19;LI;Liechtenstein;15;21387;0;87;0.4067891709917239
2023-02-26;LI;Liechtenstein;17;21404;0;87;0.4064660811063352
2023-03-05;LI;Liechtenstein;28;21432;0;87;0.4059350503919373
2023-03-12;LI;Liechtenstein;16;21448;0;87;0.4056322267810519
2023-03-19;LI;Liechtenstein;6;21454;0;87;0.405518784375874
2023-03-26;LI;Liechtenstein;4;21458;0;87;0.40544319135054524
2023-04-02;LI;Liechtenstein;0;21458;0;87;0.40544319135054524
2023-04-09;LI;Liechtenstein;2;21460;0;87;0.40540540540540543
2023-04-16;LI;Liechtenstein;0;21460;0;87;0.40540540540540543
2023-04-23;LI;Liechtenstein;2;21462;0;87;0.4053676265026559
2023-04-30;LI;Liechtenstein;2;21464;0;87;0.40532985464032795
2023-05-07;LI;Liechtenstein;1;21465;0;87;0.40531097134870714
2023-05-14;LI;Liechtenstein;3;21468;0;87;0.4052543320290665
2023-05-21;LI;Liechtenstein;0;21468;0;87;0.4052543320290665
2023-05-28;LI;Liechtenstein;1;21469;0;87;0.4052354557734407
2023-06-04;LI;Liechtenstein;1;21470;0;87;0.4052165812761993
2023-06-11;LI;Liechtenstein;1;21471;0;87;0.4051977085370966
2023-06-18;LI;Liechtenstein;0;21471;0;87;0.4051977085370966
2023-06-25;LI;Liechtenstein;1;21472;0;87;0.40517883755588674
2023-07-02;LI;Liechtenstein;1;21473;0;87;0.4051599683323243
2023-07-09;LI;Liechtenstein;0;21473;0;87;0.4051599683323243
2023-07-16;LI;Liechtenstein;0;21473;0;87;0.4051599683323243
2023-07-23;LI;Liechtenstein;0;21473;0;87;0.4051599683323243
2023-07-30;LI;Liechtenstein;0;21473;0;87;0.4051599683323243
2023-08-06;LI;Liechtenstein;0;21473;0;87;0.4051599683323243
2023-08-13;LI;Liechtenstein;0;21473;0;87;0.4051599683323243
2023-08-20;LI;Liechtenstein;1;21474;0;87;0.4051411008661637
2023-08-27;LI;Liechtenstein;1;21475;0;87;0.4051222351571595
2023-09-03;LI;Liechtenstein;2;21477;0;87;0.40508450900963827
2023-09-10;LI;Liechtenstein;2;21479;0;87;0.4050467898877974
2023-09-17;LI;Liechtenstein;7;21486;0;87;0.40491482826026254
2023-09-24;LI;Liechtenstein;2;21488;0;87;0.4048771407297096
2023-10-01;LI;Liechtenstein;3;21491;0;87;0.40482062258619883
2023-10-08;LI;Liechtenstein;3;21494;0;87;0.4047641202195962
2023-10-15;LI;Liechtenstein;3;21497;0;87;0.40470763362329626
2023-10-22;LI;Liechtenstein;7;21504;0;87;0.4045758928571429
2023-10-29;LI;Liechtenstein;3;21507;0;87;0.40451945878086204
2023-11-05;LI;Liechtenstein;7;21514;0;87;0.4043878404759692
2023-11-12;LI;Liechtenstein;5;21519;0;87;0.4042938798271295
2023-11-19;LI;Liechtenstein;8;21527;0;87;0.4041436335764389
2023-11-26;LI;Liechtenstein;10;21537;0;87;0.4039559827273994
2023-12-03;LI;Liechtenstein;8;21545;0;87;0.40380598746809004
2023-12-10;LI;Liechtenstein;0;21545;0;87;0.40380598746809004
2023-12-17;LI;Liechtenstein;13;21558;0;87;0.4035624826050654
2023-12-24;LI;Liechtenstein;6;21564;0;87;0.4034501947690595
2023-12-31;LI;Liechtenstein;3;21567;2;89;0.4126675012750962
2024-01-07;LI;Liechtenstein;2;21569;0;89;0.4126292364040985
2024-01-14;LI;Liechtenstein;1;21570;0;89;0.41261010662957814
2024-01-21;LI;Liechtenstein;1;21571;0;89;0.41259097862871447
2020-01-05;LT;Lithuania;0;0;0;0;0.0
2020-01-12;LT;Lithuania;0;0;0;0;0.0
2020-01-19;LT;Lithuania;0;0;0;0;0.0
2020-01-26;LT;Lithuania;0;0;0;0;0.0
2020-02-02;LT;Lithuania;0;0;0;0;0.0
2020-02-09;LT;Lithuania;0;0;0;0;0.0
2020-02-16;LT;Lithuania;0;0;0;0;0.0
2020-02-23;LT;Lithuania;0;0;0;0;0.0
2020-03-01;LT;Lithuania;0;0;0;0;0.0
2020-03-08;LT;Lithuania;0;0;0;0;0.0
2020-03-15;LT;Lithuania;0;0;0;0;0.0
2020-03-22;LT;Lithuania;29;29;0;0;0.0
2020-03-29;LT;Lithuania;233;262;4;4;1.5267175572519083
2020-04-05;LT;Lithuania;354;616;4;8;1.2987012987012987
2020-04-12;LT;Lithuania;264;880;6;14;1.5909090909090908
2020-04-19;LT;Lithuania;238;1118;9;23;2.0572450805008944
2020-04-26;LT;Lithuania;127;1245;8;31;2.4899598393574296
2020-05-03;LT;Lithuania;82;1327;2;33;2.4868123587038435
2020-05-10;LT;Lithuania;72;1399;3;36;2.573266619013581
2020-05-17;LT;Lithuania;76;1475;7;43;2.9152542372881354
2020-05-24;LT;Lithuania;82;1557;5;48;3.0828516377649327
2020-05-31;LT;Lithuania;48;1605;6;54;3.364485981308411
2020-06-07;LT;Lithuania;44;1649;2;56;3.395997574287447
2020-06-14;LT;Lithuania;52;1701;3;59;3.4685479129923578
2020-06-21;LT;Lithuania;29;1730;1;60;3.4682080924855487
2020-06-28;LT;Lithuania;15;1745;1;61;3.4957020057306587
2020-07-05;LT;Lithuania;26;1771;1;62;3.5008469791078487
2020-07-12;LT;Lithuania;31;1802;0;62;3.4406215316315207
2020-07-19;LT;Lithuania;71;1873;1;63;3.363587827015483
2020-07-26;LT;Lithuania;30;1903;0;63;3.310562270099842
2020-08-02;LT;Lithuania;146;2049;0;63;3.074670571010249
2020-08-09;LT;Lithuania;142;2191;1;64;2.921040620721132
2020-08-16;LT;Lithuania;192;2383;0;64;2.6856903063365505
2020-08-23;LT;Lithuania;237;2620;3;67;2.5572519083969465
2020-08-30;LT;Lithuania;227;2847;2;69;2.423603793466807
2020-09-06;LT;Lithuania;214;3061;0;69;2.254165305455733
2020-09-13;LT;Lithuania;287;3348;2;71;2.120669056152927
2020-09-20;LT;Lithuania;433;3781;0;71;1.8778101031473156
2020-09-27;LT;Lithuania;710;4491;5;76;1.6922734357604097
2020-10-04;LT;Lithuania;790;5281;5;81;1.5338004165877674
2020-10-11;LT;Lithuania;1029;6310;8;89;1.410459587955626
2020-10-18;LT;Lithuania;1566;7876;11;100;1.2696800406297613
2020-10-25;LT;Lithuania;2963;10839;22;122;1.1255650890303532
2020-11-01;LT;Lithuania;6039;16878;33;155;0.9183552553620097
2020-11-08;LT;Lithuania;8245;25123;49;204;0.8120049357162759
2020-11-15;LT;Lithuania;10357;35480;91;295;0.8314543404735062
2020-11-22;LT;Lithuania;12436;47916;144;439;0.9161866599883128
2020-11-29;LT;Lithuania;13381;61297;153;592;0.9657895166158214
2020-12-06;LT;Lithuania;14961;76258;196;788;1.0333342075585512
2020-12-13;LT;Lithuania;19051;95309;252;1040;1.0911876108237417
2020-12-20;LT;Lithuania;20737;116046;256;1296;1.116798510935319
2020-12-27;LT;Lithuania;18173;134219;321;1617;1.2047474649639769
2021-01-03;LT;Lithuania;16309;150528;326;1943;1.2907897534013606
2021-01-10;LT;Lithuania;13460;163988;269;2212;1.3488791862819232
2021-01-17;LT;Lithuania;8013;172001;248;2460;1.4302242428823089
2021-01-24;LT;Lithuania;6549;178550;206;2666;1.493139176701204
2021-01-31;LT;Lithuania;5897;184447;156;2822;1.5299788014985334
2021-02-07;LT;Lithuania;4188;188635;133;2955;1.5665173483181805
2021-02-14;LT;Lithuania;3496;192131;125;3080;1.6030729033836288
2021-02-21;LT;Lithuania;3340;195471;101;3181;1.6273513718147448
2021-02-28;LT;Lithuania;3691;199162;77;3258;1.6358542292204337
2021-03-07;LT;Lithuania;3055;202217;73;3331;1.6472403408219882
2021-03-14;LT;Lithuania;3205;205422;71;3402;1.6561030464117765
2021-03-21;LT;Lithuania;3663;209085;78;3480;1.6643948633330943
2021-03-28;LT;Lithuania;4942;214027;72;3552;1.6596036948609287
2021-04-04;LT;Lithuania;5630;219657;60;3612;1.6443819227249759
2021-04-11;LT;Lithuania;6640;226297;83;3695;1.6328099798053002
2021-04-18;LT;Lithuania;7546;233843;71;3766;1.6104822466355633
2021-04-25;LT;Lithuania;7750;241593;92;3858;1.5969005724503609
2021-05-02;LT;Lithuania;8357;249950;97;3955;1.5823164632926587
2021-05-09;LT;Lithuania;8075;258025;84;4039;1.565352194554791
2021-05-16;LT;Lithuania;7845;265870;69;4108;1.5451160341520291
2021-05-23;LT;Lithuania;5339;271209;85;4193;1.5460401387859546
2021-05-30;LT;Lithuania;3348;274557;72;4265;1.5534114956092906
2021-06-06;LT;Lithuania;2273;276830;45;4310;1.5569121843730809
2021-06-13;LT;Lithuania;1290;278120;32;4342;1.561196605781677
2021-06-20;LT;Lithuania;635;278755;26;4368;1.566967408656347
2021-06-27;LT;Lithuania;306;279061;14;4382;1.5702659991901413
2021-07-04;LT;Lithuania;208;279269;8;4390;1.5719610841160314
2021-07-11;LT;Lithuania;308;279577;7;4397;1.5727330932086687
2021-07-18;LT;Lithuania;553;280130;6;4403;1.5717702495270054
2021-07-25;LT;Lithuania;1216;281346;2;4405;1.5656878007862207
2021-08-01;LT;Lithuania;2080;283426;6;4411;1.5563145230148256
2021-08-08;LT;Lithuania;3121;286547;10;4421;1.5428533539000584
2021-08-15;LT;Lithuania;3803;290350;24;4445;1.5309109695195455
2021-08-22;LT;Lithuania;3971;294321;37;4482;1.5228271173310775
2021-08-29;LT;Lithuania;4156;298477;54;4536;1.5197150869246205
2021-09-05;LT;Lithuania;4902;303379;73;4609;1.5192218314385637
2021-09-12;LT;Lithuania;5950;309329;79;4688;1.515538471982905
2021-09-19;LT;Lithuania;7760;317089;105;4793;1.5115629996625553
2021-09-26;LT;Lithuania;9280;326369;123;4916;1.5062705097604245
2021-10-03;LT;Lithuania;11865;338234;157;5073;1.4998492168143946
2021-10-10;LT;Lithuania;14853;353087;167;5240;1.4840535052267572
2021-10-17;LT;Lithuania;16878;369965;205;5445;1.4717608422418336
2021-10-24;LT;Lithuania;19829;389794;193;5638;1.4464050241922657
2021-10-31;LT;Lithuania;21014;410808;250;5888;1.4332729644992308
2021-11-07;LT;Lithuania;18895;429703;240;6128;1.4261012839100495
2021-11-14;LT;Lithuania;16387;446090;204;6332;1.4194445067138917
2021-11-21;LT;Lithuania;12573;458663;209;6541;1.4261015167999163
2021-11-28;LT;Lithuania;12580;471243;168;6709;1.4236816249790447
2021-12-05;LT;Lithuania;12206;483449;152;6861;1.4191776174942963
2021-12-12;LT;Lithuania;11568;495017;129;6990;1.4120727166945781
2021-12-19;LT;Lithuania;11487;506504;145;7135;1.4086759433291742
2021-12-26;LT;Lithuania;9502;516006;167;7302;1.4150998244206463
2022-01-02;LT;Lithuania;11899;527905;130;7432;1.4078290601528685
2022-01-09;LT;Lithuania;21379;549284;120;7552;1.3748807538541084
2022-01-16;LT;Lithuania;28303;577587;113;7665;1.3270728046164475
2022-01-23;LT;Lithuania;46165;623752;100;7765;1.2448857879413613
2022-01-30;LT;Lithuania;74103;697855;104;7869;1.1275981400147594
2022-02-06;LT;Lithuania;88302;786157;122;7991;1.0164636325822958
2022-02-13;LT;Lithuania;77802;863959;131;8122;0.940090907091656
2022-02-20;LT;Lithuania;54157;918116;132;8254;0.8990149392887173
2022-02-27;LT;Lithuania;45304;963420;161;8415;0.8734508314130909
2022-03-06;LT;Lithuania;37052;1000472;120;8535;0.8530973380564374
2022-03-13;LT;Lithuania;35485;1035957;106;8641;0.8341079793852447
2022-03-20;LT;Lithuania;35886;1071843;96;8737;0.8151380379402581
2022-03-27;LT;Lithuania;27270;1099113;103;8840;0.8042849097408546
2022-04-03;LT;Lithuania;18874;1117987;76;8916;0.7975048010397258
2022-04-10;LT;Lithuania;12314;1130301;56;8972;0.7937708628055713
2022-04-17;LT;Lithuania;9337;1139638;51;9023;0.7917426410842742
2022-04-24;LT;Lithuania;6163;1145801;47;9070;0.7915859734805608
2022-05-01;LT;Lithuania;4462;1150263;33;9103;0.7913842312584166
2022-05-08;LT;Lithuania;1303;1151566;20;9123;0.7922255433036405
2022-05-15;LT;Lithuania;1181;1152747;9;9132;0.7921946446184636
2022-05-22;LT;Lithuania;1039;1153786;4;9136;0.7918279472969858
2022-05-29;LT;Lithuania;909;1154695;8;9144;0.7918974274591992
2022-06-05;LT;Lithuania;877;1155572;5;9149;0.7917291177010174
2022-06-12;LT;Lithuania;1101;1156673;4;9153;0.7913213155317017
2022-06-19;LT;Lithuania;1304;1157977;5;9158;0.7908619946682879
2022-06-26;LT;Lithuania;1559;1159536;9;9167;0.7905748506299071
2022-07-03;LT;Lithuania;2628;1162164;8;9175;0.7894754957131696
2022-07-10;LT;Lithuania;2930;1165094;5;9180;0.7879192580169497
2022-07-17;LT;Lithuania;4578;1169672;9;9189;0.7856048533264026
2022-07-24;LT;Lithuania;6345;1176017;10;9199;0.7822165836038085
2022-07-31;LT;Lithuania;7583;1183600;9;9208;0.7779655288948969
2022-08-07;LT;Lithuania;8553;1192153;12;9220;0.7733906637822494
2022-08-14;LT;Lithuania;8562;1200715;17;9237;0.7692916304035512
2022-08-21;LT;Lithuania;8234;1208949;21;9258;0.7657891275810642
2022-08-28;LT;Lithuania;6725;1215674;24;9282;0.7635270639990656
2022-09-04;LT;Lithuania;5172;1220846;12;9294;0.76127537789369
2022-09-11;LT;Lithuania;5775;1226621;2;9296;0.7578543005541238
2022-09-18;LT;Lithuania;8935;1235556;11;9307;0.753264117530893
2022-09-25;LT;Lithuania;8787;1244343;10;9317;0.7487485363762242
2022-10-02;LT;Lithuania;7189;1251532;7;9324;0.745006919519437
2022-10-09;LT;Lithuania;5598;1257130;18;9342;0.7431212364671911
2022-10-16;LT;Lithuania;4520;1261650;21;9363;0.7421234098204732
2022-10-23;LT;Lithuania;3522;1265172;17;9380;0.7414011691690932
2022-10-30;LT;Lithuania;2868;1268040;13;9393;0.740749503170247
2022-11-06;LT;Lithuania;1765;1269805;9;9402;0.7404286484932726
2022-11-13;LT;Lithuania;1724;1271529;11;9413;0.7402898400272427
2022-11-20;LT;Lithuania;1551;1273080;4;9417;0.7397021396927137
2022-11-27;LT;Lithuania;1837;1274917;13;9430;0.7396559932921124
2022-12-04;LT;Lithuania;2699;1277616;6;9436;0.7385630737248124
2022-12-11;LT;Lithuania;3034;1280650;5;9441;0.7372037637137391
2022-12-18;LT;Lithuania;2822;1283472;13;9454;0.7365957340713315
2022-12-25;LT;Lithuania;2750;1286222;15;9469;0.7361870656853949
2023-01-01;LT;Lithuania;2258;1288480;14;9483;0.7359834844157457
2023-01-08;LT;Lithuania;2485;1290965;19;9502;0.7360385448095029
2023-01-15;LT;Lithuania;1627;1292592;18;9520;0.7365046356468243
2023-01-22;LT;Lithuania;1648;1294240;8;9528;0.7361849425145258
2023-01-29;LT;Lithuania;1730;1295970;9;9537;0.7358966642746361
2023-02-05;LT;Lithuania;1947;1297917;14;9551;0.7358714000972327
2023-02-12;LT;Lithuania;2095;1300012;7;9558;0.7352239825478534
2023-02-19;LT;Lithuania;1907;1301919;16;9574;0.7353760103355124
2023-02-26;LT;Lithuania;2194;1304113;11;9585;0.7349823213172478
2023-03-05;LT;Lithuania;2250;1306363;8;9593;0.7343288197843937
2023-03-12;LT;Lithuania;2181;1308544;9;9602;0.7337926733835469
2023-03-19;LT;Lithuania;2312;1310856;10;9612;0.7332613193211154
2023-03-26;LT;Lithuania;2091;1312947;16;9628;0.7333121595921237
2023-04-02;LT;Lithuania;1675;1314622;8;9636;0.7329863641411751
2023-04-09;LT;Lithuania;1473;1316095;7;9643;0.7326978675551538
2023-04-16;LT;Lithuania;968;1317063;10;9653;0.7329186227234384
2023-04-23;LT;Lithuania;801;1317864;5;9658;0.7328525553471376
2023-04-30;LT;Lithuania;610;1318474;7;9665;0.7330444134658703
2023-05-07;LT;Lithuania;505;1318979;7;9672;0.7332944648853393
2023-05-14;LT;Lithuania;504;1319483;1;9673;0.7330901572812988
2023-05-21;LT;Lithuania;439;1319922;7;9680;0.7333766692274241
2023-05-28;LT;Lithuania;393;1320315;2;9682;0.7333098540878502
2023-06-04;LT;Lithuania;334;1320649;3;9685;0.7333515566967453
2023-06-11;LT;Lithuania;273;1320922;2;9687;0.7333514015210588
2023-06-18;LT;Lithuania;219;1321141;3;9690;0.7334569133801766
2023-06-25;LT;Lithuania;154;1321295;0;9690;0.7333714272740002
2023-07-02;LT;Lithuania;152;1321447;1;9691;0.733362745535765
2023-07-09;LT;Lithuania;93;1321540;0;9691;0.7333111370068254
2023-07-16;LT;Lithuania;111;1321651;1;9692;0.7333252121777988
2023-07-23;LT;Lithuania;110;1321761;1;9693;0.7333398398046244
2023-07-30;LT;Lithuania;117;1321878;1;9694;0.7333505815211389
2023-08-06;LT;Lithuania;144;1322022;0;9694;0.7332707020004205
2023-08-13;LT;Lithuania;162;1322184;1;9695;0.7332564907758677
2023-08-20;LT;Lithuania;263;1322447;0;9695;0.7331106653045453
2023-08-27;LT;Lithuania;428;1322875;2;9697;0.7330246621940848
2023-09-03;LT;Lithuania;524;1323399;4;9701;0.7330366729912898
2023-09-10;LT;Lithuania;924;1324323;2;9703;0.7326762428803245
2023-09-17;LT;Lithuania;1734;1326057;1;9704;0.7317935805172779
2023-09-24;LT;Lithuania;1988;1328045;2;9706;0.730848728770486
2023-10-01;LT;Lithuania;1893;1329938;4;9710;0.7301092231367177
2023-10-08;LT;Lithuania;1620;1331558;4;9714;0.7295213576877613
2023-10-15;LT;Lithuania;1707;1333265;4;9718;0.7288873554769681
2023-10-22;LT;Lithuania;2308;1335573;11;9729;0.7284513837880819
2023-10-29;LT;Lithuania;2891;1338464;5;9734;0.7272515360891291
2023-11-05;LT;Lithuania;2502;1340966;5;9739;0.7262674818004334
2023-11-12;LT;Lithuania;3869;1344835;11;9750;0.7249960032271616
2023-11-19;LT;Lithuania;4146;1348981;9;9759;0.7234349483054247
2023-11-26;LT;Lithuania;1561;1350542;2;9761;0.7227468675539154
2023-12-03;LT;Lithuania;0;1350542;0;9761;0.7227468675539154
2023-12-10;LT;Lithuania;4782;1355324;8;9769;0.7207870590353302
2023-12-17;LT;Lithuania;3906;1359230;4;9773;0.7190100277362919
2023-12-24;LT;Lithuania;0;1359230;0;9773;0.7190100277362919
2023-12-31;LT;Lithuania;0;1359230;0;9773;0.7190100277362919
2024-01-07;LT;Lithuania;0;1359230;0;9773;0.7190100277362919
2024-01-14;LT;Lithuania;0;1359230;0;9773;0.7190100277362919
2024-01-21;LT;Lithuania;1398;1360628;9;9782;0.7189327281226022
2020-01-05;LU;Luxembourg;0;0;0;0;0.0
2020-01-12;LU;Luxembourg;0;0;0;0;0.0
2020-01-19;LU;Luxembourg;0;0;0;0;0.0
2020-01-26;LU;Luxembourg;0;0;0;0;0.0
2020-02-02;LU;Luxembourg;0;0;0;0;0.0
2020-02-09;LU;Luxembourg;0;0;0;0;0.0
2020-02-16;LU;Luxembourg;0;0;0;0;0.0
2020-02-23;LU;Luxembourg;0;0;0;0;0.0
2020-03-01;LU;Luxembourg;1;1;0;0;0.0
2020-03-08;LU;Luxembourg;3;4;0;0;0.0
2020-03-15;LU;Luxembourg;83;87;3;3;3.4482758620689653
2020-03-22;LU;Luxembourg;682;769;12;15;1.950585175552666
2020-03-29;LU;Luxembourg;1067;1836;21;36;1.9607843137254901
2020-04-05;LU;Luxembourg;624;2460;22;58;2.3577235772357725
2020-04-12;LU;Luxembourg;294;2754;16;74;2.6870007262164126
2020-04-19;LU;Luxembourg;110;2864;5;79;2.7583798882681565
2020-04-26;LU;Luxembourg;77;2941;2;81;2.754165249914995
2020-05-03;LU;Luxembourg;46;2987;2;83;2.778707733511885
2020-05-10;LU;Luxembourg;30;3017;0;83;2.7510772290354657
2020-05-17;LU;Luxembourg;26;3043;0;83;2.7275714755175815
2020-05-24;LU;Luxembourg;32;3075;0;83;2.6991869918699187
2020-05-31;LU;Luxembourg;13;3088;0;83;2.687823834196891
2020-06-07;LU;Luxembourg;10;3098;0;83;2.6791478373143964
2020-06-14;LU;Luxembourg;26;3124;0;83;2.6568501920614596
2020-06-21;LU;Luxembourg;36;3160;0;83;2.626582278481013
2020-06-28;LU;Luxembourg;106;3266;0;83;2.541334966319657
2020-07-05;LU;Luxembourg;203;3469;0;83;2.392620351686365
2020-07-12;LU;Luxembourg;255;3724;4;87;2.3361976369495165
2020-07-19;LU;Luxembourg;414;4138;3;90;2.1749637506041566
2020-07-26;LU;Luxembourg;473;4611;1;91;1.9735415311212319
2020-08-02;LU;Luxembourg;355;4966;3;94;1.8928715263793798
2020-08-09;LU;Luxembourg;249;5215;1;95;1.821668264621285
2020-08-16;LU;Luxembourg;178;5393;0;95;1.761542740589653
2020-08-23;LU;Luxembourg;250;5643;0;95;1.6835016835016834
2020-08-30;LU;Luxembourg;262;5905;0;95;1.6088060965283657
2020-09-06;LU;Luxembourg;265;6170;0;95;1.539708265802269
2020-09-13;LU;Luxembourg;240;6410;0;95;1.4820592823712948
2020-09-20;LU;Luxembourg;590;7000;0;95;1.3571428571428572
2020-09-27;LU;Luxembourg;409;7409;3;98;1.3227156161425293
2020-10-04;LU;Luxembourg;463;7872;1;99;1.2576219512195124
2020-10-11;LU;Luxembourg;682;8554;7;106;1.2391863455693244
2020-10-18;LU;Luxembourg;1110;9664;7;113;1.1692880794701987
2020-10-25;LU;Luxembourg;2710;12374;13;126;1.0182641021496688
2020-11-01;LU;Luxembourg;3089;15463;11;137;0.8859859018301752
2020-11-08;LU;Luxembourg;2634;18097;12;149;0.823340885229596
2020-11-15;LU;Luxembourg;2835;20932;11;160;0.764379896808714
2020-11-22;LU;Luxembourg;3255;24187;21;181;0.7483358829123082
2020-11-29;LU;Luxembourg;3410;27597;17;198;0.7174692901402326
2020-12-06;LU;Luxembourg;3633;31230;20;218;0.6980467499199488
2020-12-13;LU;Luxembourg;3241;34471;32;250;0.7252473093324824
2020-12-20;LU;Luxembourg;2623;37094;16;266;0.7170971046530437
2020-12-27;LU;Luxembourg;1289;38383;19;285;0.7425162181173957
2021-01-03;LU;Luxembourg;1111;39494;10;295;0.7469489036309312
2021-01-10;LU;Luxembourg;1035;40529;6;301;0.7426780823607787
2021-01-17;LU;Luxembourg;857;41386;9;310;0.7490455709660272
2021-01-24;LU;Luxembourg;853;42239;13;323;0.7646961339046852
2021-01-31;LU;Luxembourg;1049;43288;14;337;0.7785067455183885
2021-02-07;LU;Luxembourg;1187;44475;14;351;0.7892074198988196
2021-02-14;LU;Luxembourg;1131;45606;16;367;0.8047186773670131
2021-02-21;LU;Luxembourg;1295;46901;11;378;0.8059529647555489
2021-02-28;LU;Luxembourg;1360;48261;28;406;0.8412589875883218
2021-03-07;LU;Luxembourg;1251;49512;33;439;0.8866537405073517
2021-03-14;LU;Luxembourg;1303;50815;23;462;0.9091803601298829
2021-03-21;LU;Luxembourg;1637;52452;21;483;0.920841912605811
2021-03-28;LU;Luxembourg;1760;54212;13;496;0.9149265845200325
2021-04-04;LU;Luxembourg;1626;55838;10;506;0.9061929152190266
2021-04-11;LU;Luxembourg;1374;57212;14;520;0.9089002307208278
2021-04-18;LU;Luxembourg;1332;58544;5;525;0.8967614102213719
2021-04-25;LU;Luxembourg;1243;59787;2;527;0.8814625252981416
2021-05-02;LU;Luxembourg;1137;60924;4;531;0.8715777033681309
2021-05-09;LU;Luxembourg;954;61878;4;535;0.8646045444261289
2021-05-16;LU;Luxembourg;758;62636;2;537;0.8573344402579987
2021-05-23;LU;Luxembourg;526;63162;1;538;0.8517779677654287
2021-05-30;LU;Luxembourg;372;63534;0;538;0.8467906947461202
2021-06-06;LU;Luxembourg;338;63872;1;539;0.8438752505010021
2021-06-13;LU;Luxembourg;200;64072;0;539;0.841241103758272
2021-06-20;LU;Luxembourg;103;64175;0;539;0.83989092325672
2021-06-27;LU;Luxembourg;125;64300;0;539;0.838258164852255
2021-07-04;LU;Luxembourg;846;65146;0;539;0.8273723636140361
2021-07-11;LU;Luxembourg;910;66056;1;540;0.817488191837229
2021-07-18;LU;Luxembourg;800;66856;1;541;0.8092018666985761
2021-07-25;LU;Luxembourg;651;67507;3;544;0.8058423570888944
2021-08-01;LU;Luxembourg;509;68016;1;545;0.8012820512820512
2021-08-08;LU;Luxembourg;485;68501;1;546;0.7970686559320301
2021-08-15;LU;Luxembourg;370;68871;1;547;0.7942385038695533
2021-08-22;LU;Luxembourg;503;69374;1;548;0.7899212961628276
2021-08-29;LU;Luxembourg;634;70008;2;550;0.7856245000571364
2021-09-05;LU;Luxembourg;655;70663;2;552;0.78117260801268
2021-09-12;LU;Luxembourg;605;71268;0;552;0.7745411685468934
2021-09-19;LU;Luxembourg;580;71848;3;555;0.772464090858479
2021-09-26;LU;Luxembourg;621;72469;0;555;0.7658447060122259
2021-10-03;LU;Luxembourg;626;73095;1;556;0.7606539434981874
2021-10-10;LU;Luxembourg;728;73823;3;559;0.7572165856169486
2021-10-17;LU;Luxembourg;854;74677;5;564;0.755252621289018
2021-10-24;LU;Luxembourg;1046;75723;5;569;0.7514229494341217
2021-10-31;LU;Luxembourg;1176;76899;6;575;0.7477340407547562
2021-11-07;LU;Luxembourg;1306;78205;5;580;0.7416405600664919
2021-11-14;LU;Luxembourg;1564;79769;3;583;0.7308603592874425
2021-11-21;LU;Luxembourg;1999;81768;8;591;0.7227766363369533
2021-11-28;LU;Luxembourg;2549;84317;13;604;0.7163442722108234
2021-12-05;LU;Luxembourg;2880;87197;13;617;0.7075931511405209
2021-12-12;LU;Luxembourg;2725;89922;4;621;0.6905985187162208
2021-12-19;LU;Luxembourg;2933;92855;8;629;0.6774002476980238
2021-12-26;LU;Luxembourg;3033;95888;6;635;0.6622309360921075
2022-01-02;LU;Luxembourg;6642;102530;5;640;0.6242075490100458
2022-01-09;LU;Luxembourg;12803;115333;11;651;0.5644524984176255
2022-01-16;LU;Luxembourg;13715;129048;7;658;0.5098877936891699
2022-01-23;LU;Luxembourg;18413;147461;15;673;0.4563918595425231
2022-01-30;LU;Luxembourg;17703;165164;18;691;0.4183720423336805
2022-02-06;LU;Luxembourg;13029;178193;22;713;0.4001279511540857
2022-02-13;LU;Luxembourg;6852;185045;15;728;0.3934178172876868
2022-02-20;LU;Luxembourg;4237;189282;6;734;0.38778119419701823
2022-02-27;LU;Luxembourg;5666;194948;8;742;0.3806143176641976
2022-03-06;LU;Luxembourg;5764;200712;9;751;0.3741679620550839
2022-03-13;LU;Luxembourg;7190;207902;15;766;0.36844282402285694
2022-03-20;LU;Luxembourg;9459;217361;12;778;0.3579298954274226
2022-03-27;LU;Luxembourg;11570;228931;13;791;0.3455189554931399
2022-04-03;LU;Luxembourg;9821;238752;14;805;0.3371699504087924
2022-04-10;LU;Luxembourg;7285;246037;11;816;0.33165743363803
2022-04-17;LU;Luxembourg;6395;252432;13;829;0.32840527349939785
2022-04-24;LU;Luxembourg;5108;257540;5;834;0.3238331909606275
2022-05-01;LU;Luxembourg;4363;261903;7;841;0.32111125111205296
2022-05-08;LU;Luxembourg;3978;265881;11;852;0.3204441084545342
2022-05-15;LU;Luxembourg;3233;269114;2;854;0.31733763386520214
2022-05-22;LU;Luxembourg;2283;271397;5;859;0.31651049937913833
2022-05-29;LU;Luxembourg;1433;272830;4;863;0.31631418832239855
2022-06-05;LU;Luxembourg;2482;275312;4;867;0.31491544139013194
2022-06-12;LU;Luxembourg;3668;278980;4;871;0.31220876048462254
2022-06-19;LU;Luxembourg;5283;284263;2;873;0.30710996506756066
2022-06-26;LU;Luxembourg;5981;290244;7;880;0.303193175397252
2022-07-03;LU;Luxembourg;7840;298084;4;884;0.29656070101045345
2022-07-10;LU;Luxembourg;7799;305883;5;889;0.29063400058192185
2022-07-17;LU;Luxembourg;6680;312563;1;890;0.28474259589266804
2022-07-24;LU;Luxembourg;4808;317371;3;893;0.28137416462121617
2022-07-31;LU;Luxembourg;2769;320140;3;896;0.27987755357031296
2022-08-07;LU;Luxembourg;1782;321922;3;899;0.2792601934630128
2022-08-14;LU;Luxembourg;1244;323166;0;899;0.27818520512677697
2022-08-21;LU;Luxembourg;1082;324248;2;901;0.2778737262835854
2022-08-28;LU;Luxembourg;1112;325360;0;901;0.2769240226210966
2022-09-04;LU;Luxembourg;1046;326406;2;903;0.27664932629914896
2022-09-11;LU;Luxembourg;1105;327511;0;903;0.2757159301519644
2022-09-18;LU;Luxembourg;1453;328964;2;905;0.27510609063605745
2022-09-25;LU;Luxembourg;1951;330915;1;906;0.2737863197497847
2022-10-02;LU;Luxembourg;3246;334161;1;907;0.27142604912003493
2022-10-09;LU;Luxembourg;4358;338519;2;909;0.26852259400506323
2022-10-16;LU;Luxembourg;4038;342557;4;913;0.26652498708244177
2022-10-23;LU;Luxembourg;3416;345973;5;918;0.265338624690366
2022-10-30;LU;Luxembourg;2323;348296;2;920;0.26414314261432803
2022-11-06;LU;Luxembourg;1362;349658;4;924;0.2642582180301895
2022-11-13;LU;Luxembourg;1461;351119;3;927;0.2640130554028691
2022-11-20;LU;Luxembourg;1705;352824;4;931;0.2638709384849103
2022-11-27;LU;Luxembourg;1938;354762;2;933;0.26299321798839786
2022-12-04;LU;Luxembourg;2026;356788;8;941;0.26374205410495866
2022-12-11;LU;Luxembourg;2517;359305;2;943;0.2624511209139867
2022-12-18;LU;Luxembourg;2689;361994;4;947;0.2616065459648502
2022-12-25;LU;Luxembourg;2873;364867;8;955;0.26173920908166537
2023-01-01;LU;Luxembourg;1373;366240;6;961;0.2623962429008301
2023-01-08;LU;Luxembourg;1053;367293;7;968;0.2635498090080671
2023-01-15;LU;Luxembourg;672;367965;4;972;0.26415555827320536
2023-01-22;LU;Luxembourg;551;368516;5;977;0.26511738974698523
2023-01-29;LU;Luxembourg;646;369162;3;980;0.26546610972960377
2023-02-05;LU;Luxembourg;849;370011;2;982;0.2653975152090073
2023-02-12;LU;Luxembourg;940;370951;2;984;0.2652641453992576
2023-02-19;LU;Luxembourg;884;371835;1;985;0.26490244328801754
2023-02-26;LU;Luxembourg;1428;373263;5;990;0.26522853859075235
2023-03-05;LU;Luxembourg;1638;374901;1;991;0.26433645148986
2023-03-12;LU;Luxembourg;1818;376719;1;992;0.2633262458224831
2023-03-19;LU;Luxembourg;1798;378517;2;994;0.2626037932246108
2023-03-26;LU;Luxembourg;1575;380092;6;1000;0.26309419824674024
2023-04-02;LU;Luxembourg;1012;381104;0;1000;0.2623955665645073
2023-04-09;LU;Luxembourg;313;381417;0;1000;0.2621802384267088
2023-04-16;LU;Luxembourg;232;381649;0;1000;0.2620208621010405
2023-04-23;LU;Luxembourg;244;381893;0;1000;0.26185345109755875
2023-04-30;LU;Luxembourg;208;382101;0;1000;0.2617109088958155
2023-05-07;LU;Luxembourg;198;382299;0;1000;0.2615753637859372
2023-05-14;LU;Luxembourg;152;382451;0;1000;0.26147140417988185
2023-05-21;LU;Luxembourg;100;382551;0;1000;0.2614030547560979
2023-05-28;LU;Luxembourg;106;382657;0;1000;0.2613306433699109
2023-06-04;LU;Luxembourg;44;382701;0;1000;0.26130059759446667
2023-06-11;LU;Luxembourg;44;382745;0;1000;0.2612705587270898
2023-06-18;LU;Luxembourg;40;382785;0;1000;0.2612432566584375
2023-06-25;LU;Luxembourg;28;382813;0;1000;0.26122414860519366
2023-07-02;LU;Luxembourg;30;382843;0;1000;0.26120367879261214
2023-07-09;LU;Luxembourg;36;382879;0;1000;0.26117911925177406
2023-07-16;LU;Luxembourg;34;382913;0;1000;0.26115592837015195
2023-07-23;LU;Luxembourg;33;382946;0;1000;0.2611334235114089
2023-07-30;LU;Luxembourg;74;383020;0;1000;0.2610829721685552
2023-08-06;LU;Luxembourg;59;383079;0;1000;0.26104276141474736
2023-08-13;LU;Luxembourg;67;383146;0;1000;0.2609971133719261
2023-08-20;LU;Luxembourg;119;383265;0;1000;0.26091607634404396
2023-08-27;LU;Luxembourg;135;383400;0;1000;0.2608242044861763
2023-09-03;LU;Luxembourg;189;383589;0;1000;0.2606956925250724
2023-09-10;LU;Luxembourg;246;383835;0;1000;0.26052861255487386
2023-09-17;LU;Luxembourg;267;384102;0;1000;0.26034751185882915
2023-09-24;LU;Luxembourg;308;384410;0;1000;0.2601389141801722
2023-10-01;LU;Luxembourg;355;384765;0;1000;0.25989889932816135
2023-10-08;LU;Luxembourg;372;385137;0;1000;0.25964786556472114
2023-10-15;LU;Luxembourg;350;385487;0;1000;0.25941212025308247
2023-10-22;LU;Luxembourg;259;385746;0;1000;0.2592379441394078
2023-10-29;LU;Luxembourg;284;386030;0;1000;0.2590472243089915
2023-11-05;LU;Luxembourg;195;386225;0;1000;0.2589164347206939
2023-11-12;LU;Luxembourg;294;386519;0;1000;0.25871949373769465
2023-11-19;LU;Luxembourg;259;386778;0;1000;0.2585462461670519
2023-11-26;LU;Luxembourg;319;387097;0;1000;0.25833318263897675
2023-12-03;LU;Luxembourg;460;387557;0;1000;0.2580265612542155
2023-12-10;LU;Luxembourg;658;388215;0;1000;0.257589222466932
2023-12-17;LU;Luxembourg;790;389005;0;1000;0.2570661045487847
2023-12-24;LU;Luxembourg;686;389691;0;1000;0.2566135733183471
2023-12-31;LU;Luxembourg;338;390029;0;1000;0.2563911914242274
2024-01-07;LU;Luxembourg;240;390269;0;1000;0.25623352098168184
2024-01-14;LU;Luxembourg;196;390465;0;1000;0.25610490056727236
2024-01-21;LU;Luxembourg;150;390615;0;1000;0.2560065537677765
2020-01-05;MG;Madagascar;0;0;0;0;0.0
2020-01-12;MG;Madagascar;0;0;0;0;0.0
2020-01-19;MG;Madagascar;0;0;0;0;0.0
2020-01-26;MG;Madagascar;0;0;0;0;0.0
2020-02-02;MG;Madagascar;0;0;0;0;0.0
2020-02-09;MG;Madagascar;0;0;0;0;0.0
2020-02-16;MG;Madagascar;0;0;0;0;0.0
2020-02-23;MG;Madagascar;0;0;0;0;0.0
2020-03-01;MG;Madagascar;0;0;0;0;0.0
2020-03-08;MG;Madagascar;0;0;0;0;0.0
2020-03-15;MG;Madagascar;0;0;0;0;0.0
2020-03-22;MG;Madagascar;1;1;0;0;0.0
2020-03-29;MG;Madagascar;41;42;0;0;0.0
2020-04-05;MG;Madagascar;29;71;0;0;0.0
2020-04-12;MG;Madagascar;35;106;0;0;0.0
2020-04-19;MG;Madagascar;14;120;0;0;0.0
2020-04-26;MG;Madagascar;4;124;0;0;0.0
2020-05-03;MG;Madagascar;25;149;1;1;0.6711409395973155
2020-05-10;MG;Madagascar;20;169;0;1;0.591715976331361
2020-05-17;MG;Madagascar;114;283;0;1;0.35335689045936397
2020-05-24;MG;Madagascar;205;488;2;3;0.6147540983606558
2020-05-31;MG;Madagascar;270;758;3;6;0.79155672823219
2020-06-07;MG;Madagascar;268;1026;2;8;0.7797270955165692
2020-06-14;MG;Madagascar;226;1252;2;10;0.7987220447284344
2020-06-21;MG;Madagascar;251;1503;3;13;0.8649367930805056
2020-06-28;MG;Madagascar;502;2005;3;16;0.798004987531172
2020-07-05;MG;Madagascar;936;2941;13;29;0.986059163549813
2020-07-12;MG;Madagascar;1637;4578;5;34;0.7426823940585409
2020-07-19;MG;Madagascar;2271;6849;21;55;0.8030369396992261
2020-07-26;MG;Madagascar;2017;8866;23;78;0.8797653958944283
2020-08-02;MG;Madagascar;2407;11273;29;107;0.9491705845826311
2020-08-09;MG;Madagascar;1649;12922;34;141;1.0911623587679926
2020-08-16;MG;Madagascar;802;13724;25;166;1.2095598950743223
2020-08-23;MG;Madagascar;553;14277;12;178;1.246760523919591
2020-08-30;MG;Madagascar;514;14791;12;190;1.2845649381380568
2020-09-06;MG;Madagascar;478;15269;9;199;1.3032942563363676
2020-09-13;MG;Madagascar;468;15737;11;210;1.334434771557476
2020-09-20;MG;Madagascar;283;16020;9;219;1.3670411985018727
2020-09-27;MG;Madagascar;237;16257;10;229;1.4086239773635971
2020-10-04;MG;Madagascar;272;16529;3;232;1.4035936838284226
2020-10-11;MG;Madagascar;173;16702;5;237;1.4189917375164651
2020-10-18;MG;Madagascar;108;16810;1;238;1.4158239143367044
2020-10-25;MG;Madagascar;158;16968;6;244;1.438000942951438
2020-11-01;MG;Madagascar;143;17111;0;244;1.4259832856057506
2020-11-08;MG;Madagascar;112;17223;5;249;1.4457411600766417
2020-11-15;MG;Madagascar;87;17310;1;250;1.4442518775274409
2020-11-22;MG;Madagascar;31;17341;1;251;1.4474367106856583
2020-11-29;MG;Madagascar;0;17341;0;251;1.4474367106856583
2020-12-06;MG;Madagascar;132;17473;4;255;1.459394494362731
2020-12-13;MG;Madagascar;114;17587;4;259;1.4726786831182124
2020-12-20;MG;Madagascar;46;17633;1;260;1.4745080247263653
2020-12-27;MG;Madagascar;81;17714;1;261;1.4734108614655075
2021-01-03;MG;Madagascar;53;17767;1;262;1.4746440029267744
2021-01-10;MG;Madagascar;234;18001;5;267;1.483250930503861
2021-01-17;MG;Madagascar;300;18301;6;273;1.4917217638380416
2021-01-24;MG;Madagascar;442;18743;6;279;1.4885557274715895
2021-01-31;MG;Madagascar;322;19065;2;281;1.4739050616312617
2021-02-07;MG;Madagascar;295;19360;4;285;1.4721074380165289
2021-02-14;MG;Madagascar;238;19598;7;292;1.4899479538728442
2021-02-21;MG;Madagascar;233;19831;5;297;1.4976551863244414
2021-02-28;MG;Madagascar;324;20155;3;300;1.4884644008930785
2021-03-07;MG;Madagascar;563;20718;10;310;1.4962834250410273
2021-03-14;MG;Madagascar;764;21482;19;329;1.5315147565403593
2021-03-21;MG;Madagascar;1002;22484;22;351;1.5611101227539583
2021-03-28;MG;Madagascar;1101;23585;36;387;1.640873436506254
2021-04-04;MG;Madagascar;1987;25572;67;454;1.7753793211324884
2021-04-11;MG;Madagascar;2491;28063;46;500;1.7817054484552612
2021-04-18;MG;Madagascar;4142;32205;42;542;1.6829684831547898
2021-04-25;MG;Madagascar;3541;35746;57;599;1.6757119677726178
2021-05-02;MG;Madagascar;1884;37630;67;666;1.7698644698378951
2021-05-09;MG;Madagascar;1382;39012;56;722;1.8507126012508972
2021-05-16;MG;Madagascar;1129;40141;41;763;1.9007996811240375
2021-05-23;MG;Madagascar;735;40876;37;800;1.957138663274293
2021-05-30;MG;Madagascar;390;41266;35;835;2.0234575679736344
2021-06-06;MG;Madagascar;424;41690;26;861;2.0652434636603503
2021-06-13;MG;Madagascar;243;41933;26;887;2.115279135764195
2021-06-20;MG;Madagascar;190;42123;14;901;2.1389739572205206
2021-06-27;MG;Madagascar;71;42194;5;906;2.147224723894393
2021-07-04;MG;Madagascar;172;42366;19;925;2.1833545767832696
2021-07-11;MG;Madagascar;116;42482;6;931;2.1915164069488253
2021-07-18;MG;Madagascar;124;42606;10;941;2.208609116086936
2021-07-25;MG;Madagascar;63;42669;2;943;2.210035388689681
2021-08-01;MG;Madagascar;66;42735;4;947;2.215982215982216
2021-08-08;MG;Madagascar;41;42776;1;948;2.216195997755751
2021-08-15;MG;Madagascar;35;42811;4;952;2.2237275466585693
2021-08-22;MG;Madagascar;34;42845;2;954;2.2266308787489786
2021-08-29;MG;Madagascar;17;42862;1;955;2.228080817507349
2021-09-05;MG;Madagascar;16;42878;1;956;2.229581603619572
2021-09-12;MG;Madagascar;0;42878;0;956;2.229581603619572
2021-09-19;MG;Madagascar;692;43570;2;958;2.1987606151021346
2021-09-26;MG;Madagascar;27;43597;2;960;2.2019863752093034
2021-10-03;MG;Madagascar;13;43610;0;960;2.2013299701903235
2021-10-10;MG;Madagascar;6;43616;0;960;2.201027146001467
2021-10-17;MG;Madagascar;6;43622;0;960;2.2007244051166843
2021-10-24;MG;Madagascar;4;43626;3;963;2.2073992573236145
2021-10-31;MG;Madagascar;6;43632;1;964;2.2093876054272092
2021-11-07;MG;Madagascar;40;43672;0;964;2.207363986078036
2021-11-14;MG;Madagascar;0;43672;0;964;2.207363986078036
2021-11-21;MG;Madagascar;400;44072;3;967;2.194136866944999
2021-11-28;MG;Madagascar;258;44330;0;967;2.1813670200766975
2021-12-05;MG;Madagascar;470;44800;5;972;2.169642857142857
2021-12-12;MG;Madagascar;994;45794;8;980;2.140018343014369
2021-12-19;MG;Madagascar;1501;47295;16;996;2.10593085949889
2021-12-26;MG;Madagascar;2984;50279;31;1027;2.0426022792816085
2022-01-02;MG;Madagascar;2155;52434;40;1067;2.034939161612694
2022-01-09;MG;Madagascar;1667;54101;50;1117;2.0646568455296577
2022-01-16;MG;Madagascar;1726;55827;52;1169;2.0939688681104127
2022-01-23;MG;Madagascar;1548;57375;54;1223;2.1315904139433552
2022-01-30;MG;Madagascar;1944;59319;51;1274;2.1477098400175323
2022-02-06;MG;Madagascar;2115;61434;33;1307;2.127486408177882
2022-02-13;MG;Madagascar;1410;62844;28;1335;2.1243078098147796
2022-02-20;MG;Madagascar;589;63433;15;1350;2.1282297857582013
2022-02-27;MG;Madagascar;226;63659;16;1366;2.145808133963776
2022-03-06;MG;Madagascar;132;63791;7;1373;2.1523412393597843
2022-03-13;MG;Madagascar;79;63870;4;1377;2.155941756693283
2022-03-20;MG;Madagascar;58;63928;3;1380;2.1586785133274935
2022-03-27;MG;Madagascar;81;64009;4;1384;2.1621959411957694
2022-04-03;MG;Madagascar;41;64050;4;1388;2.167056986729118
2022-04-10;MG;Madagascar;39;64089;2;1390;2.168858930549704
2022-04-17;MG;Madagascar;32;64121;1;1391;2.1693360989379453
2022-04-24;MG;Madagascar;31;64152;0;1391;2.1682878164359645
2022-05-01;MG;Madagascar;29;64181;0;1391;2.1673080818310715
2022-05-08;MG;Madagascar;55;64236;2;1393;2.1685659131950934
2022-05-15;MG;Madagascar;40;64276;0;1393;2.167216379363993
2022-05-22;MG;Madagascar;38;64314;0;1393;2.1659358771029638
2022-05-29;MG;Madagascar;63;64377;2;1395;2.1669229693834757
2022-06-05;MG;Madagascar;101;64478;1;1396;2.1650795620211545
2022-06-12;MG;Madagascar;207;64685;0;1396;2.1581510396537067
2022-06-19;MG;Madagascar;324;65009;2;1398;2.1504714731806365
2022-06-26;MG;Madagascar;372;65381;0;1398;2.13823587892507
2022-07-03;MG;Madagascar;406;65787;3;1401;2.1296000729627433
2022-07-10;MG;Madagascar;311;66098;2;1403;2.122605827710369
2022-07-17;MG;Madagascar;191;66289;3;1406;2.121015553108359
2022-07-24;MG;Madagascar;127;66416;1;1407;2.1184654300168635
2022-07-31;MG;Madagascar;75;66491;1;1408;2.1175798228331653
2022-08-07;MG;Madagascar;66;66557;1;1409;2.1169824361073966
2022-08-14;MG;Madagascar;42;66599;1;1410;2.117148906139732
2022-08-21;MG;Madagascar;16;66615;0;1410;2.116640396307138
2022-08-28;MG;Madagascar;11;66626;0;1410;2.116290937471858
2022-09-04;MG;Madagascar;14;66640;0;1410;2.1158463385354143
2022-09-11;MG;Madagascar;12;66652;0;1410;2.1154654023885255
2022-09-18;MG;Madagascar;8;66660;0;1410;2.115211521152115
2022-09-25;MG;Madagascar;16;66676;0;1410;2.114703941448197
2022-10-02;MG;Madagascar;8;66684;0;1410;2.114450242936836
2022-10-09;MG;Madagascar;3;66687;0;1410;2.1143551216878853
2022-10-16;MG;Madagascar;0;66687;0;1410;2.1143551216878853
2022-10-23;MG;Madagascar;19;66706;1;1411;2.1152520013192215
2022-10-30;MG;Madagascar;40;66746;0;1411;2.11398435861325
2022-11-06;MG;Madagascar;42;66788;0;1411;2.1126549679583158
2022-11-13;MG;Madagascar;71;66859;0;1411;2.1104114629294486
2022-11-20;MG;Madagascar;195;67054;0;1411;2.1042741670892116
2022-11-27;MG;Madagascar;205;67259;1;1412;2.0993472992461975
2022-12-04;MG;Madagascar;229;67488;1;1413;2.093705547652916
2022-12-11;MG;Madagascar;133;67621;1;1414;2.0910663847029767
2022-12-18;MG;Madagascar;63;67684;1;1415;2.090597482418297
2022-12-25;MG;Madagascar;51;67735;1;1416;2.0904997416402153
2023-01-01;MG;Madagascar;15;67750;2;1418;2.092988929889299
2023-01-08;MG;Madagascar;10;67760;0;1418;2.092680047225502
2023-01-15;MG;Madagascar;28;67788;0;1418;2.0918156605888947
2023-01-22;MG;Madagascar;29;67817;1;1419;2.092395711989619
2023-01-29;MG;Madagascar;10;67827;0;1419;2.092087221902782
2023-02-05;MG;Madagascar;15;67842;1;1420;2.09309867044014
2023-02-12;MG;Madagascar;7;67849;1;1421;2.0943565859482085
2023-02-19;MG;Madagascar;3;67852;0;1421;2.094263986323174
2023-02-26;MG;Madagascar;13;67865;1;1422;2.0953363294776395
2023-03-05;MG;Madagascar;24;67889;1;1423;2.0960685825391447
2023-03-12;MG;Madagascar;52;67941;0;1423;2.094464314625925
2023-03-19;MG;Madagascar;30;67971;1;1424;2.0950111076782747
2023-03-26;MG;Madagascar;78;68049;0;1424;2.0926097371012067
2023-04-02;MG;Madagascar;56;68105;0;1424;2.090889068350341
2023-04-09;MG;Madagascar;0;68105;0;1424;2.090889068350341
2023-04-16;MG;Madagascar;72;68177;0;1424;2.0886809334526304
2023-04-23;MG;Madagascar;34;68211;0;1424;2.08763982348888
2023-04-30;MG;Madagascar;25;68236;0;1424;2.086874963362448
2023-05-07;MG;Madagascar;17;68253;0;1424;2.086355178526951
2023-05-14;MG;Madagascar;13;68266;0;1424;2.0859578706823307
2023-05-21;MG;Madagascar;15;68281;0;1424;2.085499626543255
2023-05-28;MG;Madagascar;7;68288;1;1425;2.086750234301781
2023-06-04;MG;Madagascar;1;68289;0;1425;2.0867196766682774
2023-06-11;MG;Madagascar;0;68289;0;1425;2.0867196766682774
2023-06-18;MG;Madagascar;0;68289;0;1425;2.0867196766682774
2023-06-25;MG;Madagascar;0;68289;0;1425;2.0867196766682774
2023-07-02;MG;Madagascar;0;68289;0;1425;2.0867196766682774
2023-07-09;MG;Madagascar;0;68289;0;1425;2.0867196766682774
2023-07-16;MG;Madagascar;0;68289;0;1425;2.0867196766682774
2023-07-23;MG;Madagascar;0;68289;0;1425;2.0867196766682774
2023-07-30;MG;Madagascar;28;68317;0;1425;2.085864426131124
2023-08-06;MG;Madagascar;2;68319;0;1425;2.0858033636323716
2023-08-13;MG;Madagascar;0;68319;0;1425;2.0858033636323716
2023-08-20;MG;Madagascar;11;68330;0;1425;2.085467583784575
2023-08-27;MG;Madagascar;2;68332;0;1425;2.0854065445179417
2023-09-03;MG;Madagascar;5;68337;0;1425;2.0852539619825277
2023-09-10;MG;Madagascar;1;68338;0;1425;2.08522344815476
2023-09-17;MG;Madagascar;4;68342;0;1425;2.0851014017734335
2023-09-24;MG;Madagascar;2;68344;0;1425;2.0850403839400675
2023-10-01;MG;Madagascar;0;68344;0;1425;2.0850403839400675
2023-10-08;MG;Madagascar;3;68347;0;1425;2.0849488638857596
2023-10-15;MG;Madagascar;3;68350;0;1425;2.0848573518653986
2023-10-22;MG;Madagascar;4;68354;0;1425;2.084735348333675
2023-10-29;MG;Madagascar;2;68356;0;1425;2.0846743519222892
2023-11-05;MG;Madagascar;14;68370;0;1425;2.0842474769635806
2023-11-12;MG;Madagascar;7;68377;0;1425;2.084034105035319
2023-11-19;MG;Madagascar;9;68386;1;1426;2.085222121486854
2023-11-26;MG;Madagascar;8;68394;0;1426;2.084978214463257
2023-12-03;MG;Madagascar;27;68421;0;1426;2.0841554493503454
2023-12-10;MG;Madagascar;15;68436;0;1426;2.0836986381436673
2023-12-17;MG;Madagascar;15;68451;0;1426;2.083242027143504
2023-12-24;MG;Madagascar;20;68471;0;1426;2.0826335236815585
2023-12-31;MG;Madagascar;11;68482;0;1426;2.0822989982769196
2024-01-07;MG;Madagascar;4;68486;0;1426;2.082177379318401
2024-01-14;MG;Madagascar;0;68486;0;1426;2.082177379318401
2024-01-21;MG;Madagascar;0;68486;0;1426;2.082177379318401
2020-01-05;MW;Malawi;0;0;0;0;0.0
2020-01-12;MW;Malawi;0;0;0;0;0.0
2020-01-19;MW;Malawi;0;0;0;0;0.0
2020-01-26;MW;Malawi;0;0;0;0;0.0
2020-02-02;MW;Malawi;0;0;0;0;0.0
2020-02-09;MW;Malawi;0;0;0;0;0.0
2020-02-16;MW;Malawi;0;0;0;0;0.0
2020-02-23;MW;Malawi;0;0;0;0;0.0
2020-03-01;MW;Malawi;0;0;0;0;0.0
2020-03-08;MW;Malawi;0;0;0;0;0.0
2020-03-15;MW;Malawi;0;0;0;0;0.0
2020-03-22;MW;Malawi;0;0;0;0;0.0
2020-03-29;MW;Malawi;0;0;0;0;0.0
2020-04-05;MW;Malawi;3;3;0;0;0.0
2020-04-12;MW;Malawi;9;12;1;1;8.333333333333332
2020-04-19;MW;Malawi;5;17;1;2;11.76470588235294
2020-04-26;MW;Malawi;16;33;1;3;9.090909090909092
2020-05-03;MW;Malawi;5;38;0;3;7.894736842105263
2020-05-10;MW;Malawi;18;56;0;3;5.357142857142857
2020-05-17;MW;Malawi;14;70;0;3;4.285714285714286
2020-05-24;MW;Malawi;13;83;1;4;4.819277108433735
2020-05-31;MW;Malawi;196;279;0;4;1.4336917562724014
2020-06-07;MW;Malawi;130;409;0;4;0.9779951100244498
2020-06-14;MW;Malawi;120;529;1;5;0.945179584120983
2020-06-21;MW;Malawi;201;730;6;11;1.5068493150684932
2020-06-28;MW;Malawi;308;1038;2;13;1.2524084778420037
2020-07-05;MW;Malawi;575;1613;11;24;1.4879107253564787
2020-07-12;MW;Malawi;648;2261;10;34;1.5037593984962405
2020-07-19;MW;Malawi;646;2907;26;60;2.063983488132095
2020-07-26;MW;Malawi;650;3557;34;94;2.642676412707338
2020-08-02;MW;Malawi;629;4186;28;122;2.9144768275203057
2020-08-09;MW;Malawi;438;4624;21;143;3.0925605536332177
2020-08-16;MW;Malawi;402;5026;14;157;3.1237564663748505
2020-08-23;MW;Malawi;356;5382;11;168;3.121516164994426
2020-08-30;MW;Malawi;146;5528;6;174;3.1476121562952244
2020-09-06;MW;Malawi;83;5611;1;175;3.118873641062199
2020-09-13;MW;Malawi;65;5676;2;177;3.1183932346723044
2020-09-20;MW;Malawi;42;5718;2;179;3.130465197621546
2020-09-27;MW;Malawi;48;5766;0;179;3.1044051335414498
2020-10-04;MW;Malawi;17;5783;0;179;3.095279266816531
2020-10-11;MW;Malawi;38;5821;1;180;3.0922521903453015
2020-10-18;MW;Malawi;31;5852;1;181;3.0929596719070402
2020-10-25;MW;Malawi;35;5887;2;183;3.1085442500424665
2020-11-01;MW;Malawi;43;5930;1;184;3.102866779089376
2020-11-08;MW;Malawi;18;5948;0;184;3.093476798924008
2020-11-15;MW;Malawi;16;5964;1;185;3.101945003353454
2020-11-22;MW;Malawi;39;6003;0;185;3.081792437114776
2020-11-29;MW;Malawi;22;6025;0;185;3.0705394190871367
2020-12-06;MW;Malawi;24;6049;0;185;3.0583567531823443
2020-12-13;MW;Malawi;14;6063;1;186;3.067788223651658
2020-12-20;MW;Malawi;90;6153;1;187;3.039167885584268
2020-12-27;MW;Malawi;190;6343;1;188;2.9638972095223077
2021-01-03;MW;Malawi;367;6710;4;192;2.8614008941877795
2021-01-10;MW;Malawi;1594;8304;28;220;2.649325626204239
2021-01-17;MW;Malawi;3479;11783;107;327;2.7751845879657133
2021-01-24;MW;Malawi;6656;18439;193;520;2.820109550409458
2021-01-31;MW;Malawi;5058;23497;187;707;3.0088947525215985
2021-02-07;MW;Malawi;3378;26875;135;842;3.1330232558139532
2021-02-14;MW;Malawi;2001;28876;100;942;3.2622246848593988
2021-02-21;MW;Malawi;1652;30528;62;1004;3.2887840670859534
2021-02-28;MW;Malawi;1270;31798;37;1041;3.2737908044531103
2021-03-07;MW;Malawi;600;32398;26;1067;3.293413173652695
2021-03-14;MW;Malawi;391;32789;15;1082;3.2998871572783557
2021-03-21;MW;Malawi;427;33216;11;1093;3.290582851637765
2021-03-28;MW;Malawi;242;33458;20;1113;3.3265586705720604
2021-04-04;MW;Malawi;189;33647;7;1120;3.3286771480369723
2021-04-11;MW;Malawi;158;33805;7;1127;3.333826357047774
2021-04-18;MW;Malawi;129;33934;11;1138;3.3535686921671477
2021-04-25;MW;Malawi;77;34011;9;1147;3.372438328775984
2021-05-02;MW;Malawi;84;34095;1;1148;3.3670626191523683
2021-05-09;MW;Malawi;71;34166;5;1153;3.374699994146227
2021-05-16;MW;Malawi;44;34210;0;1153;3.3703595439929845
2021-05-23;MW;Malawi;64;34274;0;1153;3.3640660559024336
2021-05-30;MW;Malawi;55;34329;1;1154;3.3615893268082377
2021-06-06;MW;Malawi;55;34384;2;1156;3.3620288506281995
2021-06-13;MW;Malawi;101;34485;3;1159;3.3608815426997243
2021-06-20;MW;Malawi;347;34832;9;1168;3.353238401469913
2021-06-27;MW;Malawi;722;35554;13;1181;3.3217078247173313
2021-07-04;MW;Malawi;1266;36820;24;1205;3.2726778924497553
2021-07-11;MW;Malawi;2126;38946;37;1242;3.1890309659528575
2021-07-18;MW;Malawi;4097;43043;83;1325;3.078317031805404
2021-07-25;MW;Malawi;5023;48066;133;1458;3.0333291723879667
2021-08-01;MW;Malawi;4281;52347;177;1635;3.12338815977993
2021-08-08;MW;Malawi;3352;55699;170;1805;3.2406326864037056
2021-08-15;MW;Malawi;2197;57896;150;1955;3.3767445073925657
2021-08-22;MW;Malawi;1503;59399;104;2059;3.4663883230357415
2021-08-29;MW;Malawi;914;60313;98;2157;3.576343408552053
2021-09-05;MW;Malawi;490;60803;49;2206;3.62811045507623
2021-09-12;MW;Malawi;295;61098;30;2236;3.65969426167796
2021-09-19;MW;Malawi;239;61337;20;2256;3.6780409866801445
2021-09-26;MW;Malawi;160;61497;19;2275;3.6993674488186414
2021-10-03;MW;Malawi;112;61609;8;2283;3.7056274245645926
2021-10-10;MW;Malawi;63;61672;5;2288;3.709949409780776
2021-10-17;MW;Malawi;40;61712;4;2292;3.714026445423905
2021-10-24;MW;Malawi;45;61757;4;2296;3.7177971727901293
2021-10-31;MW;Malawi;37;61794;4;2300;3.7220442114121113
2021-11-07;MW;Malawi;21;61815;2;2302;3.724015206665049
2021-11-14;MW;Malawi;28;61843;0;2302;3.722329123748848
2021-11-21;MW;Malawi;20;61863;2;2304;3.7243586634983754
2021-11-28;MW;Malawi;26;61889;0;2304;3.722794034481087
2021-12-05;MW;Malawi;77;61966;3;2307;3.723009392247362
2021-12-12;MW;Malawi;264;62230;0;2307;3.70721516953238
2021-12-19;MW;Malawi;2182;64412;4;2311;3.587840775010868
2021-12-26;MW;Malawi;6270;70682;17;2328;3.2936249681672845
2022-01-02;MW;Malawi;5146;75828;40;2368;3.1228569921401066
2022-01-09;MW;Malawi;3885;79713;43;2411;3.0246007552093133
2022-01-16;MW;Malawi;2793;82506;48;2459;2.980389305020241
2022-01-23;MW;Malawi;1259;83765;60;2519;3.0072225869993434
2022-01-30;MW;Malawi;624;84389;38;2557;3.0300157603479128
2022-02-06;MW;Malawi;406;84795;13;2570;3.0308390824930713
2022-02-13;MW;Malawi;214;85009;24;2594;3.051441612064605
2022-02-20;MW;Malawi;196;85205;11;2605;3.0573323161786283
2022-02-27;MW;Malawi;109;85314;8;2613;3.062803291370701
2022-03-06;MW;Malawi;97;85411;5;2618;3.065178958213813
2022-03-13;MW;Malawi;84;85495;2;2620;3.064506696298029
2022-03-20;MW;Malawi;61;85556;6;2626;3.0693347047547803
2022-03-27;MW;Malawi;52;85608;0;2626;3.067470329875712
2022-04-03;MW;Malawi;49;85657;0;2626;3.0657155865837002
2022-04-10;MW;Malawi;45;85702;2;2628;3.0664395229982966
2022-04-17;MW;Malawi;25;85727;3;2631;3.0690447583608433
2022-04-24;MW;Malawi;20;85747;2;2633;3.0706613642459795
2022-05-01;MW;Malawi;34;85781;1;2634;3.070610041850759
2022-05-08;MW;Malawi;30;85811;0;2634;3.0695365396044796
2022-05-15;MW;Malawi;76;85887;2;2636;3.0691489981021576
2022-05-22;MW;Malawi;42;85929;2;2638;3.0699763758451746
2022-05-29;MW;Malawi;35;85964;1;2639;3.069889721278675
2022-06-05;MW;Malawi;37;86001;3;2642;3.072057301659283
2022-06-12;MW;Malawi;89;86090;0;2642;3.068881403182716
2022-06-19;MW;Malawi;99;86189;1;2643;3.066516608847997
2022-06-26;MW;Malawi;159;86348;2;2645;3.063186176865706
2022-07-03;MW;Malawi;186;86534;0;2645;3.056602029260175
2022-07-10;MW;Malawi;200;86734;2;2647;3.0518597089953188
2022-07-17;MW;Malawi;89;86823;4;2651;3.053338401114912
2022-07-24;MW;Malawi;393;87216;6;2657;3.0464593652540817
2022-07-31;MW;Malawi;149;87365;7;2664;3.049276025868483
2022-08-07;MW;Malawi;252;87617;6;2670;3.0473538240295834
2022-08-14;MW;Malawi;93;87710;3;2673;3.0475430395621936
2022-08-21;MW;Malawi;69;87779;2;2675;3.047425921917543
2022-08-28;MW;Malawi;55;87834;0;2675;3.0455176810802196
2022-09-04;MW;Malawi;67;87901;3;2678;3.046609253592109
2022-09-11;MW;Malawi;35;87936;1;2679;3.04653384279476
2022-09-18;MW;Malawi;44;87980;1;2680;3.046146851557172
2022-09-25;MW;Malawi;29;88009;0;2680;3.0451431103637128
2022-10-02;MW;Malawi;19;88028;2;2682;3.0467578497750716
2022-10-09;MW;Malawi;13;88041;0;2682;3.046307970150271
2022-10-16;MW;Malawi;16;88057;0;2682;3.0457544545010617
2022-10-23;MW;Malawi;16;88073;1;2683;3.0463365617158495
2022-10-30;MW;Malawi;24;88097;0;2683;3.045506657434419
2022-11-06;MW;Malawi;-88;88009;2;2685;3.0508243475099137
2022-11-13;MW;Malawi;0;88009;0;2685;3.0508243475099137
2022-11-20;MW;Malawi;36;88045;0;2685;3.0495769208927253
2022-11-27;MW;Malawi;25;88070;0;2685;3.0487112524128532
2022-12-04;MW;Malawi;53;88123;0;2685;3.046877659634829
2022-12-11;MW;Malawi;0;88123;0;2685;3.046877659634829
2022-12-18;MW;Malawi;5;88128;0;2685;3.0467047930283226
2022-12-25;MW;Malawi;32;88160;0;2685;3.04559891107078
2023-01-01;MW;Malawi;51;88211;0;2685;3.0438380700819625
2023-01-08;MW;Malawi;3;88214;0;2685;3.043734554605845
2023-01-15;MW;Malawi;68;88282;0;2685;3.041390090845246
2023-01-22;MW;Malawi;67;88349;1;2686;3.04021550894747
2023-01-29;MW;Malawi;59;88408;0;2686;3.0381865894489186
2023-02-05;MW;Malawi;54;88462;0;2686;3.0363319843548644
2023-02-12;MW;Malawi;41;88503;0;2686;3.0349253697614773
2023-02-19;MW;Malawi;40;88543;0;2686;3.0335543182408546
2023-02-26;MW;Malawi;41;88584;0;2686;3.0321502754447756
2023-03-05;MW;Malawi;21;88605;0;2686;3.03143163478359
2023-03-12;MW;Malawi;5;88610;0;2686;3.03126058006997
2023-03-19;MW;Malawi;3;88613;0;2686;3.0311579565075104
2023-03-26;MW;Malawi;1;88614;0;2686;3.031123750197486
2023-04-02;MW;Malawi;2;88616;0;2686;3.0310553398934728
2023-04-09;MW;Malawi;4;88620;0;2686;3.0309185285488605
2023-04-16;MW;Malawi;0;88620;0;2686;3.0309185285488605
2023-04-23;MW;Malawi;5;88625;0;2686;3.030747531734838
2023-04-30;MW;Malawi;6;88631;0;2686;3.0305423610249234
2023-05-07;MW;Malawi;7;88638;0;2686;3.0303030303030303
2023-05-14;MW;Malawi;0;88638;0;2686;3.0303030303030303
2023-05-21;MW;Malawi;0;88638;0;2686;3.0303030303030303
2023-05-28;MW;Malawi;2;88640;0;2686;3.030234657039711
2023-06-04;MW;Malawi;13;88653;0;2686;3.029790306024613
2023-06-11;MW;Malawi;9;88662;0;2686;3.029482754731452
2023-06-18;MW;Malawi;12;88674;0;2686;3.029072783454
2023-06-25;MW;Malawi;29;88703;0;2686;3.028082477481032
2023-07-02;MW;Malawi;36;88739;0;2686;3.026854032612493
2023-07-09;MW;Malawi;31;88770;0;2686;3.025797003492171
2023-07-16;MW;Malawi;21;88791;0;2686;3.025081370859659
2023-07-23;MW;Malawi;13;88804;0;2686;3.024638529795955
2023-07-30;MW;Malawi;21;88825;0;2686;3.023923444976077
2023-08-06;MW;Malawi;10;88835;0;2686;3.023583047222379
2023-08-13;MW;Malawi;23;88858;0;2686;3.022800423147044
2023-08-20;MW;Malawi;18;88876;0;2686;3.0221882172915073
2023-08-27;MW;Malawi;17;88893;0;2686;3.0216102505259133
2023-09-03;MW;Malawi;28;88921;0;2686;3.0206587870131916
2023-09-10;MW;Malawi;12;88933;0;2686;3.0202512003418303
2023-09-17;MW;Malawi;12;88945;0;2686;3.0198437236494464
2023-09-24;MW;Malawi;15;88960;0;2686;3.0193345323741005
2023-10-01;MW;Malawi;26;88986;0;2686;3.0184523408176567
2023-10-08;MW;Malawi;31;89017;0;2686;3.017401170562926
2023-10-15;MW;Malawi;23;89040;0;2686;3.0166217430368376
2023-10-22;MW;Malawi;19;89059;0;2686;3.0159781717737677
2023-10-29;MW;Malawi;23;89082;0;2686;3.0151994791315864
2023-11-05;MW;Malawi;29;89111;0;2686;3.0142182222172345
2023-11-12;MW;Malawi;16;89127;0;2686;3.0136771124350643
2023-11-19;MW;Malawi;16;89143;0;2686;3.01313619689712
2023-11-26;MW;Malawi;9;89152;0;2686;3.012832017229002
2023-12-03;MW;Malawi;10;89162;0;2686;3.0124941118413675
2023-12-10;MW;Malawi;6;89168;0;2686;3.0122914049883365
2023-12-17;MW;Malawi;0;89168;0;2686;3.0122914049883365
2023-12-24;MW;Malawi;0;89168;0;2686;3.0122914049883365
2023-12-31;MW;Malawi;0;89168;0;2686;3.0122914049883365
2024-01-07;MW;Malawi;0;89168;0;2686;3.0122914049883365
2024-01-14;MW;Malawi;0;89168;0;2686;3.0122914049883365
2024-01-21;MW;Malawi;0;89168;0;2686;3.0122914049883365
2020-01-05;MY;Malaysia;0;0;0;0;0.0
2020-01-12;MY;Malaysia;0;0;0;0;0.0
2020-01-19;MY;Malaysia;0;0;0;0;0.0
2020-01-26;MY;Malaysia;4;4;0;0;0.0
2020-02-02;MY;Malaysia;4;8;0;0;0.0
2020-02-09;MY;Malaysia;8;16;0;0;0.0
2020-02-16;MY;Malaysia;6;22;0;0;0.0
2020-02-23;MY;Malaysia;0;22;0;0;0.0
2020-03-01;MY;Malaysia;3;25;0;0;0.0
2020-03-08;MY;Malaysia;68;93;0;0;0.0
2020-03-15;MY;Malaysia;145;238;0;0;0.0
2020-03-22;MY;Malaysia;945;1183;10;10;0.84530853761623
2020-03-29;MY;Malaysia;1137;2320;17;27;1.163793103448276
2020-04-05;MY;Malaysia;1163;3483;30;57;1.636520241171404
2020-04-12;MY;Malaysia;1047;4530;16;73;1.6114790286975718
2020-04-19;MY;Malaysia;775;5305;15;88;1.6588124410933083
2020-04-26;MY;Malaysia;437;5742;10;98;1.7067223963775686
2020-05-03;MY;Malaysia;434;6176;5;103;1.6677461139896372
2020-05-10;MY;Malaysia;413;6589;5;108;1.6390954621338594
2020-05-17;MY;Malaysia;283;6872;5;113;1.6443538998835856
2020-05-24;MY;Malaysia;313;7185;2;115;1.6005567153792624
2020-05-31;MY;Malaysia;577;7762;0;115;1.4815769131667096
2020-06-07;MY;Malaysia;541;8303;2;117;1.4091292303986511
2020-06-14;MY;Malaysia;142;8445;3;120;1.4209591474245116
2020-06-21;MY;Malaysia;111;8556;1;121;1.4142122487143525
2020-06-28;MY;Malaysia;60;8616;0;121;1.404363974001857
2020-07-05;MY;Malaysia;42;8658;0;121;1.3975513975513976
2020-07-12;MY;Malaysia;46;8704;1;122;1.4016544117647058
2020-07-19;MY;Malaysia;60;8764;0;122;1.3920584208124145
2020-07-26;MY;Malaysia;120;8884;1;123;1.384511481314723
2020-08-02;MY;Malaysia;101;8985;2;125;1.3912075681691707
2020-08-09;MY;Malaysia;85;9070;0;125;1.3781697905181918
2020-08-16;MY;Malaysia;105;9175;0;125;1.3623978201634876
2020-08-23;MY;Malaysia;82;9257;0;125;1.350329480393216
2020-08-30;MY;Malaysia;60;9317;0;125;1.3416335730385318
2020-09-06;MY;Malaysia;74;9391;3;128;1.3630071344904695
2020-09-13;MY;Malaysia;477;9868;0;128;1.2971220105391164
2020-09-20;MY;Malaysia;299;10167;2;130;1.2786466017507623
2020-09-27;MY;Malaysia;602;10769;3;133;1.2350264648528182
2020-10-04;MY;Malaysia;1319;12088;4;137;1.1333553937789544
2020-10-11;MY;Malaysia;3008;15096;18;155;1.0267620561738209
2020-10-18;MY;Malaysia;4531;19627;25;180;0.9171039894023539
2020-10-25;MY;Malaysia;6115;25742;41;221;0.8585191515810737
2020-11-01;MY;Malaysia;5806;31548;28;249;0.7892734880182578
2020-11-08;MY;Malaysia;7809;39357;33;282;0.7165180272886653
2020-11-15;MY;Malaysia;6852;46209;24;306;0.6622086606505226
2020-11-22;MY;Malaysia;7470;53679;26;332;0.6184914025969187
2020-11-29;MY;Malaysia;9497;63176;22;354;0.5603393693807776
2020-12-06;MY;Malaysia;8183;71359;26;380;0.5325186731876849
2020-12-13;MY;Malaysia;10887;82246;31;411;0.49972035114169683
2020-12-20;MY;Malaysia;9723;91969;22;433;0.4708108166882319
2020-12-27;MY;Malaysia;11931;103900;18;451;0.4340712223291627
2021-01-03;MY;Malaysia;15177;119077;32;483;0.4056198930104051
2021-01-10;MY;Malaysia;16915;135992;59;542;0.3985528560503559
2021-01-17;MY;Malaysia;22442;158434;52;594;0.3749195248494641
2021-01-24;MY;Malaysia;25367;183801;73;667;0.36289247610187103
2021-01-31;MY;Malaysia;31158;214959;79;746;0.34704292446466534
2021-02-07;MY;Malaysia;27493;242452;111;857;0.35347202745285666
2021-02-14;MY;Malaysia;21817;264269;101;958;0.36250941275745546
2021-02-21;MY;Malaysia;19300;283569;93;1051;0.37063289710793496
2021-02-28;MY;Malaysia;17183;300752;70;1121;0.37273235090705964
2021-03-07;MY;Malaysia;12708;313460;45;1166;0.3719772857780897
2021-03-14;MY;Malaysia;10303;323763;40;1206;0.3724946951937065
2021-03-21;MY;Malaysia;9277;333040;23;1229;0.36902474177276
2021-03-28;MY;Malaysia;8904;341944;22;1251;0.36584937884565893
2021-04-04;MY;Malaysia;9015;350959;35;1286;0.3664245681119447
2021-04-11;MY;Malaysia;9897;360856;35;1321;0.3660740018178997
2021-04-18;MY;Malaysia;14198;375054;49;1370;0.3652807329077946
2021-04-25;MY;Malaysia;17888;392942;56;1426;0.3629034310407134
2021-05-02;MY;Malaysia;22070;415012;107;1533;0.3693869092941891
2021-05-09;MY;Malaysia;25665;440677;150;1683;0.3819123757309775
2021-05-16;MY;Malaysia;29433;470110;219;1902;0.40458616068579695
2021-05-23;MY;Malaysia;41981;512091;346;2248;0.4389844773682802
2021-05-30;MY;Malaysia;53442;565533;481;2729;0.48255362640199595
2021-06-06;MY;Malaysia;51282;616815;649;3378;0.5476520512633447
2021-06-13;MY;Malaysia;40693;657508;530;3908;0.5943653917518874
2021-06-20;MY;Malaysia;38900;696408;500;4408;0.6329622864757442
2021-06-27;MY;Malaysia;37640;734048;536;4944;0.6735254370286412
2021-07-04;MY;Malaysia;44604;778652;553;5497;0.7059636397260908
2021-07-11;MY;Malaysia;57644;836296;661;6158;0.7363421563656887
2021-07-18;MY;Malaysia;80265;916561;861;7019;0.765797366460061
2021-07-25;MY;Malaysia;96877;1013438;975;7994;0.7888001041997635
2021-08-01;MY;Malaysia;116984;1130422;1190;9184;0.8124399560518106
2021-08-08;MY;Malaysia;132118;1262540;1565;10749;0.8513789662109715
2021-08-15;MY;Malaysia;142359;1404899;1761;12510;0.8904554704644247
2021-08-22;MY;Malaysia;150194;1555093;1658;14168;0.9110709134437619
2021-08-29;MY;Malaysia;150996;1706089;1919;16087;0.942916811491077
2021-09-05;MY;Malaysia;138746;1844835;2132;18219;0.9875679938856321
2021-09-12;MY;Malaysia;134863;1979698;2492;20711;1.0461696683029431
2021-09-19;MY;Malaysia;118132;2097830;2732;23443;1.117488071006707
2021-09-26;MY;Malaysia;100405;2198235;1994;25437;1.1571556271281278
2021-10-03;MY;Malaysia;79330;2277565;1246;26683;1.1715582211704167
2021-10-10;MY;Malaysia;62029;2339594;646;27329;1.1681086547494992
2021-10-17;MY;Malaysia;51093;2390687;592;27921;1.1679069656546424
2021-10-24;MY;Malaysia;41029;2431716;479;28400;1.1678995409003354
2021-10-31;MY;Malaysia;39926;2471642;512;28912;1.1697486933787338
2021-11-07;MY;Malaysia;34667;2506309;379;29291;1.1686906921692417
2021-11-14;MY;Malaysia;40000;2546309;385;29676;1.1654516400012724
2021-11-21;MY;Malaysia;40292;2586601;326;30002;1.15990057995029
2021-11-28;MY;Malaysia;37215;2623816;307;30309;1.1551495989048013
2021-12-05;MY;Malaysia;34956;2658772;305;30614;1.1514338198235878
2021-12-12;MY;Malaysia;32867;2691639;265;30879;1.147219222191386
2021-12-19;MY;Malaysia;27316;2718955;213;31092;1.1435275684959847
2021-12-26;MY;Malaysia;22224;2741179;242;31334;1.143084782132068
2022-01-02;MY;Malaysia;23175;2764354;198;31532;1.1406643288088283
2022-01-09;MY;Malaysia;21865;2786219;146;31678;1.1369529818007846
2022-01-16;MY;Malaysia;22128;2808347;115;31793;1.1320894462115971
2022-01-23;MY;Malaysia;24598;2832945;99;31892;1.1257542945591954
2022-01-30;MY;Malaysia;33039;2865984;73;31965;1.115323742212099
2022-02-06;MY;Malaysia;48236;2914220;69;32034;1.0992306689268483
2022-02-13;MY;Malaysia;126015;3040235;91;32125;1.0566617383195707
2022-02-20;MY;Malaysia;181445;3221680;222;32347;1.004041369720146
2022-02-27;MY;Malaysia;197956;3419636;327;32674;0.955481811514442
2022-03-06;MY;Malaysia;202971;3622607;554;33228;0.9172399876663409
2022-03-13;MY;Malaysia;200964;3823571;579;33807;0.8841734598363676
2022-03-20;MY;Malaysia;169553;3993124;593;34400;0.8614808856424193
2022-03-27;MY;Malaysia;145743;4138867;388;34788;0.840519881407158
2022-04-03;MY;Malaysia;107600;4246467;311;35099;0.8265459262959067
2022-04-10;MY;Malaysia;79351;4325818;193;35292;0.8158456966982893
2022-04-17;MY;Malaysia;63207;4389025;129;35421;0.8070357311703625
2022-04-24;MY;Malaysia;42048;4431073;78;35499;0.8011377831058075
2022-05-01;MY;Malaysia;18434;4449507;51;35550;0.7989649190348505
2022-05-08;MY;Malaysia;9382;4458889;33;35583;0.7980239023667106
2022-05-15;MY;Malaysia;19223;4478112;32;35615;0.7953128461280111
2022-05-22;MY;Malaysia;13208;4491320;28;35643;0.7935974279276472
2022-05-29;MY;Malaysia;12414;4503734;22;35665;0.791898455814664
2022-06-05;MY;Malaysia;11255;4514989;25;35690;0.790478116336496
2022-06-12;MY;Malaysia;11309;4526298;26;35716;0.7890775198628106
2022-06-19;MY;Malaysia;14314;4540612;19;35735;0.7870084473194362
2022-06-26;MY;Malaysia;16052;4556664;19;35754;0.784652982971753
2022-07-03;MY;Malaysia;14691;4571355;30;35784;0.7827875979879051
2022-07-10;MY;Malaysia;21355;4592710;32;35816;0.7798445797796943
2022-07-17;MY;Malaysia;26315;4619025;46;35862;0.7763976163800802
2022-07-24;MY;Malaysia;29906;4648931;61;35923;0.77271527583438
2022-07-31;MY;Malaysia;28339;4677270;54;35977;0.769188009244709
2022-08-07;MY;Malaysia;28554;4705824;55;36032;0.7656894945497325
2022-08-14;MY;Malaysia;26678;4732502;61;36093;0.7626621182621793
2022-08-21;MY;Malaysia;22786;4755288;62;36155;0.7603114679910029
2022-08-28;MY;Malaysia;18715;4774003;51;36206;0.7583991882703047
2022-09-04;MY;Malaysia;15549;4789552;43;36249;0.7568348772494797
2022-09-11;MY;Malaysia;14072;4803624;36;36285;0.755367197765687
2022-09-18;MY;Malaysia;13627;4817251;32;36317;0.7538947005252581
2022-09-25;MY;Malaysia;12963;4830214;40;36357;0.7526995698327238
2022-10-02;MY;Malaysia;12291;4842505;23;36380;0.7512640668414384
2022-10-09;MY;Malaysia;11018;4853523;23;36403;0.7500325021638921
2022-10-16;MY;Malaysia;11957;4865480;20;36423;0.7486003436454368
2022-10-23;MY;Malaysia;14525;4880005;24;36447;0.7468639888688638
2022-10-30;MY;Malaysia;16750;4896755;28;36475;0.7448810487761793
2022-11-06;MY;Malaysia;26783;4923538;20;36495;0.7412352661846014
2022-11-13;MY;Malaysia;23045;4946583;59;36554;0.738974762982851
2022-11-20;MY;Malaysia;19083;4965666;55;36609;0.7372424967768674
2022-11-27;MY;Malaysia;18606;4984272;48;36657;0.7354534423482506
2022-12-04;MY;Malaysia;14558;4998830;59;36716;0.7344918710978369
2022-12-11;MY;Malaysia;10937;5009767;53;36769;0.7339463092794535
2022-12-18;MY;Malaysia;7249;5017016;39;36808;0.7336631974065859
2022-12-25;MY;Malaysia;6290;5023306;27;36835;0.733282025821242
2023-01-01;MY;Malaysia;3371;5026677;23;36858;0.733247829530324
2023-01-08;MY;Malaysia;3231;5029908;8;36866;0.7329358707952511
2023-01-15;MY;Malaysia;2525;5032433;0;36866;0.7325681236093953
2023-01-22;MY;Malaysia;2088;5034521;0;36866;0.7322643008143178
2023-01-29;MY;Malaysia;1350;5035871;0;36866;0.7320679977703957
2023-02-05;MY;Malaysia;1913;5037784;77;36943;0.733318459068511
2023-02-12;MY;Malaysia;1542;5039326;8;36951;0.7332528199207593
2023-02-19;MY;Malaysia;1495;5040821;5;36956;0.7331345429643306
2023-02-26;MY;Malaysia;1367;5042188;1;36957;0.7329556137137291
2023-03-05;MY;Malaysia;1438;5043626;9;36966;0.7329250820738888
2023-03-12;MY;Malaysia;1566;5045192;1;36967;0.7327174069886736
2023-03-19;MY;Malaysia;1848;5047040;0;36967;0.7324491186913518
2023-03-26;MY;Malaysia;2228;5049268;12;36979;0.7323635822063713
2023-04-02;MY;Malaysia;3069;5052337;0;36979;0.7319187140525265
2023-04-09;MY;Malaysia;4574;5056911;3;36982;0.7313160148557094
2023-04-16;MY;Malaysia;4268;5061179;12;36994;0.7309364082953793
2023-04-23;MY;Malaysia;5698;5066877;17;37011;0.7304499398742065
2023-04-30;MY;Malaysia;4817;5071694;9;37020;0.7299336276991475
2023-05-07;MY;Malaysia;146;5071840;8;37028;0.7300703492223729
2023-05-14;MY;Malaysia;7596;5079436;0;37028;0.7289785716366936
2023-05-21;MY;Malaysia;12209;5091645;42;37070;0.7280554712671445
2023-05-28;MY;Malaysia;6439;5098084;31;37101;0.7277439916643194
2023-06-04;MY;Malaysia;5801;5103885;15;37116;0.7272107424050502
2023-06-11;MY;Malaysia;4523;5108408;10;37126;0.7267626235022732
2023-06-18;MY;Malaysia;760;5109168;10;37136;0.726850242544383
2023-06-25;MY;Malaysia;3433;5112601;11;37147;0.7265773331421717
2023-07-02;MY;Malaysia;0;5112601;2;37149;0.7266164521737566
2023-07-09;MY;Malaysia;2698;5115299;7;37156;0.7263700518777103
2023-07-16;MY;Malaysia;1548;5116847;2;37158;0.7261893896768851
2023-07-23;MY;Malaysia;1222;5118069;3;37161;0.7260746191581239
2023-07-30;MY;Malaysia;1202;5119271;1;37162;0.7259236715540162
2023-08-06;MY;Malaysia;958;5120229;2;37164;0.7258269112572895
2023-08-13;MY;Malaysia;934;5121163;0;37164;0.7256945346203587
2023-08-20;MY;Malaysia;695;5121858;0;37164;0.7255960629912036
2023-08-27;MY;Malaysia;710;5122568;0;37164;0.7254954936664579
2023-09-03;MY;Malaysia;1233;5123801;3;37167;0.7253794595067217
2023-09-10;MY;Malaysia;680;5124481;4;37171;0.725361260974526
2023-09-17;MY;Malaysia;728;5125209;1;37172;0.7252777398931438
2023-09-24;MY;Malaysia;691;5125900;0;37172;0.7251799683957939
2023-10-01;MY;Malaysia;783;5126683;2;37174;0.7251082229972089
2023-10-08;MY;Malaysia;933;5127616;5;37179;0.7250737964777394
2023-10-15;MY;Malaysia;1052;5128668;2;37181;0.7249640647435163
2023-10-22;MY;Malaysia;1132;5129800;3;37184;0.7248625677414324
2023-10-29;MY;Malaysia;1339;5131139;0;37184;0.724673410718361
2023-11-05;MY;Malaysia;1692;5132831;6;37190;0.7245514220125306
2023-11-12;MY;Malaysia;1801;5134632;1;37191;0.7243167572671225
2023-11-19;MY;Malaysia;2305;5136937;3;37194;0.7240501489506296
2023-11-26;MY;Malaysia;3626;5140563;7;37201;0.7236755974005182
2023-12-03;MY;Malaysia;6796;5147359;6;37207;0.722836701306437
2023-12-10;MY;Malaysia;12757;5160116;11;37218;0.7212628553311592
2023-12-17;MY;Malaysia;20696;5180812;28;37246;0.7189220531453371
2023-12-24;MY;Malaysia;25912;5206724;22;37268;0.7157667662046231
2023-12-31;MY;Malaysia;20598;5227322;25;37293;0.7134245795457024
2024-01-07;MY;Malaysia;0;5227322;22;37315;0.713845445143804
2024-01-14;MY;Malaysia;29687;5257009;8;37323;0.7099664467000152
2024-01-21;MY;Malaysia;0;5257009;0;37323;0.7099664467000152
2020-01-05;MV;Maldives;0;0;0;0;0.0
2020-01-12;MV;Maldives;0;0;0;0;0.0
2020-01-19;MV;Maldives;0;0;0;0;0.0
2020-01-26;MV;Maldives;0;0;0;0;0.0
2020-02-02;MV;Maldives;0;0;0;0;0.0
2020-02-09;MV;Maldives;0;0;0;0;0.0
2020-02-16;MV;Maldives;0;0;0;0;0.0
2020-02-23;MV;Maldives;0;0;0;0;0.0
2020-03-01;MV;Maldives;0;0;0;0;0.0
2020-03-08;MV;Maldives;2;2;0;0;0.0
2020-03-15;MV;Maldives;9;11;0;0;0.0
2020-03-22;MV;Maldives;6;17;0;0;0.0
2020-03-29;MV;Maldives;-1;16;0;0;0.0
2020-04-05;MV;Maldives;3;19;0;0;0.0
2020-04-12;MV;Maldives;1;20;0;0;0.0
2020-04-19;MV;Maldives;31;51;0;0;0.0
2020-04-26;MV;Maldives;137;188;0;0;0.0
2020-05-03;MV;Maldives;339;527;1;1;0.18975332068311196
2020-05-10;MV;Maldives;308;835;2;3;0.3592814371257485
2020-05-17;MV;Maldives;259;1094;1;4;0.3656307129798903
2020-05-24;MV;Maldives;277;1371;0;4;0.29175784099197666
2020-05-31;MV;Maldives;301;1672;1;5;0.29904306220095694
2020-06-07;MV;Maldives;231;1903;3;8;0.42038885969521805
2020-06-14;MV;Maldives;132;2035;0;8;0.3931203931203931
2020-06-21;MV;Maldives;168;2203;0;8;0.3631411711302769
2020-06-28;MV;Maldives;121;2324;0;8;0.34423407917383825
2020-07-05;MV;Maldives;144;2468;3;11;0.44570502431118314
2020-07-12;MV;Maldives;263;2731;2;13;0.4760161113145368
2020-07-19;MV;Maldives;235;2966;2;15;0.5057316250842886
2020-07-26;MV;Maldives;336;3302;0;15;0.4542701393095093
2020-08-02;MV;Maldives;862;4164;3;18;0.43227665706051877
2020-08-09;MV;Maldives;877;5041;1;19;0.3769093433842492
2020-08-16;MV;Maldives;744;5785;3;22;0.3802938634399309
2020-08-23;MV;Maldives;994;6779;4;26;0.38353739489600236
2020-08-30;MV;Maldives;888;7667;2;28;0.36520151297769665
2020-09-06;MV;Maldives;917;8584;1;29;0.33783783783783783
2020-09-13;MV;Maldives;589;9173;3;32;0.34884988553363133
2020-09-20;MV;Maldives;551;9724;1;33;0.3393665158371041
2020-09-27;MV;Maldives;374;10098;1;34;0.33670033670033667
2020-10-04;MV;Maldives;432;10530;0;34;0.3228869895536562
2020-10-11;MV;Maldives;364;10894;1;35;0.3212777675784836
2020-10-18;MV;Maldives;316;11210;2;37;0.3300624442462088
2020-10-25;MV;Maldives;295;11505;0;37;0.32159930465015213
2020-11-01;MV;Maldives;196;11701;1;38;0.32475856764379113
2020-11-08;MV;Maldives;285;11986;2;40;0.3337226764558652
2020-11-15;MV;Maldives;218;12204;3;43;0.3523434939364143
2020-11-22;MV;Maldives;404;12608;3;46;0.36484771573604063
2020-11-29;MV;Maldives;386;12994;0;46;0.3540095428659381
2020-12-06;MV;Maldives;204;13198;1;47;0.35611456281254733
2020-12-13;MV;Maldives;170;13368;1;48;0.3590664272890485
2020-12-20;MV;Maldives;125;13493;0;48;0.35574001334025046
2020-12-27;MV;Maldives;151;13644;0;48;0.3518029903254178
2021-01-03;MV;Maldives;223;13867;0;48;0.34614552534794835
2021-01-10;MV;Maldives;242;14109;1;49;0.3472960521652846
2021-01-17;MV;Maldives;404;14513;0;49;0.3376283332184937
2021-01-24;MV;Maldives;480;14993;2;51;0.3401587407456813
2021-01-31;MV;Maldives;848;15841;1;52;0.3282621046651095
2021-02-07;MV;Maldives;942;16783;3;55;0.32771256628731454
2021-02-14;MV;Maldives;1045;17828;3;58;0.3253309400942338
2021-02-21;MV;Maldives;941;18769;2;60;0.3196760615909212
2021-02-28;MV;Maldives;1024;19793;2;62;0.3132420552720659
2021-03-07;MV;Maldives;1001;20794;2;64;0.30778109069924015
2021-03-14;MV;Maldives;778;21572;0;64;0.2966808826256258
2021-03-21;MV;Maldives;941;22513;2;66;0.29316394971794074
2021-03-28;MV;Maldives;1011;23524;0;66;0.28056452984186364
2021-04-04;MV;Maldives;1259;24783;1;67;0.27034660856232096
2021-04-11;MV;Maldives;834;25617;0;67;0.26154506772846153
2021-04-18;MV;Maldives;731;26348;3;70;0.2656748140276302
2021-04-25;MV;Maldives;1526;27874;1;71;0.2547176580325751
2021-05-02;MV;Maldives;2871;30745;3;74;0.2406895430151244
2021-05-09;MV;Maldives;5070;35815;10;84;0.23453860114477174
2021-05-16;MV;Maldives;8708;44523;13;97;0.2178649237472767
2021-05-23;MV;Maldives;11401;55924;32;129;0.23067019526500251
2021-05-30;MV;Maldives;7762;63686;29;158;0.24809220236786736
2021-06-06;MV;Maldives;4264;67950;27;185;0.27225901398086827
2021-06-13;MV;Maldives;2351;70301;12;197;0.2802236099059757
2021-06-20;MV;Maldives;1595;71896;9;206;0.2865249805274285
2021-06-27;MV;Maldives;1431;73327;3;209;0.2850246157622704
2021-07-04;MV;Maldives;1024;74351;4;213;0.28647899826498635
2021-07-11;MV;Maldives;720;75071;1;214;0.28506347324532777
2021-07-18;MV;Maldives;808;75879;2;216;0.2846637409559957
2021-07-25;MV;Maldives;871;76750;3;219;0.2853420195439739
2021-08-01;MV;Maldives;797;77547;2;221;0.28498845861219646
2021-08-08;MV;Maldives;809;78356;1;222;0.2833222727040686
2021-08-15;MV;Maldives;781;79137;0;222;0.28052617612494785
2021-08-22;MV;Maldives;822;79959;1;223;0.2788929326279718
2021-08-29;MV;Maldives;832;80791;3;226;0.2797341288014754
2021-09-05;MV;Maldives;1188;81979;0;226;0.27568035716463973
2021-09-12;MV;Maldives;843;82822;1;227;0.2740817657144237
2021-09-19;MV;Maldives;754;83576;2;229;0.27400210586771323
2021-09-26;MV;Maldives;786;84362;2;231;0.2738199663355539
2021-10-03;MV;Maldives;680;85042;0;231;0.27163048846452337
2021-10-10;MV;Maldives;506;85548;3;234;0.2735306494599523
2021-10-17;MV;Maldives;617;86165;4;238;0.2762142401206986
2021-10-24;MV;Maldives;757;86922;2;240;0.27610961551736035
2021-10-31;MV;Maldives;862;87784;3;243;0.27681582065068805
2021-11-07;MV;Maldives;1033;88817;2;245;0.2758480921445219
2021-11-14;MV;Maldives;1023;89840;2;247;0.27493321460374
2021-11-21;MV;Maldives;885;90725;1;248;0.27335354092036374
2021-11-28;MV;Maldives;739;91464;0;248;0.2711449313391061
2021-12-05;MV;Maldives;747;92211;6;254;0.2754552059949464
2021-12-12;MV;Maldives;908;93119;4;258;0.2770648310226699
2021-12-19;MV;Maldives;838;93957;1;259;0.2756580137722575
2021-12-26;MV;Maldives;907;94864;2;261;0.27513071344240175
2022-01-02;MV;Maldives;1188;96052;1;262;0.27276891683671345
2022-01-09;MV;Maldives;2000;98052;2;264;0.2692448904662832
2022-01-16;MV;Maldives;5529;103581;1;265;0.2558384259661521
2022-01-23;MV;Maldives;13880;117461;5;270;0.22986352917138456
2022-01-30;MV;Maldives;18665;136126;5;275;0.20201871795248522
2022-02-06;MV;Maldives;14211;150337;8;283;0.18824374571795366
2022-02-13;MV;Maldives;8724;159061;6;289;0.18169130082169735
2022-02-20;MV;Maldives;6012;165073;2;291;0.17628564332143962
2022-02-27;MV;Maldives;4559;169632;6;297;0.1750848896434635
2022-03-06;MV;Maldives;2944;172576;0;297;0.1720980901168181
2022-03-13;MV;Maldives;2082;174658;0;297;0.1700466053659151
2022-03-20;MV;Maldives;1341;175999;0;297;0.16875095881226598
2022-03-27;MV;Maldives;1104;177103;1;298;0.16826366577641258
2022-04-03;MV;Maldives;656;177759;0;298;0.16764270726095443
2022-04-10;MV;Maldives;718;178477;0;298;0.16696829283325024
2022-04-17;MV;Maldives;441;178918;0;298;0.16655674666607048
2022-04-24;MV;Maldives;282;179200;0;298;0.16629464285714285
2022-05-01;MV;Maldives;179;179379;0;298;0.16612869956906884
2022-05-08;MV;Maldives;123;179502;0;298;0.166014863344141
2022-05-15;MV;Maldives;67;179569;0;298;0.16595292060433592
2022-05-22;MV;Maldives;101;179670;0;298;0.16585963154672453
2022-05-29;MV;Maldives;95;179765;0;298;0.1657719800851111
2022-06-05;MV;Maldives;90;179855;1;299;0.16624503071919045
2022-06-12;MV;Maldives;160;180015;0;299;0.16609726967197178
2022-06-19;MV;Maldives;528;180543;1;300;0.16616540104019542
2022-06-26;MV;Maldives;1043;181586;5;305;0.16796449065456587
2022-07-03;MV;Maldives;1134;182720;1;306;0.1674693520140105
2022-07-10;MV;Maldives;771;183491;1;307;0.16731065828841743
2022-07-17;MV;Maldives;417;183908;0;307;0.16693129173282292
2022-07-24;MV;Maldives;394;184302;0;307;0.1665744267560851
2022-07-31;MV;Maldives;183;184485;0;307;0.16640919315933544
2022-08-07;MV;Maldives;106;184591;0;307;0.16631363392581436
2022-08-14;MV;Maldives;98;184689;0;307;0.16622538429467917
2022-08-21;MV;Maldives;99;184788;0;307;0.16613632919886573
2022-08-28;MV;Maldives;68;184856;1;308;0.16661617691608605
2022-09-04;MV;Maldives;68;184924;0;308;0.16655490904371525
2022-09-11;MV;Maldives;42;184966;0;308;0.16651708962728284
2022-09-18;MV;Maldives;38;185004;0;308;0.1664828868565004
2022-09-25;MV;Maldives;38;185042;0;308;0.16644869813339674
2022-10-02;MV;Maldives;40;185082;0;308;0.166412725170465
2022-10-09;MV;Maldives;43;185125;0;308;0.1663740715732613
2022-10-16;MV;Maldives;69;185194;0;308;0.16631208354482327
2022-10-23;MV;Maldives;86;185280;0;308;0.1662348877374784
2022-10-30;MV;Maldives;84;185364;0;308;0.16615955633240545
2022-11-06;MV;Maldives;90;185454;1;309;0.16661813711216797
2022-11-13;MV;Maldives;95;185549;1;310;0.1670717707990881
2022-11-20;MV;Maldives;35;185584;1;311;0.16757910164669368
2022-11-27;MV;Maldives;34;185618;0;311;0.16754840586581043
2022-12-04;MV;Maldives;14;185632;0;311;0.1675357696948802
2022-12-11;MV;Maldives;19;185651;0;311;0.1675186236540606
2022-12-18;MV;Maldives;15;185666;0;311;0.16750508978488252
2022-12-25;MV;Maldives;12;185678;0;311;0.16749426426394082
2023-01-01;MV;Maldives;15;185693;0;311;0.1674807343303194
2023-01-08;MV;Maldives;9;185702;0;311;0.1674726174193062
2023-01-15;MV;Maldives;6;185708;0;311;0.16746720658237663
2023-01-22;MV;Maldives;5;185713;0;311;0.1674626978186772
2023-01-29;MV;Maldives;2;185715;0;311;0.16746089438117545
2023-02-05;MV;Maldives;6;185721;0;311;0.16745548430172139
2023-02-12;MV;Maldives;2;185723;0;311;0.1674536810195829
2023-02-19;MV;Maldives;6;185729;0;311;0.1674482714061886
2023-02-26;MV;Maldives;3;185732;0;311;0.16744556673055802
2023-03-05;MV;Maldives;6;185738;0;311;0.16744015764140885
2023-03-12;MV;Maldives;6;185744;0;311;0.1674347489017142
2023-03-19;MV;Maldives;11;185755;0;311;0.16742483378643913
2023-03-26;MV;Maldives;16;185771;0;311;0.16741041389667927
2023-04-02;MV;Maldives;39;185810;0;311;0.1673752758193854
2023-04-09;MV;Maldives;84;185894;0;311;0.16729964388307314
2023-04-16;MV;Maldives;148;186042;0;311;0.1671665537889294
2023-04-23;MV;Maldives;199;186241;2;313;0.16806181238288026
2023-04-30;MV;Maldives;194;186435;0;313;0.16788693110199265
2023-05-07;MV;Maldives;91;186526;1;314;0.16834114278974513
2023-05-14;MV;Maldives;63;186589;0;314;0.16828430400505925
2023-05-21;MV;Maldives;36;186625;1;315;0.16878767582049564
2023-05-28;MV;Maldives;26;186651;0;315;0.1687641641352042
2023-06-04;MV;Maldives;21;186672;1;316;0.16928087768920888
2023-06-11;MV;Maldives;11;186683;0;316;0.16927090308169462
2023-06-18;MV;Maldives;0;186683;0;316;0.16927090308169462
2023-06-25;MV;Maldives;0;186683;0;316;0.16927090308169462
2023-07-02;MV;Maldives;4;186687;0;316;0.16926727624312352
2023-07-09;MV;Maldives;0;186687;0;316;0.16926727624312352
2023-07-16;MV;Maldives;0;186687;0;316;0.16926727624312352
2023-07-23;MV;Maldives;0;186687;0;316;0.16926727624312352
2023-07-30;MV;Maldives;0;186687;0;316;0.16926727624312352
2023-08-06;MV;Maldives;7;186694;0;316;0.16926092964958703
2023-08-13;MV;Maldives;0;186694;0;316;0.16926092964958703
2023-08-20;MV;Maldives;0;186694;0;316;0.16926092964958703
2023-08-27;MV;Maldives;0;186694;0;316;0.16926092964958703
2023-09-03;MV;Maldives;0;186694;0;316;0.16926092964958703
2023-09-10;MV;Maldives;0;186694;0;316;0.16926092964958703
2023-09-17;MV;Maldives;0;186694;0;316;0.16926092964958703
2023-09-24;MV;Maldives;0;186694;0;316;0.16926092964958703
2023-10-01;MV;Maldives;0;186694;0;316;0.16926092964958703
2023-10-08;MV;Maldives;0;186694;0;316;0.16926092964958703
2023-10-15;MV;Maldives;0;186694;0;316;0.16926092964958703
2023-10-22;MV;Maldives;0;186694;0;316;0.16926092964958703
2023-10-29;MV;Maldives;0;186694;0;316;0.16926092964958703
2023-11-05;MV;Maldives;0;186694;0;316;0.16926092964958703
2023-11-12;MV;Maldives;0;186694;0;316;0.16926092964958703
2023-11-19;MV;Maldives;0;186694;0;316;0.16926092964958703
2023-11-26;MV;Maldives;0;186694;0;316;0.16926092964958703
2023-12-03;MV;Maldives;0;186694;0;316;0.16926092964958703
2023-12-10;MV;Maldives;0;186694;0;316;0.16926092964958703
2023-12-17;MV;Maldives;0;186694;0;316;0.16926092964958703
2023-12-24;MV;Maldives;0;186694;0;316;0.16926092964958703
2023-12-31;MV;Maldives;0;186694;0;316;0.16926092964958703
2024-01-07;MV;Maldives;0;186694;0;316;0.16926092964958703
2024-01-14;MV;Maldives;0;186694;0;316;0.16926092964958703
2024-01-21;MV;Maldives;0;186694;0;316;0.16926092964958703
2020-01-05;ML;Mali;0;0;0;0;0.0
2020-01-12;ML;Mali;0;0;0;0;0.0
2020-01-19;ML;Mali;0;0;0;0;0.0
2020-01-26;ML;Mali;0;0;0;0;0.0
2020-02-02;ML;Mali;0;0;0;0;0.0
2020-02-09;ML;Mali;0;0;0;0;0.0
2020-02-16;ML;Mali;0;0;0;0;0.0
2020-02-23;ML;Mali;0;0;0;0;0.0
2020-03-01;ML;Mali;0;0;0;0;0.0
2020-03-08;ML;Mali;0;0;0;0;0.0
2020-03-15;ML;Mali;0;0;0;0;0.0
2020-03-22;ML;Mali;0;0;0;0;0.0
2020-03-29;ML;Mali;17;17;1;1;5.88235294117647
2020-04-05;ML;Mali;22;39;2;3;7.6923076923076925
2020-04-12;ML;Mali;66;105;6;9;8.571428571428571
2020-04-19;ML;Mali;111;216;4;13;6.018518518518518
2020-04-26;ML;Mali;154;370;8;21;5.675675675675676
2020-05-03;ML;Mali;174;544;5;26;4.779411764705882
2020-05-10;ML;Mali;148;692;12;38;5.491329479768786
2020-05-17;ML;Mali;143;835;10;48;5.748502994011976
2020-05-24;ML;Mali;178;1013;15;63;6.219151036525173
2020-05-31;ML;Mali;235;1248;13;76;6.089743589743589
2020-06-07;ML;Mali;273;1521;14;90;5.9171597633136095
2020-06-14;ML;Mali;253;1774;14;104;5.862457722660654
2020-06-21;ML;Mali;157;1931;5;109;5.644743656136717
2020-06-28;ML;Mali;127;2058;4;113;5.4907677356656945
2020-07-05;ML;Mali;202;2260;5;118;5.221238938053097
2020-07-12;ML;Mali;31;2291;3;121;5.28153644696639
2020-07-19;ML;Mali;66;2357;0;121;5.133644463300806
2020-07-26;ML;Mali;31;2388;2;123;5.150753768844221
2020-08-02;ML;Mali;32;2420;1;124;5.12396694214876
2020-08-09;ML;Mali;30;2450;1;125;5.1020408163265305
2020-08-16;ML;Mali;162;2612;0;125;4.785604900459418
2020-08-23;ML;Mali;87;2699;0;125;4.631344942571323
2020-08-30;ML;Mali;58;2757;1;126;4.570184983677911
2020-09-06;ML;Mali;76;2833;0;126;4.447582068478644
2020-09-13;ML;Mali;83;2916;2;128;4.38957475994513
2020-09-20;ML;Mali;90;3006;0;128;4.258150365934797
2020-09-27;ML;Mali;74;3080;2;130;4.220779220779221
2020-10-04;ML;Mali;90;3170;1;131;4.132492113564669
2020-10-11;ML;Mali;103;3273;1;132;4.032997250229148
2020-10-18;ML;Mali;106;3379;0;132;3.9064812074578277
2020-10-25;ML;Mali;93;3472;0;132;3.8018433179723505
2020-11-01;ML;Mali;82;3554;4;136;3.8266741699493525
2020-11-08;ML;Mali;122;3676;1;137;3.7268770402611535
2020-11-15;ML;Mali;192;3868;2;139;3.59358841778697
2020-11-22;ML;Mali;338;4206;4;143;3.3999048977650976
2020-11-29;ML;Mali;453;4659;6;149;3.1981111826572226
2020-12-06;ML;Mali;403;5062;14;163;3.2200711181351247
2020-12-13;ML;Mali;659;5721;26;189;3.303618248557944
2020-12-20;ML;Mali;443;6164;31;220;3.5691109669046073
2020-12-27;ML;Mali;410;6574;30;250;3.8028597505324004
2021-01-03;ML;Mali;652;7226;26;276;3.819540548021035
2021-01-10;ML;Mali;339;7565;19;295;3.8995373430270988
2021-01-17;ML;Mali;258;7823;13;308;3.9371085261408667
2021-01-24;ML;Mali;142;7965;15;323;4.055241682360326
2021-01-31;ML;Mali;104;8069;7;330;4.089726112281571
2021-02-07;ML;Mali;91;8160;8;338;4.1421568627450975
2021-02-14;ML;Mali;66;8226;4;342;4.157549234135667
2021-02-21;ML;Mali;66;8292;5;347;4.184756391702846
2021-02-28;ML;Mali;73;8365;5;352;4.208009563658099
2021-03-07;ML;Mali;195;8560;6;358;4.182242990654206
2021-03-14;ML;Mali;302;8862;2;360;4.062288422477995
2021-03-21;ML;Mali;408;9270;2;362;3.9050701186623513
2021-03-28;ML;Mali;503;9773;14;376;3.8473344929908935
2021-04-04;ML;Mali;659;10432;15;391;3.7480828220858893
2021-04-11;ML;Mali;1273;11705;14;405;3.460059803502777
2021-04-18;ML;Mali;1275;12980;24;429;3.305084745762712
2021-04-25;ML;Mali;580;13560;33;462;3.4070796460176993
2021-05-02;ML;Mali;336;13896;23;485;3.4902130109383998
2021-05-09;ML;Mali;186;14082;14;499;3.543530748473228
2021-05-16;ML;Mali;94;14176;12;511;3.6046839729119635
2021-05-23;ML;Mali;64;14240;2;513;3.6025280898876404
2021-05-30;ML;Mali;25;14265;4;517;3.6242551699964953
2021-06-06;ML;Mali;31;14296;1;518;3.6233911583659766
2021-06-13;ML;Mali;53;14349;5;523;3.6448532998815253
2021-06-20;ML;Mali;31;14380;1;524;3.643949930458971
2021-06-27;ML;Mali;34;14414;1;525;3.642292215901207
2021-07-04;ML;Mali;24;14438;1;526;3.6431638731126195
2021-07-11;ML;Mali;23;14461;2;528;3.651199778715165
2021-07-18;ML;Mali;48;14509;2;530;3.6529050933903093
2021-07-25;ML;Mali;31;14540;0;530;3.645116918844567
2021-08-01;ML;Mali;44;14584;2;532;3.647833241908941
2021-08-08;ML;Mali;53;14637;2;534;3.648288583726173
2021-08-15;ML;Mali;55;14692;0;534;3.6346310917506126
2021-08-22;ML;Mali;57;14749;2;536;3.6341446877754424
2021-08-29;ML;Mali;97;14846;3;539;3.6306075710629124
2021-09-05;ML;Mali;84;14930;2;541;3.62357669122572
2021-09-12;ML;Mali;51;14981;2;543;3.6245911487884657
2021-09-19;ML;Mali;79;15060;2;545;3.618857901726428
2021-09-26;ML;Mali;93;15153;2;547;3.6098462350689635
2021-10-03;ML;Mali;125;15278;2;549;3.5934022777850503
2021-10-10;ML;Mali;172;15450;4;553;3.579288025889968
2021-10-17;ML;Mali;153;15603;4;557;3.5698263154521563
2021-10-24;ML;Mali;206;15809;1;558;3.5296350180277054
2021-10-31;ML;Mali;229;16038;5;563;3.5104127696720293
2021-11-07;ML;Mali;304;16342;11;574;3.5124219801737855
2021-11-14;ML;Mali;301;16643;11;585;3.514991287628432
2021-11-21;ML;Mali;276;16919;6;591;3.493114250251197
2021-11-28;ML;Mali;381;17300;12;603;3.4855491329479773
2021-12-05;ML;Mali;512;17812;14;617;3.4639568830002245
2021-12-12;ML;Mali;692;18504;11;628;3.3938607868568957
2021-12-19;ML;Mali;688;19192;11;639;3.3295122967903295
2021-12-26;ML;Mali;819;20011;14;653;3.263205237119584
2022-01-02;ML;Mali;1367;21378;15;668;3.1247076433716905
2022-01-09;ML;Mali;3819;25197;4;672;2.666984164781522
2022-01-16;ML;Mali;3124;28321;16;688;2.4292927509621838
2022-01-23;ML;Mali;1276;29597;16;704;2.37861945467446
2022-01-30;ML;Mali;411;30008;7;711;2.3693681684884034
2022-02-06;ML;Mali;148;30156;4;715;2.371004111951187
2022-02-13;ML;Mali;95;30251;0;715;2.3635582294800175
2022-02-20;ML;Mali;87;30338;2;717;2.3633726679411957
2022-02-27;ML;Mali;33;30371;5;722;2.3772677883507294
2022-03-06;ML;Mali;27;30398;2;724;2.3817356405026646
2022-03-13;ML;Mali;16;30414;2;726;2.3870585914381537
2022-03-20;ML;Mali;34;30448;1;727;2.387677351550184
2022-03-27;ML;Mali;22;30470;0;727;2.3859533967837216
2022-04-03;ML;Mali;23;30493;1;728;2.387433181385892
2022-04-10;ML;Mali;53;30546;1;729;2.386564525633471
2022-04-17;ML;Mali;105;30651;0;729;2.378388959577175
2022-04-24;ML;Mali;76;30727;2;731;2.3790151983597485
2022-05-01;ML;Mali;106;30833;1;732;2.374079719780754
2022-05-08;ML;Mali;94;30927;1;733;2.3700973259611344
2022-05-15;ML;Mali;76;31003;0;733;2.364287327032868
2022-05-22;ML;Mali;51;31054;1;734;2.3636246538288144
2022-05-29;ML;Mali;34;31088;0;734;2.361039629439012
2022-06-05;ML;Mali;21;31109;1;735;2.3626603233790866
2022-06-12;ML;Mali;13;31122;0;735;2.3616734143049936
2022-06-19;ML;Mali;15;31137;1;736;2.3637473102739506
2022-06-26;ML;Mali;16;31153;1;737;2.365743267101082
2022-07-03;ML;Mali;18;31171;0;737;2.364377145423631
2022-07-10;ML;Mali;15;31186;0;737;2.36323991534663
2022-07-17;ML;Mali;12;31198;0;737;2.3623309186486314
2022-07-24;ML;Mali;14;31212;0;737;2.361271305907984
2022-07-31;ML;Mali;10;31222;2;739;2.3669207610018574
2022-08-07;ML;Mali;14;31236;0;739;2.365859905237546
2022-08-14;ML;Mali;8;31244;0;739;2.3652541287927282
2022-08-21;ML;Mali;15;31259;0;739;2.3641191336894973
2022-08-28;ML;Mali;55;31314;0;739;2.3599667880181388
2022-09-04;ML;Mali;262;31576;0;739;2.3403851026095768
2022-09-11;ML;Mali;629;32205;0;739;2.2946747399472134
2022-09-18;ML;Mali;292;32497;0;739;2.2740560667138503
2022-09-25;ML;Mali;104;32601;2;741;2.2729364129934666
2022-10-02;ML;Mali;40;32641;1;742;2.2732146686682393
2022-10-09;ML;Mali;56;32697;0;742;2.2693213444658533
2022-10-16;ML;Mali;9;32706;0;742;2.2686968751910968
2022-10-23;ML;Mali;9;32715;0;742;2.268072749503286
2022-10-30;ML;Mali;16;32731;0;742;2.266964040206532
2022-11-06;ML;Mali;7;32738;0;742;2.266479320667115
2022-11-13;ML;Mali;7;32745;0;742;2.2659948083676897
2022-11-20;ML;Mali;10;32755;0;742;2.2653030071744773
2022-11-27;ML;Mali;3;32758;0;742;2.2650955491788265
2022-12-04;ML;Mali;2;32760;0;742;2.264957264957265
2022-12-11;ML;Mali;3;32763;0;742;2.2647498702804993
2022-12-18;ML;Mali;4;32767;1;743;2.2675252540665913
2022-12-25;ML;Mali;1;32768;0;743;2.2674560546875
2023-01-01;ML;Mali;2;32770;0;743;2.2673176685993286
2023-01-08;ML;Mali;1;32771;0;743;2.2672484818894754
2023-01-15;ML;Mali;1;32772;0;743;2.267179299401928
2023-01-22;ML;Mali;3;32775;0;743;2.26697177726926
2023-01-29;ML;Mali;3;32778;0;743;2.2667642931234364
2023-02-05;ML;Mali;12;32790;0;743;2.265934736200061
2023-02-12;ML;Mali;43;32833;0;743;2.2629671367222004
2023-02-19;ML;Mali;62;32895;0;743;2.258701930384557
2023-02-26;ML;Mali;102;32997;0;743;2.2517198533199987
2023-03-05;ML;Mali;57;33054;0;743;2.247836872995704
2023-03-12;ML;Mali;11;33065;0;743;2.2470890669892634
2023-03-19;ML;Mali;9;33074;0;743;2.246477595694503
2023-03-26;ML;Mali;32;33106;0;743;2.2443061680662115
2023-04-02;ML;Mali;11;33117;0;743;2.2435607090014194
2023-04-09;ML;Mali;5;33122;0;743;2.2432220276553347
2023-04-16;ML;Mali;12;33134;0;743;2.242409609464598
2023-04-23;ML;Mali;10;33144;0;743;2.241733043688149
2023-04-30;ML;Mali;0;33144;0;743;2.241733043688149
2023-05-07;ML;Mali;0;33144;0;743;2.241733043688149
2023-05-14;ML;Mali;3;33147;0;743;2.2415301535583914
2023-05-21;ML;Mali;1;33148;0;743;2.241462531676119
2023-05-28;ML;Mali;0;33148;0;743;2.241462531676119
2023-06-04;ML;Mali;2;33150;0;743;2.2413273001508296
2023-06-11;ML;Mali;0;33150;0;743;2.2413273001508296
2023-06-18;ML;Mali;0;33150;0;743;2.2413273001508296
2023-06-25;ML;Mali;1;33151;0;743;2.2412596905070736
2023-07-02;ML;Mali;0;33151;0;743;2.2412596905070736
2023-07-09;ML;Mali;0;33151;0;743;2.2412596905070736
2023-07-16;ML;Mali;0;33151;0;743;2.2412596905070736
2023-07-23;ML;Mali;0;33151;0;743;2.2412596905070736
2023-07-30;ML;Mali;0;33151;0;743;2.2412596905070736
2023-08-06;ML;Mali;0;33151;0;743;2.2412596905070736
2023-08-13;ML;Mali;0;33151;0;743;2.2412596905070736
2023-08-20;ML;Mali;1;33152;0;743;2.2411920849420848
2023-08-27;ML;Mali;1;33153;0;743;2.2411244834554944
2023-09-03;ML;Mali;0;33153;0;743;2.2411244834554944
2023-09-10;ML;Mali;1;33154;0;743;2.2410568860469327
2023-09-17;ML;Mali;3;33157;0;743;2.2408541182857316
2023-09-24;ML;Mali;0;33157;0;743;2.2408541182857316
2023-10-01;ML;Mali;0;33157;0;743;2.2408541182857316
2023-10-08;ML;Mali;0;33157;0;743;2.2408541182857316
2023-10-15;ML;Mali;1;33158;0;743;2.2407865371855964
2023-10-22;ML;Mali;1;33159;0;743;2.2407189601616455
2023-10-29;ML;Mali;1;33160;0;743;2.2406513872135103
2023-11-05;ML;Mali;1;33161;0;743;2.240583818340822
2023-11-12;ML;Mali;0;33161;0;743;2.240583818340822
2023-11-19;ML;Mali;0;33161;0;743;2.240583818340822
2023-11-26;ML;Mali;0;33161;0;743;2.240583818340822
2023-12-03;ML;Mali;1;33162;0;743;2.240516253543212
2023-12-10;ML;Mali;0;33162;0;743;2.240516253543212
2023-12-17;ML;Mali;2;33164;0;743;2.2403811361717527
2023-12-24;ML;Mali;0;33164;0;743;2.2403811361717527
2023-12-31;ML;Mali;0;33164;0;743;2.2403811361717527
2024-01-07;ML;Mali;0;33164;0;743;2.2403811361717527
2024-01-14;ML;Mali;0;33164;0;743;2.2403811361717527
2024-01-21;ML;Mali;0;33164;0;743;2.2403811361717527
2020-01-05;MT;Malta;0;0;0;0;0.0
2020-01-12;MT;Malta;0;0;0;0;0.0
2020-01-19;MT;Malta;0;0;0;0;0.0
2020-01-26;MT;Malta;0;0;0;0;0.0
2020-02-02;MT;Malta;0;0;0;0;0.0
2020-02-09;MT;Malta;0;0;0;0;0.0
2020-02-16;MT;Malta;0;0;0;0;0.0
2020-02-23;MT;Malta;0;0;0;0;0.0
2020-03-01;MT;Malta;0;0;0;0;0.0
2020-03-08;MT;Malta;3;3;0;0;0.0
2020-03-15;MT;Malta;28;31;0;0;0.0
2020-03-22;MT;Malta;78;109;0;0;0.0
2020-03-29;MT;Malta;50;159;0;0;0.0
2020-04-05;MT;Malta;79;238;0;0;0.0
2020-04-12;MT;Malta;149;387;3;3;0.7751937984496124
2020-04-19;MT;Malta;44;431;0;3;0.6960556844547563
2020-04-26;MT;Malta;20;451;1;4;0.8869179600886918
2020-05-03;MT;Malta;30;481;0;4;0.8316008316008316
2020-05-10;MT;Malta;23;504;1;5;0.992063492063492
2020-05-17;MT;Malta;54;558;1;6;1.0752688172043012
2020-05-24;MT;Malta;56;614;0;6;0.9771986970684038
2020-05-31;MT;Malta;7;621;3;9;1.4492753623188406
2020-06-07;MT;Malta;11;632;0;9;1.4240506329113924
2020-06-14;MT;Malta;21;653;0;9;1.3782542113323124
2020-06-21;MT;Malta;15;668;0;9;1.347305389221557
2020-06-28;MT;Malta;5;673;0;9;1.337295690936107
2020-07-05;MT;Malta;2;675;0;9;1.3333333333333335
2020-07-12;MT;Malta;2;677;0;9;1.329394387001477
2020-07-19;MT;Malta;3;680;0;9;1.3235294117647058
2020-07-26;MT;Malta;24;704;0;9;1.278409090909091
2020-08-02;MT;Malta;167;871;0;9;1.0332950631458095
2020-08-09;MT;Malta;243;1114;0;9;0.807899461400359
2020-08-16;MT;Malta;368;1482;0;9;0.6072874493927125
2020-08-23;MT;Malta;295;1777;1;10;0.5627462014631401
2020-08-30;MT;Malta;249;2026;2;12;0.5923000987166831
2020-09-06;MT;Malta;233;2259;3;15;0.6640106241699867
2020-09-13;MT;Malta;326;2585;1;16;0.6189555125725338
2020-09-20;MT;Malta;376;2961;6;22;0.7429922323539345
2020-09-27;MT;Malta;230;3191;11;33;1.0341585709808836
2020-10-04;MT;Malta;320;3511;7;40;1.1392765593847907
2020-10-11;MT;Malta;519;4030;4;44;1.0918114143920596
2020-10-18;MT;Malta;891;4921;2;46;0.9347693558219874
2020-10-25;MT;Malta;841;5762;8;54;0.9371745921555016
2020-11-01;MT;Malta;800;6562;11;65;0.9905516610789392
2020-11-08;MT;Malta;871;7433;16;81;1.089734965693529
2020-11-15;MT;Malta;907;8340;21;102;1.223021582733813
2020-11-22;MT;Malta;854;9194;15;117;1.2725690667826843
2020-11-29;MT;Malta;871;10065;26;143;1.4207650273224044
2020-12-06;MT;Malta;778;10843;14;157;1.4479387623351472
2020-12-13;MT;Malta;600;11443;23;180;1.5730140697369572
2020-12-20;MT;Malta;558;12001;22;202;1.6831930672443964
2020-12-27;MT;Malta;615;12616;25;227;1.799302473050095
2021-01-03;MT;Malta;925;13541;6;233;1.7207000960047263
2021-01-10;MT;Malta;1286;14827;8;241;1.6254130977271193
2021-01-17;MT;Malta;1211;16038;12;253;1.577503429355281
2021-01-24;MT;Malta;1133;17171;16;269;1.5665948401374412
2021-01-31;MT;Malta;1143;18314;15;284;1.550726220377853
2021-02-07;MT;Malta;704;19018;14;298;1.5669365863918392
2021-02-14;MT;Malta;1128;20146;15;313;1.5536582944505113
2021-02-21;MT;Malta;1133;21279;12;325;1.5273274120024436
2021-02-28;MT;Malta;1607;22886;10;335;1.4637769815607795
2021-03-07;MT;Malta;1904;24790;20;355;1.4320290439693426
2021-03-14;MT;Malta;2094;26884;10;365;1.3576848683231661
2021-03-21;MT;Malta;1572;28456;21;386;1.3564801799269046
2021-03-28;MT;Malta;617;29073;18;404;1.3896054758710832
2021-04-04;MT;Malta;340;29413;11;415;1.4109407404888994
2021-04-11;MT;Malta;380;29793;3;418;1.4030141308361024
2021-04-18;MT;Malta;362;30155;8;426;1.4127010446028851
2021-04-25;MT;Malta;165;30320;5;431;1.421503957783641
2021-05-02;MT;Malta;166;30486;0;431;1.4137636948107328
2021-05-09;MT;Malta;105;30591;0;431;1.4089111176489817
2021-05-16;MT;Malta;56;30647;1;432;1.4095996345482429
2021-05-23;MT;Malta;23;30670;0;432;1.4085425497228563
2021-05-30;MT;Malta;29;30699;2;434;1.4137268314928826
2021-06-06;MT;Malta;35;30734;0;434;1.4121168738205245
2021-06-13;MT;Malta;11;30745;0;434;1.4116116441697837
2021-06-20;MT;Malta;16;30761;1;435;1.4141282793147167
2021-06-27;MT;Malta;23;30784;0;435;1.4130717255717256
2021-07-04;MT;Malta;51;30835;0;435;1.410734554888925
2021-07-11;MT;Malta;622;31457;1;436;1.3860190100772485
2021-07-18;MT;Malta;1383;32840;1;437;1.330694275274056
2021-07-25;MT;Malta;1133;33973;1;438;1.2892591175345127
2021-08-01;MT;Malta;633;34606;2;440;1.2714558169103625
2021-08-08;MT;Malta;469;35075;4;444;1.2658588738417675
2021-08-15;MT;Malta;474;35549;4;448;1.260232355340516
2021-08-22;MT;Malta;454;36003;5;453;1.25822848095992
2021-08-29;MT;Malta;291;36294;5;458;1.2619165702319943
2021-09-05;MT;Malta;384;36678;5;463;1.2623370958067506
2021-09-12;MT;Malta;285;36963;5;468;1.2661309958607254
2021-09-19;MT;Malta;204;37167;5;473;1.2726343261495414
2021-09-26;MT;Malta;109;37276;1;474;1.2715956647708981
2021-10-03;MT;Malta;118;37394;3;477;1.2756057121463338
2021-10-10;MT;Malta;137;37531;0;477;1.2709493485385415
2021-10-17;MT;Malta;108;37639;1;478;1.2699593506735036
2021-10-24;MT;Malta;98;37737;1;479;1.2693112860057767
2021-10-31;MT;Malta;108;37845;2;481;1.2709737085480248
2021-11-07;MT;Malta;258;38103;0;481;1.2623677925622654
2021-11-14;MT;Malta;323;38426;0;481;1.2517566231197625
2021-11-21;MT;Malta;518;38944;2;483;1.240242399342646
2021-11-28;MT;Malta;559;39503;5;488;1.235349213983748
2021-12-05;MT;Malta;681;40184;0;488;1.2144136969938284
2021-12-12;MT;Malta;625;40809;3;491;1.2031659682913083
2021-12-19;MT;Malta;1466;42275;0;491;1.1614429331756357
2021-12-26;MT;Malta;5161;47436;2;493;1.0392950501728644
2022-01-02;MT;Malta;8118;55554;5;498;0.8964250999027973
2022-01-09;MT;Malta;5468;61022;11;509;0.8341253973976599
2022-01-16;MT;Malta;2968;63990;18;527;0.8235661822159712
2022-01-23;MT;Malta;2073;66063;26;553;0.8370797572014593
2022-01-30;MT;Malta;1641;67704;15;568;0.8389460002363229
2022-02-06;MT;Malta;1428;69132;22;590;0.8534397963316555
2022-02-13;MT;Malta;823;69955;20;610;0.8719891358730614
2022-02-20;MT;Malta;637;70592;7;617;0.8740367180417045
2022-02-27;MT;Malta;540;71132;8;625;0.8786481471067874
2022-03-06;MT;Malta;664;71796;4;629;0.876093375675525
2022-03-13;MT;Malta;962;72758;6;635;0.8727562604799473
2022-03-20;MT;Malta;1906;74664;8;643;0.8611914711239687
2022-03-27;MT;Malta;2570;77234;9;652;0.8441877929409327
2022-04-03;MT;Malta;4491;81725;10;662;0.8100336494340776
2022-04-10;MT;Malta;4557;86282;21;683;0.7915903664727288
2022-04-17;MT;Malta;2664;88946;13;696;0.7824972455197535
2022-04-24;MT;Malta;1764;90710;13;709;0.7816117296880167
2022-05-01;MT;Malta;1250;91960;10;719;0.7818616789908657
2022-05-08;MT;Malta;984;92944;11;730;0.7854191771389223
2022-05-15;MT;Malta;658;93602;4;734;0.7841712783914873
2022-05-22;MT;Malta;537;94139;4;738;0.7839471419921605
2022-05-29;MT;Malta;532;94671;4;742;0.7837669402456929
2022-06-05;MT;Malta;615;95286;2;744;0.7808072539512625
2022-06-12;MT;Malta;934;96220;3;747;0.7763458740386614
2022-06-19;MT;Malta;1720;97940;4;751;0.7667959975495201
2022-06-26;MT;Malta;3160;101100;10;761;0.7527200791295747
2022-07-03;MT;Malta;3860;104960;8;769;0.7326600609756098
2022-07-10;MT;Malta;3765;108725;11;780;0.7174063002989193
2022-07-17;MT;Malta;2275;111000;13;793;0.7144144144144144
2022-07-24;MT;Malta;1249;112249;13;806;0.7180464859375139
2022-07-31;MT;Malta;608;112857;9;815;0.7221528128516618
2022-08-07;MT;Malta;417;113274;1;816;0.7203771386196303
2022-08-14;MT;Malta;287;113561;2;818;0.7203177147083947
2022-08-21;MT;Malta;242;113803;2;820;0.7205433951653296
2022-08-28;MT;Malta;189;113992;2;822;0.721103235314759
2022-09-04;MT;Malta;139;114131;1;823;0.7211011907369602
2022-09-11;MT;Malta;130;114261;0;823;0.7202807607145045
2022-09-18;MT;Malta;149;114410;2;825;0.7210908137400577
2022-09-25;MT;Malta;156;114566;0;825;0.7201089328422045
2022-10-02;MT;Malta;155;114721;2;827;0.7208793507727443
2022-10-09;MT;Malta;146;114867;0;827;0.7199630877449572
2022-10-16;MT;Malta;147;115014;0;827;0.7190428991253239
2022-10-23;MT;Malta;184;115198;2;829;0.7196305491414782
2022-10-30;MT;Malta;141;115339;0;829;0.7187508128213353
2022-11-06;MT;Malta;123;115462;0;829;0.7179851379674698
2022-11-13;MT;Malta;128;115590;0;829;0.7171900683450125
2022-11-20;MT;Malta;98;115688;0;829;0.7165825323283314
2022-11-27;MT;Malta;81;115769;1;830;0.716944950720832
2022-12-04;MT;Malta;91;115860;0;830;0.7163818401519074
2022-12-11;MT;Malta;103;115963;0;830;0.7157455395255383
2022-12-18;MT;Malta;141;116104;2;832;0.7165989113208847
2022-12-25;MT;Malta;133;116237;2;834;0.7174995913521511
2023-01-01;MT;Malta;167;116404;4;838;0.7199065324215662
2023-01-08;MT;Malta;241;116645;4;842;0.7218483432637489
2023-01-15;MT;Malta;165;116810;1;843;0.7216847872613646
2023-01-22;MT;Malta;133;116943;2;845;0.7225742455726294
2023-01-29;MT;Malta;109;117052;0;845;0.7219013771657041
2023-02-05;MT;Malta;104;117156;2;847;0.7229676670422343
2023-02-12;MT;Malta;82;117238;0;847;0.722462000375305
2023-02-19;MT;Malta;90;117328;1;848;0.7227601254602481
2023-02-26;MT;Malta;139;117467;0;848;0.7219048754118178
2023-03-05;MT;Malta;133;117600;1;849;0.721938775510204
2023-03-12;MT;Malta;139;117739;0;849;0.7210864709229736
2023-03-19;MT;Malta;148;117887;2;851;0.7218777303689126
2023-03-26;MT;Malta;106;117993;1;852;0.7220767333655387
2023-04-02;MT;Malta;129;118122;0;852;0.7212881596992939
2023-04-09;MT;Malta;81;118203;1;853;0.7216398906965137
2023-04-16;MT;Malta;103;118306;1;854;0.7218568796172637
2023-04-23;MT;Malta;124;118430;1;855;0.721945453010217
2023-04-30;MT;Malta;83;118513;0;855;0.7214398420426451
2023-05-07;MT;Malta;50;118563;0;855;0.721135598795577
2023-05-14;MT;Malta;57;118620;0;855;0.7207890743550834
2023-05-21;MT;Malta;46;118666;1;856;0.7213523671481301
2023-05-28;MT;Malta;79;118745;1;857;0.7217145985094109
2023-06-04;MT;Malta;59;118804;2;859;0.7230396282953436
2023-06-11;MT;Malta;43;118847;1;860;0.7236194434861629
2023-06-18;MT;Malta;60;118907;1;861;0.7240953013699782
2023-06-25;MT;Malta;59;118966;0;861;0.7237361935342871
2023-07-02;MT;Malta;86;119052;3;864;0.725733293014817
2023-07-09;MT;Malta;60;119112;1;865;0.7262072671099469
2023-07-16;MT;Malta;102;119214;3;868;0.7281024040800577
2023-07-23;MT;Malta;74;119288;1;869;0.7284890349406479
2023-07-30;MT;Malta;135;119423;3;872;0.730177603979133
2023-08-06;MT;Malta;151;119574;1;873;0.730091825982237
2023-08-13;MT;Malta;150;119724;2;875;0.7308476161838896
2023-08-20;MT;Malta;140;119864;1;876;0.7308282720416472
2023-08-27;MT;Malta;180;120044;1;877;0.7305654593315785
2023-09-03;MT;Malta;134;120178;1;878;0.7305829685965818
2023-09-10;MT;Malta;107;120285;2;880;0.7315957933241883
2023-09-17;MT;Malta;62;120347;1;881;0.7320498225963256
2023-09-24;MT;Malta;75;120422;1;882;0.732424307850725
2023-10-01;MT;Malta;79;120501;0;882;0.7319441332437076
2023-10-08;MT;Malta;63;120564;1;883;0.7323910951859594
2023-10-15;MT;Malta;68;120632;0;883;0.7319782478944227
2023-10-22;MT;Malta;43;120675;2;885;0.7333747669359851
2023-10-29;MT;Malta;30;120705;0;885;0.7331924940971791
2023-11-05;MT;Malta;21;120726;0;885;0.733064957010089
2023-11-12;MT;Malta;21;120747;1;886;0.7337656422105725
2023-11-19;MT;Malta;13;120760;0;886;0.7336866512090096
2023-11-26;MT;Malta;22;120782;0;886;0.7335530128661555
2023-12-03;MT;Malta;12;120794;0;886;0.7334801397420402
2023-12-10;MT;Malta;28;120822;0;886;0.7333101587459238
2023-12-17;MT;Malta;40;120862;1;887;0.7338948552895037
2023-12-24;MT;Malta;61;120923;1;888;0.7343516121829594
2023-12-31;MT;Malta;99;121022;3;891;0.7362297764042901
2024-01-07;MT;Malta;110;121132;2;893;0.7372122973285341
2024-01-14;MT;Malta;90;121222;6;899;0.7416145584134893
2024-01-21;MT;Malta;61;121283;1;900;0.7420660768615552
2020-01-05;MH;Marshall Islands;0;0;0;0;0.0
2020-01-12;MH;Marshall Islands;0;0;0;0;0.0
2020-01-19;MH;Marshall Islands;0;0;0;0;0.0
2020-01-26;MH;Marshall Islands;0;0;0;0;0.0
2020-02-02;MH;Marshall Islands;0;0;0;0;0.0
2020-02-09;MH;Marshall Islands;0;0;0;0;0.0
2020-02-16;MH;Marshall Islands;0;0;0;0;0.0
2020-02-23;MH;Marshall Islands;0;0;0;0;0.0
2020-03-01;MH;Marshall Islands;0;0;0;0;0.0
2020-03-08;MH;Marshall Islands;0;0;0;0;0.0
2020-03-15;MH;Marshall Islands;0;0;0;0;0.0
2020-03-22;MH;Marshall Islands;0;0;0;0;0.0
2020-03-29;MH;Marshall Islands;0;0;0;0;0.0
2020-04-05;MH;Marshall Islands;0;0;0;0;0.0
2020-04-12;MH;Marshall Islands;0;0;0;0;0.0
2020-04-19;MH;Marshall Islands;0;0;0;0;0.0
2020-04-26;MH;Marshall Islands;0;0;0;0;0.0
2020-05-03;MH;Marshall Islands;0;0;0;0;0.0
2020-05-10;MH;Marshall Islands;0;0;0;0;0.0
2020-05-17;MH;Marshall Islands;0;0;0;0;0.0
2020-05-24;MH;Marshall Islands;0;0;0;0;0.0
2020-05-31;MH;Marshall Islands;0;0;0;0;0.0
2020-06-07;MH;Marshall Islands;0;0;0;0;0.0
2020-06-14;MH;Marshall Islands;0;0;0;0;0.0
2020-06-21;MH;Marshall Islands;0;0;0;0;0.0
2020-06-28;MH;Marshall Islands;0;0;0;0;0.0
2020-07-05;MH;Marshall Islands;0;0;0;0;0.0
2020-07-12;MH;Marshall Islands;0;0;0;0;0.0
2020-07-19;MH;Marshall Islands;0;0;0;0;0.0
2020-07-26;MH;Marshall Islands;0;0;0;0;0.0
2020-08-02;MH;Marshall Islands;0;0;0;0;0.0
2020-08-09;MH;Marshall Islands;0;0;0;0;0.0
2020-08-16;MH;Marshall Islands;0;0;0;0;0.0
2020-08-23;MH;Marshall Islands;0;0;0;0;0.0
2020-08-30;MH;Marshall Islands;0;0;0;0;0.0
2020-09-06;MH;Marshall Islands;0;0;0;0;0.0
2020-09-13;MH;Marshall Islands;0;0;0;0;0.0
2020-09-20;MH;Marshall Islands;0;0;0;0;0.0
2020-09-27;MH;Marshall Islands;0;0;0;0;0.0
2020-10-04;MH;Marshall Islands;0;0;0;0;0.0
2020-10-11;MH;Marshall Islands;0;0;0;0;0.0
2020-10-18;MH;Marshall Islands;0;0;0;0;0.0
2020-10-25;MH;Marshall Islands;0;0;0;0;0.0
2020-11-01;MH;Marshall Islands;1;1;0;0;0.0
2020-11-08;MH;Marshall Islands;0;1;0;0;0.0
2020-11-15;MH;Marshall Islands;0;1;0;0;0.0
2020-11-22;MH;Marshall Islands;3;4;0;0;0.0
2020-11-29;MH;Marshall Islands;0;4;0;0;0.0
2020-12-06;MH;Marshall Islands;0;4;0;0;0.0
2020-12-13;MH;Marshall Islands;0;4;0;0;0.0
2020-12-20;MH;Marshall Islands;0;4;0;0;0.0
2020-12-27;MH;Marshall Islands;0;4;0;0;0.0
2021-01-03;MH;Marshall Islands;0;4;0;0;0.0
2021-01-10;MH;Marshall Islands;0;4;0;0;0.0
2021-01-17;MH;Marshall Islands;0;4;0;0;0.0
2021-01-24;MH;Marshall Islands;0;4;0;0;0.0
2021-01-31;MH;Marshall Islands;0;4;0;0;0.0
2021-02-07;MH;Marshall Islands;0;4;0;0;0.0
2021-02-14;MH;Marshall Islands;0;4;0;0;0.0
2021-02-21;MH;Marshall Islands;0;4;0;0;0.0
2021-02-28;MH;Marshall Islands;0;4;0;0;0.0
2021-03-07;MH;Marshall Islands;0;4;0;0;0.0
2021-03-14;MH;Marshall Islands;0;4;0;0;0.0
2021-03-21;MH;Marshall Islands;0;4;0;0;0.0
2021-03-28;MH;Marshall Islands;0;4;0;0;0.0
2021-04-04;MH;Marshall Islands;0;4;0;0;0.0
2021-04-11;MH;Marshall Islands;0;4;0;0;0.0
2021-04-18;MH;Marshall Islands;0;4;0;0;0.0
2021-04-25;MH;Marshall Islands;0;4;0;0;0.0
2021-05-02;MH;Marshall Islands;0;4;0;0;0.0
2021-05-09;MH;Marshall Islands;0;4;0;0;0.0
2021-05-16;MH;Marshall Islands;0;4;0;0;0.0
2021-05-23;MH;Marshall Islands;0;4;0;0;0.0
2021-05-30;MH;Marshall Islands;0;4;0;0;0.0
2021-06-06;MH;Marshall Islands;0;4;0;0;0.0
2021-06-13;MH;Marshall Islands;0;4;0;0;0.0
2021-06-20;MH;Marshall Islands;0;4;0;0;0.0
2021-06-27;MH;Marshall Islands;0;4;0;0;0.0
2021-07-04;MH;Marshall Islands;0;4;0;0;0.0
2021-07-11;MH;Marshall Islands;0;4;0;0;0.0
2021-07-18;MH;Marshall Islands;0;4;0;0;0.0
2021-07-25;MH;Marshall Islands;0;4;0;0;0.0
2021-08-01;MH;Marshall Islands;0;4;0;0;0.0
2021-08-08;MH;Marshall Islands;0;4;0;0;0.0
2021-08-15;MH;Marshall Islands;0;4;0;0;0.0
2021-08-22;MH;Marshall Islands;0;4;0;0;0.0
2021-08-29;MH;Marshall Islands;0;4;0;0;0.0
2021-09-05;MH;Marshall Islands;0;4;0;0;0.0
2021-09-12;MH;Marshall Islands;0;4;0;0;0.0
2021-09-19;MH;Marshall Islands;0;4;0;0;0.0
2021-09-26;MH;Marshall Islands;0;4;0;0;0.0
2021-10-03;MH;Marshall Islands;0;4;0;0;0.0
2021-10-10;MH;Marshall Islands;0;4;0;0;0.0
2021-10-17;MH;Marshall Islands;0;4;0;0;0.0
2021-10-24;MH;Marshall Islands;0;4;0;0;0.0
2021-10-31;MH;Marshall Islands;0;4;0;0;0.0
2021-11-07;MH;Marshall Islands;0;4;0;0;0.0
2021-11-14;MH;Marshall Islands;0;4;0;0;0.0
2021-11-21;MH;Marshall Islands;0;4;0;0;0.0
2021-11-28;MH;Marshall Islands;0;4;0;0;0.0
2021-12-05;MH;Marshall Islands;0;4;0;0;0.0
2021-12-12;MH;Marshall Islands;0;4;0;0;0.0
2021-12-19;MH;Marshall Islands;0;4;0;0;0.0
2021-12-26;MH;Marshall Islands;0;4;0;0;0.0
2022-01-02;MH;Marshall Islands;0;4;0;0;0.0
2022-01-09;MH;Marshall Islands;0;4;0;0;0.0
2022-01-16;MH;Marshall Islands;0;4;0;0;0.0
2022-01-23;MH;Marshall Islands;0;4;0;0;0.0
2022-01-30;MH;Marshall Islands;3;7;0;0;0.0
2022-02-06;MH;Marshall Islands;0;7;0;0;0.0
2022-02-13;MH;Marshall Islands;0;7;0;0;0.0
2022-02-20;MH;Marshall Islands;0;7;0;0;0.0
2022-02-27;MH;Marshall Islands;0;7;0;0;0.0
2022-03-06;MH;Marshall Islands;0;7;0;0;0.0
2022-03-13;MH;Marshall Islands;0;7;0;0;0.0
2022-03-20;MH;Marshall Islands;0;7;0;0;0.0
2022-03-27;MH;Marshall Islands;0;7;0;0;0.0
2022-04-03;MH;Marshall Islands;0;7;0;0;0.0
2022-04-10;MH;Marshall Islands;0;7;0;0;0.0
2022-04-17;MH;Marshall Islands;0;7;0;0;0.0
2022-04-24;MH;Marshall Islands;8;15;0;0;0.0
2022-05-01;MH;Marshall Islands;2;17;0;0;0.0
2022-05-08;MH;Marshall Islands;0;17;0;0;0.0
2022-05-15;MH;Marshall Islands;0;17;0;0;0.0
2022-05-22;MH;Marshall Islands;0;17;0;0;0.0
2022-05-29;MH;Marshall Islands;0;17;0;0;0.0
2022-06-05;MH;Marshall Islands;1;18;0;0;0.0
2022-06-12;MH;Marshall Islands;0;18;0;0;0.0
2022-06-19;MH;Marshall Islands;0;18;0;0;0.0
2022-06-26;MH;Marshall Islands;0;18;0;0;0.0
2022-07-03;MH;Marshall Islands;8;26;0;0;0.0
2022-07-10;MH;Marshall Islands;21;47;0;0;0.0
2022-07-17;MH;Marshall Islands;2;49;0;0;0.0
2022-07-24;MH;Marshall Islands;10;59;0;0;0.0
2022-07-31;MH;Marshall Islands;5;64;0;0;0.0
2022-08-07;MH;Marshall Islands;4;68;0;0;0.0
2022-08-14;MH;Marshall Islands;758;826;5;5;0.6053268765133172
2022-08-21;MH;Marshall Islands;9086;9912;9;14;0.14124293785310735
2022-08-28;MH;Marshall Islands;4885;14797;2;16;0.10813002635669391
2022-09-04;MH;Marshall Islands;266;15063;1;17;0.11285932417181173
2022-09-11;MH;Marshall Islands;9;15072;0;17;0.11279193205944799
2022-09-18;MH;Marshall Islands;141;15213;0;17;0.11174653257082759
2022-09-25;MH;Marshall Islands;62;15275;0;17;0.11129296235679213
2022-10-02;MH;Marshall Islands;30;15305;0;17;0.11107481215289121
2022-10-09;MH;Marshall Islands;0;15305;0;17;0.11107481215289121
2022-10-16;MH;Marshall Islands;57;15362;0;17;0.11066267413097253
2022-10-23;MH;Marshall Islands;0;15362;0;17;0.11066267413097253
2022-10-30;MH;Marshall Islands;13;15375;0;17;0.11056910569105692
2022-11-06;MH;Marshall Islands;7;15382;0;17;0.11051878819399298
2022-11-13;MH;Marshall Islands;4;15386;0;17;0.11049005589496945
2022-11-20;MH;Marshall Islands;115;15501;0;17;0.10967034384878395
2022-11-27;MH;Marshall Islands;40;15541;0;17;0.10938807026574866
2022-12-04;MH;Marshall Islands;3;15544;0;17;0.10936695831188882
2022-12-11;MH;Marshall Islands;0;15544;0;17;0.10936695831188882
2022-12-18;MH;Marshall Islands;0;15544;0;17;0.10936695831188882
2022-12-25;MH;Marshall Islands;0;15544;0;17;0.10936695831188882
2023-01-01;MH;Marshall Islands;0;15544;0;17;0.10936695831188882
2023-01-08;MH;Marshall Islands;0;15544;0;17;0.10936695831188882
2023-01-15;MH;Marshall Islands;0;15544;0;17;0.10936695831188882
2023-01-22;MH;Marshall Islands;0;15544;0;17;0.10936695831188882
2023-01-29;MH;Marshall Islands;40;15584;0;17;0.10908624229979465
2023-02-05;MH;Marshall Islands;0;15584;0;17;0.10908624229979465
2023-02-12;MH;Marshall Islands;6;15590;0;17;0.10904425914047466
2023-02-19;MH;Marshall Islands;11;15601;0;17;0.10896737388628934
2023-02-26;MH;Marshall Islands;17;15618;0;17;0.10884876424638239
2023-03-05;MH;Marshall Islands;31;15649;0;17;0.10863313949773148
2023-03-12;MH;Marshall Islands;0;15649;0;17;0.10863313949773148
2023-03-19;MH;Marshall Islands;74;15723;0;17;0.10812185969598677
2023-03-26;MH;Marshall Islands;0;15723;0;17;0.10812185969598677
2023-04-02;MH;Marshall Islands;290;16013;0;17;0.10616374195965778
2023-04-09;MH;Marshall Islands;68;16081;0;17;0.10571481873017848
2023-04-16;MH;Marshall Islands;0;16081;0;17;0.10571481873017848
2023-04-23;MH;Marshall Islands;0;16081;0;17;0.10571481873017848
2023-04-30;MH;Marshall Islands;0;16081;0;17;0.10571481873017848
2023-05-07;MH;Marshall Islands;0;16081;0;17;0.10571481873017848
2023-05-14;MH;Marshall Islands;0;16081;0;17;0.10571481873017848
2023-05-21;MH;Marshall Islands;0;16081;0;17;0.10571481873017848
2023-05-28;MH;Marshall Islands;0;16081;0;17;0.10571481873017848
2023-06-04;MH;Marshall Islands;0;16081;0;17;0.10571481873017848
2023-06-11;MH;Marshall Islands;17;16098;0;17;0.10560318051931916
2023-06-18;MH;Marshall Islands;0;16098;0;17;0.10560318051931916
2023-06-25;MH;Marshall Islands;0;16098;0;17;0.10560318051931916
2023-07-02;MH;Marshall Islands;0;16098;0;17;0.10560318051931916
2023-07-09;MH;Marshall Islands;0;16098;0;17;0.10560318051931916
2023-07-16;MH;Marshall Islands;0;16098;0;17;0.10560318051931916
2023-07-23;MH;Marshall Islands;0;16098;0;17;0.10560318051931916
2023-07-30;MH;Marshall Islands;0;16098;0;17;0.10560318051931916
2023-08-06;MH;Marshall Islands;0;16098;0;17;0.10560318051931916
2023-08-13;MH;Marshall Islands;0;16098;0;17;0.10560318051931916
2023-08-20;MH;Marshall Islands;0;16098;0;17;0.10560318051931916
2023-08-27;MH;Marshall Islands;0;16098;0;17;0.10560318051931916
2023-09-03;MH;Marshall Islands;21;16119;0;17;0.10546559960295304
2023-09-10;MH;Marshall Islands;14;16133;0;17;0.10537407797681769
2023-09-17;MH;Marshall Islands;0;16133;0;17;0.10537407797681769
2023-09-24;MH;Marshall Islands;0;16133;0;17;0.10537407797681769
2023-10-01;MH;Marshall Islands;0;16133;0;17;0.10537407797681769
2023-10-08;MH;Marshall Islands;5;16138;0;17;0.10534143016482836
2023-10-15;MH;Marshall Islands;0;16138;0;17;0.10534143016482836
2023-10-22;MH;Marshall Islands;0;16138;0;17;0.10534143016482836
2023-10-29;MH;Marshall Islands;0;16138;0;17;0.10534143016482836
2023-11-05;MH;Marshall Islands;0;16138;0;17;0.10534143016482836
2023-11-12;MH;Marshall Islands;0;16138;0;17;0.10534143016482836
2023-11-19;MH;Marshall Islands;0;16138;0;17;0.10534143016482836
2023-11-26;MH;Marshall Islands;0;16138;0;17;0.10534143016482836
2023-12-03;MH;Marshall Islands;0;16138;0;17;0.10534143016482836
2023-12-10;MH;Marshall Islands;0;16138;0;17;0.10534143016482836
2023-12-17;MH;Marshall Islands;0;16138;0;17;0.10534143016482836
2023-12-24;MH;Marshall Islands;0;16138;0;17;0.10534143016482836
2023-12-31;MH;Marshall Islands;0;16138;0;17;0.10534143016482836
2024-01-07;MH;Marshall Islands;0;16138;0;17;0.10534143016482836
2024-01-14;MH;Marshall Islands;0;16138;0;17;0.10534143016482836
2024-01-21;MH;Marshall Islands;0;16138;0;17;0.10534143016482836
2020-01-05;MQ;Martinique;0;0;0;0;0.0
2020-01-12;MQ;Martinique;0;0;0;0;0.0
2020-01-19;MQ;Martinique;0;0;0;0;0.0
2020-01-26;MQ;Martinique;0;0;0;0;0.0
2020-02-02;MQ;Martinique;0;0;0;0;0.0
2020-02-09;MQ;Martinique;0;0;0;0;0.0
2020-02-16;MQ;Martinique;0;0;0;0;0.0
2020-02-23;MQ;Martinique;0;0;0;0;0.0
2020-03-01;MQ;Martinique;0;0;0;0;0.0
2020-03-08;MQ;Martinique;2;2;0;0;0.0
2020-03-15;MQ;Martinique;5;7;0;0;0.0
2020-03-22;MQ;Martinique;25;32;0;0;0.0
2020-03-29;MQ;Martinique;61;93;1;1;1.0752688172043012
2020-04-05;MQ;Martinique;52;145;2;3;2.0689655172413794
2020-04-12;MQ;Martinique;10;155;3;6;3.870967741935484
2020-04-19;MQ;Martinique;8;163;6;12;7.361963190184049
2020-04-26;MQ;Martinique;7;170;2;14;8.235294117647058
2020-05-03;MQ;Martinique;10;180;0;14;7.777777777777778
2020-05-10;MQ;Martinique;6;186;0;14;7.526881720430108
2020-05-17;MQ;Martinique;6;192;0;14;7.291666666666667
2020-05-24;MQ;Martinique;5;197;0;14;7.1065989847715745
2020-05-31;MQ;Martinique;3;200;0;14;7.000000000000001
2020-06-07;MQ;Martinique;2;202;0;14;6.9306930693069315
2020-06-14;MQ;Martinique;0;202;0;14;6.9306930693069315
2020-06-21;MQ;Martinique;34;236;0;14;5.932203389830509
2020-06-28;MQ;Martinique;6;242;0;14;5.785123966942149
2020-07-05;MQ;Martinique;7;249;0;14;5.622489959839357
2020-07-12;MQ;Martinique;6;255;1;15;5.88235294117647
2020-07-19;MQ;Martinique;7;262;0;15;5.7251908396946565
2020-07-26;MQ;Martinique;7;269;0;15;5.5762081784386615
2020-08-02;MQ;Martinique;0;269;0;15;5.5762081784386615
2020-08-09;MQ;Martinique;67;336;1;16;4.761904761904762
2020-08-16;MQ;Martinique;0;336;0;16;4.761904761904762
2020-08-23;MQ;Martinique;128;464;0;16;3.4482758620689653
2020-08-30;MQ;Martinique;132;596;0;16;2.684563758389262
2020-09-06;MQ;Martinique;162;758;2;18;2.3746701846965697
2020-09-13;MQ;Martinique;181;939;0;18;1.9169329073482428
2020-09-20;MQ;Martinique;183;1122;0;18;1.6042780748663104
2020-09-27;MQ;Martinique;176;1298;2;20;1.5408320493066257
2020-10-04;MQ;Martinique;245;1543;1;21;1.3609850939727801
2020-10-11;MQ;Martinique;308;1851;1;22;1.1885467314964884
2020-10-18;MQ;Martinique;415;2266;3;25;1.1032656663724625
2020-10-25;MQ;Martinique;534;2800;2;27;0.9642857142857142
2020-11-01;MQ;Martinique;1018;3818;4;31;0.8119434258774227
2020-11-08;MQ;Martinique;397;4215;2;33;0.7829181494661922
2020-11-15;MQ;Martinique;517;4732;4;37;0.7819103972950128
2020-11-22;MQ;Martinique;359;5091;2;39;0.7660577489687684
2020-11-29;MQ;Martinique;322;5413;1;40;0.7389617587289857
2020-12-06;MQ;Martinique;107;5520;1;41;0.7427536231884058
2020-12-13;MQ;Martinique;33;5553;0;41;0.738339636232667
2020-12-20;MQ;Martinique;81;5634;1;42;0.7454739084132056
2020-12-27;MQ;Martinique;438;6072;0;42;0.691699604743083
2021-01-03;MQ;Martinique;19;6091;1;43;0.7059596125430964
2021-01-10;MQ;Martinique;26;6117;0;43;0.7029589668137977
2021-01-17;MQ;Martinique;110;6227;0;43;0.6905411915850329
2021-01-24;MQ;Martinique;143;6370;1;44;0.6907378335949764
2021-01-31;MQ;Martinique;0;6370;0;44;0.6907378335949764
2021-02-07;MQ;Martinique;72;6442;1;45;0.6985408258304874
2021-02-14;MQ;Martinique;151;6593;0;45;0.6825420900955559
2021-02-21;MQ;Martinique;0;6593;0;45;0.6825420900955559
2021-02-28;MQ;Martinique;153;6746;0;45;0.6670619626445301
2021-03-07;MQ;Martinique;140;6886;2;47;0.6825442927679349
2021-03-14;MQ;Martinique;151;7037;0;47;0.6678982520960637
2021-03-21;MQ;Martinique;227;7264;0;47;0.6470264317180616
2021-03-28;MQ;Martinique;285;7549;3;50;0.6623393826996954
2021-04-04;MQ;Martinique;614;8163;4;54;0.6615214994487321
2021-04-11;MQ;Martinique;724;8887;5;59;0.6638910768538314
2021-04-18;MQ;Martinique;871;9758;7;66;0.6763681082188974
2021-04-25;MQ;Martinique;733;10491;4;70;0.6672385854541989
2021-05-02;MQ;Martinique;648;11139;9;79;0.7092198581560284
2021-05-09;MQ;Martinique;351;11490;8;87;0.7571801566579635
2021-05-16;MQ;Martinique;179;11669;3;90;0.7712743165652584
2021-05-23;MQ;Martinique;120;11789;3;93;0.7888709814233609
2021-05-30;MQ;Martinique;190;11979;2;95;0.7930545120627766
2021-06-06;MQ;Martinique;81;12060;2;97;0.8043117744610282
2021-06-13;MQ;Martinique;70;12130;1;98;0.8079142621599341
2021-06-20;MQ;Martinique;69;12199;0;98;0.8033445364374128
2021-06-27;MQ;Martinique;87;12286;0;98;0.7976558684681753
2021-07-04;MQ;Martinique;110;12396;0;98;0.7905776056792513
2021-07-11;MQ;Martinique;411;12807;0;98;0.7652065276801748
2021-07-18;MQ;Martinique;2157;14964;4;102;0.681635926222935
2021-07-25;MQ;Martinique;2251;17215;2;104;0.6041243101945978
2021-08-01;MQ;Martinique;5224;22439;25;129;0.5748919292303579
2021-08-08;MQ;Martinique;4308;26747;38;167;0.6243690881220324
2021-08-15;MQ;Martinique;3500;30247;54;221;0.7306509736502794
2021-08-22;MQ;Martinique;3574;33821;57;278;0.8219745128766152
2021-08-29;MQ;Martinique;2132;35953;133;411;1.1431591244124273
2021-09-05;MQ;Martinique;2245;38198;76;487;1.2749358605162573
2021-09-12;MQ;Martinique;1175;39373;69;556;1.412135219566708
2021-09-19;MQ;Martinique;866;40239;32;588;1.4612689182136733
2021-09-26;MQ;Martinique;644;40883;27;615;1.5042927378127828
2021-10-03;MQ;Martinique;474;41357;17;632;1.5281572647919337
2021-10-10;MQ;Martinique;561;41918;18;650;1.5506465003101293
2021-10-17;MQ;Martinique;510;42428;12;662;1.560290374281135
2021-10-24;MQ;Martinique;475;42903;11;673;1.5686548726196303
2021-10-31;MQ;Martinique;444;43347;10;683;1.5756569082058736
2021-11-07;MQ;Martinique;318;43665;11;694;1.5893736402152754
2021-11-14;MQ;Martinique;297;43962;6;700;1.5922842454847368
2021-11-21;MQ;Martinique;656;44618;4;704;1.57783854049935
2021-11-28;MQ;Martinique;558;45176;6;710;1.5716309544891092
2021-12-05;MQ;Martinique;635;45811;14;724;1.580406452598721
2021-12-12;MQ;Martinique;599;46410;13;737;1.5880198233139409
2021-12-19;MQ;Martinique;579;46989;26;763;1.6237842899401989
2021-12-26;MQ;Martinique;839;47828;12;775;1.620389729865351
2022-01-02;MQ;Martinique;2177;50005;9;784;1.567843215678432
2022-01-09;MQ;Martinique;1835;51840;4;788;1.5200617283950617
2022-01-16;MQ;Martinique;13540;65380;17;805;1.2312633832976445
2022-01-23;MQ;Martinique;11695;77075;16;821;1.0651962374310737
2022-01-30;MQ;Martinique;10559;87634;11;832;0.9494031996713604
2022-02-06;MQ;Martinique;8985;96619;10;842;0.8714642047630384
2022-02-13;MQ;Martinique;8478;105097;15;857;0.8154371675690077
2022-02-20;MQ;Martinique;5637;110734;4;861;0.777538967254863
2022-02-27;MQ;Martinique;3734;114468;33;894;0.7810042981444596
2022-03-06;MQ;Martinique;3216;117684;1;895;0.7605111994833622
2022-03-13;MQ;Martinique;13686;131370;9;904;0.6881327548146456
2022-03-20;MQ;Martinique;6669;138039;5;909;0.6585095516484472
2022-03-27;MQ;Martinique;5136;143175;3;912;0.6369827134625459
2022-04-03;MQ;Martinique;2791;145966;4;916;0.6275434005179288
2022-04-10;MQ;Martinique;2082;148048;2;918;0.6200691667567275
2022-04-17;MQ;Martinique;1211;149259;0;918;0.615038289148393
2022-04-24;MQ;Martinique;818;150077;0;918;0.6116860011860579
2022-05-01;MQ;Martinique;1895;151972;0;918;0.6040586423814913
2022-05-08;MQ;Martinique;2022;153994;0;918;0.5961271218359157
2022-05-15;MQ;Martinique;3298;157292;0;918;0.5836279022455051
2022-05-22;MQ;Martinique;4871;162163;0;918;0.5660970751651117
2022-05-29;MQ;Martinique;5353;167516;20;938;0.5599465125719334
2022-06-05;MQ;Martinique;5367;172883;4;942;0.5448771712661165
2022-06-12;MQ;Martinique;8000;180883;8;950;0.5252013732633801
2022-06-19;MQ;Martinique;8076;188959;7;957;0.5064590731322668
2022-06-26;MQ;Martinique;6953;195912;8;965;0.4925680917963167
2022-07-03;MQ;Martinique;5299;201211;6;971;0.4825779902689216
2022-07-10;MQ;Martinique;4050;205261;10;981;0.4779281012954239
2022-07-17;MQ;Martinique;2742;208003;5;986;0.4740316245438768
2022-07-24;MQ;Martinique;1855;209858;6;992;0.47270058801665893
2022-07-31;MQ;Martinique;1714;211572;6;998;0.47170703117614804
2022-08-07;MQ;Martinique;1330;212902;7;1005;0.47204817239856833
2022-08-14;MQ;Martinique;987;213889;4;1009;0.47174001468051185
2022-08-21;MQ;Martinique;836;214725;9;1018;0.47409477238328096
2022-08-28;MQ;Martinique;857;215582;4;1022;0.4740655527826998
2022-09-04;MQ;Martinique;0;215582;0;1022;0.4740655527826998
2022-09-11;MQ;Martinique;3947;219529;14;1036;0.4719194275016057
2022-09-18;MQ;Martinique;0;219529;0;1036;0.4719194275016057
2022-09-25;MQ;Martinique;663;220192;6;1042;0.4732233686964104
2022-10-02;MQ;Martinique;2140;222332;5;1047;0.47091736682079055
2022-10-09;MQ;Martinique;498;222830;0;1047;0.46986491944531705
2022-10-16;MQ;Martinique;462;223292;0;1047;0.4688927503000555
2022-10-23;MQ;Martinique;436;223728;0;1047;0.4679789744689981
2022-10-30;MQ;Martinique;0;223728;0;1047;0.4679789744689981
2022-11-06;MQ;Martinique;68;223796;7;1054;0.4709646285009562
2022-11-13;MQ;Martinique;81;223877;3;1057;0.47213425229032013
2022-11-20;MQ;Martinique;771;224648;0;1057;0.47051387058865424
2022-11-27;MQ;Martinique;0;224648;0;1057;0.47051387058865424
2022-12-04;MQ;Martinique;621;225269;3;1060;0.4705485441849522
2022-12-11;MQ;Martinique;634;225903;16;1076;0.47631062889824394
2022-12-18;MQ;Martinique;817;226720;3;1079;0.47591743119266056
2022-12-25;MQ;Martinique;670;227390;0;1079;0.47451515018250584
2023-01-01;MQ;Martinique;414;227804;5;1084;0.47584765851345895
2023-01-08;MQ;Martinique;367;228171;1;1085;0.47552055256803016
2023-01-15;MQ;Martinique;194;228365;1;1086;0.475554485144396
2023-01-22;MQ;Martinique;147;228512;3;1089;0.476561405965551
2023-01-29;MQ;Martinique;135;228647;0;1089;0.4762800299151093
2023-02-05;MQ;Martinique;109;228756;2;1091;0.47692738113972966
2023-02-12;MQ;Martinique;68;228824;1;1092;0.4772226689508094
2023-02-19;MQ;Martinique;51;228875;0;1092;0.4771163298743856
2023-02-26;MQ;Martinique;68;228943;0;1092;0.476974618136392
2023-03-05;MQ;Martinique;77;229020;0;1092;0.47681425203039035
2023-03-12;MQ;Martinique;141;229161;0;1092;0.47652087397070175
2023-03-19;MQ;Martinique;204;229365;1;1093;0.47653303686264253
2023-03-26;MQ;Martinique;114;229479;2;1095;0.4771678454237643
2023-04-02;MQ;Martinique;0;229479;0;1095;0.4771678454237643
2023-04-09;MQ;Martinique;0;229479;0;1095;0.4771678454237643
2023-04-16;MQ;Martinique;195;229674;2;1097;0.4776335153304248
2023-04-23;MQ;Martinique;110;229784;0;1097;0.47740486717961217
2023-04-30;MQ;Martinique;116;229900;3;1100;0.4784688995215311
2023-05-07;MQ;Martinique;0;229900;0;1100;0.4784688995215311
2023-05-14;MQ;Martinique;0;229900;0;1100;0.4784688995215311
2023-05-21;MQ;Martinique;75;229975;2;1102;0.479182519839113
2023-05-28;MQ;Martinique;0;229975;0;1102;0.479182519839113
2023-06-04;MQ;Martinique;0;229975;0;1102;0.479182519839113
2023-06-11;MQ;Martinique;0;229975;0;1102;0.479182519839113
2023-06-18;MQ;Martinique;0;229975;0;1102;0.479182519839113
2023-06-25;MQ;Martinique;379;230354;2;1104;0.4792623527266729
2023-07-02;MQ;Martinique;0;230354;0;1104;0.4792623527266729
2023-07-09;MQ;Martinique;0;230354;0;1104;0.4792623527266729
2023-07-16;MQ;Martinique;0;230354;0;1104;0.4792623527266729
2023-07-23;MQ;Martinique;0;230354;0;1104;0.4792623527266729
2023-07-30;MQ;Martinique;0;230354;0;1104;0.4792623527266729
2023-08-06;MQ;Martinique;0;230354;0;1104;0.4792623527266729
2023-08-13;MQ;Martinique;0;230354;0;1104;0.4792623527266729
2023-08-20;MQ;Martinique;0;230354;0;1104;0.4792623527266729
2023-08-27;MQ;Martinique;0;230354;0;1104;0.4792623527266729
2023-09-03;MQ;Martinique;0;230354;0;1104;0.4792623527266729
2023-09-10;MQ;Martinique;0;230354;0;1104;0.4792623527266729
2023-09-17;MQ;Martinique;0;230354;0;1104;0.4792623527266729
2023-09-24;MQ;Martinique;0;230354;0;1104;0.4792623527266729
2023-10-01;MQ;Martinique;0;230354;0;1104;0.4792623527266729
2023-10-08;MQ;Martinique;0;230354;0;1104;0.4792623527266729
2023-10-15;MQ;Martinique;0;230354;0;1104;0.4792623527266729
2023-10-22;MQ;Martinique;0;230354;0;1104;0.4792623527266729
2023-10-29;MQ;Martinique;0;230354;0;1104;0.4792623527266729
2023-11-05;MQ;Martinique;0;230354;0;1104;0.4792623527266729
2023-11-12;MQ;Martinique;0;230354;0;1104;0.4792623527266729
2023-11-19;MQ;Martinique;0;230354;0;1104;0.4792623527266729
2023-11-26;MQ;Martinique;0;230354;0;1104;0.4792623527266729
2023-12-03;MQ;Martinique;0;230354;0;1104;0.4792623527266729
2023-12-10;MQ;Martinique;0;230354;0;1104;0.4792623527266729
2023-12-17;MQ;Martinique;0;230354;0;1104;0.4792623527266729
2023-12-24;MQ;Martinique;0;230354;0;1104;0.4792623527266729
2023-12-31;MQ;Martinique;0;230354;0;1104;0.4792623527266729
2024-01-07;MQ;Martinique;0;230354;0;1104;0.4792623527266729
2024-01-14;MQ;Martinique;0;230354;0;1104;0.4792623527266729
2024-01-21;MQ;Martinique;0;230354;0;1104;0.4792623527266729
2020-01-05;MR;Mauritania;0;0;0;0;0.0
2020-01-12;MR;Mauritania;0;0;0;0;0.0
2020-01-19;MR;Mauritania;0;0;0;0;0.0
2020-01-26;MR;Mauritania;0;0;0;0;0.0
2020-02-02;MR;Mauritania;0;0;0;0;0.0
2020-02-09;MR;Mauritania;0;0;0;0;0.0
2020-02-16;MR;Mauritania;0;0;0;0;0.0
2020-02-23;MR;Mauritania;0;0;0;0;0.0
2020-03-01;MR;Mauritania;0;0;0;0;0.0
2020-03-08;MR;Mauritania;0;0;0;0;0.0
2020-03-15;MR;Mauritania;1;1;0;0;0.0
2020-03-22;MR;Mauritania;1;2;0;0;0.0
2020-03-29;MR;Mauritania;3;5;0;0;0.0
2020-06-21;MR;Mauritania;1131;2813;25;256;9.100604337006754
2020-06-28;MR;Mauritania;1212;4025;13;269;6.683229813664596
2020-07-05;MR;Mauritania;802;4827;8;277;5.738553967267454
2020-07-12;MR;Mauritania;448;5275;15;292;5.535545023696682
2020-07-19;MR;Mauritania;538;5813;9;301;5.178049200068811
2020-07-26;MR;Mauritania;338;6151;3;304;4.942285807185823
2020-08-02;MR;Mauritania;168;6319;1;305;4.8267130875138475
2020-08-09;MR;Mauritania;191;6510;0;305;4.68509984639017
2020-08-16;MR;Mauritania;183;6693;0;305;4.556999850590169
2020-08-23;MR;Mauritania;201;6894;1;306;4.43864229765013
2020-08-30;MR;Mauritania;124;7018;0;306;4.360216585921915
2020-09-06;MR;Mauritania;116;7134;1;307;4.303336136809644
2020-09-13;MR;Mauritania;140;7274;1;308;4.234259004674182
2020-09-20;MR;Mauritania;91;7365;0;308;4.18194161575017
2020-09-27;MR;Mauritania;97;7462;0;308;4.127579737335835
2020-10-04;MR;Mauritania;55;7517;0;308;4.097379273646402
2020-10-11;MR;Mauritania;33;7550;0;308;4.079470198675496
2020-10-18;MR;Mauritania;57;7607;0;308;4.048902326804259
2020-10-25;MR;Mauritania;56;7663;0;308;4.019313584757928
2020-11-01;MR;Mauritania;54;7717;0;308;3.9911882856032137
2020-11-08;MR;Mauritania;97;7814;0;308;3.941643204504735
2020-11-15;MR;Mauritania;134;7948;2;310;3.900352289884248
2020-11-22;MR;Mauritania;340;8288;4;314;3.7886100386100385
2020-11-29;MR;Mauritania;259;8547;1;315;3.6855036855036856
2020-12-06;MR;Mauritania;812;9359;2;317;3.3871140079068276
2020-12-13;MR;Mauritania;1421;10780;17;334;3.098330241187384
2020-12-20;MR;Mauritania;2736;13516;3;337;2.4933412252145604
2020-12-27;MR;Mauritania;0;13516;0;337;2.4933412252145604
2021-01-03;MR;Mauritania;1161;14677;17;354;2.4119370443551134
2021-01-10;MR;Mauritania;752;15429;30;384;2.4888197550068054
2021-01-17;MR;Mauritania;570;15999;18;402;2.512657041065067
2021-01-24;MR;Mauritania;398;16397;15;417;2.5431481368543025
2021-01-31;MR;Mauritania;211;16608;3;420;2.5289017341040463
2021-02-07;MR;Mauritania;184;16792;5;425;2.5309671272034304
2021-02-14;MR;Mauritania;173;16965;3;428;2.5228411435307985
2021-02-21;MR;Mauritania;118;17083;6;434;2.5405373763390506
2021-02-28;MR;Mauritania;104;17187;6;440;2.560074474893815
2021-03-07;MR;Mauritania;122;17309;2;442;2.553584840256514
2021-03-14;MR;Mauritania;115;17424;1;443;2.54247015610652
2021-03-21;MR;Mauritania;163;17587;3;446;2.5359640643657246
2021-03-28;MR;Mauritania;169;17756;2;448;2.523090786213111
2021-04-04;MR;Mauritania;161;17917;1;449;2.50599988837417
2021-04-11;MR;Mauritania;95;18012;1;450;2.498334443704197
2021-04-18;MR;Mauritania;109;18121;2;452;2.4943435792726674
2021-04-25;MR;Mauritania;71;18192;2;454;2.4956024626209325
2021-05-02;MR;Mauritania;237;18429;1;455;2.4689348309729233
2021-05-09;MR;Mauritania;207;18636;1;456;2.4468770122343853
2021-05-16;MR;Mauritania;170;18806;1;457;2.4300755078166545
2021-05-23;MR;Mauritania;308;19114;1;458;2.3961494192738306
2021-05-30;MR;Mauritania;349;19463;5;463;2.378872732877768
2021-06-06;MR;Mauritania;322;19785;3;466;2.355319686631286
2021-06-13;MR;Mauritania;255;20040;9;475;2.370259481037924
2021-06-20;MR;Mauritania;274;20314;5;480;2.3629024318204195
2021-06-27;MR;Mauritania;290;20604;6;486;2.3587652882935353
2021-07-04;MR;Mauritania;423;21027;3;489;2.3255813953488373
2021-07-11;MR;Mauritania;563;21590;5;494;2.288096340898564
2021-07-18;MR;Mauritania;918;22508;14;508;2.256975297671939
2021-07-25;MR;Mauritania;1047;23555;20;528;2.241562300997665
2021-08-01;MR;Mauritania;2136;25691;34;562;2.1875364913783035
2021-08-08;MR;Mauritania;2266;27957;37;599;2.142576099009193
2021-08-15;MR;Mauritania;1927;29884;37;636;2.1282291527238657
2021-08-22;MR;Mauritania;1758;31642;36;672;2.1237595600783767
2021-08-29;MR;Mauritania;1516;33158;30;702;2.117136136075758
2021-09-05;MR;Mauritania;953;34111;31;733;2.1488669344199818
2021-09-12;MR;Mauritania;660;34771;16;749;2.154093928848753
2021-09-19;MR;Mauritania;557;35328;14;763;2.159759963768116
2021-09-26;MR;Mauritania;491;35819;5;768;2.1441134593372233
2021-10-03;MR;Mauritania;295;36114;9;777;2.1515201860774216
2021-10-10;MR;Mauritania;273;36387;7;784;2.1546156594388104
2021-10-17;MR;Mauritania;258;36645;4;788;2.1503615772956746
2021-10-24;MR;Mauritania;265;36910;4;792;2.145759956651314
2021-10-31;MR;Mauritania;312;37222;2;794;2.1331470635645586
2021-11-07;MR;Mauritania;437;37659;7;801;2.1269815980243765
2021-11-14;MR;Mauritania;410;38069;6;807;2.1198350363813074
2021-11-21;MR;Mauritania;514;38583;9;816;2.114921079231786
2021-11-28;MR;Mauritania;532;39115;15;831;2.12450466572926
2021-12-05;MR;Mauritania;395;39510;7;838;2.1209820298658566
2021-12-12;MR;Mauritania;268;39778;11;849;2.134345618180904
2021-12-19;MR;Mauritania;249;40027;3;852;2.128563219826617
2021-12-26;MR;Mauritania;426;40453;10;862;2.130867920796974
2022-01-02;MR;Mauritania;1414;41867;8;870;2.078008933049896
2022-01-09;MR;Mauritania;6238;48105;15;885;1.8397256002494544
2022-01-16;MR;Mauritania;6288;54393;18;903;1.6601400915558988
2022-01-23;MR;Mauritania;2779;57172;21;924;1.6161757503673126
2022-01-30;MR;Mauritania;957;58129;25;949;1.6325758227390803
2022-02-06;MR;Mauritania;314;58443;15;964;1.6494704241739815
2022-02-13;MR;Mauritania;120;58563;8;972;1.6597510373443984
2022-02-20;MR;Mauritania;41;58604;4;976;1.6654153300116035
2022-02-27;MR;Mauritania;25;58629;3;979;1.6698221016902899
2022-03-06;MR;Mauritania;17;58646;1;980;1.67104320840296
2022-03-13;MR;Mauritania;11;58657;1;981;1.6724346625296216
2022-03-20;MR;Mauritania;5;58662;0;981;1.6722921141454434
2022-03-27;MR;Mauritania;4;58666;1;982;1.6738826577574746
2022-04-03;MR;Mauritania;4;58670;0;982;1.6737685358786434
2022-04-10;MR;Mauritania;6;58676;0;982;1.6735973822346446
2022-04-17;MR;Mauritania;5;58681;0;982;1.6734547809342037
2022-04-24;MR;Mauritania;2;58683;0;982;1.673397747218104
2022-05-01;MR;Mauritania;5;58688;0;982;1.6732551799345692
2022-05-08;MR;Mauritania;48;58736;0;982;1.6718877690002725
2022-05-15;MR;Mauritania;104;58840;0;982;1.6689326988443234
2022-05-22;MR;Mauritania;132;58972;0;982;1.6651970426643152
2022-05-29;MR;Mauritania;130;59102;0;982;1.6615342966397075
2022-06-05;MR;Mauritania;81;59183;0;982;1.6592602605477922
2022-06-12;MR;Mauritania;110;59293;0;982;1.6561820113672778
2022-06-19;MR;Mauritania;0;59293;0;982;1.6561820113672778
2022-06-26;MR;Mauritania;135;59428;0;982;1.6524197348051421
2022-07-03;MR;Mauritania;699;60127;2;984;1.6365359988025345
2022-07-10;MR;Mauritania;1056;61183;2;986;1.611558766323979
2022-07-17;MR;Mauritania;682;61865;0;986;1.5937929362321184
2022-07-24;MR;Mauritania;415;62280;3;989;1.5879897238278742
2022-07-31;MR;Mauritania;260;62540;2;991;1.5845858650463704
2022-08-07;MR;Mauritania;112;62652;1;992;1.5833492945157377
2022-08-14;MR;Mauritania;53;62705;0;992;1.5820110039071844
2022-08-21;MR;Mauritania;24;62729;0;992;1.581405729407451
2022-08-28;MR;Mauritania;30;62759;0;992;1.5806497872815055
2022-09-04;MR;Mauritania;11;62770;1;993;1.581965907280548
2022-09-11;MR;Mauritania;6;62776;0;993;1.5818147062571686
2022-09-18;MR;Mauritania;6;62782;1;994;1.5832563473607084
2022-09-25;MR;Mauritania;9;62791;0;994;1.583029415043557
2022-10-02;MR;Mauritania;32;62823;1;995;1.5838148448816516
2022-10-09;MR;Mauritania;85;62908;0;995;1.5816748267310994
2022-10-16;MR;Mauritania;137;63045;0;995;1.5782377666745975
2022-10-23;MR;Mauritania;219;63264;2;997;1.575935761254426
2022-10-30;MR;Mauritania;85;63349;0;997;1.5738212126473978
2022-11-06;MR;Mauritania;43;63392;0;997;1.5727536597677942
2022-11-13;MR;Mauritania;20;63412;0;997;1.5722576168548539
2022-11-20;MR;Mauritania;4;63416;0;997;1.57215844581809
2022-11-27;MR;Mauritania;3;63419;0;997;1.5720840757501697
2022-12-04;MR;Mauritania;0;63419;0;997;1.5720840757501697
2022-12-11;MR;Mauritania;2;63421;0;997;1.5720344996136928
2022-12-18;MR;Mauritania;2;63423;0;997;1.5719849266039132
2022-12-25;MR;Mauritania;5;63428;0;997;1.5718610077568265
2023-01-01;MR;Mauritania;1;63429;0;997;1.571836226331804
2023-01-08;MR;Mauritania;3;63432;0;997;1.5717618867448606
2023-01-15;MR;Mauritania;3;63435;0;997;1.5716875541893276
2023-01-22;MR;Mauritania;1;63436;0;997;1.57166277823318
2023-01-29;MR;Mauritania;0;63436;0;997;1.57166277823318
2023-02-05;MR;Mauritania;126;63562;0;997;1.5685472452094018
2023-02-12;MR;Mauritania;-124;63438;0;997;1.5716132286642075
2023-02-19;MR;Mauritania;0;63438;0;997;1.5716132286642075
2023-02-26;MR;Mauritania;0;63438;0;997;1.5716132286642075
2023-03-05;MR;Mauritania;1;63439;0;997;1.5715884550513093
2023-03-12;MR;Mauritania;1;63440;0;997;1.5715636822194199
2023-03-19;MR;Mauritania;0;63440;0;997;1.5715636822194199
2023-03-26;MR;Mauritania;25;63465;0;997;1.5709446151422044
2023-04-02;MR;Mauritania;50;63515;0;997;1.5697079430055894
2023-04-09;MR;Mauritania;47;63562;0;997;1.5685472452094018
2023-04-16;MR;Mauritania;20;63582;0;997;1.5680538517190399
2023-04-23;MR;Mauritania;27;63609;0;997;1.5673882626672326
2023-04-30;MR;Mauritania;8;63617;0;997;1.5671911595957055
2023-05-07;MR;Mauritania;36;63653;0;997;1.5663048088856772
2023-05-14;MR;Mauritania;10;63663;0;997;1.566058778254245
2023-05-21;MR;Mauritania;6;63669;0;997;1.565911196971839
2023-05-28;MR;Mauritania;12;63681;0;997;1.5656161178373456
2023-06-04;MR;Mauritania;14;63695;0;997;1.5652719993720074
2023-06-11;MR;Mauritania;5;63700;0;997;1.565149136577708
2023-06-18;MR;Mauritania;7;63707;0;997;1.564977161065503
2023-06-25;MR;Mauritania;3;63710;0;997;1.5649034688431955
2023-07-02;MR;Mauritania;0;63710;0;997;1.5649034688431955
2023-07-09;MR;Mauritania;2;63712;0;997;1.5648543445504772
2023-07-16;MR;Mauritania;0;63712;0;997;1.5648543445504772
2023-07-23;MR;Mauritania;0;63712;0;997;1.5648543445504772
2023-07-30;MR;Mauritania;0;63712;0;997;1.5648543445504772
2023-08-06;MR;Mauritania;0;63712;0;997;1.5648543445504772
2023-08-13;MR;Mauritania;1;63713;0;997;1.5648297835606548
2023-08-20;MR;Mauritania;1;63714;0;997;1.5648052233418086
2023-08-27;MR;Mauritania;0;63714;0;997;1.5648052233418086
2023-09-03;MR;Mauritania;2;63716;0;997;1.5647561052169
2023-09-10;MR;Mauritania;14;63730;0;997;1.5644123646634238
2023-09-17;MR;Mauritania;16;63746;0;997;1.5640197031970633
2023-09-24;MR;Mauritania;11;63757;0;997;1.5637498627601676
2023-10-01;MR;Mauritania;0;63757;0;997;1.5637498627601676
2023-10-08;MR;Mauritania;0;63757;0;997;1.5637498627601676
2023-10-15;MR;Mauritania;2;63759;0;997;1.563700810865917
2023-10-22;MR;Mauritania;2;63761;0;997;1.5636517620489014
2023-10-29;MR;Mauritania;0;63761;0;997;1.5636517620489014
2023-11-05;MR;Mauritania;1;63762;0;997;1.563627238794266
2023-11-12;MR;Mauritania;0;63762;0;997;1.563627238794266
2023-11-19;MR;Mauritania;0;63762;0;997;1.563627238794266
2023-11-26;MR;Mauritania;2;63764;0;997;1.56357819459256
2023-12-03;MR;Mauritania;0;63764;0;997;1.56357819459256
2023-12-10;MR;Mauritania;4;63768;0;997;1.5634801154183915
2023-12-17;MR;Mauritania;3;63771;0;997;1.5634065641122141
2023-12-24;MR;Mauritania;2;63773;0;997;1.5633575337525285
2023-12-31;MR;Mauritania;14;63787;0;997;1.5630144073243764
2024-01-07;MR;Mauritania;11;63798;0;997;1.5627449136336562
2024-01-14;MR;Mauritania;10;63808;0;997;1.5625
2024-01-21;MR;Mauritania;0;63808;0;997;1.5625
2020-01-05;MU;Mauritius;0;0;0;0;0.0
2020-01-12;MU;Mauritius;0;0;0;0;0.0
2020-01-19;MU;Mauritius;0;0;0;0;0.0
2020-01-26;MU;Mauritius;0;0;0;0;0.0
2020-02-02;MU;Mauritius;0;0;0;0;0.0
2020-02-09;MU;Mauritius;0;0;0;0;0.0
2020-02-16;MU;Mauritius;0;0;0;0;0.0
2020-02-23;MU;Mauritius;0;0;0;0;0.0
2020-03-01;MU;Mauritius;0;0;0;0;0.0
2020-03-08;MU;Mauritius;0;0;0;0;0.0
2020-03-15;MU;Mauritius;0;0;0;0;0.0
2020-03-22;MU;Mauritius;14;14;1;1;7.142857142857142
2020-03-29;MU;Mauritius;88;102;1;2;1.9607843137254901
2020-04-05;MU;Mauritius;94;196;5;7;3.571428571428571
2020-04-12;MU;Mauritius;123;319;2;9;2.8213166144200628
2020-04-19;MU;Mauritius;6;325;0;9;2.769230769230769
2020-04-26;MU;Mauritius;6;331;0;9;2.719033232628399
2020-05-03;MU;Mauritius;1;332;1;10;3.0120481927710845
2020-05-10;MU;Mauritius;0;332;0;10;3.0120481927710845
2020-05-17;MU;Mauritius;0;332;0;10;3.0120481927710845
2020-05-24;MU;Mauritius;0;332;0;10;3.0120481927710845
2020-05-31;MU;Mauritius;3;335;0;10;2.9850746268656714
2020-06-07;MU;Mauritius;2;337;0;10;2.967359050445104
2020-06-14;MU;Mauritius;0;337;0;10;2.967359050445104
2020-06-21;MU;Mauritius;0;337;0;10;2.967359050445104
2020-06-28;MU;Mauritius;4;341;0;10;2.932551319648094
2020-07-05;MU;Mauritius;0;341;0;10;2.932551319648094
2020-07-12;MU;Mauritius;1;342;0;10;2.923976608187134
2020-07-19;MU;Mauritius;1;343;0;10;2.9154518950437316
2020-07-26;MU;Mauritius;1;344;0;10;2.9069767441860463
2020-08-02;MU;Mauritius;0;344;0;10;2.9069767441860463
2020-08-09;MU;Mauritius;0;344;0;10;2.9069767441860463
2020-08-16;MU;Mauritius;2;346;0;10;2.8901734104046244
2020-08-23;MU;Mauritius;0;346;0;10;2.8901734104046244
2020-08-30;MU;Mauritius;0;346;0;10;2.8901734104046244
2020-09-06;MU;Mauritius;10;356;0;10;2.8089887640449436
2020-09-13;MU;Mauritius;5;361;0;10;2.7700831024930745
2020-09-20;MU;Mauritius;6;367;0;10;2.7247956403269753
2020-09-27;MU;Mauritius;0;367;0;10;2.7247956403269753
2020-10-04;MU;Mauritius;18;385;0;10;2.5974025974025974
2020-10-11;MU;Mauritius;10;395;0;10;2.5316455696202533
2020-10-18;MU;Mauritius;12;407;0;10;2.457002457002457
2020-10-25;MU;Mauritius;28;435;0;10;2.2988505747126435
2020-11-01;MU;Mauritius;6;441;0;10;2.2675736961451247
2020-11-08;MU;Mauritius;14;455;0;10;2.197802197802198
2020-11-15;MU;Mauritius;15;470;0;10;2.127659574468085
2020-11-22;MU;Mauritius;25;495;0;10;2.0202020202020203
2020-11-29;MU;Mauritius;8;503;0;10;1.9880715705765408
2020-12-06;MU;Mauritius;2;505;0;10;1.9801980198019802
2020-12-13;MU;Mauritius;18;523;0;10;1.9120458891013385
2020-12-20;MU;Mauritius;1;524;0;10;1.9083969465648856
2020-12-27;MU;Mauritius;3;527;0;10;1.8975332068311195
2021-01-03;MU;Mauritius;0;527;0;10;1.8975332068311195
2021-01-10;MU;Mauritius;12;539;0;10;1.855287569573284
2021-01-17;MU;Mauritius;8;547;0;10;1.8281535648994516
2021-01-24;MU;Mauritius;9;556;0;10;1.7985611510791366
2021-01-31;MU;Mauritius;12;568;0;10;1.7605633802816902
2021-02-07;MU;Mauritius;16;584;0;10;1.7123287671232876
2021-02-14;MU;Mauritius;11;595;0;10;1.680672268907563
2021-02-21;MU;Mauritius;8;603;0;10;1.658374792703151
2021-02-28;MU;Mauritius;7;610;0;10;1.639344262295082
2021-03-07;MU;Mauritius;29;639;0;10;1.5649452269170578
2021-03-14;MU;Mauritius;52;691;0;10;1.447178002894356
2021-03-21;MU;Mauritius;121;812;0;10;1.2315270935960592
2021-03-28;MU;Mauritius;58;870;0;10;1.1494252873563218
2021-04-04;MU;Mauritius;242;1112;2;12;1.079136690647482
2021-04-11;MU;Mauritius;64;1176;0;12;1.0204081632653061
2021-04-18;MU;Mauritius;27;1203;3;15;1.2468827930174564
2021-04-25;MU;Mauritius;3;1206;1;16;1.3266998341625207
2021-05-02;MU;Mauritius;35;1241;1;17;1.36986301369863
2021-05-09;MU;Mauritius;5;1246;0;17;1.3643659711075442
2021-05-16;MU;Mauritius;42;1288;0;17;1.3198757763975155
2021-05-23;MU;Mauritius;34;1322;0;17;1.2859304084720122
2021-05-30;MU;Mauritius;71;1393;0;17;1.2203876525484567
2021-06-06;MU;Mauritius;65;1458;1;18;1.2345679012345678
2021-06-13;MU;Mauritius;251;1709;0;18;1.0532475131655938
2021-06-20;MU;Mauritius;64;1773;0;18;1.015228426395939
2021-06-27;MU;Mauritius;107;1880;0;18;0.9574468085106382
2021-07-04;MU;Mauritius;104;1984;0;18;0.9072580645161291
2021-07-11;MU;Mauritius;147;2131;0;18;0.8446738620366024
2021-07-18;MU;Mauritius;404;2535;1;19;0.7495069033530571
2021-07-25;MU;Mauritius;1194;3729;0;19;0.5095199785465273
2021-08-01;MU;Mauritius;485;4214;1;20;0.47460844803037494
2021-08-08;MU;Mauritius;796;5010;0;20;0.39920159680638717
2021-08-15;MU;Mauritius;955;5965;1;21;0.3520536462699078
2021-08-22;MU;Mauritius;1849;7814;2;23;0.2943434860506783
2021-08-29;MU;Mauritius;2382;10196;6;29;0.2844252648097293
2021-09-05;MU;Mauritius;1840;12036;5;34;0.2824858757062147
2021-09-12;MU;Mauritius;1253;13289;9;43;0.32357588983369706
2021-09-19;MU;Mauritius;4012;17301;11;54;0.3121206866655107
2021-09-26;MU;Mauritius;4422;21723;25;79;0.36366984302352345
2021-10-03;MU;Mauritius;4076;25799;11;90;0.3488507306484747
2021-10-10;MU;Mauritius;3364;29163;20;110;0.377190275348901
2021-10-17;MU;Mauritius;3859;33022;24;134;0.40579007934104533
2021-10-24;MU;Mauritius;4618;37640;19;153;0.40648246546227423
2021-10-31;MU;Mauritius;6128;43768;23;176;0.4021202705172729
2021-11-07;MU;Mauritius;7193;50961;37;213;0.4179666804026609
2021-11-14;MU;Mauritius;11906;62867;54;267;0.4247061256302989
2021-11-21;MU;Mauritius;9474;72341;105;372;0.5142312105168576
2021-11-28;MU;Mauritius;7272;79613;96;468;0.5878436938690917
2021-12-05;MU;Mauritius;4470;84083;126;594;0.7064448223778885
2021-12-12;MU;Mauritius;2950;87033;72;666;0.765226982868567
2021-12-19;MU;Mauritius;1841;88874;80;746;0.8393905979251526
2021-12-26;MU;Mauritius;1216;90090;16;762;0.8458208458208459
2022-01-02;MU;Mauritius;1387;91477;24;786;0.8592323753511811
2022-01-09;MU;Mauritius;1895;93372;12;798;0.8546459323994344
2022-01-16;MU;Mauritius;2438;95810;15;813;0.848554430643983
2022-01-23;MU;Mauritius;3165;98975;9;822;0.8305127557464006
2022-01-30;MU;Mauritius;5827;104802;0;822;0.7843361767905193
2022-02-06;MU;Mauritius;9768;114570;0;822;0.717465305053679
2022-02-13;MU;Mauritius;14875;129445;19;841;0.6496967824172428
2022-02-20;MU;Mauritius;19687;149132;37;878;0.5887401764879435
2022-02-27;MU;Mauritius;16531;165663;17;895;0.5402534060109982
2022-03-06;MU;Mauritius;13983;179646;9;904;0.5032118722376229
2022-03-13;MU;Mauritius;11458;191104;30;934;0.48873911587407903
2022-03-20;MU;Mauritius;10686;201790;0;934;0.4628574260369691
2022-03-27;MU;Mauritius;7759;209549;34;968;0.4619444616772211
2022-04-03;MU;Mauritius;4876;214425;0;968;0.4514398974000233
2022-04-10;MU;Mauritius;3450;217875;17;985;0.4520940906483075
2022-04-17;MU;Mauritius;2239;220114;5;990;0.4497669389498169
2022-04-24;MU;Mauritius;1502;221616;0;990;0.44671864847303444
2022-05-01;MU;Mauritius;1107;222723;6;996;0.44719225225953313
2022-05-08;MU;Mauritius;965;223688;0;996;0.4452630449554737
2022-05-15;MU;Mauritius;901;224589;0;996;0.4434767508649132
2022-05-22;MU;Mauritius;1133;225722;0;996;0.441250742063246
2022-05-29;MU;Mauritius;1039;226761;0;996;0.4392289679442232
2022-06-05;MU;Mauritius;739;227500;2;998;0.4386813186813187
2022-06-12;MU;Mauritius;743;228243;2;1000;0.43812953737902144
2022-06-19;MU;Mauritius;1066;229309;1;1001;0.436528875883633
2022-06-26;MU;Mauritius;1416;230725;1;1002;0.434283237620544
2022-07-03;MU;Mauritius;2080;232805;4;1006;0.43212130323661435
2022-07-10;MU;Mauritius;2745;235550;1;1007;0.4275100827849714
2022-07-17;MU;Mauritius;4294;239844;1;1008;0.4202731775654175
2022-07-24;MU;Mauritius;4551;244395;0;1008;0.4124470631559566
2022-07-31;MU;Mauritius;3932;248327;6;1014;0.4083325615015685
2022-08-07;MU;Mauritius;3080;251407;2;1016;0.4041255812288441
2022-08-14;MU;Mauritius;2464;253871;4;1020;0.40177885619074255
2022-08-21;MU;Mauritius;2314;256185;0;1020;0.3981497745769658
2022-08-28;MU;Mauritius;1937;258122;3;1023;0.3963242187802667
2022-09-04;MU;Mauritius;1470;259592;0;1023;0.3940799408302259
2022-09-11;MU;Mauritius;1234;260826;1;1024;0.3925988973491906
2022-09-18;MU;Mauritius;1077;261903;1;1025;0.3913662691912655
2022-09-25;MU;Mauritius;680;262583;1;1026;0.3907335966151655
2022-10-02;MU;Mauritius;534;263117;1;1027;0.390320655829916
2022-10-09;MU;Mauritius;587;263704;4;1031;0.39096866183296425
2022-10-16;MU;Mauritius;680;264384;1;1032;0.3903413217138707
2022-10-23;MU;Mauritius;831;265215;0;1032;0.38911826254171145
2022-10-30;MU;Mauritius;1120;266335;0;1032;0.3874819306512475
2022-11-06;MU;Mauritius;1787;268122;1;1033;0.3852723760079367
2022-11-13;MU;Mauritius;3282;271404;0;1033;0.38061340289752543
2022-11-20;MU;Mauritius;4504;275908;1;1034;0.37476260202676254
2022-11-27;MU;Mauritius;4740;280648;1;1035;0.3687893731649611
2022-12-04;MU;Mauritius;3899;284547;2;1037;0.36443891518800053
2022-12-11;MU;Mauritius;3183;287730;1;1038;0.36075487436138043
2022-12-18;MU;Mauritius;2098;289828;0;1038;0.3581434505982859
2022-12-25;MU;Mauritius;1378;291206;1;1039;0.3567920990638929
2023-01-01;MU;Mauritius;1090;292296;2;1041;0.3561458247803596
2023-01-08;MU;Mauritius;985;293281;1;1042;0.3552906598108981
2023-01-15;MU;Mauritius;734;294015;1;1043;0.3547438055881503
2023-01-22;MU;Mauritius;539;294554;0;1043;0.3540946651547764
2023-01-29;MU;Mauritius;320;294874;0;1043;0.3537103983396298
2023-02-05;MU;Mauritius;258;295132;1;1044;0.3537400214141469
2023-02-12;MU;Mauritius;271;295403;0;1044;0.3534155035663145
2023-02-19;MU;Mauritius;316;295719;0;1044;0.35303785012122996
2023-02-26;MU;Mauritius;34;295753;0;1044;0.35299726460931924
2023-03-05;MU;Mauritius;575;296328;0;1044;0.35231230258362356
2023-03-12;MU;Mauritius;399;296727;0;1044;0.35183855867514585
2023-03-19;MU;Mauritius;143;296870;0;1044;0.35166908074241254
2023-03-26;MU;Mauritius;392;297262;0;1044;0.3512053340151112
2023-04-02;MU;Mauritius;498;297760;0;1044;0.3506179473401397
2023-04-09;MU;Mauritius;339;298099;0;1044;0.350219222473071
2023-04-16;MU;Mauritius;715;298814;0;1044;0.34938122042474584
2023-04-23;MU;Mauritius;962;299776;0;1044;0.3482600341588386
2023-04-30;MU;Mauritius;1320;301096;2;1046;0.3473975077716077
2023-05-07;MU;Mauritius;1599;302695;2;1048;0.34622309585556416
2023-05-14;MU;Mauritius;1538;304233;2;1050;0.34513021269881966
2023-05-21;MU;Mauritius;1230;305463;0;1050;0.34374048575441213
2023-05-28;MU;Mauritius;860;306323;0;1050;0.3427754363857758
2023-06-04;MU;Mauritius;646;306969;1;1051;0.34237984943105004
2023-06-11;MU;Mauritius;516;307485;1;1052;0.3421305104314032
2023-06-18;MU;Mauritius;333;307818;0;1052;0.3417603908803254
2023-06-25;MU;Mauritius;226;308044;0;1052;0.3415096544649466
2023-07-02;MU;Mauritius;165;308209;1;1053;0.3416512820845595
2023-07-09;MU;Mauritius;136;308345;0;1053;0.34150059186949683
2023-07-16;MU;Mauritius;138;308483;0;1053;0.3413478214358652
2023-07-23;MU;Mauritius;146;308629;0;1053;0.34118634347387966
2023-07-30;MU;Mauritius;110;308739;0;1053;0.3410647828748555
2023-08-06;MU;Mauritius;85;308824;0;1053;0.3409709089967101
2023-08-13;MU;Mauritius;644;309468;1;1054;0.34058448692595034
2023-08-20;MU;Mauritius;67;309535;0;1054;0.3405107661492238
2023-08-27;MU;Mauritius;79;309614;0;1054;0.34042388264096585
2023-09-03;MU;Mauritius;63;309677;0;1054;0.34035462756355817
2023-09-10;MU;Mauritius;64;309741;0;1054;0.3402843020459029
2023-09-17;MU;Mauritius;45;309786;0;1054;0.3402348718147366
2023-09-24;MU;Mauritius;44;309830;0;1054;0.34018655391666397
2023-10-01;MU;Mauritius;39;309869;0;1054;0.3401437381603194
2023-10-08;MU;Mauritius;48;309917;0;1054;0.3400910566377449
2023-10-15;MU;Mauritius;66;309983;0;1054;0.340018646183823
2023-10-22;MU;Mauritius;72;310055;0;1054;0.3399396881198497
2023-10-29;MU;Mauritius;127;310182;0;1054;0.33980050422010305
2023-11-05;MU;Mauritius;158;310340;0;1054;0.33962750531674935
2023-11-12;MU;Mauritius;317;310657;1;1055;0.33960284171932387
2023-11-19;MU;Mauritius;808;311465;0;1055;0.3387218467564574
2023-11-26;MU;Mauritius;1507;312972;1;1056;0.3374103753690426
2023-12-03;MU;Mauritius;2128;315100;0;1056;0.3351317042208823
2023-12-10;MU;Mauritius;3091;318191;1;1057;0.33219041393376936
2023-12-17;MU;Mauritius;3228;321419;1;1058;0.3291653573684194
2023-12-24;MU;Mauritius;0;321419;0;1058;0.3291653573684194
2023-12-31;MU;Mauritius;2288;323707;2;1060;0.3274566197209205
2024-01-07;MU;Mauritius;0;323707;0;1060;0.3274566197209205
2024-01-14;MU;Mauritius;0;323707;0;1060;0.3274566197209205
2024-01-21;MU;Mauritius;0;323707;0;1060;0.3274566197209205
2020-01-05;YT;Mayotte;0;0;0;0;0.0
2020-01-12;YT;Mayotte;0;0;0;0;0.0
2020-01-19;YT;Mayotte;0;0;0;0;0.0
2020-01-26;YT;Mayotte;0;0;0;0;0.0
2020-02-02;YT;Mayotte;0;0;0;0;0.0
2020-02-09;YT;Mayotte;0;0;0;0;0.0
2020-02-16;YT;Mayotte;0;0;0;0;0.0
2020-02-23;YT;Mayotte;0;0;0;0;0.0
2020-03-01;YT;Mayotte;0;0;0;0;0.0
2020-03-08;YT;Mayotte;0;0;0;0;0.0
2020-03-15;YT;Mayotte;5;5;0;0;0.0
2020-03-22;YT;Mayotte;6;11;0;0;0.0
2020-03-29;YT;Mayotte;39;50;0;0;0.0
2020-04-05;YT;Mayotte;97;147;2;2;1.3605442176870748
2020-04-12;YT;Mayotte;44;191;0;2;1.0471204188481675
2020-04-19;YT;Mayotte;54;245;2;4;1.6326530612244898
2020-04-26;YT;Mayotte;109;354;0;4;1.1299435028248588
2020-05-03;YT;Mayotte;242;596;2;6;1.006711409395973
2020-05-10;YT;Mayotte;294;890;5;11;1.2359550561797752
2020-05-17;YT;Mayotte;368;1258;5;16;1.2718600953895072
2020-05-24;YT;Mayotte;263;1521;3;19;1.2491781722550954
2020-05-31;YT;Mayotte;222;1743;2;21;1.2048192771084338
2020-06-07;YT;Mayotte;336;2079;4;25;1.2025012025012025
2020-06-14;YT;Mayotte;203;2282;4;29;1.2708150744960562
2020-06-21;YT;Mayotte;122;2404;2;31;1.2895174708818635
2020-06-28;YT;Mayotte;136;2540;4;35;1.3779527559055118
2020-07-05;YT;Mayotte;128;2668;1;36;1.3493253373313343
2020-07-12;YT;Mayotte;43;2711;1;37;1.364810033198082
2020-07-19;YT;Mayotte;71;2782;0;37;1.329978432782171
2020-07-26;YT;Mayotte;91;2873;1;38;1.3226592412112774
2020-08-02;YT;Mayotte;89;2962;1;39;1.3166779203241055
2020-08-09;YT;Mayotte;106;3068;0;39;1.2711864406779663
2020-08-16;YT;Mayotte;51;3119;0;39;1.2504007694773966
2020-08-23;YT;Mayotte;118;3237;0;39;1.2048192771084338
2020-08-30;YT;Mayotte;64;3301;1;40;1.2117540139351712
2020-09-06;YT;Mayotte;73;3374;0;40;1.1855364552459988
2020-09-13;YT;Mayotte;0;3374;0;40;1.1855364552459988
2020-09-20;YT;Mayotte;167;3541;0;40;1.1296243998870377
2020-09-27;YT;Mayotte;0;3541;0;40;1.1296243998870377
2020-10-04;YT;Mayotte;238;3779;2;42;1.1114051336332362
2020-10-11;YT;Mayotte;210;3989;1;43;1.0779644021057908
2020-10-18;YT;Mayotte;41;4030;0;43;1.066997518610422
2020-10-25;YT;Mayotte;246;4276;1;44;1.028999064546305
2020-11-01;YT;Mayotte;90;4366;0;44;1.0077874484654146
2020-11-08;YT;Mayotte;184;4550;1;45;0.9890109890109889
2020-11-15;YT;Mayotte;371;4921;1;46;0.9347693558219874
2020-11-22;YT;Mayotte;115;5036;2;48;0.9531374106433679
2020-11-29;YT;Mayotte;145;5181;1;49;0.9457633661455318
2020-12-06;YT;Mayotte;0;5181;0;49;0.9457633661455318
2020-12-13;YT;Mayotte;370;5551;3;52;0.936768149882904
2020-12-20;YT;Mayotte;157;5708;1;53;0.9285213735108621
2020-12-27;YT;Mayotte;59;5767;1;54;0.936362059996532
2021-01-03;YT;Mayotte;123;5890;1;55;0.9337860780984719
2021-01-10;YT;Mayotte;342;6232;1;56;0.8985879332477535
2021-01-17;YT;Mayotte;379;6611;2;58;0.8773256693389804
2021-01-24;YT;Mayotte;933;7544;1;59;0.7820784729586426
2021-01-31;YT;Mayotte;687;8231;2;61;0.7411007168023327
2021-02-07;YT;Mayotte;2524;10755;3;64;0.595072059507206
2021-02-14;YT;Mayotte;2780;13535;14;78;0.5762837089028445
2021-02-21;YT;Mayotte;2257;15792;14;92;0.5825734549138805
2021-02-28;YT;Mayotte;1069;16861;10;102;0.6049463258406974
2021-03-07;YT;Mayotte;1279;18140;23;125;0.6890848952590959
2021-03-14;YT;Mayotte;502;18642;4;129;0.6919858384293531
2021-03-21;YT;Mayotte;364;19006;22;151;0.7944859518046932
2021-03-28;YT;Mayotte;300;19306;3;154;0.7976794778825236
2021-04-04;YT;Mayotte;184;19490;8;162;0.8311954848640328
2021-04-11;YT;Mayotte;153;19643;5;167;0.8501756350862902
2021-04-18;YT;Mayotte;146;19789;1;168;0.8489564909798374
2021-04-25;YT;Mayotte;107;19896;1;169;0.849416968234821
2021-05-02;YT;Mayotte;198;20094;1;170;0.8460236886632826
2021-05-09;YT;Mayotte;40;20134;0;170;0.8443429025528957
2021-05-16;YT;Mayotte;42;20176;1;171;0.8475416336241078
2021-05-23;YT;Mayotte;-875;19301;0;171;0.885964457800114
2021-05-30;YT;Mayotte;24;19325;2;173;0.8952134540750324
2021-06-06;YT;Mayotte;22;19347;0;173;0.8941954825037475
2021-06-13;YT;Mayotte;26;19373;0;173;0.8929954059773912
2021-06-20;YT;Mayotte;16;19389;1;174;0.8974160606529477
2021-06-27;YT;Mayotte;16;19405;0;174;0.8966761144035043
2021-07-04;YT;Mayotte;7;19412;0;174;0.8963527714815577
2021-07-11;YT;Mayotte;13;19425;0;174;0.8957528957528959
2021-07-18;YT;Mayotte;26;19451;0;174;0.8945555498431959
2021-07-25;YT;Mayotte;14;19465;0;174;0.8939121500128436
2021-08-01;YT;Mayotte;29;19494;0;174;0.8925823330255463
2021-08-08;YT;Mayotte;24;19518;0;174;0.8914847832769751
2021-08-15;YT;Mayotte;49;19567;1;175;0.8943629580416007
2021-08-22;YT;Mayotte;97;19664;0;175;0.8899511798209927
2021-08-29;YT;Mayotte;75;19739;0;175;0.8865697350423021
2021-09-05;YT;Mayotte;136;19875;0;175;0.8805031446540881
2021-09-12;YT;Mayotte;140;20015;0;175;0.8743442418186359
2021-09-19;YT;Mayotte;92;20107;1;176;0.8753170537623713
2021-09-26;YT;Mayotte;112;20219;2;178;0.880360057371779
2021-10-03;YT;Mayotte;104;20323;2;180;0.8856960094474241
2021-10-10;YT;Mayotte;62;20385;0;180;0.8830022075055187
2021-10-17;YT;Mayotte;54;20439;1;181;0.8855619159450071
2021-10-24;YT;Mayotte;46;20485;1;182;0.8884549670490602
2021-10-31;YT;Mayotte;70;20555;3;185;0.9000243249817562
2021-11-07;YT;Mayotte;96;20651;0;185;0.8958403951382499
2021-11-14;YT;Mayotte;118;20769;0;185;0.8907506379700515
2021-11-21;YT;Mayotte;91;20860;0;185;0.8868648130393098
2021-11-28;YT;Mayotte;78;20938;0;185;0.8835609895883084
2021-12-05;YT;Mayotte;35;20973;0;185;0.8820864921565823
2021-12-12;YT;Mayotte;115;21088;0;185;0.8772761760242793
2021-12-19;YT;Mayotte;92;21180;0;185;0.8734655335221907
2021-12-26;YT;Mayotte;108;21288;0;185;0.8690341976700489
2022-01-02;YT;Mayotte;623;21911;0;185;0.8443247683811784
2022-01-09;YT;Mayotte;2760;24671;1;186;0.7539216083660979
2022-01-16;YT;Mayotte;9086;33757;0;186;0.5509968302870516
2022-01-23;YT;Mayotte;1934;35691;1;187;0.5239416099296741
2022-01-30;YT;Mayotte;591;36282;0;187;0.5154070889146133
2022-02-06;YT;Mayotte;192;36474;0;187;0.5126939737895487
2022-02-13;YT;Mayotte;98;36572;0;187;0.5113201356228809
2022-02-20;YT;Mayotte;0;36572;0;187;0.5113201356228809
2022-02-27;YT;Mayotte;59;36631;0;187;0.5104965739401054
2022-03-06;YT;Mayotte;72;36703;0;187;0.5094951366373321
2022-03-13;YT;Mayotte;42;36745;0;187;0.5089127772486052
2022-03-20;YT;Mayotte;0;36745;0;187;0.5089127772486052
2022-03-27;YT;Mayotte;94;36839;0;187;0.5076142131979695
2022-04-03;YT;Mayotte;0;36839;0;187;0.5076142131979695
2022-04-10;YT;Mayotte;119;36958;0;187;0.5059797608095675
2022-04-17;YT;Mayotte;80;37038;0;187;0.5048868729413035
2022-04-24;YT;Mayotte;0;37038;0;187;0.5048868729413035
2022-05-01;YT;Mayotte;325;37363;0;187;0.500495142253031
2022-05-08;YT;Mayotte;0;37363;0;187;0.500495142253031
2022-05-15;YT;Mayotte;0;37363;0;187;0.500495142253031
2022-05-22;YT;Mayotte;160;37523;0;187;0.49836100525011323
2022-05-29;YT;Mayotte;0;37523;0;187;0.49836100525011323
2022-06-05;YT;Mayotte;134;37657;0;187;0.4965876198316382
2022-06-12;YT;Mayotte;94;37751;0;187;0.49535111652671454
2022-06-19;YT;Mayotte;69;37820;0;187;0.49444738233738766
2022-06-26;YT;Mayotte;57;37877;0;187;0.4937033027958919
2022-07-03;YT;Mayotte;81;37958;0;187;0.49264977079930444
2022-07-10;YT;Mayotte;181;38139;0;187;0.49031175437216495
2022-07-17;YT;Mayotte;262;38401;0;187;0.48696648524778
2022-07-24;YT;Mayotte;245;38646;0;187;0.4838793148061895
2022-07-31;YT;Mayotte;313;38959;0;187;0.4799917862368131
2022-08-07;YT;Mayotte;433;39392;0;187;0.4747156783103168
2022-08-14;YT;Mayotte;312;39704;0;187;0.4709852911545436
2022-08-21;YT;Mayotte;191;39895;0;187;0.468730417345532
2022-08-28;YT;Mayotte;109;40004;0;187;0.4674532546745326
2022-09-04;YT;Mayotte;91;40095;0;187;0.4663923182441701
2022-09-11;YT;Mayotte;66;40161;0;187;0.46562585592988226
2022-09-18;YT;Mayotte;43;40204;0;187;0.4651278479753258
2022-09-25;YT;Mayotte;39;40243;0;187;0.4646770866983078
2022-10-02;YT;Mayotte;18;40261;0;187;0.4644693375723405
2022-10-09;YT;Mayotte;16;40277;0;187;0.46428482756908407
2022-10-16;YT;Mayotte;20;40297;0;187;0.4640543961088915
2022-10-23;YT;Mayotte;23;40320;0;187;0.46378968253968256
2022-10-30;YT;Mayotte;0;40320;0;187;0.46378968253968256
2022-11-06;YT;Mayotte;19;40339;0;187;0.46357123379359927
2022-11-13;YT;Mayotte;76;40415;0;187;0.46269949276258815
2022-11-20;YT;Mayotte;197;40612;0;187;0.4604550379198266
2022-11-27;YT;Mayotte;594;41206;0;187;0.4538174052322477
2022-12-04;YT;Mayotte;473;41679;0;187;0.4486671945104249
2022-12-11;YT;Mayotte;174;41853;0;187;0.44680190189472674
2022-12-18;YT;Mayotte;68;41921;0;187;0.4460771451062713
2022-12-25;YT;Mayotte;48;41969;0;187;0.4455669660940218
2023-01-01;YT;Mayotte;24;41993;0;187;0.4453123139570881
2023-01-08;YT;Mayotte;9;42002;0;187;0.44521689443359835
2023-01-15;YT;Mayotte;0;42002;0;187;0.44521689443359835
2023-01-22;YT;Mayotte;0;42002;0;187;0.44521689443359835
2023-01-29;YT;Mayotte;0;42002;0;187;0.44521689443359835
2023-02-05;YT;Mayotte;0;42002;0;187;0.44521689443359835
2023-02-12;YT;Mayotte;2;42004;0;187;0.4451956956480335
2023-02-19;YT;Mayotte;0;42004;0;187;0.4451956956480335
2023-02-26;YT;Mayotte;0;42004;0;187;0.4451956956480335
2023-03-05;YT;Mayotte;0;42004;0;187;0.4451956956480335
2023-03-12;YT;Mayotte;0;42004;0;187;0.4451956956480335
2023-03-19;YT;Mayotte;0;42004;0;187;0.4451956956480335
2023-03-26;YT;Mayotte;3;42007;0;187;0.44516390125455285
2023-04-02;YT;Mayotte;1;42008;0;187;0.44515330413254617
2023-04-09;YT;Mayotte;0;42008;0;187;0.44515330413254617
2023-04-16;YT;Mayotte;19;42027;0;187;0.44495205463154636
2023-04-23;YT;Mayotte;0;42027;0;187;0.44495205463154636
2023-04-30;YT;Mayotte;0;42027;0;187;0.44495205463154636
2023-05-07;YT;Mayotte;0;42027;0;187;0.44495205463154636
2023-05-14;YT;Mayotte;0;42027;0;187;0.44495205463154636
2023-05-21;YT;Mayotte;0;42027;0;187;0.44495205463154636
2023-05-28;YT;Mayotte;0;42027;0;187;0.44495205463154636
2023-06-04;YT;Mayotte;0;42027;0;187;0.44495205463154636
2023-06-11;YT;Mayotte;0;42027;0;187;0.44495205463154636
2023-06-18;YT;Mayotte;0;42027;0;187;0.44495205463154636
2023-06-25;YT;Mayotte;0;42027;0;187;0.44495205463154636
2023-07-02;YT;Mayotte;0;42027;0;187;0.44495205463154636
2023-07-09;YT;Mayotte;0;42027;0;187;0.44495205463154636
2023-07-16;YT;Mayotte;0;42027;0;187;0.44495205463154636
2023-07-23;YT;Mayotte;0;42027;0;187;0.44495205463154636
2023-07-30;YT;Mayotte;0;42027;0;187;0.44495205463154636
2023-08-06;YT;Mayotte;0;42027;0;187;0.44495205463154636
2023-08-13;YT;Mayotte;0;42027;0;187;0.44495205463154636
2023-08-20;YT;Mayotte;0;42027;0;187;0.44495205463154636
2023-08-27;YT;Mayotte;0;42027;0;187;0.44495205463154636
2023-09-03;YT;Mayotte;0;42027;0;187;0.44495205463154636
2023-09-10;YT;Mayotte;0;42027;0;187;0.44495205463154636
2023-09-17;YT;Mayotte;0;42027;0;187;0.44495205463154636
2023-09-24;YT;Mayotte;0;42027;0;187;0.44495205463154636
2023-10-01;YT;Mayotte;0;42027;0;187;0.44495205463154636
2023-10-08;YT;Mayotte;0;42027;0;187;0.44495205463154636
2023-10-15;YT;Mayotte;0;42027;0;187;0.44495205463154636
2023-10-22;YT;Mayotte;0;42027;0;187;0.44495205463154636
2023-10-29;YT;Mayotte;0;42027;0;187;0.44495205463154636
2023-11-05;YT;Mayotte;0;42027;0;187;0.44495205463154636
2023-11-12;YT;Mayotte;0;42027;0;187;0.44495205463154636
2023-11-19;YT;Mayotte;0;42027;0;187;0.44495205463154636
2023-11-26;YT;Mayotte;0;42027;0;187;0.44495205463154636
2023-12-03;YT;Mayotte;0;42027;0;187;0.44495205463154636
2023-12-10;YT;Mayotte;0;42027;0;187;0.44495205463154636
2023-12-17;YT;Mayotte;0;42027;0;187;0.44495205463154636
2023-12-24;YT;Mayotte;0;42027;0;187;0.44495205463154636
2023-12-31;YT;Mayotte;0;42027;0;187;0.44495205463154636
2024-01-07;YT;Mayotte;0;42027;0;187;0.44495205463154636
2024-01-14;YT;Mayotte;0;42027;0;187;0.44495205463154636
2024-01-21;YT;Mayotte;0;42027;0;187;0.44495205463154636
2020-01-05;MX;Mexico;0;0;0;0;0.0
2020-01-12;MX;Mexico;0;0;0;0;0.0
2020-01-19;MX;Mexico;0;0;0;0;0.0
2020-01-26;MX;Mexico;0;0;0;0;0.0
2020-02-02;MX;Mexico;0;0;0;0;0.0
2020-02-09;MX;Mexico;0;0;0;0;0.0
2020-02-16;MX;Mexico;0;0;0;0;0.0
2020-02-23;MX;Mexico;1;1;0;0;0.0
2020-03-01;MX;Mexico;5;6;0;0;0.0
2020-03-08;MX;Mexico;45;51;0;0;0.0
2020-03-15;MX;Mexico;183;234;0;0;0.0
2020-03-22;MX;Mexico;669;903;4;4;0.4429678848283499
2020-03-29;MX;Mexico;1214;2117;24;28;1.3226263580538498
2020-04-05;MX;Mexico;2134;4251;146;174;4.093154551870148
2020-04-12;MX;Mexico;3291;7542;382;556;7.3720498541500925
2020-04-19;MX;Mexico;5958;13500;749;1305;9.666666666666666
2020-04-26;MX;Mexico;9264;22764;1453;2758;12.115621156211562
2020-09-13;MX;Mexico;35339;728985;3208;89266;12.24524510106518
2020-09-20;MX;Mexico;29659;758644;2955;92221;12.156031023773997
2020-09-27;MX;Mexico;33716;792360;2840;95061;11.997198243222778
2020-10-04;MX;Mexico;32636;824996;2586;97647;11.836057386944907
2020-10-11;MX;Mexico;33071;858067;2488;100135;11.669834639952358
2020-10-18;MX;Mexico;38778;896845;2689;102824;11.465080365057508
2020-10-25;MX;Mexico;44301;941146;3107;105931;11.255533147885663
2020-11-01;MX;Mexico;42679;983825;3336;109267;11.106345132518486
2020-11-08;MX;Mexico;40741;1024566;3482;112749;11.004561931588594
2020-11-15;MX;Mexico;48200;1072766;3561;116310;10.842066210152074
2020-11-22;MX;Mexico;44816;1117582;3709;120019;10.739167237840267
2020-11-29;MX;Mexico;56457;1174039;4060;124079;10.568558625394896
2020-12-06;MX;Mexico;64076;1238115;4235;128314;10.363657657002783
2020-12-13;MX;Mexico;73050;1311165;4644;132958;10.140447617195395
2020-12-20;MX;Mexico;77433;1388598;5157;138115;9.94636316630155
2020-12-27;MX;Mexico;64816;1453414;5775;143890;9.900138570290364
2021-01-03;MX;Mexico;72877;1526291;6552;150442;9.856704914069466
2021-01-10;MX;Mexico;105375;1631666;7632;158074;9.687889555828216
2021-01-17;MX;Mexico;110588;1742254;8745;166819;9.574895508921202
2021-01-24;MX;Mexico;104374;1846628;9877;176696;9.56857580411431
2021-01-31;MX;Mexico;90123;1936751;9495;186191;9.613574486343365
2021-02-07;MX;Mexico;61598;1998349;8292;194483;9.732183917824164
2021-02-14;MX;Mexico;53192;2051541;6731;201214;9.80794436962264
2021-02-21;MX;Mexico;43136;2094677;5321;206535;9.85999273396328
2021-02-28;MX;Mexico;42204;2136881;4449;210984;9.87345575163053
2021-03-07;MX;Mexico;40192;2177073;3889;214873;9.86981143948779
2021-03-14;MX;Mexico;34305;2211378;3411;218284;9.870949245221757
2021-03-21;MX;Mexico;28302;2239680;2881;221165;9.874848192598943
2021-03-28;MX;Mexico;28664;2268344;2442;223607;9.85771999308747
2021-04-04;MX;Mexico;21218;2289562;2273;225880;9.86564242418419
2021-04-11;MX;Mexico;26011;2315573;2060;227940;9.843783806427178
2021-04-18;MX;Mexico;23767;2339340;1923;229863;9.825976557490575
2021-04-25;MX;Mexico;20925;2360265;1611;231474;9.80711911586199
2021-05-02;MX;Mexico;19142;2379407;1400;232874;9.787060389416355
2021-05-09;MX;Mexico;16175;2395582;1164;234038;9.769567478800559
2021-05-16;MX;Mexico;14482;2410064;963;235001;9.750819895239296
2021-05-23;MX;Mexico;14750;2424814;827;235828;9.72561194384394
2021-05-30;MX;Mexico;15313;2440127;746;236574;9.69515111303633
2021-06-06;MX;Mexico;16193;2456320;654;237228;9.657862167795725
2021-06-13;MX;Mexico;19451;2475771;708;237936;9.61058191569414
2021-06-20;MX;Mexico;22779;2498550;686;238622;9.550419243161032
2021-06-27;MX;Mexico;29738;2528288;769;239391;9.468502006100572
2021-07-04;MX;Mexico;37423;2565711;931;240322;9.36668237381373
2021-07-11;MX;Mexico;55106;2620817;1114;241436;9.212241831459426
2021-07-18;MX;Mexico;78515;2699332;1460;242896;8.998374412632458
2021-07-25;MX;Mexico;102995;2802327;2197;245093;8.746052833948358
2021-08-01;MX;Mexico;122311;2924638;3135;248228;8.487477766479133
2021-08-08;MX;Mexico;128282;3052920;4191;252419;8.268117081351624
2021-08-15;MX;Mexico;135141;3188061;4909;257328;8.071614689932218
2021-08-22;MX;Mexico;120883;3308944;5528;262856;7.943803219395675
2021-08-29;MX;Mexico;103015;3411959;5539;268395;7.8663020276621145
2021-09-05;MX;Mexico;87342;3499301;5103;273498;7.815789496245107
2021-09-12;MX;Mexico;76284;3575585;4561;278059;7.776601591068315
2021-09-19;MX;Mexico;57961;3633546;3950;282009;7.761261313328633
2021-09-26;MX;Mexico;58868;3692414;3416;285425;7.730037855993396
2021-10-03;MX;Mexico;44758;3737172;2863;288288;7.714068284788605
2021-10-10;MX;Mexico;36194;3773366;2389;290677;7.7033873735015375
2021-10-17;MX;Mexico;31059;3804425;2006;292683;7.693225651708207
2021-10-24;MX;Mexico;25762;3830187;1633;294316;7.684115684168945
2021-10-31;MX;Mexico;23445;3853632;1375;295691;7.6730471409828445
2021-11-07;MX;Mexico;18907;3872539;1159;296850;7.665513504189371
2021-11-14;MX;Mexico;20001;3892540;1012;297862;7.652124319852847
2021-11-21;MX;Mexico;17228;3909768;965;298827;7.643087774006029
2021-11-28;MX;Mexico;19349;3929117;927;299754;7.62904235226388
2021-12-05;MX;Mexico;18247;3947364;940;300694;7.617589865033982
2021-12-12;MX;Mexico;17484;3964848;903;301597;7.606773323971058
2021-12-19;MX;Mexico;16128;3980976;848;302445;7.597257556940811
2021-12-26;MX;Mexico;21003;4001979;810;303255;7.577625969551565
2022-01-02;MX;Mexico;56920;4058899;770;304025;7.490331737744644
2022-01-09;MX;Mexico;194803;4253702;909;304934;7.168673310918348
2022-01-16;MX;Mexico;406782;4660484;1385;306319;6.572686442009028
2022-01-23;MX;Mexico;406815;5067299;2395;308714;6.092279141215073
2022-01-30;MX;Mexico;282729;5350028;3603;312317;5.83767038228585
2022-02-06;MX;Mexico;166547;5516575;3901;316218;5.7321435854674325
2022-02-13;MX;Mexico;86372;5602947;3308;319526;5.702820319378356
2022-02-20;MX;Mexico;61576;5664523;2385;321911;5.682932172753116
2022-02-27;MX;Mexico;37281;5701804;1571;323482;5.673327248709356
2022-03-06;MX;Mexico;21369;5723173;930;324412;5.668394088384188
2022-03-13;MX;Mexico;14069;5737242;532;324944;5.663766666980406
2022-03-20;MX;Mexico;10068;5747310;349;325293;5.659917422237534
2022-03-27;MX;Mexico;6920;5754230;209;325502;5.656742952575757
2022-04-03;MX;Mexico;6523;5760753;153;325655;5.652993627742762
2022-04-10;MX;Mexico;4757;5765510;117;325772;5.650358771383624
2022-04-17;MX;Mexico;3205;5768715;71;325843;5.648450304790582
2022-04-24;MX;Mexico;3846;5772561;70;325913;5.645899627565651
2022-05-01;MX;Mexico;3993;5776554;41;325954;5.642706707147548
2022-05-08;MX;Mexico;4324;5780878;42;325996;5.639212590198237
2022-05-15;MX;Mexico;5359;5786237;34;326030;5.634577360035546
2022-05-22;MX;Mexico;7750;5793987;40;326070;5.6277309562482625
2022-05-29;MX;Mexico;12237;5806224;38;326108;5.6165246122092425
2022-06-05;MX;Mexico;19550;5825774;35;326143;5.598277585089981
2022-06-12;MX;Mexico;34371;5860145;37;326180;5.566073877011576
2022-06-19;MX;Mexico;55313;5915458;76;326256;5.515312592871084
2022-06-26;MX;Mexico;97266;6012724;118;326374;5.428055570154227
2022-07-03;MX;Mexico;152465;6165189;186;326560;5.296836804192053
2022-07-10;MX;Mexico;200105;6365294;315;326875;5.135269478518981
2022-07-17;MX;Mexico;213873;6579167;559;327434;4.976830653485464
2022-07-24;MX;Mexico;179987;6759154;607;328041;4.85328489334612
2022-07-31;MX;Mexico;122038;6881192;638;328679;4.776483492976217
2022-08-07;MX;Mexico;80263;6961455;596;329275;4.729973834492933
2022-08-14;MX;Mexico;53654;7015109;423;329698;4.699827187289606
2022-08-21;MX;Mexico;33244;7048353;292;329990;4.681802968721913
2022-08-28;MX;Mexico;22956;7071309;231;330221;4.669870882463204
2022-09-04;MX;Mexico;16411;7087720;171;330392;4.661470825596948
2022-09-11;MX;Mexico;12055;7099775;105;330497;4.655034842653465
2022-09-18;MX;Mexico;7691;7107466;86;330583;4.65120761745466
2022-09-25;MX;Mexico;7673;7115139;55;330638;4.646964732523146
2022-10-02;MX;Mexico;5199;7120338;55;330693;4.644344130854463
2022-10-09;MX;Mexico;3878;7124216;53;330746;4.6425599673002615
2022-10-16;MX;Mexico;2867;7127083;22;330768;4.641001093995959
2022-10-23;MX;Mexico;2657;7129740;25;330793;4.639622202212142
2022-10-30;MX;Mexico;2840;7132580;25;330818;4.638125334731612
2022-11-06;MX;Mexico;2896;7135476;24;330842;4.6365792555395045
2022-11-13;MX;Mexico;4403;7139879;19;330861;4.6339860941621
2022-11-20;MX;Mexico;5670;7145549;33;330894;4.6307708476983365
2022-11-27;MX;Mexico;7419;7152968;22;330916;4.6262754146250895
2022-12-04;MX;Mexico;12749;7165717;61;330977;4.618895778328952
2022-12-11;MX;Mexico;19203;7184920;69;331046;4.607511287529993
2022-12-18;MX;Mexico;26720;7211640;117;331163;4.592062277096471
2022-12-25;MX;Mexico;33950;7245590;159;331322;4.57274010812094
2023-01-01;MX;Mexico;30816;7276406;206;331528;4.55620535742508
2023-01-08;MX;Mexico;31932;7308338;280;331808;4.54012937004282
2023-01-15;MX;Mexico;29637;7337975;301;332109;4.5258944054729
2023-01-22;MX;Mexico;25514;7363489;261;332370;4.513756997532012
2023-01-29;MX;Mexico;23596;7387085;251;332621;4.502736871174489
2023-02-05;MX;Mexico;20573;7407658;194;332815;4.492850506867352
2023-02-12;MX;Mexico;18694;7426352;148;332963;4.48353377270563
2023-02-19;MX;Mexico;19702;7446054;170;333133;4.47395358669169
2023-02-26;MX;Mexico;20305;7466359;117;333250;4.4633535569345115
2023-03-05;MX;Mexico;19418;7485777;98;333348;4.453084830071749
2023-03-12;MX;Mexico;20313;7506090;107;333455;4.442459389642277
2023-03-19;MX;Mexico;19021;7525111;74;333529;4.43221369093426
2023-03-26;MX;Mexico;15357;7540468;111;333640;4.4246590529924665
2023-04-02;MX;Mexico;15113;7555581;96;333736;4.4170792424831395
2023-04-09;MX;Mexico;8608;7564189;84;333820;4.413163129583356
2023-04-16;MX;Mexico;9869;7574058;69;333889;4.408323780990322
2023-04-23;MX;Mexico;9401;7583459;73;333962;4.403821527880615
2023-04-30;MX;Mexico;9419;7592878;72;334034;4.399306824105431
2023-05-07;MX;Mexico;8109;7600987;54;334088;4.395323923064201
2023-05-14;MX;Mexico;7429;7608416;38;334126;4.391531693324866
2023-05-21;MX;Mexico;0;7608416;0;334126;4.391531693324866
2023-05-28;MX;Mexico;5719;7614135;50;334176;4.388889873899005
2023-06-04;MX;Mexico;3841;7617976;37;334213;4.387162679430863
2023-06-11;MX;Mexico;3017;7620993;40;334253;4.385950754711361
2023-06-18;MX;Mexico;2661;7623654;34;334287;4.384865839924005
2023-06-25;MX;Mexico;2710;7626364;33;334320;4.383740403683852
2023-07-02;MX;Mexico;2778;7629142;32;334352;4.382563596273342
2023-07-09;MX;Mexico;2932;7632074;23;334375;4.381181314541761
2023-07-16;MX;Mexico;3111;7635185;24;334399;4.379710511271174
2023-07-23;MX;Mexico;3480;7638665;21;334420;4.377990133092628
2023-07-30;MX;Mexico;3744;7642409;34;334454;4.376290250888169
2023-08-06;MX;Mexico;5223;7647632;31;334485;4.373706789238812
2023-08-13;MX;Mexico;6362;7653994;33;334518;4.370502511499225
2023-08-20;MX;Mexico;6772;7660766;39;334557;4.3671481415827085
2023-08-27;MX;Mexico;7862;7668628;50;334607;4.363322878616619
2023-09-03;MX;Mexico;9089;7677717;38;334645;4.358652448377558
2023-09-10;MX;Mexico;9672;7687389;51;334696;4.353831970777073
2023-09-17;MX;Mexico;7093;7694482;35;334731;4.3502733517343986
2023-09-24;MX;Mexico;4801;7699283;40;334771;4.348080204351496
2023-10-01;MX;Mexico;2093;7701376;42;334813;4.347443885352436
2023-10-08;MX;Mexico;264;7701640;28;334841;4.347658420803881
2023-10-15;MX;Mexico;191;7701831;25;334866;4.347875200066062
2023-10-22;MX;Mexico;166;7701997;16;334882;4.347989229286898
2023-10-29;MX;Mexico;99;7702096;10;334892;4.348063176569079
2023-11-05;MX;Mexico;73;7702169;15;334907;4.3482167166158
2023-11-12;MX;Mexico;95;7702264;8;334915;4.348266951119826
2023-11-19;MX;Mexico;60;7702324;6;334921;4.348310977310224
2023-11-26;MX;Mexico;88;7702412;9;334930;4.348378144404636
2023-12-03;MX;Mexico;105;7702517;9;334939;4.34843571263783
2023-12-10;MX;Mexico;102;7702619;2;334941;4.348404094763093
2023-12-17;MX;Mexico;119;7702738;8;334949;4.348440775215255
2023-12-24;MX;Mexico;64;7702802;6;334955;4.348482539211056
2023-12-31;MX;Mexico;7;7702809;3;334958;4.348517534317676
2024-01-07;MX;Mexico;0;7702809;0;334958;4.348517534317676
2024-01-14;MX;Mexico;0;7702809;0;334958;4.348517534317676
2024-01-21;MX;Mexico;0;7702809;0;334958;4.348517534317676
2020-01-05;FM;Micronesia (Federated States of);0;0;0;0;0.0
2020-01-12;FM;Micronesia (Federated States of);0;0;0;0;0.0
2020-01-19;FM;Micronesia (Federated States of);0;0;0;0;0.0
2020-01-26;FM;Micronesia (Federated States of);0;0;0;0;0.0
2020-02-02;FM;Micronesia (Federated States of);0;0;0;0;0.0
2020-02-09;FM;Micronesia (Federated States of);0;0;0;0;0.0
2020-02-16;FM;Micronesia (Federated States of);0;0;0;0;0.0
2020-02-23;FM;Micronesia (Federated States of);0;0;0;0;0.0
2020-03-01;FM;Micronesia (Federated States of);0;0;0;0;0.0
2020-03-08;FM;Micronesia (Federated States of);0;0;0;0;0.0
2020-03-15;FM;Micronesia (Federated States of);0;0;0;0;0.0
2020-03-22;FM;Micronesia (Federated States of);0;0;0;0;0.0
2020-03-29;FM;Micronesia (Federated States of);0;0;0;0;0.0
2020-04-05;FM;Micronesia (Federated States of);0;0;0;0;0.0
2020-04-12;FM;Micronesia (Federated States of);0;0;0;0;0.0
2020-04-19;FM;Micronesia (Federated States of);0;0;0;0;0.0
2020-04-26;FM;Micronesia (Federated States of);0;0;0;0;0.0
2020-05-03;FM;Micronesia (Federated States of);0;0;0;0;0.0
2020-05-10;FM;Micronesia (Federated States of);0;0;0;0;0.0
2020-05-17;FM;Micronesia (Federated States of);0;0;0;0;0.0
2020-05-24;FM;Micronesia (Federated States of);0;0;0;0;0.0
2020-05-31;FM;Micronesia (Federated States of);0;0;0;0;0.0
2020-06-07;FM;Micronesia (Federated States of);0;0;0;0;0.0
2020-06-14;FM;Micronesia (Federated States of);0;0;0;0;0.0
2020-06-21;FM;Micronesia (Federated States of);0;0;0;0;0.0
2020-06-28;FM;Micronesia (Federated States of);0;0;0;0;0.0
2020-07-05;FM;Micronesia (Federated States of);0;0;0;0;0.0
2020-07-12;FM;Micronesia (Federated States of);0;0;0;0;0.0
2020-07-19;FM;Micronesia (Federated States of);0;0;0;0;0.0
2020-07-26;FM;Micronesia (Federated States of);0;0;0;0;0.0
2020-08-02;FM;Micronesia (Federated States of);0;0;0;0;0.0
2020-08-09;FM;Micronesia (Federated States of);0;0;0;0;0.0
2020-08-16;FM;Micronesia (Federated States of);0;0;0;0;0.0
2020-08-23;FM;Micronesia (Federated States of);0;0;0;0;0.0
2020-08-30;FM;Micronesia (Federated States of);0;0;0;0;0.0
2020-09-06;FM;Micronesia (Federated States of);0;0;0;0;0.0
2020-09-13;FM;Micronesia (Federated States of);0;0;0;0;0.0
2020-09-20;FM;Micronesia (Federated States of);0;0;0;0;0.0
2020-09-27;FM;Micronesia (Federated States of);0;0;0;0;0.0
2020-10-04;FM;Micronesia (Federated States of);0;0;0;0;0.0
2020-10-11;FM;Micronesia (Federated States of);0;0;0;0;0.0
2020-10-18;FM;Micronesia (Federated States of);0;0;0;0;0.0
2020-10-25;FM;Micronesia (Federated States of);0;0;0;0;0.0
2020-11-01;FM;Micronesia (Federated States of);0;0;0;0;0.0
2020-11-08;FM;Micronesia (Federated States of);0;0;0;0;0.0
2020-11-15;FM;Micronesia (Federated States of);0;0;0;0;0.0
2020-11-22;FM;Micronesia (Federated States of);0;0;0;0;0.0
2020-11-29;FM;Micronesia (Federated States of);0;0;0;0;0.0
2020-12-06;FM;Micronesia (Federated States of);0;0;0;0;0.0
2020-12-13;FM;Micronesia (Federated States of);0;0;0;0;0.0
2020-12-20;FM;Micronesia (Federated States of);0;0;0;0;0.0
2020-12-27;FM;Micronesia (Federated States of);0;0;0;0;0.0
2021-01-03;FM;Micronesia (Federated States of);0;0;0;0;0.0
2021-01-10;FM;Micronesia (Federated States of);0;0;0;0;0.0
2021-01-17;FM;Micronesia (Federated States of);0;0;0;0;0.0
2021-01-24;FM;Micronesia (Federated States of);0;0;0;0;0.0
2021-01-31;FM;Micronesia (Federated States of);0;0;0;0;0.0
2021-02-07;FM;Micronesia (Federated States of);0;0;0;0;0.0
2021-02-14;FM;Micronesia (Federated States of);0;0;0;0;0.0
2021-02-21;FM;Micronesia (Federated States of);0;0;0;0;0.0
2021-02-28;FM;Micronesia (Federated States of);0;0;0;0;0.0
2021-03-07;FM;Micronesia (Federated States of);0;0;0;0;0.0
2021-03-14;FM;Micronesia (Federated States of);0;0;0;0;0.0
2021-03-21;FM;Micronesia (Federated States of);0;0;0;0;0.0
2021-03-28;FM;Micronesia (Federated States of);0;0;0;0;0.0
2021-04-04;FM;Micronesia (Federated States of);0;0;0;0;0.0
2021-04-11;FM;Micronesia (Federated States of);0;0;0;0;0.0
2021-04-18;FM;Micronesia (Federated States of);0;0;0;0;0.0
2021-04-25;FM;Micronesia (Federated States of);0;0;0;0;0.0
2021-05-02;FM;Micronesia (Federated States of);0;0;0;0;0.0
2021-05-09;FM;Micronesia (Federated States of);0;0;0;0;0.0
2021-05-16;FM;Micronesia (Federated States of);0;0;0;0;0.0
2021-05-23;FM;Micronesia (Federated States of);0;0;0;0;0.0
2021-05-30;FM;Micronesia (Federated States of);0;0;0;0;0.0
2021-06-06;FM;Micronesia (Federated States of);0;0;0;0;0.0
2021-06-13;FM;Micronesia (Federated States of);0;0;0;0;0.0
2021-06-20;FM;Micronesia (Federated States of);0;0;0;0;0.0
2021-06-27;FM;Micronesia (Federated States of);0;0;0;0;0.0
2021-07-04;FM;Micronesia (Federated States of);0;0;0;0;0.0
2021-07-11;FM;Micronesia (Federated States of);0;0;0;0;0.0
2021-07-18;FM;Micronesia (Federated States of);0;0;0;0;0.0
2021-07-25;FM;Micronesia (Federated States of);0;0;0;0;0.0
2021-08-01;FM;Micronesia (Federated States of);0;0;0;0;0.0
2021-08-08;FM;Micronesia (Federated States of);0;0;0;0;0.0
2021-08-15;FM;Micronesia (Federated States of);0;0;0;0;0.0
2021-08-22;FM;Micronesia (Federated States of);0;0;0;0;0.0
2021-08-29;FM;Micronesia (Federated States of);0;0;0;0;0.0
2021-09-05;FM;Micronesia (Federated States of);0;0;0;0;0.0
2021-09-12;FM;Micronesia (Federated States of);0;0;0;0;0.0
2021-09-19;FM;Micronesia (Federated States of);0;0;0;0;0.0
2021-09-26;FM;Micronesia (Federated States of);0;0;0;0;0.0
2021-10-03;FM;Micronesia (Federated States of);0;0;0;0;0.0
2021-10-10;FM;Micronesia (Federated States of);0;0;0;0;0.0
2021-10-17;FM;Micronesia (Federated States of);0;0;0;0;0.0
2021-10-24;FM;Micronesia (Federated States of);0;0;0;0;0.0
2021-10-31;FM;Micronesia (Federated States of);0;0;0;0;0.0
2021-11-07;FM;Micronesia (Federated States of);0;0;0;0;0.0
2021-11-14;FM;Micronesia (Federated States of);0;0;0;0;0.0
2021-11-21;FM;Micronesia (Federated States of);0;0;0;0;0.0
2021-11-28;FM;Micronesia (Federated States of);0;0;0;0;0.0
2021-12-05;FM;Micronesia (Federated States of);0;0;0;0;0.0
2021-12-12;FM;Micronesia (Federated States of);0;0;0;0;0.0
2021-12-19;FM;Micronesia (Federated States of);0;0;0;0;0.0
2021-12-26;FM;Micronesia (Federated States of);0;0;0;0;0.0
2022-01-02;FM;Micronesia (Federated States of);0;0;0;0;0.0
2022-01-09;FM;Micronesia (Federated States of);0;0;0;0;0.0
2022-01-16;FM;Micronesia (Federated States of);0;0;0;0;0.0
2022-01-23;FM;Micronesia (Federated States of);0;0;0;0;0.0
2022-01-30;FM;Micronesia (Federated States of);0;0;0;0;0.0
2022-02-06;FM;Micronesia (Federated States of);0;0;0;0;0.0
2022-02-13;FM;Micronesia (Federated States of);0;0;0;0;0.0
2022-02-20;FM;Micronesia (Federated States of);0;0;0;0;0.0
2022-02-27;FM;Micronesia (Federated States of);0;0;0;0;0.0
2022-03-06;FM;Micronesia (Federated States of);0;0;0;0;0.0
2022-03-13;FM;Micronesia (Federated States of);0;0;0;0;0.0
2022-03-20;FM;Micronesia (Federated States of);0;0;0;0;0.0
2022-03-27;FM;Micronesia (Federated States of);0;0;0;0;0.0
2022-04-03;FM;Micronesia (Federated States of);0;0;0;0;0.0
2022-04-10;FM;Micronesia (Federated States of);0;0;0;0;0.0
2022-04-17;FM;Micronesia (Federated States of);0;0;0;0;0.0
2022-04-24;FM;Micronesia (Federated States of);2;2;0;0;0.0
2022-05-01;FM;Micronesia (Federated States of);5;7;0;0;0.0
2022-05-08;FM;Micronesia (Federated States of);0;7;0;0;0.0
2022-05-15;FM;Micronesia (Federated States of);0;7;0;0;0.0
2022-05-22;FM;Micronesia (Federated States of);23;30;0;0;0.0
2022-05-29;FM;Micronesia (Federated States of);0;30;0;0;0.0
2022-06-05;FM;Micronesia (Federated States of);8;38;0;0;0.0
2022-06-12;FM;Micronesia (Federated States of);0;38;0;0;0.0
2022-06-19;FM;Micronesia (Federated States of);0;38;0;0;0.0
2022-06-26;FM;Micronesia (Federated States of);0;38;0;0;0.0
2022-07-03;FM;Micronesia (Federated States of);0;38;0;0;0.0
2022-07-10;FM;Micronesia (Federated States of);0;38;0;0;0.0
2022-07-17;FM;Micronesia (Federated States of);0;38;0;0;0.0
2022-07-24;FM;Micronesia (Federated States of);111;149;1;1;0.6711409395973155
2022-07-31;FM;Micronesia (Federated States of);5109;5258;9;10;0.1901863826550019
2022-08-07;FM;Micronesia (Federated States of);1176;6434;6;16;0.24867889337892446
2022-08-14;FM;Micronesia (Federated States of);447;6881;5;21;0.3051881993896236
2022-08-21;FM;Micronesia (Federated States of);0;6881;0;21;0.3051881993896236
2022-08-28;FM;Micronesia (Federated States of);182;7063;5;26;0.3681155316437774
2022-09-04;FM;Micronesia (Federated States of);1486;8549;1;27;0.3158264124459001
2022-09-11;FM;Micronesia (Federated States of);827;9376;2;29;0.30930034129692835
2022-09-18;FM;Micronesia (Federated States of);660;10036;2;31;0.30888800318852133
2022-09-25;FM;Micronesia (Federated States of);47;10083;0;31;0.3074481801051274
2022-10-02;FM;Micronesia (Federated States of);4383;14466;2;33;0.22812111157196183
2022-10-09;FM;Micronesia (Federated States of);6367;20833;18;51;0.2448039168626698
2022-10-16;FM;Micronesia (Federated States of);982;21815;4;55;0.2521201008480403
2022-10-23;FM;Micronesia (Federated States of);217;22032;0;55;0.24963689179375456
2022-10-30;FM;Micronesia (Federated States of);0;22032;0;55;0.24963689179375456
2022-11-06;FM;Micronesia (Federated States of);0;22032;0;55;0.24963689179375456
2022-11-13;FM;Micronesia (Federated States of);0;22032;0;55;0.24963689179375456
2022-11-20;FM;Micronesia (Federated States of);2;22034;3;58;0.26322955432513384
2022-11-27;FM;Micronesia (Federated States of);2;22036;0;58;0.26320566345979307
2022-12-04;FM;Micronesia (Federated States of);0;22036;0;58;0.26320566345979307
2022-12-11;FM;Micronesia (Federated States of);0;22036;0;58;0.26320566345979307
2022-12-18;FM;Micronesia (Federated States of);12;22048;0;58;0.2630624092888244
2022-12-25;FM;Micronesia (Federated States of);21;22069;0;58;0.2628120893561104
2023-01-01;FM;Micronesia (Federated States of);165;22234;0;58;0.2608617432760637
2023-01-08;FM;Micronesia (Federated States of);13;22247;0;58;0.26070930912033086
2023-01-15;FM;Micronesia (Federated States of);1219;23466;0;58;0.24716611267365549
2023-01-22;FM;Micronesia (Federated States of);0;23466;0;58;0.24716611267365549
2023-01-29;FM;Micronesia (Federated States of);205;23671;0;58;0.24502555870051962
2023-02-05;FM;Micronesia (Federated States of);0;23671;2;60;0.2534747158970893
2023-02-12;FM;Micronesia (Federated States of);277;23948;1;61;0.2547185568732253
2023-02-19;FM;Micronesia (Federated States of);0;23948;0;61;0.2547185568732253
2023-02-26;FM;Micronesia (Federated States of);0;23948;0;61;0.2547185568732253
2023-03-05;FM;Micronesia (Federated States of);247;24195;2;63;0.26038437693738375
2023-03-12;FM;Micronesia (Federated States of);0;24195;0;63;0.26038437693738375
2023-03-19;FM;Micronesia (Federated States of);1066;25261;0;63;0.24939630260084716
2023-03-26;FM;Micronesia (Federated States of);442;25703;0;63;0.24510757499124616
2023-04-02;FM;Micronesia (Federated States of);0;25703;0;63;0.24510757499124616
2023-04-09;FM;Micronesia (Federated States of);226;25929;0;63;0.24297119055883376
2023-04-16;FM;Micronesia (Federated States of);115;26044;1;64;0.24573798187682386
2023-04-23;FM;Micronesia (Federated States of);36;26080;0;64;0.245398773006135
2023-04-30;FM;Micronesia (Federated States of);0;26080;0;64;0.245398773006135
2023-05-07;FM;Micronesia (Federated States of);373;26453;0;64;0.24193853249158884
2023-05-14;FM;Micronesia (Federated States of);0;26453;1;65;0.24571882206176993
2023-05-21;FM;Micronesia (Federated States of);5;26458;0;65;0.245672386423766
2023-05-28;FM;Micronesia (Federated States of);0;26458;0;65;0.245672386423766
2023-06-04;FM;Micronesia (Federated States of);0;26458;0;65;0.245672386423766
2023-06-11;FM;Micronesia (Federated States of);1;26459;0;65;0.24566310140216938
2023-06-18;FM;Micronesia (Federated States of);0;26459;0;65;0.24566310140216938
2023-06-25;FM;Micronesia (Federated States of);0;26459;0;65;0.24566310140216938
2023-07-02;FM;Micronesia (Federated States of);1;26460;0;65;0.24565381708238854
2023-07-09;FM;Micronesia (Federated States of);2;26462;0;65;0.24563525054795554
2023-07-16;FM;Micronesia (Federated States of);4;26466;0;65;0.24559812589737776
2023-07-23;FM;Micronesia (Federated States of);6;26472;0;65;0.24554245995769114
2023-07-30;FM;Micronesia (Federated States of);0;26472;0;65;0.24554245995769114
2023-08-06;FM;Micronesia (Federated States of);0;26472;0;65;0.24554245995769114
2023-08-13;FM;Micronesia (Federated States of);69;26541;0;65;0.24490411062130288
2023-08-20;FM;Micronesia (Federated States of);0;26541;0;65;0.24490411062130288
2023-08-27;FM;Micronesia (Federated States of);0;26541;0;65;0.24490411062130288
2023-09-03;FM;Micronesia (Federated States of);0;26541;0;65;0.24490411062130288
2023-09-10;FM;Micronesia (Federated States of);5;26546;0;65;0.2448579823702253
2023-09-17;FM;Micronesia (Federated States of);1;26547;0;65;0.24484875880513807
2023-09-24;FM;Micronesia (Federated States of);0;26547;0;65;0.24484875880513807
2023-10-01;FM;Micronesia (Federated States of);0;26547;0;65;0.24484875880513807
2023-10-08;FM;Micronesia (Federated States of);0;26547;0;65;0.24484875880513807
2023-10-15;FM;Micronesia (Federated States of);0;26547;0;65;0.24484875880513807
2023-10-22;FM;Micronesia (Federated States of);0;26547;0;65;0.24484875880513807
2023-10-29;FM;Micronesia (Federated States of);0;26547;0;65;0.24484875880513807
2023-11-05;FM;Micronesia (Federated States of);0;26547;0;65;0.24484875880513807
2023-11-12;FM;Micronesia (Federated States of);0;26547;0;65;0.24484875880513807
2023-11-19;FM;Micronesia (Federated States of);0;26547;0;65;0.24484875880513807
2023-11-26;FM;Micronesia (Federated States of);0;26547;0;65;0.24484875880513807
2023-12-03;FM;Micronesia (Federated States of);0;26547;0;65;0.24484875880513807
2023-12-10;FM;Micronesia (Federated States of);0;26547;0;65;0.24484875880513807
2023-12-17;FM;Micronesia (Federated States of);0;26547;0;65;0.24484875880513807
2023-12-24;FM;Micronesia (Federated States of);0;26547;0;65;0.24484875880513807
2023-12-31;FM;Micronesia (Federated States of);0;26547;0;65;0.24484875880513807
2024-01-07;FM;Micronesia (Federated States of);0;26547;0;65;0.24484875880513807
2024-01-14;FM;Micronesia (Federated States of);0;26547;0;65;0.24484875880513807
2024-01-21;FM;Micronesia (Federated States of);0;26547;0;65;0.24484875880513807
2020-01-05;MC;Monaco;0;0;0;0;0.0
2020-01-12;MC;Monaco;1;1;0;0;0.0
2020-01-19;MC;Monaco;0;1;0;0;0.0
2020-01-26;MC;Monaco;0;1;0;0;0.0
2020-02-02;MC;Monaco;0;1;0;0;0.0
2020-02-09;MC;Monaco;0;1;0;0;0.0
2020-02-16;MC;Monaco;0;1;0;0;0.0
2020-02-23;MC;Monaco;0;1;0;0;0.0
2020-03-01;MC;Monaco;1;2;0;0;0.0
2020-03-08;MC;Monaco;0;2;0;0;0.0
2020-03-15;MC;Monaco;5;7;0;0;0.0
2020-03-22;MC;Monaco;5;12;0;0;0.0
2020-03-29;MC;Monaco;15;27;0;0;0.0
2020-04-05;MC;Monaco;14;41;0;0;0.0
2020-04-12;MC;Monaco;12;53;1;1;1.8867924528301887
2020-04-19;MC;Monaco;1;54;0;1;1.8518518518518516
2020-04-26;MC;Monaco;2;56;0;1;1.7857142857142856
2020-05-03;MC;Monaco;0;56;0;1;1.7857142857142856
2020-05-10;MC;Monaco;0;56;0;1;1.7857142857142856
2020-05-17;MC;Monaco;1;57;0;1;1.7543859649122806
2020-05-24;MC;Monaco;2;59;0;1;1.694915254237288
2020-05-31;MC;Monaco;0;59;0;1;1.694915254237288
2020-06-07;MC;Monaco;0;59;0;1;1.694915254237288
2020-06-14;MC;Monaco;0;59;0;1;1.694915254237288
2020-06-21;MC;Monaco;0;59;0;1;1.694915254237288
2020-06-28;MC;Monaco;2;61;0;1;1.639344262295082
2020-07-05;MC;Monaco;5;66;0;1;1.5151515151515151
2020-07-12;MC;Monaco;2;68;0;1;1.4705882352941175
2020-07-19;MC;Monaco;0;68;0;1;1.4705882352941175
2020-07-26;MC;Monaco;3;71;0;1;1.4084507042253522
2020-08-02;MC;Monaco;3;74;0;1;1.3513513513513513
2020-08-09;MC;Monaco;3;77;0;1;1.2987012987012987
2020-08-16;MC;Monaco;6;83;0;1;1.2048192771084338
2020-08-23;MC;Monaco;18;101;0;1;0.9900990099009901
2020-08-30;MC;Monaco;22;123;0;1;0.8130081300813009
2020-09-06;MC;Monaco;24;147;0;1;0.6802721088435374
2020-09-13;MC;Monaco;13;160;0;1;0.625
2020-09-20;MC;Monaco;14;174;0;1;0.5747126436781609
2020-09-27;MC;Monaco;8;182;1;2;1.098901098901099
2020-10-04;MC;Monaco;9;191;0;2;1.0471204188481675
2020-10-11;MC;Monaco;14;205;0;2;0.975609756097561
2020-10-18;MC;Monaco;22;227;0;2;0.881057268722467
2020-10-25;MC;Monaco;32;259;0;2;0.7722007722007722
2020-11-01;MC;Monaco;55;314;0;2;0.6369426751592357
2020-11-08;MC;Monaco;55;369;0;2;0.5420054200542005
2020-11-15;MC;Monaco;54;423;0;2;0.4728132387706856
2020-11-22;MC;Monaco;28;451;1;3;0.6651884700665188
2020-11-29;MC;Monaco;18;469;0;3;0.6396588486140725
2020-12-06;MC;Monaco;20;489;0;3;0.6134969325153374
2020-12-13;MC;Monaco;31;520;0;3;0.576923076923077
2020-12-20;MC;Monaco;64;584;0;3;0.5136986301369862
2020-12-27;MC;Monaco;61;645;0;3;0.46511627906976744
2021-01-03;MC;Monaco;119;764;1;4;0.5235602094240838
2021-01-10;MC;Monaco;124;888;1;5;0.5630630630630631
2021-01-17;MC;Monaco;141;1029;3;8;0.7774538386783284
2021-01-24;MC;Monaco;154;1183;1;9;0.760777683854607
2021-01-31;MC;Monaco;127;1310;3;12;0.9160305343511451
2021-02-07;MC;Monaco;159;1469;8;20;1.3614703880190604
2021-02-14;MC;Monaco;113;1582;1;21;1.3274336283185841
2021-02-21;MC;Monaco;110;1692;1;22;1.3002364066193852
2021-02-28;MC;Monaco;82;1774;2;24;1.3528748590755355
2021-03-07;MC;Monaco;72;1846;2;26;1.4084507042253522
2021-03-14;MC;Monaco;83;1929;1;27;1.3996889580093312
2021-03-21;MC;Monaco;66;1995;0;27;1.3533834586466165
2021-03-28;MC;Monaco;83;2078;1;28;1.3474494706448508
2021-04-04;MC;Monaco;66;2144;1;29;1.3526119402985073
2021-04-11;MC;Monaco;42;2186;2;31;1.4181152790484903
2021-04-18;MC;Monaco;24;2210;0;31;1.402714932126697
2021-04-25;MC;Monaco;35;2245;0;31;1.380846325167038
2021-05-02;MC;Monaco;32;2277;1;32;1.4053579270970575
2021-05-09;MC;Monaco;27;2304;0;32;1.3888888888888888
2021-05-16;MC;Monaco;14;2318;0;32;1.380500431406385
2021-05-23;MC;Monaco;8;2326;0;32;1.3757523645743766
2021-05-30;MC;Monaco;3;2329;0;32;1.3739802490339201
2021-06-06;MC;Monaco;4;2333;1;33;1.4144877839691383
2021-06-13;MC;Monaco;17;2350;0;33;1.4042553191489362
2021-06-20;MC;Monaco;18;2368;0;33;1.3935810810810811
2021-06-27;MC;Monaco;18;2386;0;33;1.3830678960603522
2021-07-04;MC;Monaco;17;2403;0;33;1.373283395755306
2021-07-11;MC;Monaco;43;2446;0;33;1.349141455437449
2021-07-18;MC;Monaco;62;2508;0;33;1.3157894736842104
2021-07-25;MC;Monaco;120;2628;0;33;1.2557077625570776
2021-08-01;MC;Monaco;105;2733;0;33;1.2074643249176729
2021-08-08;MC;Monaco;109;2842;0;33;1.1611541168191415
2021-08-15;MC;Monaco;75;2917;2;35;1.1998628728145355
2021-08-22;MC;Monaco;84;3001;0;35;1.166277907364212
2021-08-29;MC;Monaco;48;3049;0;35;1.1479173499508035
2021-09-05;MC;Monaco;51;3100;0;35;1.129032258064516
2021-09-12;MC;Monaco;32;3132;0;35;1.1174968071519795
2021-09-19;MC;Monaco;15;3147;0;35;1.1121703209405782
2021-09-26;MC;Monaco;13;3160;0;35;1.1075949367088607
2021-10-03;MC;Monaco;12;3172;0;35;1.1034047919293821
2021-10-10;MC;Monaco;16;3188;0;35;1.0978670012547052
2021-10-17;MC;Monaco;23;3211;0;35;1.0900031142946123
2021-10-24;MC;Monaco;32;3243;0;35;1.0792476102374344
2021-10-31;MC;Monaco;25;3268;1;36;1.101591187270502
2021-11-07;MC;Monaco;20;3288;0;36;1.094890510948905
2021-11-14;MC;Monaco;37;3325;0;36;1.0827067669172932
2021-11-21;MC;Monaco;67;3392;0;36;1.0613207547169812
2021-11-28;MC;Monaco;156;3548;0;36;1.0146561443066515
2021-12-05;MC;Monaco;156;3704;0;36;0.9719222462203023
2021-12-12;MC;Monaco;196;3900;0;36;0.9230769230769231
2021-12-19;MC;Monaco;328;4228;0;36;0.8514664143803218
2021-12-26;MC;Monaco;377;4605;2;38;0.8251900108577632
2022-01-02;MC;Monaco;523;5128;1;39;0.7605304212168487
2022-01-09;MC;Monaco;943;6071;3;42;0.6918135397792785
2022-01-16;MC;Monaco;913;6984;2;44;0.6300114547537228
2022-01-23;MC;Monaco;949;7933;1;45;0.5672507248203706
2022-01-30;MC;Monaco;696;8629;1;46;0.533086104994785
2022-02-06;MC;Monaco;467;9096;2;48;0.5277044854881267
2022-02-13;MC;Monaco;249;9345;2;50;0.5350454788657035
2022-02-20;MC;Monaco;171;9516;1;51;0.5359394703656999
2022-02-27;MC;Monaco;201;9717;0;51;0.5248533497993207
2022-03-06;MC;Monaco;178;9895;0;51;0.515411824153613
2022-03-13;MC;Monaco;265;10160;1;52;0.5118110236220472
2022-03-20;MC;Monaco;374;10534;2;54;0.5126257831782799
2022-03-27;MC;Monaco;421;10955;0;54;0.49292560474669095
2022-04-03;MC;Monaco;334;11289;0;54;0.4783417486048365
2022-04-10;MC;Monaco;334;11623;1;55;0.47319969026929365
2022-04-17;MC;Monaco;274;11897;1;56;0.47070690089938644
2022-04-24;MC;Monaco;203;12100;1;57;0.47107438016528924
2022-05-01;MC;Monaco;172;12272;0;57;0.4644719687092568
2022-05-08;MC;Monaco;156;12428;0;57;0.45864177663340844
2022-05-15;MC;Monaco;90;12518;0;57;0.4553443042019492
2022-05-22;MC;Monaco;86;12604;0;57;0.4522373849571565
2022-05-29;MC;Monaco;62;12666;0;57;0.45002368545712934
2022-06-05;MC;Monaco;144;12810;0;57;0.44496487119437944
2022-06-12;MC;Monaco;191;13001;0;57;0.43842781324513497
2022-06-19;MC;Monaco;161;13162;0;57;0.433064883756268
2022-06-26;MC;Monaco;207;13369;0;57;0.426359488368614
2022-07-03;MC;Monaco;334;13703;2;59;0.4305626505144859
2022-07-10;MC;Monaco;354;14057;1;60;0.42683360603258164
2022-07-17;MC;Monaco;291;14348;1;61;0.42514636186228044
2022-07-24;MC;Monaco;168;14516;0;61;0.4202259575640672
2022-07-31;MC;Monaco;111;14627;0;61;0.4170369863950229
2022-08-07;MC;Monaco;93;14720;0;61;0.4144021739130435
2022-08-14;MC;Monaco;98;14818;0;61;0.4116614927790525
2022-08-21;MC;Monaco;36;14854;0;61;0.41066379426417127
2022-08-28;MC;Monaco;41;14895;0;61;0.40953340046995634
2022-09-04;MC;Monaco;36;14931;0;61;0.40854597816623134
2022-09-11;MC;Monaco;33;14964;2;63;0.4210104250200481
2022-09-18;MC;Monaco;66;15030;0;63;0.41916167664670656
2022-09-25;MC;Monaco;56;15086;0;63;0.4176057271642583
2022-10-02;MC;Monaco;86;15172;0;63;0.41523859741629315
2022-10-09;MC;Monaco;87;15259;0;63;0.41287109247001763
2022-10-16;MC;Monaco;81;15340;0;63;0.4106910039113429
2022-10-23;MC;Monaco;80;15420;1;64;0.4150453955901427
2022-10-30;MC;Monaco;67;15487;1;65;0.4197068509072125
2022-11-06;MC;Monaco;63;15550;0;65;0.4180064308681672
2022-11-13;MC;Monaco;94;15644;0;65;0.4154947583738174
2022-11-20;MC;Monaco;93;15737;0;65;0.4130393340535045
2022-11-27;MC;Monaco;152;15889;0;65;0.40908804833532636
2022-12-04;MC;Monaco;209;16098;0;65;0.4037768666915144
2022-12-11;MC;Monaco;175;16273;0;65;0.3994346463467093
2022-12-18;MC;Monaco;100;16373;0;65;0.3969950528308801
2022-12-25;MC;Monaco;66;16439;0;65;0.3954011801204453
2023-01-01;MC;Monaco;37;16476;0;65;0.3945132313668366
2023-01-08;MC;Monaco;47;16523;0;65;0.3933910306845004
2023-01-15;MC;Monaco;23;16546;0;65;0.3928441919497159
2023-01-22;MC;Monaco;18;16564;0;65;0.3924172905095388
2023-01-29;MC;Monaco;13;16577;0;65;0.3921095493756409
2023-02-05;MC;Monaco;31;16608;2;67;0.4034200385356455
2023-02-12;MC;Monaco;14;16622;0;67;0.4030802550836241
2023-02-19;MC;Monaco;7;16629;0;67;0.4029105779060677
2023-02-26;MC;Monaco;5;16634;0;67;0.4027894673560178
2023-03-05;MC;Monaco;6;16640;0;67;0.4026442307692307
2023-03-12;MC;Monaco;7;16647;0;67;0.4024749204060792
2023-03-19;MC;Monaco;24;16671;0;67;0.40189550716813627
2023-03-26;MC;Monaco;15;16686;0;67;0.40153422030444685
2023-04-02;MC;Monaco;19;16705;0;67;0.40107752170008976
2023-04-09;MC;Monaco;19;16724;0;67;0.400621860798852
2023-04-16;MC;Monaco;15;16739;0;67;0.40026285919111054
2023-04-23;MC;Monaco;11;16750;0;67;0.4
2023-04-30;MC;Monaco;5;16755;0;67;0.39988063264697105
2023-05-07;MC;Monaco;8;16763;0;67;0.39968979299648033
2023-05-14;MC;Monaco;12;16775;0;67;0.39940387481371087
2023-05-21;MC;Monaco;9;16784;0;67;0.3991897044804576
2023-05-28;MC;Monaco;9;16793;0;67;0.39897576371107013
2023-06-04;MC;Monaco;5;16798;0;67;0.39885700678652225
2023-06-11;MC;Monaco;16;16814;0;67;0.3984774592601404
2023-06-18;MC;Monaco;3;16817;0;67;0.398406374501992
2023-06-25;MC;Monaco;9;16826;0;67;0.3981932723166528
2023-07-02;MC;Monaco;12;16838;0;67;0.3979094904382943
2023-07-09;MC;Monaco;2;16840;0;67;0.39786223277909744
2023-07-16;MC;Monaco;2;16842;0;67;0.39781498634366463
2023-07-23;MC;Monaco;6;16848;0;67;0.397673314339981
2023-07-30;MC;Monaco;4;16852;0;67;0.39757892238309994
2023-08-06;MC;Monaco;6;16858;0;67;0.3974374184363507
2023-08-13;MC;Monaco;13;16871;0;67;0.39713117183332347
2023-08-20;MC;Monaco;10;16881;0;67;0.39689591848824124
2023-08-27;MC;Monaco;20;16901;0;67;0.39642624696763507
2023-09-03;MC;Monaco;17;16918;0;67;0.39602789927887455
2023-09-10;MC;Monaco;13;16931;0;67;0.3957238202114465
2023-09-17;MC;Monaco;13;16944;0;67;0.3954202077431539
2023-09-24;MC;Monaco;31;16975;0;67;0.39469808541973495
2023-10-01;MC;Monaco;26;17001;0;67;0.3940944650314688
2023-10-08;MC;Monaco;26;17027;0;67;0.3934926880836319
2023-10-15;MC;Monaco;22;17049;0;67;0.39298492580209987
2023-10-22;MC;Monaco;23;17072;0;67;0.39245548266166824
2023-10-29;MC;Monaco;18;17090;0;67;0.3920421299005266
2023-11-05;MC;Monaco;19;17109;0;67;0.3916067566777719
2023-11-12;MC;Monaco;11;17120;0;67;0.3913551401869159
2023-11-19;MC;Monaco;46;17166;0;67;0.39030641966678314
2023-11-26;MC;Monaco;15;17181;0;67;0.3899656597404109
2023-12-03;MC;Monaco;0;17181;0;67;0.3899656597404109
2023-12-10;MC;Monaco;0;17181;0;67;0.3899656597404109
2023-12-17;MC;Monaco;0;17181;0;67;0.3899656597404109
2023-12-24;MC;Monaco;0;17181;0;67;0.3899656597404109
2023-12-31;MC;Monaco;0;17181;0;67;0.3899656597404109
2024-01-07;MC;Monaco;0;17181;0;67;0.3899656597404109
2024-01-14;MC;Monaco;0;17181;0;67;0.3899656597404109
2024-01-21;MC;Monaco;0;17181;0;67;0.3899656597404109
2020-01-05;MN;Mongolia;0;0;0;0;0.0
2020-01-12;MN;Mongolia;0;0;0;0;0.0
2020-01-19;MN;Mongolia;0;0;0;0;0.0
2020-01-26;MN;Mongolia;0;0;0;0;0.0
2020-02-02;MN;Mongolia;0;0;0;0;0.0
2020-02-09;MN;Mongolia;0;0;0;0;0.0
2020-02-16;MN;Mongolia;0;0;0;0;0.0
2020-02-23;MN;Mongolia;0;0;0;0;0.0
2020-03-01;MN;Mongolia;0;0;0;0;0.0
2020-03-08;MN;Mongolia;0;0;0;0;0.0
2020-03-15;MN;Mongolia;1;1;0;0;0.0
2020-03-22;MN;Mongolia;9;10;0;0;0.0
2020-03-29;MN;Mongolia;2;12;0;0;0.0
2020-04-05;MN;Mongolia;2;14;0;0;0.0
2020-04-12;MN;Mongolia;2;16;0;0;0.0
2020-04-19;MN;Mongolia;16;32;0;0;0.0
2020-04-26;MN;Mongolia;6;38;0;0;0.0
2020-05-03;MN;Mongolia;1;39;0;0;0.0
2020-05-10;MN;Mongolia;3;42;0;0;0.0
2020-05-17;MN;Mongolia;94;136;0;0;0.0
2020-05-24;MN;Mongolia;5;141;0;0;0.0
2020-05-31;MN;Mongolia;38;179;0;0;0.0
2020-06-07;MN;Mongolia;14;193;0;0;0.0
2020-06-14;MN;Mongolia;4;197;0;0;0.0
2020-06-21;MN;Mongolia;7;204;0;0;0.0
2020-06-28;MN;Mongolia;15;219;0;0;0.0
2020-07-05;MN;Mongolia;1;220;0;0;0.0
2020-07-12;MN;Mongolia;10;230;0;0;0.0
2020-07-19;MN;Mongolia;57;287;0;0;0.0
2020-07-26;MN;Mongolia;1;288;0;0;0.0
2020-08-02;MN;Mongolia;5;293;0;0;0.0
2020-08-09;MN;Mongolia;0;293;0;0;0.0
2020-08-16;MN;Mongolia;5;298;0;0;0.0
2020-08-23;MN;Mongolia;0;298;0;0;0.0
2020-08-30;MN;Mongolia;3;301;0;0;0.0
2020-09-06;MN;Mongolia;9;310;0;0;0.0
2020-09-13;MN;Mongolia;1;311;0;0;0.0
2020-09-20;MN;Mongolia;0;311;0;0;0.0
2020-09-27;MN;Mongolia;2;313;0;0;0.0
2020-10-04;MN;Mongolia;0;313;0;0;0.0
2020-10-11;MN;Mongolia;2;315;0;0;0.0
2020-10-18;MN;Mongolia;5;320;0;0;0.0
2020-10-25;MN;Mongolia;17;337;0;0;0.0
2020-11-01;MN;Mongolia;9;346;0;0;0.0
2020-11-08;MN;Mongolia;11;357;0;0;0.0
2020-11-15;MN;Mongolia;59;416;0;0;0.0
2020-11-22;MN;Mongolia;213;629;0;0;0.0
2020-11-29;MN;Mongolia;155;784;0;0;0.0
2020-12-06;MN;Mongolia;65;849;0;0;0.0
2020-12-13;MN;Mongolia;58;907;0;0;0.0
2020-12-20;MN;Mongolia;54;961;1;1;0.10405827263267431
2020-12-27;MN;Mongolia;160;1121;0;1;0.08920606601248886
2021-01-03;MN;Mongolia;165;1286;0;1;0.07776049766718507
2021-01-10;MN;Mongolia;156;1442;0;1;0.06934812760055478
2021-01-17;MN;Mongolia;84;1526;0;1;0.0655307994757536
2021-01-24;MN;Mongolia;117;1643;1;2;0.12172854534388314
2021-01-31;MN;Mongolia;171;1814;0;2;0.11025358324145534
2021-02-07;MN;Mongolia;259;2073;0;2;0.0964785335262904
2021-02-14;MN;Mongolia;310;2383;0;2;0.0839278220730172
2021-02-21;MN;Mongolia;310;2693;0;2;0.07426661715558856
2021-02-28;MN;Mongolia;259;2952;0;2;0.06775067750677506
2021-03-07;MN;Mongolia;384;3336;1;3;0.08992805755395684
2021-03-14;MN;Mongolia;747;4083;1;4;0.09796718099436688
2021-03-21;MN;Mongolia;1103;5186;1;5;0.09641342074816814
2021-03-28;MN;Mongolia;2403;7589;1;6;0.07906179997364607
2021-04-04;MN;Mongolia;3231;10820;6;12;0.11090573012939
2021-04-11;MN;Mongolia;4898;15718;11;23;0.14632904949739153
2021-04-18;MN;Mongolia;7166;22884;26;49;0.21412340499912605
2021-04-25;MN;Mongolia;8455;31339;34;83;0.26484571939117396
2021-05-02;MN;Mongolia;8042;39381;48;131;0.33264772352149513
2021-05-09;MN;Mongolia;6078;45459;34;165;0.36296442948591034
2021-05-16;MN;Mongolia;3716;49175;37;202;0.4107778342653788
2021-05-23;MN;Mongolia;3925;53100;21;223;0.4199623352165725
2021-05-30;MN;Mongolia;5339;58439;30;253;0.43293006382723864
2021-06-06;MN;Mongolia;8004;66443;35;288;0.4334542389717502
2021-06-13;MN;Mongolia;11904;78347;57;345;0.44034870511953234
2021-06-20;MN;Mongolia;17472;95819;74;419;0.4372827936004342
2021-06-27;MN;Mongolia;15686;111505;60;479;0.42957714900677096
2021-07-04;MN;Mongolia;15306;126811;69;548;0.4321391677378146
2021-07-11;MN;Mongolia;12473;139284;57;605;0.43436432038137907
2021-07-18;MN;Mongolia;10449;149733;32;637;0.42542392124648537
2021-07-25;MN;Mongolia;8241;157974;51;688;0.4355147049514477
2021-08-01;MN;Mongolia;9255;167229;34;722;0.43174329811216955
2021-08-08;MN;Mongolia;8331;175560;31;753;0.42891319207108686
2021-08-15;MN;Mongolia;8092;183652;23;776;0.42253827891882473
2021-08-22;MN;Mongolia;11593;195245;26;802;0.4107659607160235
2021-08-29;MN;Mongolia;16030;211275;33;835;0.3952195006508105
2021-09-05;MN;Mongolia;24999;236274;50;885;0.37456512354300514
2021-09-12;MN;Mongolia;32709;268983;88;973;0.3617328976180651
2021-09-19;MN;Mongolia;38895;307878;73;1046;0.3397449639142777
2021-09-26;MN;Mongolia;50789;358667;106;1152;0.3211892925750069
2021-10-03;MN;Mongolia;46698;405365;122;1274;0.31428465703748476
2021-10-10;MN;Mongolia;46988;452353;103;1377;0.3044082829117967
2021-10-17;MN;Mongolia;46550;498903;106;1483;0.2972521712637527
2021-10-24;MN;Mongolia;40294;539197;110;1593;0.29543932922475463
2021-10-31;MN;Mongolia;53797;592994;79;1672;0.2819590080169445
2021-11-07;MN;Mongolia;27029;620023;72;1744;0.2812798880041547
2021-11-14;MN;Mongolia;18494;638517;71;1815;0.28425241614553726
2021-11-21;MN;Mongolia;16310;654827;60;1875;0.2863351694416999
2021-11-28;MN;Mongolia;12534;667361;47;1922;0.28800004795006
2021-12-05;MN;Mongolia;9498;676859;22;1944;0.28720900512514425
2021-12-12;MN;Mongolia;5868;682727;19;1963;0.2875234171198737
2021-12-19;MN;Mongolia;4705;687432;9;1972;0.28686473716673067
2021-12-26;MN;Mongolia;3518;690950;9;1981;0.2867067081554382
2022-01-02;MN;Mongolia;2899;693849;6;1987;0.28637354813511295
2022-01-09;MN;Mongolia;12137;705986;14;2001;0.28343338253166495
2022-01-16;MN;Mongolia;35696;741682;12;2013;0.2714101191615814
2022-01-23;MN;Mongolia;53226;794908;8;2021;0.2542432583393298
2022-01-30;MN;Mongolia;46940;841848;15;2036;0.2418488848343169
2022-02-06;MN;Mongolia;19128;860976;19;2055;0.2386826113619892
2022-02-13;MN;Mongolia;26778;887754;19;2074;0.23362327852085152
2022-02-20;MN;Mongolia;11952;899706;13;2087;0.23196466401246627
2022-02-27;MN;Mongolia;8451;908157;9;2096;0.23079709785863017
2022-03-06;MN;Mongolia;5098;913255;8;2104;0.23038472277731847
2022-03-13;MN;Mongolia;2556;915811;1;2105;0.22985091902150115
2022-03-20;MN;Mongolia;1402;917213;3;2108;0.22982665967447038
2022-03-27;MN;Mongolia;1691;918904;0;2108;0.2294037244369379
2022-04-03;MN;Mongolia;640;919544;0;2108;0.2292440600993536
2022-04-10;MN;Mongolia;460;920004;0;2108;0.2291294385676584
2022-04-17;MN;Mongolia;202;920206;0;2108;0.22907914097495563
2022-04-24;MN;Mongolia;230;920436;0;2108;0.22902189831775377
2022-05-01;MN;Mongolia;989;921425;2;2110;0.22899313563230864
2022-05-08;MN;Mongolia;802;922227;1;2111;0.22890242857777965
2022-05-15;MN;Mongolia;0;922227;2;2113;0.22911929492413474
2022-05-22;MN;Mongolia;1808;924035;1;2114;0.22877921290860195
2022-05-29;MN;Mongolia;1038;925073;1;2115;0.2286306053684412
2022-06-05;MN;Mongolia;2199;927272;1;2116;0.22819625740882932
2022-06-12;MN;Mongolia;741;928013;0;2116;0.228014047217011
2022-06-19;MN;Mongolia;573;928586;0;2116;0.22787334721824365
2022-06-26;MN;Mongolia;0;928586;0;2116;0.22787334721824365
2022-07-03;MN;Mongolia;395;928981;2;2118;0.22799174579458567
2022-07-10;MN;Mongolia;672;929653;1;2119;0.2279345088974058
2022-07-17;MN;Mongolia;1024;930677;0;2119;0.227683718411436
2022-07-24;MN;Mongolia;7066;937743;0;2119;0.22596809573625182
2022-07-31;MN;Mongolia;9279;947022;0;2119;0.2237540416167734
2022-08-07;MN;Mongolia;13970;960992;4;2123;0.2209175518630748
2022-08-14;MN;Mongolia;5431;966423;0;2123;0.21967606317316538
2022-08-21;MN;Mongolia;7810;974233;2;2125;0.21812030592271045
2022-08-28;MN;Mongolia;3023;977256;3;2128;0.21775256432296142
2022-09-04;MN;Mongolia;2388;979644;1;2129;0.2173238441719645
2022-09-11;MN;Mongolia;1506;981150;1;2130;0.21709218773887784
2022-09-18;MN;Mongolia;1157;982307;1;2131;0.21693828914992971
2022-09-25;MN;Mongolia;393;982700;0;2131;0.21685153149486108
2022-10-02;MN;Mongolia;304;983004;0;2131;0.21678446883227334
2022-10-09;MN;Mongolia;606;983610;0;2131;0.2166509083884873
2022-10-16;MN;Mongolia;378;983988;0;2131;0.21656768171969576
2022-10-23;MN;Mongolia;343;984331;0;2131;0.2164922165409806
2022-10-30;MN;Mongolia;492;984823;0;2131;0.2163840608921603
2022-11-06;MN;Mongolia;829;985652;0;2131;0.21620206726106173
2022-11-13;MN;Mongolia;1588;987240;1;2132;0.21595559337141934
2022-11-20;MN;Mongolia;2473;989713;2;2134;0.21561806301422737
2022-11-27;MN;Mongolia;2388;992101;0;2134;0.21509906753445465
2022-12-04;MN;Mongolia;1271;993372;1;2135;0.21492451971668217
2022-12-11;MN;Mongolia;707;994079;0;2135;0.21477166301672201
2022-12-18;MN;Mongolia;12991;1007070;0;2135;0.2120011518563754
2022-12-25;MN;Mongolia;244;1007314;1;2136;0.21204907307949658
2023-01-01;MN;Mongolia;108;1007422;0;2136;0.21202634050080305
2023-01-08;MN;Mongolia;343;1007765;0;2136;0.211954175824721
2023-01-15;MN;Mongolia;61;1007826;0;2136;0.21194134701823528
2023-01-22;MN;Mongolia;31;1007857;0;2136;0.21193482805596428
2023-01-29;MN;Mongolia;12;1007869;0;2136;0.21193230469436006
2023-02-05;MN;Mongolia;7;1007876;0;2136;0.21193083276117303
2023-02-12;MN;Mongolia;18;1007894;0;2136;0.21192704788400366
2023-02-19;MN;Mongolia;1;1007895;0;2136;0.21192683761701367
2023-02-26;MN;Mongolia;2;1007897;0;2136;0.2119264170842854
2023-03-05;MN;Mongolia;3;1007900;0;2136;0.21192578628832226
2023-03-12;MN;Mongolia;5;1007905;0;2136;0.21192473497006165
2023-03-19;MN;Mongolia;2;1007907;0;2136;0.21192431444567802
2023-03-26;MN;Mongolia;4;1007911;0;2136;0.21192347340191742
2023-04-02;MN;Mongolia;9;1007920;0;2136;0.21192158107786332
2023-04-09;MN;Mongolia;0;1007920;0;2136;0.21192158107786332
2023-04-16;MN;Mongolia;23;1007943;0;2136;0.2119167452921445
2023-04-23;MN;Mongolia;27;1007970;0;2136;0.211911068781809
2023-04-30;MN;Mongolia;29;1007999;0;2136;0.21190497212794854
2023-05-07;MN;Mongolia;39;1008038;0;2136;0.21189677373273627
2023-05-14;MN;Mongolia;227;1008265;0;2136;0.21184906745746407
2023-05-21;MN;Mongolia;390;1008655;0;2136;0.21176715527112835
2023-05-28;MN;Mongolia;671;1009326;0;2136;0.2116263724505264
2023-06-04;MN;Mongolia;764;1010090;0;2136;0.2114663049827243
2023-06-11;MN;Mongolia;369;1010459;0;2136;0.21138908159559172
2023-06-18;MN;Mongolia;277;1010736;0;2136;0.2113311487866268
2023-06-25;MN;Mongolia;116;1010852;0;2136;0.21130689754781115
2023-07-02;MN;Mongolia;54;1010906;148;2284;0.22593594260989647
2023-07-09;MN;Mongolia;29;1010935;0;2284;0.22592946134024441
2023-07-16;MN;Mongolia;6;1010941;0;2284;0.22592812043432803
2023-07-23;MN;Mongolia;6;1010947;0;2284;0.22592677954432824
2023-07-30;MN;Mongolia;7;1010954;0;2284;0.2259252151927783
2023-08-06;MN;Mongolia;9;1010963;0;2284;0.22592320391547466
2023-08-13;MN;Mongolia;8;1010971;0;2284;0.2259214161434898
2023-08-20;MN;Mongolia;4;1010975;0;2284;0.22592052226810752
2023-08-27;MN;Mongolia;9;1010984;0;2284;0.22591851107435923
2023-09-03;MN;Mongolia;11;1010995;0;2284;0.22591605299729475
2023-09-10;MN;Mongolia;16;1011011;0;2284;0.2259124777079577
2023-09-17;MN;Mongolia;34;1011045;0;2284;0.22590488059384103
2023-09-24;MN;Mongolia;41;1011086;0;2284;0.22589572004755284
2023-10-01;MN;Mongolia;84;1011170;0;2284;0.22587695441913824
2023-10-08;MN;Mongolia;18;1011188;0;2284;0.22587293361867428
2023-10-15;MN;Mongolia;0;1011188;0;2284;0.22587293361867428
2023-10-22;MN;Mongolia;18;1011206;0;2284;0.22586891296135508
2023-10-29;MN;Mongolia;18;1011224;0;2284;0.22586489244717295
2023-11-05;MN;Mongolia;21;1011245;0;2284;0.22586020202819296
2023-11-12;MN;Mongolia;16;1011261;0;2284;0.22585662850638952
2023-11-19;MN;Mongolia;19;1011280;0;2284;0.2258523850961158
2023-11-26;MN;Mongolia;17;1011297;0;2284;0.2258485884957634
2023-12-03;MN;Mongolia;22;1011319;0;2284;0.22584367543772044
2023-12-10;MN;Mongolia;34;1011353;0;2284;0.22583608295026564
2023-12-17;MN;Mongolia;35;1011388;0;2284;0.22582826768757389
2023-12-24;MN;Mongolia;19;1011407;0;2284;0.2258240253429134
2023-12-31;MN;Mongolia;13;1011420;0;2284;0.22582112277787664
2024-01-07;MN;Mongolia;11;1011431;0;2284;0.22581866681958535
2024-01-14;MN;Mongolia;12;1011443;0;2284;0.22581598765328345
2024-01-21;MN;Mongolia;8;1011451;0;2284;0.22581420157773338
2020-01-05;ME;Montenegro;0;0;0;0;0.0
2020-01-12;ME;Montenegro;0;0;0;0;0.0
2020-01-19;ME;Montenegro;0;0;0;0;0.0
2020-01-26;ME;Montenegro;0;0;0;0;0.0
2020-02-02;ME;Montenegro;0;0;0;0;0.0
2020-02-09;ME;Montenegro;0;0;0;0;0.0
2020-02-16;ME;Montenegro;0;0;0;0;0.0
2020-02-23;ME;Montenegro;0;0;0;0;0.0
2020-03-01;ME;Montenegro;0;0;0;0;0.0
2020-03-08;ME;Montenegro;0;0;0;0;0.0
2020-03-15;ME;Montenegro;0;0;0;0;0.0
2020-03-22;ME;Montenegro;0;0;0;0;0.0
2020-03-29;ME;Montenegro;0;0;0;0;0.0
2020-04-05;ME;Montenegro;0;0;0;0;0.0
2020-04-12;ME;Montenegro;0;0;0;0;0.0
2020-04-19;ME;Montenegro;0;0;0;0;0.0
2020-04-26;ME;Montenegro;0;0;0;0;0.0
2020-06-21;ME;Montenegro;37;40;0;2;5.0
2020-06-28;ME;Montenegro;0;40;0;2;5.0
2020-07-05;ME;Montenegro;0;40;0;2;5.0
2020-07-12;ME;Montenegro;0;40;0;2;5.0
2020-07-19;ME;Montenegro;0;40;0;2;5.0
2020-07-26;ME;Montenegro;0;40;0;2;5.0
2020-08-02;ME;Montenegro;429;469;8;10;2.1321961620469083
2020-08-09;ME;Montenegro;384;853;16;26;3.048065650644783
2020-08-16;ME;Montenegro;394;1247;11;37;2.967121090617482
2020-08-23;ME;Montenegro;300;1547;6;43;2.779573367808662
2020-08-30;ME;Montenegro;461;2008;15;58;2.888446215139442
2020-09-06;ME;Montenegro;788;2796;9;67;2.396280400572246
2020-09-13;ME;Montenegro;1568;4364;12;79;1.8102658111824015
2020-09-20;ME;Montenegro;1666;6030;16;95;1.5754560530679935
2020-09-27;ME;Montenegro;1730;7760;22;117;1.5077319587628866
2020-10-04;ME;Montenegro;1679;9439;21;138;1.4620192817035704
2020-10-11;ME;Montenegro;1736;11175;23;161;1.4407158836689038
2020-10-18;ME;Montenegro;1746;12921;32;193;1.493692438665738
2020-10-25;ME;Montenegro;1138;14059;30;223;1.5861725585034496
2020-11-01;ME;Montenegro;2090;16149;44;267;1.6533531488017834
2020-11-08;ME;Montenegro;0;16149;0;267;1.6533531488017834
2020-11-15;ME;Montenegro;0;16149;0;267;1.6533531488017834
2020-11-22;ME;Montenegro;3808;19957;48;315;1.578393546124167
2020-11-29;ME;Montenegro;3742;23699;48;363;1.531710198742563
2020-12-06;ME;Montenegro;3318;27017;46;409;1.5138616426694305
2020-12-13;ME;Montenegro;3014;30031;49;458;1.525090739569112
2020-12-20;ME;Montenegro;2534;32565;44;502;1.5415323199754338
2020-12-27;ME;Montenegro;2645;35210;41;543;1.5421755183186594
2021-01-03;ME;Montenegro;2546;37756;23;566;1.4990994808772116
2021-01-10;ME;Montenegro;3265;41021;36;602;1.4675410155773871
2021-01-17;ME;Montenegro;12597;53618;32;634;1.1824387332612183
2021-01-24;ME;Montenegro;2903;56521;23;657;1.162399815997594
2021-01-31;ME;Montenegro;3292;59813;37;694;1.1602828816478024
2021-02-07;ME;Montenegro;3665;63478;33;727;1.1452786792274487
2021-02-14;ME;Montenegro;3621;67099;52;779;1.16097110240093
2021-02-21;ME;Montenegro;3621;70720;60;839;1.186368778280543
2021-02-28;ME;Montenegro;3877;74597;53;892;1.195758542568736
2021-03-07;ME;Montenegro;3896;78493;64;956;1.217943001286739
2021-03-14;ME;Montenegro;3958;82451;62;1018;1.2346727147032783
2021-03-21;ME;Montenegro;3475;85926;70;1088;1.2662058049949958
2021-03-28;ME;Montenegro;2757;88683;46;1134;1.278711816244376
2021-04-04;ME;Montenegro;2315;90998;60;1194;1.3121167498186772
2021-04-11;ME;Montenegro;1676;92674;68;1262;1.361762738200574
2021-04-18;ME;Montenegro;1274;93948;56;1318;1.4029037339804997
2021-04-25;ME;Montenegro;1081;95029;52;1370;1.4416651758936745
2021-05-02;ME;Montenegro;938;95967;40;1410;1.4692550564256464
2021-05-09;ME;Montenegro;647;96614;35;1445;1.4956424534746517
2021-05-16;ME;Montenegro;531;97145;21;1466;1.5090843584332698
2021-05-23;ME;Montenegro;393;97538;13;1479;1.516332096208657
2021-05-30;ME;Montenegro;333;97871;9;1488;1.5203686485271428
2021-06-06;ME;Montenegro;211;98082;9;1497;1.5262739340551783
2021-06-13;ME;Montenegro;129;98211;9;1506;1.5334331184897823
2021-06-20;ME;Montenegro;128;98339;4;1510;1.5355047336255199
2021-06-27;ME;Montenegro;110;98449;4;1514;1.5378520858515576
2021-07-04;ME;Montenegro;134;98583;10;1524;1.545905480660966
2021-07-11;ME;Montenegro;147;98730;5;1529;1.5486680846753773
2021-07-18;ME;Montenegro;195;98925;3;1532;1.548647965630528
2021-07-25;ME;Montenegro;517;99442;1;1533;1.5416021399408701
2021-08-01;ME;Montenegro;977;100419;6;1539;1.5325784961013353
2021-08-08;ME;Montenegro;1747;102166;5;1544;1.511265978897089
2021-08-15;ME;Montenegro;2560;104726;9;1553;1.482917327120295
2021-08-22;ME;Montenegro;4401;109127;45;1598;1.4643488779128906
2021-08-29;ME;Montenegro;0;109127;0;1598;1.4643488779128906
2021-09-05;ME;Montenegro;3676;112803;41;1639;1.4529755414306356
2021-09-12;ME;Montenegro;3896;116699;43;1682;1.4413148356027043
2021-09-19;ME;Montenegro;4298;120997;49;1731;1.4306139821648471
2021-09-26;ME;Montenegro;3301;124298;46;1777;1.4296287953144862
2021-10-03;ME;Montenegro;2994;127292;39;1816;1.4266411086321213
2021-10-10;ME;Montenegro;2519;129811;52;1868;1.439015183613099
2021-10-17;ME;Montenegro;2507;132318;37;1905;1.4397134176755997
2021-10-24;ME;Montenegro;3237;135555;42;1947;1.4363173619564014
2021-10-31;ME;Montenegro;3384;138939;38;1985;1.4286845306213518
2021-11-07;ME;Montenegro;4302;143241;45;2030;1.4171920050823437
2021-11-14;ME;Montenegro;3396;146637;59;2089;1.424606340828031
2021-11-21;ME;Montenegro;2571;149208;38;2127;1.4255267814058228
2021-11-28;ME;Montenegro;2061;151269;40;2167;1.432547316370175
2021-12-05;ME;Montenegro;1518;152787;44;2211;1.4471126470183981
2021-12-12;ME;Montenegro;1249;154036;21;2232;1.449011919291594
2021-12-19;ME;Montenegro;1184;155220;25;2257;1.4540651977837908
2021-12-26;ME;Montenegro;2790;158010;19;2276;1.4404151635972406
2022-01-02;ME;Montenegro;10890;168900;22;2298;1.3605683836589697
2022-01-09;ME;Montenegro;17071;185971;26;2324;1.2496572046179244
2022-01-16;ME;Montenegro;0;185971;0;2324;1.2496572046179244
2022-01-23;ME;Montenegro;0;185971;0;2324;1.2496572046179244
2022-01-30;ME;Montenegro;5801;191772;42;2366;1.2337567528106295
2022-02-06;ME;Montenegro;3928;195700;46;2412;1.2324987225344914
2022-02-13;ME;Montenegro;2860;198560;34;2446;1.2318694601128122
2022-02-20;ME;Montenegro;2216;200776;23;2469;1.229728652827031
2022-02-27;ME;Montenegro;1219;201995;18;2487;1.2312185945196663
2022-03-06;ME;Montenegro;787;202782;9;2496;1.2308784803384916
2022-03-13;ME;Montenegro;590;203372;8;2504;1.2312412721515251
2022-03-20;ME;Montenegro;629;204001;23;2527;1.2387194180420684
2022-03-27;ME;Montenegro;575;204576;4;2531;1.2371930236195838
2022-04-03;ME;Montenegro;521;205097;8;2539;1.2379508232689898
2022-04-10;ME;Montenegro;375;205472;1;2540;1.2361781653947983
2022-04-17;ME;Montenegro;490;205962;3;2543;1.2346937784639884
2022-04-24;ME;Montenegro;506;206468;4;2547;1.2336052075866477
2022-05-01;ME;Montenegro;576;207044;2;2549;1.2311392747435328
2022-05-08;ME;Montenegro;494;207538;2;2551;1.2291724888936002
2022-05-15;ME;Montenegro;482;208020;2;2553;1.2272858379002018
2022-05-22;ME;Montenegro;435;208455;0;2553;1.224724760739728
2022-05-29;ME;Montenegro;384;208839;1;2554;1.2229516517508703
2022-06-05;ME;Montenegro;413;209252;0;2554;1.2205379160055818
2022-06-12;ME;Montenegro;380;209632;2;2556;1.219279499313082
2022-06-19;ME;Montenegro;598;210230;1;2557;1.2162869238453122
2022-06-26;ME;Montenegro;995;211225;1;2558;1.2110308912297312
2022-07-03;ME;Montenegro;1633;212858;5;2563;1.2040891110505596
2022-07-10;ME;Montenegro;0;212858;0;2563;1.2040891110505596
2022-07-17;ME;Montenegro;0;212858;0;2563;1.2040891110505596
2022-07-24;ME;Montenegro;0;212858;0;2563;1.2040891110505596
2022-07-31;ME;Montenegro;6602;219460;8;2571;1.17151189282785
2022-08-07;ME;Montenegro;5656;225116;9;2580;1.1460758009204144
2022-08-14;ME;Montenegro;4398;229514;4;2584;1.1258572461810608
2022-08-21;ME;Montenegro;3110;232624;7;2591;1.1138145677144233
2022-08-28;ME;Montenegro;1907;234531;5;2596;1.1068899207354252
2022-09-04;ME;Montenegro;1342;235873;7;2603;1.1035599665921916
2022-09-11;ME;Montenegro;988;236861;0;2603;1.0989567721152913
2022-09-18;ME;Montenegro;1064;237925;1;2604;1.0944625407166124
2022-09-25;ME;Montenegro;986;238911;2;2606;1.0907827601073203
2022-10-02;ME;Montenegro;1063;239974;1;2607;1.0863676898330652
2022-10-09;ME;Montenegro;702;240676;0;2607;1.0831989895128722
2022-10-16;ME;Montenegro;620;241296;2;2609;1.0812446124262318
2022-10-23;ME;Montenegro;423;241719;1;2610;1.079766174773187
2022-10-30;ME;Montenegro;448;242167;0;2610;1.0777686472558194
2022-11-06;ME;Montenegro;352;242519;2;2612;1.0770290162832603
2022-11-13;ME;Montenegro;227;242746;1;2613;1.0764338032346568
2022-11-20;ME;Montenegro;168;242914;1;2614;1.076101006940728
2022-11-27;ME;Montenegro;147;243061;0;2614;1.0754501956299036
2022-12-04;ME;Montenegro;184;243245;1;2615;1.075047791321507
2022-12-11;ME;Montenegro;291;243536;0;2615;1.0737632218645294
2022-12-18;ME;Montenegro;237;243773;0;2615;1.0727192921283326
2022-12-25;ME;Montenegro;200;243973;1;2616;1.0722497981334
2023-01-01;ME;Montenegro;225;244198;0;2616;1.0712618448963545
2023-01-08;ME;Montenegro;363;244561;0;2616;1.0696717792289039
2023-01-15;ME;Montenegro;471;245032;3;2619;1.0688399882464332
2023-01-22;ME;Montenegro;365;245397;1;2620;1.0676577138269825
2023-01-29;ME;Montenegro;289;245686;1;2621;1.0668088535773304
2023-02-05;ME;Montenegro;260;245946;1;2622;1.066087677782928
2023-02-12;ME;Montenegro;407;246353;2;2624;1.0651382365954545
2023-02-19;ME;Montenegro;595;246948;2;2626;1.0633817645820172
2023-02-26;ME;Montenegro;634;247582;1;2627;1.0610625974424635
2023-03-05;ME;Montenegro;428;248010;4;2631;1.0608443207935165
2023-03-12;ME;Montenegro;379;248389;3;2634;1.060433433042526
2023-03-19;ME;Montenegro;365;248754;0;2634;1.058877445186811
2023-03-26;ME;Montenegro;417;249171;6;2640;1.0595133462561854
2023-04-02;ME;Montenegro;375;249546;1;2641;1.0583219125932695
2023-04-09;ME;Montenegro;344;249890;1;2642;1.057265196686542
2023-04-16;ME;Montenegro;327;250217;4;2646;1.057482105532398
2023-04-23;ME;Montenegro;380;250597;4;2650;1.0574747502962925
2023-04-30;ME;Montenegro;276;250873;2;2652;1.0571085768496409
2023-05-07;ME;Montenegro;187;251060;0;2652;1.0563211981199714
2023-05-14;ME;Montenegro;134;251194;1;2653;1.0561557998996791
2023-05-21;ME;Montenegro;27;251221;0;2653;1.0560422894582857
2023-05-28;ME;Montenegro;40;251261;1;2654;1.0562721632087748
2023-06-04;ME;Montenegro;19;251280;0;2654;1.0561922954473097
2023-06-11;ME;Montenegro;0;251280;0;2654;1.0561922954473097
2023-06-18;ME;Montenegro;0;251280;0;2654;1.0561922954473097
2023-06-25;ME;Montenegro;0;251280;0;2654;1.0561922954473097
2023-07-02;ME;Montenegro;0;251280;0;2654;1.0561922954473097
2023-07-09;ME;Montenegro;0;251280;0;2654;1.0561922954473097
2023-07-16;ME;Montenegro;0;251280;0;2654;1.0561922954473097
2023-07-23;ME;Montenegro;0;251280;0;2654;1.0561922954473097
2023-07-30;ME;Montenegro;0;251280;0;2654;1.0561922954473097
2023-08-06;ME;Montenegro;0;251280;0;2654;1.0561922954473097
2023-08-13;ME;Montenegro;0;251280;0;2654;1.0561922954473097
2023-08-20;ME;Montenegro;0;251280;0;2654;1.0561922954473097
2023-08-27;ME;Montenegro;0;251280;0;2654;1.0561922954473097
2023-09-03;ME;Montenegro;0;251280;0;2654;1.0561922954473097
2023-09-10;ME;Montenegro;0;251280;0;2654;1.0561922954473097
2023-09-17;ME;Montenegro;0;251280;0;2654;1.0561922954473097
2023-09-24;ME;Montenegro;0;251280;0;2654;1.0561922954473097
2023-10-01;ME;Montenegro;0;251280;0;2654;1.0561922954473097
2023-10-08;ME;Montenegro;0;251280;0;2654;1.0561922954473097
2023-10-15;ME;Montenegro;0;251280;0;2654;1.0561922954473097
2023-10-22;ME;Montenegro;0;251280;0;2654;1.0561922954473097
2023-10-29;ME;Montenegro;0;251280;0;2654;1.0561922954473097
2023-11-05;ME;Montenegro;0;251280;0;2654;1.0561922954473097
2023-11-12;ME;Montenegro;0;251280;0;2654;1.0561922954473097
2023-11-19;ME;Montenegro;0;251280;0;2654;1.0561922954473097
2023-11-26;ME;Montenegro;0;251280;0;2654;1.0561922954473097
2023-12-03;ME;Montenegro;0;251280;0;2654;1.0561922954473097
2023-12-10;ME;Montenegro;0;251280;0;2654;1.0561922954473097
2023-12-17;ME;Montenegro;0;251280;0;2654;1.0561922954473097
2023-12-24;ME;Montenegro;0;251280;0;2654;1.0561922954473097
2023-12-31;ME;Montenegro;0;251280;0;2654;1.0561922954473097
2024-01-07;ME;Montenegro;0;251280;0;2654;1.0561922954473097
2024-01-14;ME;Montenegro;0;251280;0;2654;1.0561922954473097
2024-01-21;ME;Montenegro;0;251280;0;2654;1.0561922954473097
2020-01-05;MS;Montserrat;0;0;0;0;0.0
2020-01-12;MS;Montserrat;0;0;0;0;0.0
2020-01-19;MS;Montserrat;0;0;0;0;0.0
2020-01-26;MS;Montserrat;0;0;0;0;0.0
2020-02-02;MS;Montserrat;0;0;0;0;0.0
2020-02-09;MS;Montserrat;0;0;0;0;0.0
2020-02-16;MS;Montserrat;0;0;0;0;0.0
2020-02-23;MS;Montserrat;0;0;0;0;0.0
2020-03-01;MS;Montserrat;0;0;0;0;0.0
2020-03-08;MS;Montserrat;0;0;0;0;0.0
2020-03-15;MS;Montserrat;0;0;0;0;0.0
2020-03-22;MS;Montserrat;1;1;0;0;0.0
2020-03-29;MS;Montserrat;4;5;0;0;0.0
2020-04-05;MS;Montserrat;1;6;0;0;0.0
2020-04-12;MS;Montserrat;3;9;0;0;0.0
2020-04-19;MS;Montserrat;2;11;0;0;0.0
2020-04-26;MS;Montserrat;0;11;1;1;9.090909090909092
2020-05-03;MS;Montserrat;0;11;0;1;9.090909090909092
2020-05-10;MS;Montserrat;0;11;0;1;9.090909090909092
2020-05-17;MS;Montserrat;0;11;0;1;9.090909090909092
2020-05-24;MS;Montserrat;0;11;0;1;9.090909090909092
2020-05-31;MS;Montserrat;0;11;0;1;9.090909090909092
2020-06-07;MS;Montserrat;0;11;0;1;9.090909090909092
2020-06-14;MS;Montserrat;0;11;0;1;9.090909090909092
2020-06-21;MS;Montserrat;0;11;0;1;9.090909090909092
2020-06-28;MS;Montserrat;0;11;0;1;9.090909090909092
2020-07-05;MS;Montserrat;0;11;0;1;9.090909090909092
2020-07-12;MS;Montserrat;1;12;0;1;8.333333333333332
2020-07-19;MS;Montserrat;0;12;0;1;8.333333333333332
2020-07-26;MS;Montserrat;1;13;0;1;7.6923076923076925
2020-08-02;MS;Montserrat;0;13;0;1;7.6923076923076925
2020-08-09;MS;Montserrat;0;13;0;1;7.6923076923076925
2020-08-16;MS;Montserrat;0;13;0;1;7.6923076923076925
2020-08-23;MS;Montserrat;0;13;0;1;7.6923076923076925
2020-08-30;MS;Montserrat;0;13;0;1;7.6923076923076925
2020-09-06;MS;Montserrat;0;13;0;1;7.6923076923076925
2020-09-13;MS;Montserrat;0;13;0;1;7.6923076923076925
2020-09-20;MS;Montserrat;0;13;0;1;7.6923076923076925
2020-09-27;MS;Montserrat;0;13;0;1;7.6923076923076925
2020-10-04;MS;Montserrat;0;13;0;1;7.6923076923076925
2020-10-11;MS;Montserrat;0;13;0;1;7.6923076923076925
2020-10-18;MS;Montserrat;0;13;0;1;7.6923076923076925
2020-10-25;MS;Montserrat;0;13;0;1;7.6923076923076925
2020-11-01;MS;Montserrat;0;13;0;1;7.6923076923076925
2020-11-08;MS;Montserrat;0;13;0;1;7.6923076923076925
2020-11-15;MS;Montserrat;0;13;0;1;7.6923076923076925
2020-11-22;MS;Montserrat;0;13;0;1;7.6923076923076925
2020-11-29;MS;Montserrat;0;13;0;1;7.6923076923076925
2020-12-06;MS;Montserrat;0;13;0;1;7.6923076923076925
2020-12-13;MS;Montserrat;0;13;0;1;7.6923076923076925
2020-12-20;MS;Montserrat;0;13;0;1;7.6923076923076925
2020-12-27;MS;Montserrat;0;13;0;1;7.6923076923076925
2021-01-03;MS;Montserrat;0;13;0;1;7.6923076923076925
2021-01-10;MS;Montserrat;0;13;0;1;7.6923076923076925
2021-01-17;MS;Montserrat;0;13;0;1;7.6923076923076925
2021-01-24;MS;Montserrat;0;13;0;1;7.6923076923076925
2021-01-31;MS;Montserrat;0;13;0;1;7.6923076923076925
2021-02-07;MS;Montserrat;2;15;0;1;6.666666666666667
2021-02-14;MS;Montserrat;4;19;0;1;5.263157894736842
2021-02-21;MS;Montserrat;1;20;0;1;5.0
2021-02-28;MS;Montserrat;0;20;0;1;5.0
2021-03-07;MS;Montserrat;0;20;0;1;5.0
2021-03-14;MS;Montserrat;0;20;0;1;5.0
2021-03-21;MS;Montserrat;0;20;0;1;5.0
2021-03-28;MS;Montserrat;0;20;0;1;5.0
2021-04-04;MS;Montserrat;0;20;0;1;5.0
2021-04-11;MS;Montserrat;0;20;0;1;5.0
2021-04-18;MS;Montserrat;0;20;0;1;5.0
2021-04-25;MS;Montserrat;0;20;0;1;5.0
2021-05-02;MS;Montserrat;0;20;0;1;5.0
2021-05-09;MS;Montserrat;0;20;0;1;5.0
2021-05-16;MS;Montserrat;0;20;0;1;5.0
2021-05-23;MS;Montserrat;0;20;0;1;5.0
2021-05-30;MS;Montserrat;0;20;0;1;5.0
2021-06-06;MS;Montserrat;0;20;0;1;5.0
2021-06-13;MS;Montserrat;0;20;0;1;5.0
2021-06-20;MS;Montserrat;0;20;0;1;5.0
2021-06-27;MS;Montserrat;0;20;0;1;5.0
2021-07-04;MS;Montserrat;0;20;0;1;5.0
2021-07-11;MS;Montserrat;1;21;0;1;4.761904761904762
2021-07-18;MS;Montserrat;0;21;0;1;4.761904761904762
2021-07-25;MS;Montserrat;0;21;0;1;4.761904761904762
2021-08-01;MS;Montserrat;0;21;0;1;4.761904761904762
2021-08-08;MS;Montserrat;1;22;0;1;4.545454545454546
2021-08-15;MS;Montserrat;0;22;0;1;4.545454545454546
2021-08-22;MS;Montserrat;3;25;0;1;4.0
2021-08-29;MS;Montserrat;1;26;0;1;3.8461538461538463
2021-09-05;MS;Montserrat;5;31;0;1;3.225806451612903
2021-09-12;MS;Montserrat;1;32;0;1;3.125
2021-09-19;MS;Montserrat;1;33;0;1;3.0303030303030303
2021-09-26;MS;Montserrat;0;33;0;1;3.0303030303030303
2021-10-03;MS;Montserrat;1;34;0;1;2.941176470588235
2021-10-10;MS;Montserrat;7;41;0;1;2.4390243902439024
2021-10-17;MS;Montserrat;0;41;0;1;2.4390243902439024
2021-10-24;MS;Montserrat;0;41;0;1;2.4390243902439024
2021-10-31;MS;Montserrat;0;41;0;1;2.4390243902439024
2021-11-07;MS;Montserrat;0;41;0;1;2.4390243902439024
2021-11-14;MS;Montserrat;0;41;0;1;2.4390243902439024
2021-11-21;MS;Montserrat;3;44;0;1;2.272727272727273
2021-11-28;MS;Montserrat;0;44;0;1;2.272727272727273
2021-12-05;MS;Montserrat;0;44;0;1;2.272727272727273
2021-12-12;MS;Montserrat;0;44;0;1;2.272727272727273
2021-12-19;MS;Montserrat;1;45;0;1;2.2222222222222223
2021-12-26;MS;Montserrat;0;45;0;1;2.2222222222222223
2022-01-02;MS;Montserrat;5;50;0;1;2.0
2022-01-09;MS;Montserrat;60;110;0;1;0.9090909090909091
2022-01-16;MS;Montserrat;19;129;0;1;0.7751937984496124
2022-01-23;MS;Montserrat;23;152;0;1;0.6578947368421052
2022-01-30;MS;Montserrat;10;162;0;1;0.6172839506172839
2022-02-06;MS;Montserrat;1;163;0;1;0.6134969325153374
2022-02-13;MS;Montserrat;0;163;1;2;1.2269938650306749
2022-02-20;MS;Montserrat;0;163;0;2;1.2269938650306749
2022-02-27;MS;Montserrat;0;163;0;2;1.2269938650306749
2022-03-06;MS;Montserrat;1;164;0;2;1.2195121951219512
2022-03-13;MS;Montserrat;2;166;0;2;1.2048192771084338
2022-03-20;MS;Montserrat;8;174;0;2;1.1494252873563218
2022-03-27;MS;Montserrat;1;175;0;2;1.1428571428571428
2022-04-03;MS;Montserrat;0;175;0;2;1.1428571428571428
2022-04-10;MS;Montserrat;0;175;0;2;1.1428571428571428
2022-04-17;MS;Montserrat;1;176;0;2;1.1363636363636365
2022-04-24;MS;Montserrat;1;177;0;2;1.1299435028248588
2022-05-01;MS;Montserrat;39;216;0;2;0.9259259259259258
2022-05-08;MS;Montserrat;236;452;0;2;0.4424778761061947
2022-05-15;MS;Montserrat;295;747;0;2;0.2677376171352075
2022-05-22;MS;Montserrat;139;886;2;4;0.4514672686230248
2022-05-29;MS;Montserrat;72;958;0;4;0.41753653444676403
2022-06-05;MS;Montserrat;45;1003;4;8;0.7976071784646062
2022-06-12;MS;Montserrat;7;1010;0;8;0.7920792079207921
2022-06-19;MS;Montserrat;5;1015;0;8;0.7881773399014778
2022-06-26;MS;Montserrat;1;1016;0;8;0.7874015748031495
2022-07-03;MS;Montserrat;4;1020;0;8;0.7843137254901961
2022-07-10;MS;Montserrat;3;1023;0;8;0.7820136852394917
2022-07-17;MS;Montserrat;2;1025;0;8;0.7804878048780488
2022-07-24;MS;Montserrat;7;1032;0;8;0.7751937984496124
2022-07-31;MS;Montserrat;22;1054;0;8;0.7590132827324478
2022-08-07;MS;Montserrat;23;1077;0;8;0.7428040854224698
2022-08-14;MS;Montserrat;20;1097;0;8;0.7292616226071102
2022-08-21;MS;Montserrat;9;1106;0;8;0.7233273056057866
2022-08-28;MS;Montserrat;20;1126;0;8;0.7104795737122558
2022-09-04;MS;Montserrat;64;1190;0;8;0.6722689075630253
2022-09-11;MS;Montserrat;86;1276;0;8;0.6269592476489028
2022-09-18;MS;Montserrat;80;1356;0;8;0.5899705014749262
2022-09-25;MS;Montserrat;36;1392;0;8;0.5747126436781609
2022-10-02;MS;Montserrat;11;1403;0;8;0.5702066999287242
2022-10-09;MS;Montserrat;0;1403;0;8;0.5702066999287242
2022-10-16;MS;Montserrat;0;1403;0;8;0.5702066999287242
2022-10-23;MS;Montserrat;0;1403;0;8;0.5702066999287242
2022-10-30;MS;Montserrat;0;1403;0;8;0.5702066999287242
2022-11-06;MS;Montserrat;0;1403;0;8;0.5702066999287242
2022-11-13;MS;Montserrat;0;1403;0;8;0.5702066999287242
2022-11-20;MS;Montserrat;0;1403;0;8;0.5702066999287242
2022-11-27;MS;Montserrat;0;1403;0;8;0.5702066999287242
2022-12-04;MS;Montserrat;0;1403;0;8;0.5702066999287242
2022-12-11;MS;Montserrat;0;1403;0;8;0.5702066999287242
2022-12-18;MS;Montserrat;0;1403;0;8;0.5702066999287242
2022-12-25;MS;Montserrat;0;1403;0;8;0.5702066999287242
2023-01-01;MS;Montserrat;0;1403;0;8;0.5702066999287242
2023-01-08;MS;Montserrat;0;1403;0;8;0.5702066999287242
2023-01-15;MS;Montserrat;0;1403;0;8;0.5702066999287242
2023-01-22;MS;Montserrat;0;1403;0;8;0.5702066999287242
2023-01-29;MS;Montserrat;0;1403;0;8;0.5702066999287242
2023-02-05;MS;Montserrat;0;1403;0;8;0.5702066999287242
2023-02-12;MS;Montserrat;0;1403;0;8;0.5702066999287242
2023-02-19;MS;Montserrat;0;1403;0;8;0.5702066999287242
2023-02-26;MS;Montserrat;0;1403;0;8;0.5702066999287242
2023-03-05;MS;Montserrat;0;1403;0;8;0.5702066999287242
2023-03-12;MS;Montserrat;0;1403;0;8;0.5702066999287242
2023-03-19;MS;Montserrat;0;1403;0;8;0.5702066999287242
2023-03-26;MS;Montserrat;0;1403;0;8;0.5702066999287242
2023-04-02;MS;Montserrat;0;1403;0;8;0.5702066999287242
2023-04-09;MS;Montserrat;0;1403;0;8;0.5702066999287242
2023-04-16;MS;Montserrat;0;1403;0;8;0.5702066999287242
2023-04-23;MS;Montserrat;0;1403;0;8;0.5702066999287242
2023-04-30;MS;Montserrat;0;1403;0;8;0.5702066999287242
2023-05-07;MS;Montserrat;0;1403;0;8;0.5702066999287242
2023-05-14;MS;Montserrat;0;1403;0;8;0.5702066999287242
2023-05-21;MS;Montserrat;0;1403;0;8;0.5702066999287242
2023-05-28;MS;Montserrat;0;1403;0;8;0.5702066999287242
2023-06-04;MS;Montserrat;0;1403;0;8;0.5702066999287242
2023-06-11;MS;Montserrat;0;1403;0;8;0.5702066999287242
2023-06-18;MS;Montserrat;0;1403;0;8;0.5702066999287242
2023-06-25;MS;Montserrat;0;1403;0;8;0.5702066999287242
2023-07-02;MS;Montserrat;0;1403;0;8;0.5702066999287242
2023-07-09;MS;Montserrat;0;1403;0;8;0.5702066999287242
2023-07-16;MS;Montserrat;0;1403;0;8;0.5702066999287242
2023-07-23;MS;Montserrat;0;1403;0;8;0.5702066999287242
2023-07-30;MS;Montserrat;0;1403;0;8;0.5702066999287242
2023-08-06;MS;Montserrat;0;1403;0;8;0.5702066999287242
2023-08-13;MS;Montserrat;0;1403;0;8;0.5702066999287242
2023-08-20;MS;Montserrat;0;1403;0;8;0.5702066999287242
2023-08-27;MS;Montserrat;0;1403;0;8;0.5702066999287242
2023-09-03;MS;Montserrat;0;1403;0;8;0.5702066999287242
2023-09-10;MS;Montserrat;0;1403;0;8;0.5702066999287242
2023-09-17;MS;Montserrat;0;1403;0;8;0.5702066999287242
2023-09-24;MS;Montserrat;0;1403;0;8;0.5702066999287242
2023-10-01;MS;Montserrat;0;1403;0;8;0.5702066999287242
2023-10-08;MS;Montserrat;0;1403;0;8;0.5702066999287242
2023-10-15;MS;Montserrat;0;1403;0;8;0.5702066999287242
2023-10-22;MS;Montserrat;0;1403;0;8;0.5702066999287242
2023-10-29;MS;Montserrat;0;1403;0;8;0.5702066999287242
2023-11-05;MS;Montserrat;0;1403;0;8;0.5702066999287242
2023-11-12;MS;Montserrat;0;1403;0;8;0.5702066999287242
2023-11-19;MS;Montserrat;0;1403;0;8;0.5702066999287242
2023-11-26;MS;Montserrat;0;1403;0;8;0.5702066999287242
2023-12-03;MS;Montserrat;0;1403;0;8;0.5702066999287242
2023-12-10;MS;Montserrat;0;1403;0;8;0.5702066999287242
2023-12-17;MS;Montserrat;0;1403;0;8;0.5702066999287242
2023-12-24;MS;Montserrat;0;1403;0;8;0.5702066999287242
2023-12-31;MS;Montserrat;0;1403;0;8;0.5702066999287242
2024-01-07;MS;Montserrat;0;1403;0;8;0.5702066999287242
2024-01-14;MS;Montserrat;0;1403;0;8;0.5702066999287242
2024-01-21;MS;Montserrat;0;1403;0;8;0.5702066999287242
2020-01-05;MA;Morocco;0;0;0;0;0.0
2020-01-12;MA;Morocco;0;0;0;0;0.0
2020-01-19;MA;Morocco;0;0;0;0;0.0
2020-01-26;MA;Morocco;0;0;0;0;0.0
2020-02-02;MA;Morocco;0;0;0;0;0.0
2020-02-09;MA;Morocco;0;0;0;0;0.0
2020-02-16;MA;Morocco;0;0;0;0;0.0
2020-02-23;MA;Morocco;0;0;0;0;0.0
2020-03-01;MA;Morocco;0;0;0;0;0.0
2020-03-08;MA;Morocco;2;2;0;0;0.0
2020-03-15;MA;Morocco;15;17;1;1;5.88235294117647
2020-03-22;MA;Morocco;79;96;2;3;3.125
2020-03-29;MA;Morocco;294;390;22;25;6.41025641025641
2020-04-05;MA;Morocco;529;919;34;59;6.420021762785637
2020-04-12;MA;Morocco;626;1545;52;111;7.184466019417475
2020-04-19;MA;Morocco;1140;2685;26;137;5.1024208566108005
2020-04-26;MA;Morocco;1212;3897;22;159;4.080061585835258
2020-05-03;MA;Morocco;832;4729;14;173;3.6582787058574753
2020-05-10;MA;Morocco;1181;5910;13;186;3.1472081218274113
2020-05-17;MA;Morocco;831;6741;6;192;2.848242100578549
2020-05-24;MA;Morocco;665;7406;6;198;2.6735079665136374
2020-05-31;MA;Morocco;374;7780;6;204;2.622107969151671
2020-06-07;MA;Morocco;371;8151;4;208;2.5518341307814993
2020-06-14;MA;Morocco;541;8692;4;212;2.4390243902439024
2020-06-21;MA;Morocco;1147;9839;1;213;2.1648541518446995
2020-06-28;MA;Morocco;2038;11877;7;220;1.8523196093289551
2020-07-05;MA;Morocco;1945;13822;12;232;1.678483576906381
2020-07-12;MA;Morocco;1720;15542;13;245;1.576373697078883
2020-07-19;MA;Morocco;1473;17015;24;269;1.5809579782544814
2020-07-26;MA;Morocco;2630;19645;36;305;1.5525579027742427
2020-08-02;MA;Morocco;5406;25051;62;367;1.4650113767913455
2020-08-09;MA;Morocco;6956;32007;113;480;1.4996719467616457
2020-08-16;MA;Morocco;9010;41017;152;632;1.5408245361679305
2020-08-23;MA;Morocco;9795;50812;226;858;1.6885775013776274
2020-08-30;MA;Morocco;9244;60056;220;1078;1.7949913414146794
2020-09-06;MA;Morocco;10104;70160;251;1329;1.8942417331813
2020-09-13;MA;Morocco;14275;84435;224;1553;1.83928465683662
2020-09-20;MA;Morocco;15381;99816;242;1795;1.7983088883545724
2020-09-27;MA;Morocco;15425;115241;246;2041;1.7710710597790718
2020-10-04;MA;Morocco;15987;131228;252;2293;1.7473405065992016
2020-10-11;MA;Morocco;18613;149841;279;2572;1.7164861419771624
2020-10-18;MA;Morocco;21070;170911;306;2878;1.683917360497569
2020-10-25;MA;Morocco;23550;194461;377;3255;1.673857482991448
2020-11-01;MA;Morocco;24623;219084;440;3695;1.6865677091891695
2020-11-08;MA;Morocco;33101;252185;502;4197;1.664254416400658
2020-11-15;MA;Morocco;36026;288211;500;4697;1.6297087897408495
2020-11-22;MA;Morocco;32751;320962;559;5256;1.6375770340414129
2020-11-29;MA;Morocco;28726;349688;483;5739;1.6411772780307015
2020-12-06;MA;Morocco;27050;376738;445;6184;1.6414590511177531
2020-12-13;MA;Morocco;20859;397597;405;6589;1.6572056630205962
2020-12-20;MA;Morocco;17629;415226;320;6909;1.6639131460939343
2020-12-27;MA;Morocco;15336;430562;295;7204;1.6731620533163634
2021-01-03;MA;Morocco;11579;442141;248;7452;1.6854351892269661
2021-01-10;MA;Morocco;9496;451637;257;7709;1.7069017817406458
2021-01-17;MA;Morocco;7228;458865;202;7911;1.7240364813180347
2021-01-24;MA;Morocco;6904;465769;217;8128;1.7450710545356174
2021-01-31;MA;Morocco;4922;470691;131;8259;1.7546543273612623
2021-02-07;MA;Morocco;4275;474966;122;8381;1.76454735707398
2021-02-14;MA;Morocco;3169;478135;79;8460;1.7693747581749926
2021-02-21;MA;Morocco;2813;480948;88;8548;1.7773231201709954
2021-02-28;MA;Morocco;2462;483410;67;8615;1.7821311102376862
2021-03-07;MA;Morocco;2564;485974;61;8676;1.7852806940288988
2021-03-14;MA;Morocco;2658;488632;42;8718;1.7841647702156225
2021-03-21;MA;Morocco;2831;491463;45;8763;1.7830436879276772
2021-03-28;MA;Morocco;2895;494358;35;8798;1.7796819309083702
2021-04-04;MA;Morocco;3474;497832;44;8842;1.776101174693471
2021-04-11;MA;Morocco;3856;501688;49;8891;1.7722169954234503
2021-04-18;MA;Morocco;3759;505447;53;8944;1.7695228184161742
2021-04-25;MA;Morocco;3590;509037;44;8988;1.7656869736384584
2021-05-02;MA;Morocco;2525;511562;38;9026;1.7644000140745404
2021-05-09;MA;Morocco;2066;513628;38;9064;1.7647013013309243
2021-05-16;MA;Morocco;1189;514817;34;9098;1.767229908880243
2021-05-23;MA;Morocco;1995;516812;21;9119;1.76447141320248
2021-05-30;MA;Morocco;2056;518868;19;9138;1.7611415620157729
2021-06-06;MA;Morocco;2327;521195;35;9173;1.759993860263433
2021-06-13;MA;Morocco;2425;523620;34;9207;1.7583361980061878
2021-06-20;MA;Morocco;2743;526363;30;9237;1.754872587928863
2021-06-27;MA;Morocco;2861;529224;36;9273;1.7521881093827945
2021-07-04;MA;Morocco;4721;533945;42;9315;1.744561705793668
2021-07-11;MA;Morocco;7460;541405;45;9360;1.7288351603697787
2021-07-18;MA;Morocco;14083;555488;74;9434;1.698326516504407
2021-07-25;MA;Morocco;19674;575162;125;9559;1.6619665416004534
2021-08-01;MA;Morocco;48366;623528;226;9785;1.569296005953221
2021-08-08;MA;Morocco;63764;687292;470;10255;1.4920877880144103
2021-08-15;MA;Morocco;64784;752076;678;10933;1.4537094655327387
2021-08-22;MA;Morocco;54212;806288;744;11677;1.4482418193002995
2021-08-29;MA;Morocco;43244;849532;684;12361;1.4550364200524524
2021-09-05;MA;Morocco;31510;881042;632;12993;1.4747310570892194
2021-09-12;MA;Morocco;21652;902694;495;13488;1.4941940458228369
2021-09-19;MA;Morocco;15432;918126;388;13876;1.511339402217125
2021-09-26;MA;Morocco;10445;928571;256;14132;1.5219083947269514
2021-10-03;MA;Morocco;6257;934828;183;14315;1.5312977360541191
2021-10-10;MA;Morocco;3973;938801;128;14443;1.5384517059525928
2021-10-17;MA;Morocco;3062;941863;94;14537;1.5434304139774044
2021-10-24;MA;Morocco;2213;944076;69;14606;1.547121206343557
2021-10-31;MA;Morocco;1884;945960;61;14667;1.5504883927438793
2021-11-07;MA;Morocco;1347;947307;39;14706;1.5524006473086338
2021-11-14;MA;Morocco;850;948157;34;14740;1.5545948613995362
2021-11-21;MA;Morocco;673;948830;21;14761;1.5557054477619805
2021-11-28;MA;Morocco;818;949648;13;14774;1.555734335248429
2021-12-05;MA;Morocco;853;950501;13;14787;1.5557058856329453
2021-12-12;MA;Morocco;879;951380;9;14796;1.5552145304715257
2021-12-19;MA;Morocco;1248;952628;12;14808;1.5544367790995015
2021-12-26;MA;Morocco;2959;955587;19;14827;1.5516117318464984
2022-01-02;MA;Morocco;9833;965420;24;14851;1.5382942139172588
2022-01-09;MA;Morocco;31701;997121;53;14904;1.4947032506586462
2022-01-16;MA;Morocco;46104;1043225;59;14963;1.4343022837834598
2022-01-23;MA;Morocco;50753;1093978;150;15113;1.3814720222892964
2022-01-30;MA;Morocco;35162;1129140;215;15328;1.3574933134952263
2022-02-06;MA;Morocco;16901;1146041;247;15575;1.35902642226587
2022-02-13;MA;Morocco;8490;1154531;191;15766;1.3655761517014269
2022-02-20;MA;Morocco;4138;1158669;115;15881;1.37062439747676
2022-02-27;MA;Morocco;2081;1160750;89;15970;1.3758345897049322
2022-03-06;MA;Morocco;836;1161586;45;16015;1.3787184074188223
2022-03-13;MA;Morocco;454;1162040;21;16036;1.3799869195552648
2022-03-20;MA;Morocco;404;1162444;15;16051;1.380797698641827
2022-03-27;MA;Morocco;479;1162923;6;16057;1.3807448988454094
2022-04-03;MA;Morocco;549;1163472;3;16060;1.380351224610476
2022-04-10;MA;Morocco;490;1163962;1;16061;1.379856043410352
2022-04-17;MA;Morocco;383;1164345;1;16062;1.3794880383391521
2022-04-24;MA;Morocco;325;1164670;3;16065;1.3793606772733908
2022-05-01;MA;Morocco;283;1164953;4;16069;1.3793689530822273
2022-05-08;MA;Morocco;253;1165206;1;16070;1.3791552738314083
2022-05-15;MA;Morocco;500;1165706;1;16071;1.3786495051067766
2022-05-22;MA;Morocco;824;1166530;4;16075;1.3780185678893813
2022-05-29;MA;Morocco;1202;1167732;1;16076;1.3766857463870135
2022-06-05;MA;Morocco;2188;1169920;3;16079;1.3743674781181618
2022-06-12;MA;Morocco;5184;1175104;3;16082;1.368559718969555
2022-06-19;MA;Morocco;9628;1184732;4;16086;1.357775429379809
2022-06-26;MA;Morocco;17729;1202461;12;16098;1.3387544377738654
2022-07-03;MA;Morocco;21124;1223585;18;16116;1.3171132369226493
2022-07-10;MA;Morocco;17262;1240847;35;16151;1.3016109157696316
2022-07-17;MA;Morocco;9663;1250510;27;16178;1.293712165436502
2022-07-24;MA;Morocco;6810;1257320;33;16211;1.2893296853625171
2022-07-31;MA;Morocco;3439;1260759;23;16234;1.2876370503799695
2022-08-07;MA;Morocco;1742;1262501;22;16256;1.2876029405125224
2022-08-14;MA;Morocco;872;1263373;12;16268;1.2876640548753218
2022-08-21;MA;Morocco;570;1263943;2;16270;1.287241592381935
2022-08-28;MA;Morocco;343;1264286;1;16271;1.2869714605714213
2022-09-04;MA;Morocco;245;1264531;3;16274;1.2869593548912601
2022-09-11;MA;Morocco;117;1264648;2;16276;1.2869984375098842
2022-09-18;MA;Morocco;114;1264762;1;16277;1.2869614994757907
2022-09-25;MA;Morocco;110;1264872;1;16278;1.2869286378384532
2022-10-02;MA;Morocco;89;1264961;0;16278;1.286838092241579
2022-10-09;MA;Morocco;125;1265086;0;16278;1.286710942971466
2022-10-16;MA;Morocco;115;1265201;0;16278;1.2865939878327632
2022-10-23;MA;Morocco;181;1265382;2;16280;1.2865680087119937
2022-10-30;MA;Morocco;190;1265572;1;16281;1.2864538722411685
2022-11-06;MA;Morocco;393;1265965;0;16281;1.286054511775602
2022-11-13;MA;Morocco;596;1266561;2;16283;1.2856072467097914
2022-11-20;MA;Morocco;705;1267266;0;16283;1.2848920431858821
2022-11-27;MA;Morocco;1029;1268295;1;16284;1.283928423592303
2022-12-04;MA;Morocco;1001;1269296;1;16285;1.2829946679104007
2022-12-11;MA;Morocco;823;1270119;3;16288;1.2823995231942835
2022-12-18;MA;Morocco;663;1270782;6;16294;1.28220261224978
2022-12-25;MA;Morocco;462;1271244;0;16294;1.281736629632077
2023-01-01;MA;Morocco;351;1271595;0;16294;1.2813828302250323
2023-01-08;MA;Morocco;273;1271868;1;16295;1.2811864124264467
2023-01-15;MA;Morocco;188;1272056;0;16295;1.2809970630223826
2023-01-22;MA;Morocco;119;1272175;1;16296;1.2809558433391632
2023-01-29;MA;Morocco;47;1272222;0;16296;1.280908520682711
2023-02-05;MA;Morocco;54;1272276;0;16296;1.2808541542872773
2023-02-12;MA;Morocco;56;1272332;0;16296;1.280797779195996
2023-02-19;MA;Morocco;39;1272371;0;16296;1.2807585209031014
2023-02-26;MA;Morocco;71;1272442;0;16296;1.2806870568560296
2023-03-05;MA;Morocco;44;1272486;0;16296;1.2806427732800203
2023-03-12;MA;Morocco;40;1272526;0;16296;1.2806025181410832
2023-03-19;MA;Morocco;59;1272585;0;16296;1.2805431464302974
2023-03-26;MA;Morocco;37;1272622;0;16296;1.2805059161322059
2023-04-02;MA;Morocco;57;1272679;0;16296;1.2804485655848803
2023-04-09;MA;Morocco;54;1272733;0;16296;1.2803942382259281
2023-04-16;MA;Morocco;156;1272889;0;16296;1.2802373184150384
2023-04-23;MA;Morocco;241;1273130;1;16297;1.280073519593443
2023-04-30;MA;Morocco;333;1273463;0;16297;1.2797387909974614
2023-05-07;MA;Morocco;369;1273832;0;16297;1.2793680799351876
2023-05-14;MA;Morocco;348;1274180;0;16297;1.279018662983252
2023-05-21;MA;Morocco;373;1274553;0;16297;1.2786443560997462
2023-05-28;MA;Morocco;180;1274733;0;16297;1.2784638037926372
2023-06-04;MA;Morocco;168;1274901;0;16297;1.2782953343043892
2023-06-11;MA;Morocco;102;1275003;0;16297;1.2781930709182645
2023-06-18;MA;Morocco;86;1275089;0;16297;1.2781068615602518
2023-06-25;MA;Morocco;47;1275136;0;16297;1.2780597520578196
2023-07-02;MA;Morocco;32;1275168;0;16297;1.278027679490075
2023-07-09;MA;Morocco;23;1275191;0;16297;1.2780046283262665
2023-07-16;MA;Morocco;33;1275224;0;16297;1.2779715563697045
2023-07-23;MA;Morocco;21;1275245;0;16297;1.2779505114703449
2023-07-30;MA;Morocco;28;1275273;0;16297;1.2779224526826805
2023-08-06;MA;Morocco;20;1275293;0;16297;1.2779024114458404
2023-08-13;MA;Morocco;27;1275320;0;16297;1.277875356773202
2023-08-20;MA;Morocco;74;1275394;0;16297;1.2778012128016911
2023-08-27;MA;Morocco;161;1275555;0;16297;1.2776399292856835
2023-09-03;MA;Morocco;309;1275864;0;16297;1.2773304991754606
2023-09-10;MA;Morocco;312;1276176;0;16297;1.2770182169230577
2023-09-17;MA;Morocco;254;1276430;0;16297;1.2767640998723
2023-09-24;MA;Morocco;205;1276635;0;16297;1.2765590791416497
2023-10-01;MA;Morocco;177;1276812;0;16297;1.2763821142031875
2023-10-08;MA;Morocco;138;1276950;0;16297;1.2762441755746115
2023-10-15;MA;Morocco;132;1277082;0;16297;1.276112262172672
2023-10-22;MA;Morocco;136;1277218;0;16297;1.2759763799132176
2023-10-29;MA;Morocco;124;1277342;0;16297;1.275852512482953
2023-11-05;MA;Morocco;0;1277342;0;16297;1.275852512482953
2023-11-12;MA;Morocco;196;1277538;0;16297;1.2756567710706062
2023-11-19;MA;Morocco;104;1277642;0;16297;1.2755529326681496
2023-11-26;MA;Morocco;104;1277746;0;16297;1.2754491111691997
2023-12-03;MA;Morocco;116;1277862;1;16298;1.275411585914598
2023-12-10;MA;Morocco;94;1277956;0;16298;1.2753177730688692
2023-12-17;MA;Morocco;99;1278055;0;16298;1.2752189850984503
2023-12-24;MA;Morocco;109;1278164;0;16298;1.275110236245114
2023-12-31;MA;Morocco;105;1278269;2;16300;1.2751619573031967
2024-01-07;MA;Morocco;130;1278399;0;16300;1.27503228647707
2024-01-14;MA;Morocco;113;1278512;1;16301;1.2749978099540715
2024-01-21;MA;Morocco;154;1278666;0;16301;1.274844251743614
2020-01-05;MZ;Mozambique;0;0;0;0;0.0
2020-01-12;MZ;Mozambique;0;0;0;0;0.0
2020-01-19;MZ;Mozambique;0;0;0;0;0.0
2020-01-26;MZ;Mozambique;0;0;0;0;0.0
2020-02-02;MZ;Mozambique;0;0;0;0;0.0
2020-02-09;MZ;Mozambique;0;0;0;0;0.0
2020-02-16;MZ;Mozambique;0;0;0;0;0.0
2020-02-23;MZ;Mozambique;0;0;0;0;0.0
2020-03-01;MZ;Mozambique;0;0;0;0;0.0
2020-03-08;MZ;Mozambique;0;0;0;0;0.0
2020-03-15;MZ;Mozambique;0;0;0;0;0.0
2020-03-22;MZ;Mozambique;0;0;0;0;0.0
2020-03-29;MZ;Mozambique;8;8;0;0;0.0
2020-04-05;MZ;Mozambique;2;10;0;0;0.0
2020-04-12;MZ;Mozambique;10;20;0;0;0.0
2020-04-19;MZ;Mozambique;15;35;0;0;0.0
2020-04-26;MZ;Mozambique;35;70;0;0;0.0
2020-05-03;MZ;Mozambique;10;80;0;0;0.0
2020-05-10;MZ;Mozambique;7;87;0;0;0.0
2020-05-17;MZ;Mozambique;42;129;0;0;0.0
2020-05-24;MZ;Mozambique;39;168;0;0;0.0
2020-05-31;MZ;Mozambique;76;244;2;2;0.819672131147541
2020-06-07;MZ;Mozambique;167;411;0;2;0.48661800486618007
2020-06-14;MZ;Mozambique;142;553;0;2;0.3616636528028933
2020-06-21;MZ;Mozambique;135;688;2;4;0.5813953488372093
2020-06-28;MZ;Mozambique;151;839;1;5;0.5959475566150179
2020-07-05;MZ;Mozambique;130;969;2;7;0.7223942208462332
2020-07-12;MZ;Mozambique;166;1135;2;9;0.7929515418502203
2020-07-19;MZ;Mozambique;300;1435;1;10;0.6968641114982579
2020-07-26;MZ;Mozambique;181;1616;1;11;0.6806930693069307
2020-08-02;MZ;Mozambique;291;1907;1;12;0.6292606187729418
2020-08-09;MZ;Mozambique;334;2241;6;18;0.8032128514056224
2020-08-16;MZ;Mozambique;550;2791;1;19;0.680759584378359
2020-08-23;MZ;Mozambique;513;3304;1;20;0.6053268765133172
2020-08-30;MZ;Mozambique;456;3760;2;22;0.5851063829787234
2020-09-06;MZ;Mozambique;581;4341;4;26;0.598940336328035
2020-09-13;MZ;Mozambique;699;5040;9;35;0.6944444444444444
2020-09-20;MZ;Mozambique;1497;6537;6;41;0.6271990209576258
2020-09-27;MZ;Mozambique;1220;7757;13;54;0.6961454170426712
2020-10-04;MZ;Mozambique;1292;9049;10;64;0.7072604707702508
2020-10-11;MZ;Mozambique;795;9844;7;71;0.7212515237708249
2020-10-18;MZ;Mozambique;863;10707;3;74;0.6911366395815821
2020-10-25;MZ;Mozambique;1188;11895;11;85;0.7145859604875998
2020-11-01;MZ;Mozambique;974;12869;7;92;0.7148962623358459
2020-11-08;MZ;Mozambique;708;13577;7;99;0.7291743389555867
2020-11-15;MZ;Mozambique;763;14340;11;110;0.7670850767085077
2020-11-22;MZ;Mozambique;641;14981;13;123;0.8210399839797076
2020-11-29;MZ;Mozambique;605;15586;6;129;0.8276658539715129
2020-12-06;MZ;Mozambique;547;16133;4;133;0.8243971982892208
2020-12-13;MZ;Mozambique;679;16812;7;140;0.8327385201046872
2020-12-20;MZ;Mozambique;665;17477;7;147;0.8411054528809293
2020-12-27;MZ;Mozambique;685;18162;12;159;0.8754542451271887
2021-01-03;MZ;Mozambique;806;18968;9;168;0.8857022353437369
2021-01-10;MZ;Mozambique;2393;21361;19;187;0.8754271803754506
2021-01-17;MZ;Mozambique;4501;25862;47;234;0.9048024128064343
2021-01-24;MZ;Mozambique;5766;31628;63;297;0.9390413557607182
2021-01-31;MZ;Mozambique;6077;37705;66;363;0.9627370375281793
2021-02-07;MZ;Mozambique;6407;44112;88;451;1.0223975335509612
2021-02-14;MZ;Mozambique;5339;49451;74;525;1.0616569937918343
2021-02-21;MZ;Mozambique;5517;54968;62;587;1.0678940474457868
2021-02-28;MZ;Mozambique;3804;58772;43;630;1.0719390185802762
2021-03-07;MZ;Mozambique;3359;62131;56;686;1.1041187169046047
2021-03-14;MZ;Mozambique;2165;64296;36;722;1.1229314420803782
2021-03-21;MZ;Mozambique;1768;66064;24;746;1.1292080406878178
2021-03-28;MZ;Mozambique;947;67011;16;762;1.1371267403859069
2021-04-04;MZ;Mozambique;994;68005;20;782;1.149915447393574
2021-04-11;MZ;Mozambique;573;68578;7;789;1.1505147423371926
2021-04-18;MZ;Mozambique;556;69134;9;798;1.1542800937310151
2021-04-25;MZ;Mozambique;509;69643;9;807;1.158766853811582
2021-05-02;MZ;Mozambique;322;69965;7;814;1.163438862288287
2021-05-09;MZ;Mozambique;201;70166;7;821;1.1700823760795827
2021-05-16;MZ;Mozambique;244;70410;5;826;1.1731288169294134
2021-05-23;MZ;Mozambique;158;70568;5;831;1.1775875751048634
2021-05-30;MZ;Mozambique;156;70724;5;836;1.1820598382444432
2021-06-06;MZ;Mozambique;358;71082;1;837;1.177513294504938
2021-06-13;MZ;Mozambique;379;71461;3;840;1.1754663382824198
2021-06-20;MZ;Mozambique;906;72367;7;847;1.1704229828512995
2021-06-27;MZ;Mozambique;2337;74704;20;867;1.1605804240736775
2021-07-04;MZ;Mozambique;4509;79213;30;897;1.1323898854985925
2021-07-11;MZ;Mozambique;8722;87935;65;962;1.0939898788878148
2021-07-18;MZ;Mozambique;10217;98152;137;1099;1.119691906430842
2021-07-25;MZ;Mozambique;10608;108760;158;1257;1.155755792570798
2021-08-01;MZ;Mozambique;13268;122028;177;1434;1.1751401317730357
2021-08-08;MZ;Mozambique;9771;131799;166;1600;1.2139697569784291
2021-08-15;MZ;Mozambique;6545;138344;107;1707;1.2338807610015612
2021-08-22;MZ;Mozambique;4179;142523;78;1785;1.252429432442483
2021-08-29;MZ;Mozambique;3201;145724;57;1842;1.2640333781669457
2021-09-05;MZ;Mozambique;2061;147785;35;1877;1.2700883039550699
2021-09-12;MZ;Mozambique;1303;149088;15;1892;1.2690491521785792
2021-09-19;MZ;Mozambique;893;149981;11;1903;1.2688273848020748
2021-09-26;MZ;Mozambique;513;150494;6;1909;1.2684891092003667
2021-10-03;MZ;Mozambique;296;150790;9;1918;1.2719676371112143
2021-10-10;MZ;Mozambique;173;150963;4;1922;1.2731596483906653
2021-10-17;MZ;Mozambique;134;151097;3;1925;1.2740160294380432
2021-10-24;MZ;Mozambique;123;151220;3;1928;1.2749636291495834
2021-10-31;MZ;Mozambique;68;151288;2;1930;1.27571254825234
2021-11-07;MZ;Mozambique;79;151367;4;1934;1.277689324621615
2021-11-14;MZ;Mozambique;55;151422;0;1934;1.2772252380763693
2021-11-21;MZ;Mozambique;66;151488;2;1936;1.2779890156316012
2021-11-28;MZ;Mozambique;32;151520;4;1940;1.2803590285110875
2021-12-05;MZ;Mozambique;348;151868;1;1941;1.2780835989148471
2021-12-12;MZ;Mozambique;1540;153408;1;1942;1.2659052982895287
2021-12-19;MZ;Mozambique;5955;159363;8;1950;1.2236215432691404
2021-12-26;MZ;Mozambique;5499;164862;10;1960;1.188873118123036
2022-01-02;MZ;Mozambique;26860;191722;52;2012;1.0494361627773547
2022-01-09;MZ;Mozambique;17667;209389;65;2077;0.9919336736886848
2022-01-16;MZ;Mozambique;9408;218797;46;2123;0.9703058085805565
2022-01-23;MZ;Mozambique;3618;222415;30;2153;0.9680102511071644
2022-01-30;MZ;Mozambique;1323;223738;14;2167;0.9685435643475852
2022-02-06;MZ;Mozambique;571;224309;16;2183;0.9732110615267332
2022-02-13;MZ;Mozambique;344;224653;6;2189;0.9743916172942272
2022-02-20;MZ;Mozambique;229;224882;0;2189;0.9733993827874173
2022-02-27;MZ;Mozambique;154;225036;3;2192;0.9740663716027658
2022-03-06;MZ;Mozambique;99;225135;4;2196;0.9754147511493104
2022-03-13;MZ;Mozambique;38;225173;2;2198;0.9761383469598931
2022-03-20;MZ;Mozambique;33;225206;1;2199;0.9764393488628189
2022-03-27;MZ;Mozambique;31;225237;1;2200;0.9767489355656486
2022-04-03;MZ;Mozambique;27;225264;0;2200;0.9766318630584558
2022-04-10;MZ;Mozambique;16;225280;0;2200;0.9765625
2022-04-17;MZ;Mozambique;43;225323;0;2200;0.9763761355920167
2022-04-24;MZ;Mozambique;35;225358;1;2201;0.9766682345423726
2022-05-01;MZ;Mozambique;29;225387;0;2201;0.9765425690035362
2022-05-08;MZ;Mozambique;32;225419;0;2201;0.9764039411052308
2022-05-15;MZ;Mozambique;74;225493;0;2201;0.9760835147875987
2022-05-22;MZ;Mozambique;70;225563;0;2201;0.9757806023150959
2022-05-29;MZ;Mozambique;138;225701;2;2203;0.9760701104558687
2022-06-05;MZ;Mozambique;232;225933;1;2204;0.9755104389354365
2022-06-12;MZ;Mozambique;392;226325;2;2206;0.9747045178393903
2022-06-19;MZ;Mozambique;758;227083;3;2209;0.9727720701241397
2022-06-26;MZ;Mozambique;444;227527;3;2212;0.9721923112421822
2022-07-03;MZ;Mozambique;495;228022;0;2212;0.9700818342089799
2022-07-10;MZ;Mozambique;617;228639;1;2213;0.9679013641592205
2022-07-17;MZ;Mozambique;381;229020;2;2215;0.9671644397869182
2022-07-24;MZ;Mozambique;331;229351;0;2215;0.9657686253820564
2022-07-31;MZ;Mozambique;213;229564;0;2215;0.9648725409907476
2022-08-07;MZ;Mozambique;132;229696;1;2216;0.9647534132070215
2022-08-14;MZ;Mozambique;182;229878;3;2219;0.9652946345452806
2022-08-21;MZ;Mozambique;114;229992;0;2219;0.9648161675188702
2022-08-28;MZ;Mozambique;72;230064;1;2220;0.9649488837888588
2022-09-04;MZ;Mozambique;61;230125;0;2220;0.9646931015752308
2022-09-11;MZ;Mozambique;46;230171;2;2222;0.9653692254888756
2022-09-18;MZ;Mozambique;48;230219;0;2222;0.9651679487792059
2022-09-25;MZ;Mozambique;0;230219;0;2222;0.9651679487792059
2022-10-02;MZ;Mozambique;93;230312;0;2222;0.9647782139011428
2022-10-09;MZ;Mozambique;58;230370;2;2224;0.9654034813560795
2022-10-16;MZ;Mozambique;31;230401;0;2224;0.9652735882222733
2022-10-23;MZ;Mozambique;30;230431;0;2224;0.9651479184658314
2022-10-30;MZ;Mozambique;44;230475;0;2224;0.9649636620023864
2022-11-06;MZ;Mozambique;24;230499;0;2224;0.9648631881266295
2022-11-13;MZ;Mozambique;44;230543;0;2224;0.964679040352559
2022-11-20;MZ;Mozambique;47;230590;0;2224;0.9644824146753979
2022-11-27;MZ;Mozambique;34;230624;2;2226;0.9652074372138199
2022-12-04;MZ;Mozambique;91;230715;0;2226;0.9648267342825564
2022-12-11;MZ;Mozambique;101;230816;3;2229;0.9657042839317898
2022-12-18;MZ;Mozambique;102;230918;0;2229;0.9652777176313669
2022-12-25;MZ;Mozambique;52;230970;1;2230;0.965493354115253
2023-01-01;MZ;Mozambique;69;231039;2;2232;0.9660706633944919
2023-01-08;MZ;Mozambique;180;231219;0;2232;0.9653185940601766
2023-01-15;MZ;Mozambique;185;231404;0;2232;0.9645468531226772
2023-01-22;MZ;Mozambique;590;231994;1;2233;0.9625248928851607
2023-01-29;MZ;Mozambique;516;232510;3;2236;0.9616790675669864
2023-02-05;MZ;Mozambique;309;232819;1;2237;0.9608322344825809
2023-02-12;MZ;Mozambique;184;233003;2;2239;0.9609318334957061
2023-02-19;MZ;Mozambique;95;233098;3;2242;0.9618272143047131
2023-02-26;MZ;Mozambique;50;233148;0;2242;0.9616209446360251
2023-03-05;MZ;Mozambique;66;233214;0;2242;0.9613488041026695
2023-03-12;MZ;Mozambique;0;233214;0;2242;0.9613488041026695
2023-03-19;MZ;Mozambique;0;233214;0;2242;0.9613488041026695
2023-03-26;MZ;Mozambique;120;233334;0;2242;0.9608543975588641
2023-04-02;MZ;Mozambique;9;233343;0;2242;0.9608173375674437
2023-04-09;MZ;Mozambique;27;233370;0;2242;0.9607061747439688
2023-04-16;MZ;Mozambique;12;233382;0;2242;0.9606567773007344
2023-04-23;MZ;Mozambique;16;233398;0;2242;0.9605909219444897
2023-04-30;MZ;Mozambique;19;233417;1;2243;0.9609411482454148
2023-05-07;MZ;Mozambique;0;233417;0;2243;0.9609411482454148
2023-05-14;MZ;Mozambique;0;233417;0;2243;0.9609411482454148
2023-05-21;MZ;Mozambique;0;233417;0;2243;0.9609411482454148
2023-05-28;MZ;Mozambique;0;233417;0;2243;0.9609411482454148
2023-06-04;MZ;Mozambique;0;233417;0;2243;0.9609411482454148
2023-06-11;MZ;Mozambique;0;233417;0;2243;0.9609411482454148
2023-06-18;MZ;Mozambique;0;233417;0;2243;0.9609411482454148
2023-06-25;MZ;Mozambique;0;233417;0;2243;0.9609411482454148
2023-07-02;MZ;Mozambique;0;233417;0;2243;0.9609411482454148
2023-07-09;MZ;Mozambique;0;233417;0;2243;0.9609411482454148
2023-07-16;MZ;Mozambique;0;233417;0;2243;0.9609411482454148
2023-07-23;MZ;Mozambique;0;233417;0;2243;0.9609411482454148
2023-07-30;MZ;Mozambique;0;233417;0;2243;0.9609411482454148
2023-08-06;MZ;Mozambique;0;233417;0;2243;0.9609411482454148
2023-08-13;MZ;Mozambique;214;233631;6;2249;0.9626291031583992
2023-08-20;MZ;Mozambique;3;233634;0;2249;0.962616742426188
2023-08-27;MZ;Mozambique;4;233638;0;2249;0.9626002619436906
2023-09-03;MZ;Mozambique;4;233642;0;2249;0.962583782025492
2023-09-10;MZ;Mozambique;3;233645;0;2249;0.9625714224571467
2023-09-17;MZ;Mozambique;4;233649;0;2249;0.9625549435264008
2023-09-24;MZ;Mozambique;2;233651;0;2249;0.9625467042726117
2023-10-01;MZ;Mozambique;1;233652;0;2249;0.9625425846986116
2023-10-08;MZ;Mozambique;2;233654;0;2249;0.962534345656398
2023-10-15;MZ;Mozambique;4;233658;0;2249;0.962517867995104
2023-10-22;MZ;Mozambique;1;233659;0;2249;0.9625137486679307
2023-10-29;MZ;Mozambique;3;233662;0;2249;0.9625013908979638
2023-11-05;MZ;Mozambique;2;233664;1;2250;0.9629211175020542
2023-11-12;MZ;Mozambique;4;233668;0;2250;0.962904633925056
2023-11-19;MZ;Mozambique;12;233680;0;2250;0.9628551865799384
2023-11-26;MZ;Mozambique;31;233711;0;2250;0.9627274711074789
2023-12-03;MZ;Mozambique;9;233720;0;2250;0.9626903987677562
2023-12-10;MZ;Mozambique;11;233731;0;2250;0.9626450920074787
2023-12-17;MZ;Mozambique;0;233731;0;2250;0.9626450920074787
2023-12-24;MZ;Mozambique;0;233731;0;2250;0.9626450920074787
2023-12-31;MZ;Mozambique;0;233731;0;2250;0.9626450920074787
2024-01-07;MZ;Mozambique;0;233731;0;2250;0.9626450920074787
2024-01-14;MZ;Mozambique;0;233731;0;2250;0.9626450920074787
2024-01-21;MZ;Mozambique;0;233731;0;2250;0.9626450920074787
2020-01-05;MM;Myanmar;0;0;0;0;0.0
2020-01-12;MM;Myanmar;0;0;0;0;0.0
2020-01-19;MM;Myanmar;0;0;0;0;0.0
2020-01-26;MM;Myanmar;0;0;0;0;0.0
2020-02-02;MM;Myanmar;0;0;0;0;0.0
2020-02-09;MM;Myanmar;0;0;0;0;0.0
2020-02-16;MM;Myanmar;0;0;0;0;0.0
2020-02-23;MM;Myanmar;0;0;0;0;0.0
2020-03-01;MM;Myanmar;0;0;0;0;0.0
2020-03-08;MM;Myanmar;0;0;0;0;0.0
2020-03-15;MM;Myanmar;0;0;0;0;0.0
2020-03-22;MM;Myanmar;0;0;0;0;0.0
2020-03-29;MM;Myanmar;8;8;0;0;0.0
2020-04-05;MM;Myanmar;13;21;1;1;4.761904761904762
2020-04-12;MM;Myanmar;17;38;2;3;7.894736842105263
2020-04-19;MM;Myanmar;69;107;2;5;4.672897196261682
2020-04-26;MM;Myanmar;39;146;0;5;3.4246575342465753
2020-05-03;MM;Myanmar;5;151;1;6;3.9735099337748347
2020-05-10;MM;Myanmar;27;178;0;6;3.3707865168539324
2020-05-17;MM;Myanmar;6;184;0;6;3.260869565217391
2020-05-24;MM;Myanmar;17;201;0;6;2.9850746268656714
2020-05-31;MM;Myanmar;23;224;0;6;2.6785714285714284
2020-06-07;MM;Myanmar;18;242;0;6;2.479338842975207
2020-06-14;MM;Myanmar;19;261;0;6;2.2988505747126435
2020-06-21;MM;Myanmar;29;290;0;6;2.0689655172413794
2020-06-28;MM;Myanmar;9;299;0;6;2.0066889632107023
2020-07-05;MM;Myanmar;14;313;0;6;1.9169329073482428
2020-07-12;MM;Myanmar;18;331;0;6;1.812688821752266
2020-07-19;MM;Myanmar;10;341;0;6;1.7595307917888565
2020-07-26;MM;Myanmar;9;350;0;6;1.7142857142857144
2020-08-02;MM;Myanmar;3;353;0;6;1.69971671388102
2020-08-09;MM;Myanmar;7;360;0;6;1.6666666666666667
2020-08-16;MM;Myanmar;14;374;0;6;1.6042780748663104
2020-08-23;MM;Myanmar;70;444;0;6;1.3513513513513513
2020-08-30;MM;Myanmar;331;775;0;6;0.7741935483870968
2020-09-06;MM;Myanmar;644;1419;2;8;0.5637773079633545
2020-09-13;MM;Myanmar;1513;2932;12;20;0.6821282401091405
2020-09-20;MM;Myanmar;2331;5263;69;89;1.6910507315219456
2020-09-27;MM;Myanmar;4728;9991;109;198;1.9817836052447202
2020-10-04;MM;Myanmar;6512;16503;173;371;2.248076107374417
2020-10-11;MM;Myanmar;9561;26064;227;598;2.294352363413137
2020-10-18;MM;Myanmar;8811;34875;240;838;2.402867383512545
2020-10-25;MM;Myanmar;8913;43788;228;1066;2.4344569288389515
2020-11-01;MM;Myanmar;8918;52706;171;1237;2.34698136834516
2020-11-08;MM;Myanmar;7642;60348;159;1396;2.3132498177238685
2020-11-15;MM;Myanmar;7530;67878;156;1552;2.286455110639677
2020-11-22;MM;Myanmar;9970;77848;170;1722;2.212002877402117
2020-11-29;MM;Myanmar;10129;87977;165;1887;2.1448787751344103
2020-12-06;MM;Myanmar;10070;98047;194;2081;2.122451477352698
2020-12-13;MM;Myanmar;9168;107215;164;2245;2.0939234248939047
2020-12-20;MM;Myanmar;7972;115187;179;2424;2.1044041428286175
2020-12-27;MM;Myanmar;6699;121886;177;2601;2.1339612424724743
2021-01-03;MM;Myanmar;4459;126345;127;2728;2.159167359214848
2021-01-10;MM;Myanmar;4259;130604;118;2846;2.1791063060855715
2021-01-17;MM;Myanmar;3714;134318;109;2955;2.200002978007415
2021-01-24;MM;Myanmar;3256;137574;107;3062;2.2257112535798913
2021-01-31;MM;Myanmar;2571;140145;69;3131;2.2341146669520855
2021-02-07;MM;Myanmar;1159;141304;37;3168;2.2419747494763063
2021-02-14;MM;Myanmar;297;141601;21;3189;2.2521027393874338
2021-02-21;MM;Myanmar;149;141750;7;3196;2.254673721340388
2021-02-28;MM;Myanmar;146;141896;3;3199;2.254468061115183
2021-03-07;MM;Myanmar;138;142034;1;3200;2.2529816804427107
2021-03-14;MM;Myanmar;113;142147;2;3202;2.252597662982687
2021-03-21;MM;Myanmar;65;142212;2;3204;2.2529744325373384
2021-03-28;MM;Myanmar;173;142385;2;3206;2.251641675738315
2021-04-04;MM;Myanmar;126;142511;0;3206;2.249650904140733
2021-04-11;MM;Myanmar;76;142587;0;3206;2.248451822396151
2021-04-18;MM;Myanmar;57;142644;0;3206;2.2475533495975997
2021-04-25;MM;Myanmar;78;142722;1;3207;2.247025686299239
2021-05-02;MM;Myanmar;116;142838;2;3209;2.2466010445399682
2021-05-09;MM;Myanmar;116;142954;1;3210;2.2454775662101096
2021-05-16;MM;Myanmar;111;143065;2;3212;2.24513333100339
2021-05-23;MM;Myanmar;169;143234;4;3216;2.2452769593811523
2021-05-30;MM;Myanmar;337;143571;0;3216;2.240006686587124
2021-06-06;MM;Myanmar;746;144317;9;3225;2.234663968901793
2021-06-13;MM;Myanmar;1286;145603;19;3244;2.227976071921595
2021-06-20;MM;Myanmar;2419;148022;18;3262;2.2037264730918373
2021-06-27;MM;Myanmar;5138;153160;35;3297;2.152650822669104
2021-07-04;MM;Myanmar;12245;165405;122;3419;2.0670475499531453
2021-07-11;MM;Myanmar;26808;192213;419;3838;1.9967431963498827
2021-07-18;MM;Myanmar;37308;229521;1162;5000;2.1784499021875994
2021-07-25;MM;Myanmar;40004;269525;2111;7111;2.638345236991003
2021-08-01;MM;Myanmar;33140;302665;2620;9731;3.2151058100540206
2021-08-08;MM;Myanmar;26851;329516;2045;11776;3.573726313745008
2021-08-15;MM;Myanmar;24763;354279;1487;13263;3.743659658066101
2021-08-22;MM;Myanmar;19406;373685;1111;14374;3.846555253756506
2021-08-29;MM;Myanmar;18615;392300;809;15183;3.870252357889371
2021-09-05;MM;Myanmar;23116;415416;708;15891;3.8253220867756657
2021-09-12;MM;Myanmar;16417;431833;639;16530;3.827868643665491
2021-09-19;MM;Myanmar;14740;446573;543;17073;3.823115145788035
2021-09-26;MM;Myanmar;11581;458154;454;17527;3.825569568311092
2021-10-03;MM;Myanmar;10309;468463;356;17883;3.817377252846009
2021-10-10;MM;Myanmar;10188;478651;251;18134;3.7885641103852286
2021-10-17;MM;Myanmar;9202;487853;225;18359;3.763223757976276
2021-10-24;MM;Myanmar;6410;494263;179;18538;3.7506347835059475
2021-10-31;MM;Myanmar;5810;500073;159;18697;3.7388541272974147
2021-11-07;MM;Myanmar;6743;506816;124;18821;3.7135765248137393
2021-11-14;MM;Myanmar;6446;513262;108;18929;3.6879800180025013
2021-11-21;MM;Myanmar;4660;517922;96;19025;3.673333050150409
2021-11-28;MM;Myanmar;3639;521561;63;19088;3.659782844192722
2021-12-05;MM;Myanmar;2846;524407;53;19141;3.650027554933477
2021-12-12;MM;Myanmar;2254;526661;42;19183;3.64238096232681
2021-12-19;MM;Myanmar;1592;528253;37;19220;3.638408111264867
2021-12-26;MM;Myanmar;1360;529613;34;19254;3.63548477850808
2022-01-02;MM;Myanmar;1412;531025;20;19274;3.6295842945247396
2022-01-09;MM;Myanmar;1037;532062;17;19291;3.62570527494916
2022-01-16;MM;Myanmar;1082;533144;11;19302;3.620410245637201
2022-01-23;MM;Myanmar;927;534071;8;19310;3.6156241398615543
2022-01-30;MM;Myanmar;1183;535254;0;19310;3.607633011616915
2022-02-06;MM;Myanmar;2647;537901;0;19310;3.5898799221418067
2022-02-13;MM;Myanmar;8870;546771;0;19310;3.531643046174724
2022-02-20;MM;Myanmar;18896;565667;21;19331;3.417381604371476
2022-02-27;MM;Myanmar;20531;586198;34;19365;3.30349131180932
2022-03-06;MM;Myanmar;12248;598446;24;19389;3.2398913185149536
2022-03-13;MM;Myanmar;6901;605347;20;19409;3.2062602110855423
2022-03-20;MM;Myanmar;3643;608990;16;19425;3.189707548564016
2022-03-27;MM;Myanmar;1868;610858;5;19430;3.180771963369556
2022-04-03;MM;Myanmar;1017;611875;3;19433;3.1759754851889683
2022-04-10;MM;Myanmar;466;612341;1;19434;3.173721831463188
2022-04-17;MM;Myanmar;224;612565;0;19434;3.1725612792111857
2022-04-24;MM;Myanmar;184;612749;0;19434;3.171608603196415
2022-05-01;MM;Myanmar;151;612900;0;19434;3.170827214880078
2022-05-08;MM;Myanmar;153;613053;0;19434;3.1700358696556417
2022-05-15;MM;Myanmar;87;613140;0;19434;3.1695860651727172
2022-05-22;MM;Myanmar;82;613222;0;19434;3.169162228361018
2022-05-29;MM;Myanmar;93;613315;0;19434;3.1686816725499947
2022-06-05;MM;Myanmar;67;613382;0;19434;3.168335555983058
2022-06-12;MM;Myanmar;61;613443;0;19434;3.168020500682215
2022-06-19;MM;Myanmar;47;613490;0;19434;3.167777795889094
2022-06-26;MM;Myanmar;66;613556;0;19434;3.16743703916187
2022-07-03;MM;Myanmar;92;613648;0;19434;3.16696216723594
2022-07-10;MM;Myanmar;88;613736;0;19434;3.166508075133282
2022-07-17;MM;Myanmar;80;613816;0;19434;3.1660953771162696
2022-07-24;MM;Myanmar;135;613951;0;19434;3.1653991930952143
2022-07-31;MM;Myanmar;141;614092;0;19434;3.1646723943643624
2022-08-07;MM;Myanmar;106;614198;0;19434;3.164126226396048
2022-08-14;MM;Myanmar;191;614389;1;19435;3.1633053326150047
2022-08-21;MM;Myanmar;265;614654;2;19437;3.1622669013786617
2022-08-28;MM;Myanmar;308;614962;0;19437;3.1606830991183195
2022-09-04;MM;Myanmar;597;615559;3;19440;3.1581050719752293
2022-09-11;MM;Myanmar;1293;616852;2;19442;3.1518095102228734
2022-09-18;MM;Myanmar;2046;618898;4;19446;3.1420363290881532
2022-09-25;MM;Myanmar;2504;621402;9;19455;3.13082352486796
2022-10-02;MM;Myanmar;2512;623914;6;19461;3.119179886971602
2022-10-09;MM;Myanmar;2544;626458;6;19467;3.107470891903368
2022-10-16;MM;Myanmar;2119;628577;3;19470;3.0974725451297136
2022-10-23;MM;Myanmar;2026;630603;6;19476;3.088472462072017
2022-10-30;MM;Myanmar;1022;631625;6;19482;3.0844250940035622
2022-11-06;MM;Myanmar;649;632274;3;19485;3.0817335522257756
2022-11-13;MM;Myanmar;405;632679;1;19486;3.079918884616053
2022-11-20;MM;Myanmar;326;633005;1;19487;3.0784906912267673
2022-11-27;MM;Myanmar;162;633167;1;19488;3.07786097506661
2022-12-04;MM;Myanmar;151;633318;0;19488;3.0771271304463164
2022-12-11;MM;Myanmar;139;633457;0;19488;3.076451913863135
2022-12-18;MM;Myanmar;98;633555;0;19488;3.0759760399649596
2022-12-25;MM;Myanmar;57;633612;2;19490;3.0760149744638676
2023-01-01;MM;Myanmar;73;633685;0;19490;3.0756606200241445
2023-01-08;MM;Myanmar;32;633717;0;19490;3.0755053123081755
2023-01-15;MM;Myanmar;33;633750;0;19490;3.07534516765286
2023-01-22;MM;Myanmar;51;633801;0;19490;3.075097704168974
2023-01-29;MM;Myanmar;18;633819;0;19490;3.0750103736240155
2023-02-05;MM;Myanmar;23;633842;0;19490;3.074898791812471
2023-02-12;MM;Myanmar;24;633866;0;19490;3.0747823672511223
2023-02-19;MM;Myanmar;35;633901;0;19490;3.0746125972352147
2023-02-26;MM;Myanmar;10;633911;0;19490;3.074564094959703
2023-03-05;MM;Myanmar;35;633946;0;19490;3.074394349045502
2023-03-12;MM;Myanmar;9;633955;0;19490;3.074350703125616
2023-03-19;MM;Myanmar;37;633992;0;19490;3.0741712829183965
2023-03-26;MM;Myanmar;81;634073;0;19490;3.073778571237066
2023-04-02;MM;Myanmar;12;634085;0;19490;3.0737204002617946
2023-04-09;MM;Myanmar;13;634098;0;19490;3.0736573841898256
2023-04-16;MM;Myanmar;62;634160;0;19490;3.0733568815440897
2023-04-23;MM;Myanmar;189;634349;0;19490;3.072441195619446
2023-04-30;MM;Myanmar;528;634877;2;19492;3.070200999563695
2023-05-07;MM;Myanmar;1154;636031;0;19492;3.064630497570087
2023-05-14;MM;Myanmar;1218;637249;2;19494;3.0590867933884556
2023-05-21;MM;Myanmar;785;638034;0;19494;3.0553230705573684
2023-05-28;MM;Myanmar;634;638668;0;19494;3.052290078726349
2023-06-04;MM;Myanmar;507;639175;0;19494;3.04986897172136
2023-06-11;MM;Myanmar;487;639662;0;19494;3.04754698575185
2023-06-18;MM;Myanmar;387;640049;0;19494;3.0457043132635158
2023-06-25;MM;Myanmar;253;640302;0;19494;3.0445008761490673
2023-07-02;MM;Myanmar;194;640496;0;19494;3.0435787264869725
2023-07-09;MM;Myanmar;263;640759;0;19494;3.042329487373568
2023-07-16;MM;Myanmar;127;640886;0;19494;3.0417266097246625
2023-07-23;MM;Myanmar;91;640977;0;19494;3.0412947734474094
2023-07-30;MM;Myanmar;79;641056;0;19494;3.040919982029651
2023-08-06;MM;Myanmar;34;641090;0;19494;3.0407587078257343
2023-08-13;MM;Myanmar;41;641131;0;19494;3.0405642528594004
2023-08-20;MM;Myanmar;17;641148;0;19494;3.0404836324842313
2023-08-27;MM;Myanmar;19;641167;0;19494;3.040393532418231
2023-09-03;MM;Myanmar;21;641188;0;19494;3.040293954347243
2023-09-10;MM;Myanmar;26;641214;0;19494;3.0401706762484912
2023-09-17;MM;Myanmar;11;641225;0;19494;3.0401185231393035
2023-09-24;MM;Myanmar;28;641253;0;19494;3.039985777844314
2023-10-01;MM;Myanmar;27;641280;0;19494;3.039857784431138
2023-10-08;MM;Myanmar;27;641307;0;19494;3.039729801795396
2023-10-15;MM;Myanmar;17;641324;0;19494;3.039649225664407
2023-10-22;MM;Myanmar;11;641335;0;19494;3.0395970904441514
2023-10-29;MM;Myanmar;6;641341;0;19494;3.039568653805074
2023-11-05;MM;Myanmar;15;641356;0;19494;3.039497564535141
2023-11-12;MM;Myanmar;10;641366;0;19494;3.0394501735358594
2023-11-19;MM;Myanmar;8;641374;0;19494;3.039412261800447
2023-11-26;MM;Myanmar;2;641376;0;19494;3.039402784014369
2023-12-03;MM;Myanmar;7;641383;0;19494;3.0393696122285747
2023-12-10;MM;Myanmar;3;641386;0;19494;3.0393553959706012
2023-12-17;MM;Myanmar;7;641393;0;19494;3.039322225219171
2023-12-24;MM;Myanmar;29;641422;0;19494;3.0391848112475093
2023-12-31;MM;Myanmar;26;641448;0;19494;3.0390616230777865
2024-01-07;MM;Myanmar;48;641496;0;19494;3.0388342249990647
2024-01-14;MM;Myanmar;54;641550;0;19494;3.0385784428337623
2024-01-21;MM;Myanmar;64;641614;0;19494;3.0382753493533494
2020-01-05;NR;Nauru;0;0;0;0;0.0
2020-01-12;NR;Nauru;0;0;0;0;0.0
2020-01-19;NR;Nauru;0;0;0;0;0.0
2020-01-26;NR;Nauru;0;0;0;0;0.0
2020-02-02;NR;Nauru;0;0;0;0;0.0
2020-02-09;NR;Nauru;0;0;0;0;0.0
2020-02-16;NR;Nauru;0;0;0;0;0.0
2020-02-23;NR;Nauru;0;0;0;0;0.0
2020-03-01;NR;Nauru;0;0;0;0;0.0
2020-03-08;NR;Nauru;0;0;0;0;0.0
2020-03-15;NR;Nauru;0;0;0;0;0.0
2020-03-22;NR;Nauru;0;0;0;0;0.0
2020-03-29;NR;Nauru;0;0;0;0;0.0
2020-04-05;NR;Nauru;0;0;0;0;0.0
2020-04-12;NR;Nauru;0;0;0;0;0.0
2020-04-19;NR;Nauru;0;0;0;0;0.0
2020-04-26;NR;Nauru;0;0;0;0;0.0
2020-05-03;NR;Nauru;0;0;0;0;0.0
2020-05-10;NR;Nauru;0;0;0;0;0.0
2020-05-17;NR;Nauru;0;0;0;0;0.0
2020-05-24;NR;Nauru;0;0;0;0;0.0
2020-05-31;NR;Nauru;0;0;0;0;0.0
2020-06-07;NR;Nauru;0;0;0;0;0.0
2020-06-14;NR;Nauru;0;0;0;0;0.0
2020-06-21;NR;Nauru;0;0;0;0;0.0
2020-06-28;NR;Nauru;0;0;0;0;0.0
2020-07-05;NR;Nauru;0;0;0;0;0.0
2020-07-12;NR;Nauru;0;0;0;0;0.0
2020-07-19;NR;Nauru;0;0;0;0;0.0
2020-07-26;NR;Nauru;0;0;0;0;0.0
2020-08-02;NR;Nauru;0;0;0;0;0.0
2020-08-09;NR;Nauru;0;0;0;0;0.0
2020-08-16;NR;Nauru;0;0;0;0;0.0
2020-08-23;NR;Nauru;0;0;0;0;0.0
2020-08-30;NR;Nauru;0;0;0;0;0.0
2020-09-06;NR;Nauru;0;0;0;0;0.0
2020-09-13;NR;Nauru;0;0;0;0;0.0
2020-09-20;NR;Nauru;0;0;0;0;0.0
2020-09-27;NR;Nauru;0;0;0;0;0.0
2020-10-04;NR;Nauru;0;0;0;0;0.0
2020-10-11;NR;Nauru;0;0;0;0;0.0
2020-10-18;NR;Nauru;0;0;0;0;0.0
2020-10-25;NR;Nauru;0;0;0;0;0.0
2020-11-01;NR;Nauru;0;0;0;0;0.0
2020-11-08;NR;Nauru;0;0;0;0;0.0
2020-11-15;NR;Nauru;0;0;0;0;0.0
2020-11-22;NR;Nauru;0;0;0;0;0.0
2020-11-29;NR;Nauru;0;0;0;0;0.0
2020-12-06;NR;Nauru;0;0;0;0;0.0
2020-12-13;NR;Nauru;0;0;0;0;0.0
2020-12-20;NR;Nauru;0;0;0;0;0.0
2020-12-27;NR;Nauru;0;0;0;0;0.0
2021-01-03;NR;Nauru;0;0;0;0;0.0
2021-01-10;NR;Nauru;0;0;0;0;0.0
2021-01-17;NR;Nauru;0;0;0;0;0.0
2021-01-24;NR;Nauru;0;0;0;0;0.0
2021-01-31;NR;Nauru;0;0;0;0;0.0
2021-02-07;NR;Nauru;0;0;0;0;0.0
2021-02-14;NR;Nauru;0;0;0;0;0.0
2021-02-21;NR;Nauru;0;0;0;0;0.0
2021-02-28;NR;Nauru;0;0;0;0;0.0
2021-03-07;NR;Nauru;0;0;0;0;0.0
2021-03-14;NR;Nauru;0;0;0;0;0.0
2021-03-21;NR;Nauru;0;0;0;0;0.0
2021-03-28;NR;Nauru;0;0;0;0;0.0
2021-04-04;NR;Nauru;0;0;0;0;0.0
2021-04-11;NR;Nauru;0;0;0;0;0.0
2021-04-18;NR;Nauru;0;0;0;0;0.0
2021-04-25;NR;Nauru;0;0;0;0;0.0
2021-05-02;NR;Nauru;0;0;0;0;0.0
2021-05-09;NR;Nauru;0;0;0;0;0.0
2021-05-16;NR;Nauru;0;0;0;0;0.0
2021-05-23;NR;Nauru;0;0;0;0;0.0
2021-05-30;NR;Nauru;0;0;0;0;0.0
2021-06-06;NR;Nauru;0;0;0;0;0.0
2021-06-13;NR;Nauru;0;0;0;0;0.0
2021-06-20;NR;Nauru;0;0;0;0;0.0
2021-06-27;NR;Nauru;0;0;0;0;0.0
2021-07-04;NR;Nauru;0;0;0;0;0.0
2021-07-11;NR;Nauru;0;0;0;0;0.0
2021-07-18;NR;Nauru;0;0;0;0;0.0
2021-07-25;NR;Nauru;0;0;0;0;0.0
2021-08-01;NR;Nauru;0;0;0;0;0.0
2021-08-08;NR;Nauru;0;0;0;0;0.0
2021-08-15;NR;Nauru;0;0;0;0;0.0
2021-08-22;NR;Nauru;0;0;0;0;0.0
2021-08-29;NR;Nauru;0;0;0;0;0.0
2021-09-05;NR;Nauru;0;0;0;0;0.0
2021-09-12;NR;Nauru;0;0;0;0;0.0
2021-09-19;NR;Nauru;0;0;0;0;0.0
2021-09-26;NR;Nauru;0;0;0;0;0.0
2021-10-03;NR;Nauru;0;0;0;0;0.0
2021-10-10;NR;Nauru;0;0;0;0;0.0
2021-10-17;NR;Nauru;0;0;0;0;0.0
2021-10-24;NR;Nauru;0;0;0;0;0.0
2021-10-31;NR;Nauru;0;0;0;0;0.0
2021-11-07;NR;Nauru;0;0;0;0;0.0
2021-11-14;NR;Nauru;0;0;0;0;0.0
2021-11-21;NR;Nauru;0;0;0;0;0.0
2021-11-28;NR;Nauru;0;0;0;0;0.0
2021-12-05;NR;Nauru;0;0;0;0;0.0
2021-12-12;NR;Nauru;0;0;0;0;0.0
2021-12-19;NR;Nauru;0;0;0;0;0.0
2021-12-26;NR;Nauru;0;0;0;0;0.0
2022-01-02;NR;Nauru;0;0;0;0;0.0
2022-01-09;NR;Nauru;0;0;0;0;0.0
2022-01-16;NR;Nauru;0;0;0;0;0.0
2022-01-23;NR;Nauru;0;0;0;0;0.0
2022-01-30;NR;Nauru;0;0;0;0;0.0
2022-02-06;NR;Nauru;0;0;0;0;0.0
2022-02-13;NR;Nauru;0;0;0;0;0.0
2022-02-20;NR;Nauru;0;0;0;0;0.0
2022-02-27;NR;Nauru;0;0;0;0;0.0
2022-03-06;NR;Nauru;0;0;0;0;0.0
2022-03-13;NR;Nauru;0;0;0;0;0.0
2022-03-20;NR;Nauru;0;0;0;0;0.0
2022-03-27;NR;Nauru;0;0;0;0;0.0
2022-04-03;NR;Nauru;2;2;0;0;0.0
2022-04-10;NR;Nauru;1;3;0;0;0.0
2022-04-17;NR;Nauru;0;3;0;0;0.0
2022-04-24;NR;Nauru;0;3;0;0;0.0
2022-05-01;NR;Nauru;0;3;0;0;0.0
2022-05-08;NR;Nauru;0;3;0;0;0.0
2022-05-15;NR;Nauru;0;3;0;0;0.0
2022-05-22;NR;Nauru;0;3;0;0;0.0
2022-05-29;NR;Nauru;0;3;0;0;0.0
2022-06-05;NR;Nauru;0;3;0;0;0.0
2022-06-12;NR;Nauru;0;3;0;0;0.0
2022-06-19;NR;Nauru;347;350;0;0;0.0
2022-06-26;NR;Nauru;2055;2405;0;0;0.0
2022-07-03;NR;Nauru;1565;3970;1;1;0.025188916876574305
2022-07-10;NR;Nauru;365;4335;0;1;0.02306805074971165
2022-07-17;NR;Nauru;0;4335;0;1;0.02306805074971165
2022-07-24;NR;Nauru;67;4402;0;1;0.022716946842344387
2022-07-31;NR;Nauru;5;4407;0;1;0.02269117313365101
2022-08-07;NR;Nauru;2;4409;0;1;0.022680880018144705
2022-08-14;NR;Nauru;196;4605;0;1;0.02171552660152009
2022-08-21;NR;Nauru;5;4610;0;1;0.021691973969631236
2022-08-28;NR;Nauru;0;4610;0;1;0.021691973969631236
2022-09-04;NR;Nauru;0;4610;0;1;0.021691973969631236
2022-09-11;NR;Nauru;0;4610;0;1;0.021691973969631236
2022-09-18;NR;Nauru;0;4610;0;1;0.021691973969631236
2022-09-25;NR;Nauru;0;4610;0;1;0.021691973969631236
2022-10-02;NR;Nauru;0;4610;0;1;0.021691973969631236
2022-10-09;NR;Nauru;0;4610;0;1;0.021691973969631236
2022-10-16;NR;Nauru;0;4610;0;1;0.021691973969631236
2022-10-23;NR;Nauru;0;4610;0;1;0.021691973969631236
2022-10-30;NR;Nauru;0;4610;0;1;0.021691973969631236
2022-11-06;NR;Nauru;0;4610;0;1;0.021691973969631236
2022-11-13;NR;Nauru;8;4618;0;1;0.021654395842355997
2022-11-20;NR;Nauru;3;4621;0;1;0.02164033758926639
2022-11-27;NR;Nauru;0;4621;0;1;0.02164033758926639
2022-12-04;NR;Nauru;0;4621;0;1;0.02164033758926639
2022-12-11;NR;Nauru;0;4621;0;1;0.02164033758926639
2022-12-18;NR;Nauru;0;4621;0;1;0.02164033758926639
2022-12-25;NR;Nauru;0;4621;0;1;0.02164033758926639
2023-01-01;NR;Nauru;0;4621;0;1;0.02164033758926639
2023-01-08;NR;Nauru;0;4621;0;1;0.02164033758926639
2023-01-15;NR;Nauru;0;4621;0;1;0.02164033758926639
2023-01-22;NR;Nauru;0;4621;0;1;0.02164033758926639
2023-01-29;NR;Nauru;67;4688;0;1;0.021331058020477817
2023-02-05;NR;Nauru;0;4688;0;1;0.021331058020477817
2023-02-12;NR;Nauru;127;4815;0;1;0.020768431983385256
2023-02-19;NR;Nauru;306;5121;0;1;0.019527436047646944
2023-02-26;NR;Nauru;126;5247;0;1;0.01905850962454736
2023-03-05;NR;Nauru;37;5284;0;1;0.018925056775170326
2023-03-12;NR;Nauru;72;5356;0;1;0.018670649738610906
2023-03-19;NR;Nauru;37;5393;0;1;0.018542555164101613
2023-03-26;NR;Nauru;0;5393;0;1;0.018542555164101613
2023-04-02;NR;Nauru;0;5393;0;1;0.018542555164101613
2023-04-09;NR;Nauru;0;5393;0;1;0.018542555164101613
2023-04-16;NR;Nauru;0;5393;0;1;0.018542555164101613
2023-04-23;NR;Nauru;0;5393;0;1;0.018542555164101613
2023-04-30;NR;Nauru;0;5393;0;1;0.018542555164101613
2023-05-07;NR;Nauru;0;5393;0;1;0.018542555164101613
2023-05-14;NR;Nauru;0;5393;0;1;0.018542555164101613
2023-05-21;NR;Nauru;0;5393;0;1;0.018542555164101613
2023-05-28;NR;Nauru;0;5393;0;1;0.018542555164101613
2023-06-04;NR;Nauru;0;5393;0;1;0.018542555164101613
2023-06-11;NR;Nauru;0;5393;0;1;0.018542555164101613
2023-06-18;NR;Nauru;0;5393;0;1;0.018542555164101613
2023-06-25;NR;Nauru;0;5393;0;1;0.018542555164101613
2023-07-02;NR;Nauru;0;5393;0;1;0.018542555164101613
2023-07-09;NR;Nauru;0;5393;0;1;0.018542555164101613
2023-07-16;NR;Nauru;0;5393;0;1;0.018542555164101613
2023-07-23;NR;Nauru;0;5393;0;1;0.018542555164101613
2023-07-30;NR;Nauru;0;5393;0;1;0.018542555164101613
2023-08-06;NR;Nauru;0;5393;0;1;0.018542555164101613
2023-08-13;NR;Nauru;0;5393;0;1;0.018542555164101613
2023-08-20;NR;Nauru;0;5393;0;1;0.018542555164101613
2023-08-27;NR;Nauru;0;5393;0;1;0.018542555164101613
2023-09-03;NR;Nauru;0;5393;0;1;0.018542555164101613
2023-09-10;NR;Nauru;0;5393;0;1;0.018542555164101613
2023-09-17;NR;Nauru;0;5393;0;1;0.018542555164101613
2023-09-24;NR;Nauru;0;5393;0;1;0.018542555164101613
2023-10-01;NR;Nauru;0;5393;0;1;0.018542555164101613
2023-10-08;NR;Nauru;0;5393;0;1;0.018542555164101613
2023-10-15;NR;Nauru;0;5393;0;1;0.018542555164101613
2023-10-22;NR;Nauru;0;5393;0;1;0.018542555164101613
2023-10-29;NR;Nauru;0;5393;0;1;0.018542555164101613
2023-11-05;NR;Nauru;0;5393;0;1;0.018542555164101613
2023-11-12;NR;Nauru;0;5393;0;1;0.018542555164101613
2023-11-19;NR;Nauru;0;5393;0;1;0.018542555164101613
2023-11-26;NR;Nauru;0;5393;0;1;0.018542555164101613
2023-12-03;NR;Nauru;0;5393;0;1;0.018542555164101613
2023-12-10;NR;Nauru;0;5393;0;1;0.018542555164101613
2023-12-17;NR;Nauru;0;5393;0;1;0.018542555164101613
2023-12-24;NR;Nauru;0;5393;0;1;0.018542555164101613
2023-12-31;NR;Nauru;0;5393;0;1;0.018542555164101613
2024-01-07;NR;Nauru;0;5393;0;1;0.018542555164101613
2024-01-14;NR;Nauru;0;5393;0;1;0.018542555164101613
2024-01-21;NR;Nauru;0;5393;0;1;0.018542555164101613
2020-01-05;NP;Nepal;0;0;0;0;0.0
2020-01-12;NP;Nepal;0;0;0;0;0.0
2020-01-19;NP;Nepal;0;0;0;0;0.0
2020-01-26;NP;Nepal;5;5;0;0;0.0
2020-02-02;NP;Nepal;0;5;0;0;0.0
2020-02-09;NP;Nepal;0;5;0;0;0.0
2020-02-16;NP;Nepal;0;5;0;0;0.0
2020-02-23;NP;Nepal;0;5;0;0;0.0
2020-03-01;NP;Nepal;0;5;0;0;0.0
2020-03-08;NP;Nepal;0;5;0;0;0.0
2020-03-15;NP;Nepal;0;5;0;0;0.0
2020-03-22;NP;Nepal;0;5;0;0;0.0
2020-03-29;NP;Nepal;0;5;0;0;0.0
2020-04-05;NP;Nepal;4;9;0;0;0.0
2020-04-12;NP;Nepal;3;12;0;0;0.0
2020-04-19;NP;Nepal;19;31;0;0;0.0
2020-04-26;NP;Nepal;20;51;0;0;0.0
2020-05-03;NP;Nepal;24;75;0;0;0.0
2020-05-10;NP;Nepal;35;110;0;0;0.0
2020-05-17;NP;Nepal;185;295;2;2;0.6779661016949152
2020-05-24;NP;Nepal;308;603;1;3;0.4975124378109453
2020-05-31;NP;Nepal;969;1572;5;8;0.5089058524173028
2020-06-07;NP;Nepal;1876;3448;6;14;0.40603248259860786
2020-06-14;NP;Nepal;2312;5760;6;20;0.3472222222222222
2020-06-21;NP;Nepal;3266;9026;4;24;0.2658985153999557
2020-06-28;NP;Nepal;3746;12772;5;29;0.22705919198246163
2020-07-05;NP;Nepal;3012;15784;7;36;0.2280790674100355
2020-07-12;NP;Nepal;1017;16801;5;41;0.24403309326825784
2020-07-19;NP;Nepal;857;17658;2;43;0.2435156869407634
2020-07-26;NP;Nepal;955;18613;5;48;0.2578842744318487
2020-08-02;NP;Nepal;1719;20332;13;61;0.30001967342120794
2020-08-09;NP;Nepal;2640;22972;19;80;0.34825004353125544
2020-08-16;NP;Nepal;3688;26660;34;114;0.42760690172543137
2020-08-23;NP;Nepal;5275;31935;50;164;0.5135431344919368
2020-08-30;NP;Nepal;6626;38561;80;244;0.6327636731412567
2020-09-06;NP;Nepal;7696;46257;83;327;0.7069200337246254
2020-09-13;NP;Nepal;7902;54159;63;390;0.7201019221182074
2020-09-20;NP;Nepal;9963;64122;82;472;0.7360968154455569
2020-09-27;NP;Nepal;9272;73394;89;561;0.7643676594817015
2020-10-04;NP;Nepal;13429;86823;98;659;0.7590154682515002
2020-10-11;NP;Nepal;20932;107755;157;816;0.7572734443877315
2020-10-18;NP;Nepal;24491;132246;176;992;0.7501172058134083
2020-10-25;NP;Nepal;25843;158089;219;1211;0.7660242015573506
2020-11-01;NP;Nepal;15478;173567;221;1432;0.8250416265764806
2020-11-08;NP;Nepal;20886;194453;230;1662;0.8547052501118523
2020-11-15;NP;Nepal;15323;209776;207;1869;0.8909503470368393
2020-11-22;NP;Nepal;10532;220308;166;2035;0.9237068104653485
2020-11-29;NP;Nepal;11670;231978;216;2251;0.9703506366983077
2020-12-06;NP;Nepal;9003;240981;168;2419;1.003813578663878
2020-12-13;NP;Nepal;7442;248423;140;2559;1.0300978572837458
2020-12-20;NP;Nepal;5349;253772;104;2663;1.0493671484639755
2020-12-27;NP;Nepal;4409;258181;57;2720;1.0535244653944327
2021-01-03;NP;Nepal;3678;261859;65;2785;1.0635494674614965
2021-01-10;NP;Nepal;2921;264780;56;2841;1.072966236120553
2021-01-17;NP;Nepal;2542;267322;51;2892;1.0818413748213764
2021-01-24;NP;Nepal;2128;269450;42;2934;1.088884765262572
2021-01-31;NP;Nepal;1509;270959;28;2962;1.0931543148594438
2021-02-07;NP;Nepal;966;271925;9;2971;1.0925806748184241
2021-02-14;NP;Nepal;793;272718;16;2987;1.0952705725327994
2021-02-21;NP;Nepal;713;273431;7;2994;1.0949746005390757
2021-02-28;NP;Nepal;712;274143;13;3007;1.0968727999620635
2021-03-07;NP;Nepal;578;274721;3;3010;1.0956570484236734
2021-03-14;NP;Nepal;510;275231;4;3014;1.0950801326885415
2021-03-21;NP;Nepal;675;275906;2;3016;1.0931259196972882
2021-03-28;NP;Nepal;933;276839;11;3027;1.093415306369406
2021-04-04;NP;Nepal;1105;277944;5;3032;1.0908672250525286
2021-04-11;NP;Nepal;2084;280028;8;3040;1.0856057251417714
2021-04-18;NP;Nepal;4645;284673;43;3083;1.0829969825027312
2021-04-25;NP;Nepal;15446;300119;81;3164;1.0542484814356972
2021-05-02;NP;Nepal;35911;336030;161;3325;0.9894949855667647
2021-05-09;NP;Nepal;58637;394667;395;3720;0.9425667714807674
2021-05-16;NP;Nepal;60353;455020;1281;5001;1.0990725682387588
2021-05-23;NP;Nepal;58221;513241;1345;6346;1.236456167765241
2021-05-30;NP;Nepal;43883;557124;926;7272;1.305274947767463
2021-06-06;NP;Nepal;31000;588124;626;7898;1.342914079343812
2021-06-13;NP;Nepal;20348;608472;514;8412;1.382479390999093
2021-06-20;NP;Nepal;12584;621056;314;8726;1.4050262778235778
2021-06-27;NP;Nepal;12623;633679;283;9009;1.421697736551156
2021-07-04;NP;Nepal;10943;644622;216;9225;1.4310712324431993
2021-07-11;NP;Nepal;10827;655449;157;9382;1.4313852031203038
2021-07-18;NP;Nepal;11660;667109;168;9550;1.431550166464551
2021-07-25;NP;Nepal;13447;680556;163;9713;1.427215394471579
2021-08-01;NP;Nepal;16814;697370;162;9875;1.4160345297331403
2021-08-08;NP;Nepal;17507;714877;218;10093;1.4118512695190921
2021-08-15;NP;Nepal;17395;732272;199;10292;1.4054886708763956
2021-08-22;NP;Nepal;15161;747433;217;10509;1.406012311471396
2021-08-29;NP;Nepal;11789;759222;205;10714;1.4111814462699974
2021-09-05;NP;Nepal;10049;769271;124;10838;1.408866316291658
2021-09-12;NP;Nepal;7892;777163;111;10949;1.4088421605248833
2021-09-19;NP;Nepal;7403;784566;91;11040;1.4071473910416716
2021-09-26;NP;Nepal;6826;791392;56;11096;1.4020864502041972
2021-10-03;NP;Nepal;5800;797192;68;11164;1.4004154582584871
2021-10-10;NP;Nepal;5006;802198;67;11231;1.4000284219108001
2021-10-17;NP;Nepal;2839;805037;53;11284;1.401674705634648
2021-10-24;NP;Nepal;4019;809056;64;11348;1.4026223153897877
2021-10-31;NP;Nepal;3514;812570;59;11407;1.4038175172600513
2021-11-07;NP;Nepal;1988;814558;41;11448;1.4054247825200907
2021-11-14;NP;Nepal;2408;816966;29;11477;1.4048320248333468
2021-11-21;NP;Nepal;2053;819019;19;11496;1.4036304408078446
2021-11-28;NP;Nepal;1859;820878;27;11523;1.4037408725778984
2021-12-05;NP;Nepal;1714;822592;18;11541;1.4030041624523457
2021-12-12;NP;Nepal;1630;824222;13;11554;1.4018067947713118
2021-12-19;NP;Nepal;1514;825736;19;11573;1.4015375374211614
2021-12-26;NP;Nepal;1535;827271;12;11585;1.4003875392706864
2022-01-02;NP;Nepal;1715;828986;11;11596;1.3988173503533232
2022-01-09;NP;Nepal;3603;832589;8;11604;1.3937248750584021
2022-01-16;NP;Nepal;21149;853738;16;11620;1.3610733035193465
2022-01-23;NP;Nepal;56656;910394;35;11655;1.28021493990514
2022-01-30;NP;Nepal;40047;950441;80;11735;1.2346900017991647
2022-02-06;NP;Nepal;15964;966405;79;11814;1.2224688407034319
2022-02-13;NP;Nepal;6654;973059;78;11892;1.222125277090084
2022-02-20;NP;Nepal;2500;975559;29;11921;1.2219660727849366
2022-02-27;NP;Nepal;1306;976865;14;11935;1.2217655459045007
2022-03-06;NP;Nepal;636;977501;12;11947;1.2221982381603702
2022-03-13;NP;Nepal;436;977937;3;11950;1.2219601058145872
2022-03-20;NP;Nepal;218;978155;0;11950;1.221687769320813
2022-03-27;NP;Nepal;177;978332;1;11951;1.221568956141678
2022-04-03;NP;Nepal;143;978475;0;11951;1.221390428983878
2022-04-10;NP;Nepal;96;978571;0;11951;1.2212706078557407
2022-04-17;NP;Nepal;94;978665;0;11951;1.2211533057787904
2022-04-24;NP;Nepal;78;978743;0;11951;1.221055987118171
2022-05-01;NP;Nepal;85;978828;0;11951;1.2209499523920444
2022-05-08;NP;Nepal;114;978942;1;11952;1.2209099211189223
2022-05-15;NP;Nepal;56;978998;0;11952;1.2208400834322441
2022-05-22;NP;Nepal;70;979068;0;11952;1.2207527975584944
2022-05-29;NP;Nepal;59;979127;0;11952;1.22067923772912
2022-06-05;NP;Nepal;72;979199;0;11952;1.2205894818111538
2022-06-12;NP;Nepal;63;979262;0;11952;1.2205109562098806
2022-06-19;NP;Nepal;100;979362;0;11952;1.2203863331434137
2022-06-26;NP;Nepal;171;979533;0;11952;1.22017328665803
2022-07-03;NP;Nepal;268;979801;0;11952;1.2198395388451329
2022-07-10;NP;Nepal;516;980317;0;11952;1.2191974636775655
2022-07-17;NP;Nepal;1091;981408;1;11953;1.2179440151292835
2022-07-24;NP;Nepal;2214;983622;3;11956;1.2155075831976103
2022-07-31;NP;Nepal;2974;986596;11;11967;1.2129584956760415
2022-08-07;NP;Nepal;3531;990127;4;11971;1.2090368205290838
2022-08-14;NP;Nepal;2905;993032;17;11988;1.2072118521860322
2022-08-21;NP;Nepal;2209;995241;4;11992;1.204934282249224
2022-08-28;NP;Nepal;1593;996834;8;12000;1.2038112664696428
2022-09-04;NP;Nepal;1034;997868;7;12007;1.2032653617512536
2022-09-11;NP;Nepal;875;998743;7;12014;1.202912060459998
2022-09-18;NP;Nepal;498;999241;2;12016;1.2025127071447228
2022-09-25;NP;Nepal;334;999575;1;12017;1.202210939649351
2022-10-02;NP;Nepal;214;999789;1;12018;1.2020536333166298
2022-10-09;NP;Nepal;97;999886;0;12018;1.2019370208203735
2022-10-16;NP;Nepal;265;1000151;0;12018;1.2016185555981047
2022-10-23;NP;Nepal;304;1000455;0;12018;1.2012534296894912
2022-10-30;NP;Nepal;95;1000550;1;12019;1.2012393183748937
2022-11-06;NP;Nepal;184;1000734;0;12019;1.2010184524558976
2022-11-13;NP;Nepal;72;1000806;0;12019;1.2009320487686925
2022-11-20;NP;Nepal;45;1000851;0;12019;1.2008780527770868
2022-11-27;NP;Nepal;27;1000878;0;12019;1.2008456575127038
2022-12-04;NP;Nepal;31;1000909;0;12019;1.2008084651052193
2022-12-11;NP;Nepal;23;1000932;0;12019;1.2007808722270843
2022-12-18;NP;Nepal;14;1000946;0;12019;1.2007640771829848
2022-12-25;NP;Nepal;20;1000966;0;12019;1.200740085077815
2023-01-01;NP;Nepal;36;1001002;0;12019;1.200696901704492
2023-01-08;NP;Nepal;20;1001022;1;12020;1.2007728101879878
2023-01-15;NP;Nepal;29;1001051;0;12020;1.2007380243364225
2023-01-22;NP;Nepal;25;1001076;0;12020;1.2007080381509496
2023-01-29;NP;Nepal;20;1001096;0;12020;1.200684050280892
2023-02-05;NP;Nepal;10;1001106;0;12020;1.200672056705284
2023-02-12;NP;Nepal;9;1001115;0;12020;1.2006612626920983
2023-02-19;NP;Nepal;18;1001133;0;12020;1.200639675247944
2023-02-26;NP;Nepal;7;1001140;0;12020;1.200631280340412
2023-03-05;NP;Nepal;9;1001149;0;12020;1.2006204870603676
2023-03-12;NP;Nepal;15;1001164;0;12020;1.2006024986915231
2023-03-19;NP;Nepal;18;1001182;0;12020;1.200580913360408
2023-03-26;NP;Nepal;41;1001223;0;12020;1.2005317496701533
2023-04-02;NP;Nepal;198;1001421;0;12020;1.2002943816836276
2023-04-09;NP;Nepal;379;1001800;0;12020;1.1998402874825316
2023-04-16;NP;Nepal;378;1002178;2;12022;1.1995872988630762
2023-04-23;NP;Nepal;420;1002598;5;12027;1.1995834821134692
2023-04-30;NP;Nepal;365;1002963;3;12030;1.1994460413793928
2023-05-07;NP;Nepal;127;1003090;1;12031;1.199393872932638
2023-05-14;NP;Nepal;132;1003222;0;12031;1.1992360614101365
2023-05-21;NP;Nepal;72;1003294;0;12031;1.1991499999003283
2023-05-28;NP;Nepal;33;1003327;0;12031;1.1991105591696427
2023-06-04;NP;Nepal;16;1003343;0;12031;1.1990914373250223
2023-06-11;NP;Nepal;10;1003353;0;12031;1.1990794864818264
2023-06-18;NP;Nepal;8;1003361;0;12031;1.1990699259787854
2023-06-25;NP;Nepal;4;1003365;0;12031;1.1990651457844355
2023-07-02;NP;Nepal;3;1003368;0;12031;1.1990615606636845
2023-07-09;NP;Nepal;1;1003369;0;12031;1.1990603656281986
2023-07-16;NP;Nepal;1;1003370;0;12031;1.1990591705950946
2023-07-23;NP;Nepal;3;1003373;0;12031;1.1990555855100746
2023-07-30;NP;Nepal;9;1003382;0;12031;1.1990448303836425
2023-08-06;NP;Nepal;6;1003388;0;12031;1.1990376604065427
2023-08-13;NP;Nepal;6;1003394;0;12031;1.1990304905151914
2023-08-20;NP;Nepal;12;1003406;0;12031;1.199016150989729
2023-08-27;NP;Nepal;10;1003416;0;12031;1.1990042016471734
2023-09-03;NP;Nepal;5;1003421;0;12031;1.19899822706521
2023-09-10;NP;Nepal;3;1003424;0;12031;1.198994642344612
2023-09-17;NP;Nepal;7;1003431;0;12031;1.1989862780799079
2023-09-24;NP;Nepal;7;1003438;0;12031;1.1989779139319021
2023-10-01;NP;Nepal;3;1003441;0;12031;1.198974329332766
2023-10-08;NP;Nepal;3;1003444;0;12031;1.1989707447550635
2023-10-15;NP;Nepal;3;1003447;0;12031;1.1989671601987948
2023-10-22;NP;Nepal;3;1003450;0;12031;1.1989635756639594
2023-10-29;NP;Nepal;0;1003450;0;12031;1.1989635756639594
2023-11-05;NP;Nepal;0;1003450;0;12031;1.1989635756639594
2023-11-12;NP;Nepal;0;1003450;0;12031;1.1989635756639594
2023-11-19;NP;Nepal;0;1003450;0;12031;1.1989635756639594
2023-11-26;NP;Nepal;0;1003450;0;12031;1.1989635756639594
2023-12-03;NP;Nepal;0;1003450;0;12031;1.1989635756639594
2023-12-10;NP;Nepal;0;1003450;0;12031;1.1989635756639594
2023-12-17;NP;Nepal;0;1003450;0;12031;1.1989635756639594
2023-12-24;NP;Nepal;0;1003450;0;12031;1.1989635756639594
2023-12-31;NP;Nepal;0;1003450;0;12031;1.1989635756639594
2024-01-07;NP;Nepal;0;1003450;0;12031;1.1989635756639594
2024-01-14;NP;Nepal;0;1003450;0;12031;1.1989635756639594
2024-01-21;NP;Nepal;0;1003450;0;12031;1.1989635756639594
2020-01-05;NL;Netherlands (Kingdom of the);0;0;0;0;0.0
2020-01-12;NL;Netherlands (Kingdom of the);0;0;0;0;0.0
2020-01-19;NL;Netherlands (Kingdom of the);0;0;0;0;0.0
2020-01-26;NL;Netherlands (Kingdom of the);0;0;0;0;0.0
2020-02-02;NL;Netherlands (Kingdom of the);0;0;0;0;0.0
2020-02-09;NL;Netherlands (Kingdom of the);0;0;0;0;0.0
2020-02-16;NL;Netherlands (Kingdom of the);0;0;0;0;0.0
2020-02-23;NL;Netherlands (Kingdom of the);0;0;0;0;0.0
2020-03-01;NL;Netherlands (Kingdom of the);19;19;0;0;0.0
2020-03-08;NL;Netherlands (Kingdom of the);311;330;4;4;1.2121212121212122
2020-03-15;NL;Netherlands (Kingdom of the);1276;1606;36;40;2.4906600249066
2020-03-22;NL;Netherlands (Kingdom of the);3775;5381;295;335;6.2256086229325405
2020-03-29;NL;Netherlands (Kingdom of the);6747;12128;797;1132;9.33377308707124
2020-04-05;NL;Netherlands (Kingdom of the);7161;19289;1185;2317;12.012027580486286
2020-07-12;NL;Netherlands (Kingdom of the);502;50992;6;6200;12.158770003137748
2020-07-19;NL;Netherlands (Kingdom of the);961;51953;7;6207;11.947337016149213
2020-07-26;NL;Netherlands (Kingdom of the);1298;53251;7;6214;11.669264426959119
2020-08-02;NL;Netherlands (Kingdom of the);2557;55808;9;6223;11.150731077981652
2020-08-09;NL;Netherlands (Kingdom of the);3861;59669;5;6228;10.437580653270542
2020-08-16;NL;Netherlands (Kingdom of the);4023;63692;26;6254;9.819129561012373
2020-08-23;NL;Netherlands (Kingdom of the);3656;67348;27;6281;9.326186375244996
2020-08-30;NL;Netherlands (Kingdom of the);3650;70998;23;6304;8.879123355587481
2020-09-06;NL;Netherlands (Kingdom of the);5319;76317;18;6322;8.283868600704954
2020-09-13;NL;Netherlands (Kingdom of the);8280;84597;20;6342;7.496719741834817
2020-09-20;NL;Netherlands (Kingdom of the);13807;98404;37;6379;6.482460062599081
2020-09-27;NL;Netherlands (Kingdom of the);18823;117227;91;6470;5.5192063261876525
2020-10-04;NL;Netherlands (Kingdom of the);27048;144275;128;6598;4.573210881996188
2020-10-11;NL;Netherlands (Kingdom of the);42790;187065;172;6770;3.6190628925774466
2020-10-18;NL;Netherlands (Kingdom of the);55977;243042;269;7039;2.896207239900922
2020-10-25;NL;Netherlands (Kingdom of the);67368;310410;370;7409;2.3868432073708963
2020-11-01;NL;Netherlands (Kingdom of the);62785;373195;513;7922;2.1227508407133
2020-11-08;NL;Netherlands (Kingdom of the);43944;417139;559;8481;2.033135237894323
2020-11-15;NL;Netherlands (Kingdom of the);37914;455053;458;8939;1.9643865659604485
2020-11-22;NL;Netherlands (Kingdom of the);36568;491621;368;9307;1.8931249885582595
2020-11-29;NL;Netherlands (Kingdom of the);33608;525229;357;9664;1.8399593320246976
2020-12-06;NL;Netherlands (Kingdom of the);42202;567431;322;9986;1.7598615514485463
2020-12-13;NL;Netherlands (Kingdom of the);60890;628321;398;10384;1.652658434144331
2020-12-20;NL;Netherlands (Kingdom of the);78088;706409;529;10913;1.5448557422116649
2020-12-27;NL;Netherlands (Kingdom of the);66789;773198;626;11539;1.4923732342815166
2021-01-03;NL;Netherlands (Kingdom of the);55955;829153;666;12205;1.4719840608428119
2021-01-10;NL;Netherlands (Kingdom of the);50250;879403;642;12847;1.4608774361697652
2021-01-17;NL;Netherlands (Kingdom of the);39229;918632;550;13397;1.4583641762969284
2021-01-24;NL;Netherlands (Kingdom of the);35329;953961;531;13928;1.4600177575393543
2021-01-31;NL;Netherlands (Kingdom of the);28980;982941;420;14348;1.4597010400420778
2021-02-07;NL;Netherlands (Kingdom of the);25891;1008832;406;14754;1.4624833470786018
2021-02-14;NL;Netherlands (Kingdom of the);24411;1033243;398;15152;1.466450776825974
2021-02-21;NL;Netherlands (Kingdom of the);28835;1062078;404;15556;1.4646758524326837
2021-02-28;NL;Netherlands (Kingdom of the);31441;1093519;277;15833;1.4478943667188224
2021-03-07;NL;Netherlands (Kingdom of the);31590;1125109;240;16073;1.4285726982896767
2021-03-14;NL;Netherlands (Kingdom of the);38711;1163820;186;16259;1.3970373425443798
2021-03-21;NL;Netherlands (Kingdom of the);45398;1209218;176;16435;1.3591428509995718
2021-03-28;NL;Netherlands (Kingdom of the);51427;1260645;151;16586;1.315675705690341
2021-04-04;NL;Netherlands (Kingdom of the);48090;1308735;150;16736;1.2787921160509959
2021-04-11;NL;Netherlands (Kingdom of the);50219;1358954;140;16876;1.2418374720557135
2021-04-18;NL;Netherlands (Kingdom of the);53662;1412616;147;17023;1.2050691766198316
2021-04-25;NL;Netherlands (Kingdom of the);56111;1468727;139;17162;1.168494893877487
2021-05-02;NL;Netherlands (Kingdom of the);51258;1519985;140;17302;1.1383007069148707
2021-05-09;NL;Netherlands (Kingdom of the);47001;1566986;136;17438;1.1128370004582044
2021-05-16;NL;Netherlands (Kingdom of the);35849;1602835;92;17530;1.0936871231287064
2021-05-23;NL;Netherlands (Kingdom of the);26533;1629368;83;17613;1.0809712722969889
2021-05-30;NL;Netherlands (Kingdom of the);20487;1649855;50;17663;1.070578929663516
2021-06-06;NL;Netherlands (Kingdom of the);15121;1664976;56;17719;1.0642195443057438
2021-06-13;NL;Netherlands (Kingdom of the);9149;1674125;24;17743;1.059837228402897
2021-06-20;NL;Netherlands (Kingdom of the);5970;1680095;13;17756;1.0568449998363187
2021-06-27;NL;Netherlands (Kingdom of the);4254;1684349;8;17764;1.0546507879305298
2021-07-04;NL;Netherlands (Kingdom of the);7171;1691520;8;17772;1.0506526674233825
2021-07-11;NL;Netherlands (Kingdom of the);49557;1741077;12;17784;1.0214367314024595
2021-07-18;NL;Netherlands (Kingdom of the);69451;1810528;12;17796;0.9829176903091253
2021-07-25;NL;Netherlands (Kingdom of the);38748;1849276;27;17823;0.9637825830216799
2021-08-01;NL;Netherlands (Kingdom of the);22349;1871625;36;17859;0.9541975556000802
2021-08-08;NL;Netherlands (Kingdom of the);17261;1888886;50;17909;0.9481249794852628
2021-08-15;NL;Netherlands (Kingdom of the);16599;1905485;44;17953;0.9421748268813451
2021-08-22;NL;Netherlands (Kingdom of the);16882;1922367;34;17987;0.9356694117200306
2021-08-29;NL;Netherlands (Kingdom of the);17582;1939949;50;18037;0.9297667103619736
2021-09-05;NL;Netherlands (Kingdom of the);17515;1957464;42;18079;0.9235929754008246
2021-09-12;NL;Netherlands (Kingdom of the);16189;1973653;37;18116;0.9178918482630938
2021-09-19;NL;Netherlands (Kingdom of the);13635;1987288;43;18159;0.9137578448619424
2021-09-26;NL;Netherlands (Kingdom of the);11633;1998921;24;18183;0.9096407511852644
2021-10-03;NL;Netherlands (Kingdom of the);11871;2010792;27;18210;0.9056133105761313
2021-10-10;NL;Netherlands (Kingdom of the);17281;2028073;23;18233;0.899030754810108
2021-10-17;NL;Netherlands (Kingdom of the);25310;2053383;49;18282;0.8903356071419701
2021-10-24;NL;Netherlands (Kingdom of the);37779;2091162;82;18364;0.87817204023409
2021-10-31;NL;Netherlands (Kingdom of the);53511;2144673;142;18506;0.8628821270188975
2021-11-07;NL;Netherlands (Kingdom of the);75856;2220529;174;18680;0.8412409835674293
2021-11-14;NL;Netherlands (Kingdom of the);114696;2335225;202;18882;0.8085730497061312
2021-11-21;NL;Netherlands (Kingdom of the);154065;2489290;347;19229;0.7724692583025683
2021-11-28;NL;Netherlands (Kingdom of the);154548;2643838;419;19648;0.743162024299522
2021-12-05;NL;Netherlands (Kingdom of the);144887;2788725;433;20081;0.7200781719244457
2021-12-12;NL;Netherlands (Kingdom of the);116172;2904897;414;20495;0.7055327607140632
2021-12-19;NL;Netherlands (Kingdom of the);95619;3000516;292;20787;0.6927808416952284
2021-12-26;NL;Netherlands (Kingdom of the);84986;3085502;173;20960;0.6793059929956292
2022-01-02;NL;Netherlands (Kingdom of the);109523;3195025;132;21092;0.6601513290193347
2022-01-09;NL;Netherlands (Kingdom of the);201891;3396916;85;21177;0.623418418353589
2022-01-16;NL;Netherlands (Kingdom of the);251885;3648801;59;21236;0.5819994019953404
2022-01-23;NL;Netherlands (Kingdom of the);423932;4072733;63;21299;0.5229657824365113
2022-01-30;NL;Netherlands (Kingdom of the);582545;4655278;53;21352;0.4586621894546362
2022-02-06;NL;Netherlands (Kingdom of the);626302;5281580;72;21424;0.40563619220006136
2022-02-13;NL;Netherlands (Kingdom of the);513691;5795271;90;21514;0.37123371797453475
2022-02-20;NL;Netherlands (Kingdom of the);326724;6121995;95;21609;0.352973172960775
2022-02-27;NL;Netherlands (Kingdom of the);243445;6365440;59;21668;0.3404006635833501
2022-03-06;NL;Netherlands (Kingdom of the);408462;6773902;70;21738;0.32090809698752654
2022-03-13;NL;Netherlands (Kingdom of the);448158;7222060;78;21816;0.3020744773651839
2022-03-20;NL;Netherlands (Kingdom of the);324075;7546135;97;21913;0.2903870656965453
2022-03-27;NL;Netherlands (Kingdom of the);231665;7777800;107;22020;0.28311347681863763
2022-04-03;NL;Netherlands (Kingdom of the);145200;7923000;82;22102;0.2789599899028146
2022-04-10;NL;Netherlands (Kingdom of the);73707;7996707;63;22165;0.2771765928150175
2022-04-17;NL;Netherlands (Kingdom of the);28273;8024980;44;22209;0.27674835326692404
2022-04-24;NL;Netherlands (Kingdom of the);16529;8041509;29;22238;0.2765401369320112
2022-05-01;NL;Netherlands (Kingdom of the);10341;8051850;34;22272;0.27660723933009185
2022-05-08;NL;Netherlands (Kingdom of the);10185;8062035;13;22285;0.27641904308279486
2022-05-15;NL;Netherlands (Kingdom of the);8434;8070469;12;22297;0.27627886309952987
2022-05-22;NL;Netherlands (Kingdom of the);7561;8078030;13;22310;0.27618119764348487
2022-05-29;NL;Netherlands (Kingdom of the);6840;8084870;11;22321;0.2760835981283558
2022-06-05;NL;Netherlands (Kingdom of the);9368;8094238;4;22325;0.2758134860872635
2022-06-12;NL;Netherlands (Kingdom of the);14164;8108402;10;22335;0.2754550156738652
2022-06-19;NL;Netherlands (Kingdom of the);24704;8133106;14;22349;0.27479046750405073
2022-06-26;NL;Netherlands (Kingdom of the);33507;8166613;16;22365;0.2738589425016221
2022-07-03;NL;Netherlands (Kingdom of the);38387;8205000;28;22393;0.27291895185862275
2022-07-10;NL;Netherlands (Kingdom of the);42753;8247753;20;22413;0.27174674120333137
2022-07-17;NL;Netherlands (Kingdom of the);40744;8288497;35;22448;0.2708331800083899
2022-07-24;NL;Netherlands (Kingdom of the);28294;8316791;32;22480;0.2702965602959122
2022-07-31;NL;Netherlands (Kingdom of the);22692;8339483;32;22512;0.2699447915416339
2022-08-07;NL;Netherlands (Kingdom of the);15856;8355339;31;22543;0.2698035352006663
2022-08-14;NL;Netherlands (Kingdom of the);11780;8367119;28;22571;0.26975832422127616
2022-08-21;NL;Netherlands (Kingdom of the);9302;8376421;25;22596;0.2697572149250856
2022-08-28;NL;Netherlands (Kingdom of the);7762;8384183;12;22608;0.2696506028076916
2022-09-04;NL;Netherlands (Kingdom of the);7678;8391861;8;22616;0.2694992207330412
2022-09-11;NL;Netherlands (Kingdom of the);8345;8400206;15;22631;0.26941005970567866
2022-09-18;NL;Netherlands (Kingdom of the);8646;8408852;13;22644;0.26928765068049715
2022-09-25;NL;Netherlands (Kingdom of the);11537;8420389;11;22655;0.2690493277685865
2022-10-02;NL;Netherlands (Kingdom of the);18296;8438685;28;22683;0.2687978043972491
2022-10-09;NL;Netherlands (Kingdom of the);23937;8462622;36;22719;0.26846289483330343
2022-10-16;NL;Netherlands (Kingdom of the);22656;8485278;50;22769;0.2683353450529258
2022-10-23;NL;Netherlands (Kingdom of the);18412;8503690;38;22807;0.26820121617791803
2022-10-30;NL;Netherlands (Kingdom of the);12726;8516416;32;22839;0.26817619054776093
2022-11-06;NL;Netherlands (Kingdom of the);8230;8524646;26;22865;0.26822228160559397
2022-11-13;NL;Netherlands (Kingdom of the);6146;8530792;24;22889;0.2683103749335349
2022-11-20;NL;Netherlands (Kingdom of the);5482;8536274;10;22899;0.26825521298871147
2022-11-27;NL;Netherlands (Kingdom of the);5131;8541405;11;22910;0.2682228509244088
2022-12-04;NL;Netherlands (Kingdom of the);5533;8546938;14;22924;0.2682130138302161
2022-12-11;NL;Netherlands (Kingdom of the);5707;8552645;16;22940;0.2682211175607078
2022-12-18;NL;Netherlands (Kingdom of the);6093;8558738;15;22955;0.2682054293518507
2022-12-25;NL;Netherlands (Kingdom of the);7329;8566067;21;22976;0.2682211101080577
2023-01-01;NL;Netherlands (Kingdom of the);5805;8571872;10;22986;0.26815612738967637
2023-01-08;NL;Netherlands (Kingdom of the);4389;8576261;0;22986;0.2680188954137473
2023-01-15;NL;Netherlands (Kingdom of the);2434;8578695;0;22986;0.26794285144768526
2023-01-22;NL;Netherlands (Kingdom of the);1754;8580449;0;22986;0.2678880790504086
2023-01-29;NL;Netherlands (Kingdom of the);1892;8582341;0;22986;0.26782902240775563
2023-02-05;NL;Netherlands (Kingdom of the);2455;8584796;0;22986;0.26775243115852726
2023-02-12;NL;Netherlands (Kingdom of the);2851;8587647;0;22986;0.2676635404319716
2023-02-19;NL;Netherlands (Kingdom of the);3949;8591596;0;22986;0.2675405128453433
2023-02-26;NL;Netherlands (Kingdom of the);4627;8596223;0;22986;0.26739650658201863
2023-03-05;NL;Netherlands (Kingdom of the);4153;8600376;0;22986;0.2672673845887668
2023-03-12;NL;Netherlands (Kingdom of the);3860;8604236;0;22986;0.2671474840996923
2023-03-19;NL;Netherlands (Kingdom of the);2819;8607055;0;22986;0.2670599874172989
2023-03-26;NL;Netherlands (Kingdom of the);1864;8608919;0;22986;0.2670021636862886
2023-04-02;NL;Netherlands (Kingdom of the);1469;8610388;0;22986;0.26695661101450946
2023-04-09;NL;Netherlands (Kingdom of the);1089;8611477;0;22986;0.2669228519103053
2023-04-16;NL;Netherlands (Kingdom of the);946;8612423;0;22986;0.26689353274914623
2023-04-23;NL;Netherlands (Kingdom of the);836;8613259;0;22986;0.2668676281532925
2023-04-30;NL;Netherlands (Kingdom of the);622;8613881;0;22986;0.26684835790046324
2023-05-07;NL;Netherlands (Kingdom of the);591;8614472;0;22986;0.26683005064036425
2023-05-14;NL;Netherlands (Kingdom of the);446;8614918;0;22986;0.2668162366722469
2023-05-21;NL;Netherlands (Kingdom of the);296;8615214;0;22986;0.26680706944714316
2023-05-28;NL;Netherlands (Kingdom of the);270;8615484;0;22986;0.2667987080006184
2023-06-04;NL;Netherlands (Kingdom of the);286;8615770;0;22986;0.26678985163252966
2023-06-11;NL;Netherlands (Kingdom of the);195;8615965;0;22986;0.266783813536847
2023-06-18;NL;Netherlands (Kingdom of the);164;8616129;0;22986;0.26677873555514314
2023-06-25;NL;Netherlands (Kingdom of the);114;8616243;0;22986;0.2667752058524812
2023-07-02;NL;Netherlands (Kingdom of the);126;8616369;0;22986;0.2667713047108358
2023-07-09;NL;Netherlands (Kingdom of the);74;8616443;0;22986;0.26676901361733607
2023-07-16;NL;Netherlands (Kingdom of the);83;8616526;0;22986;0.2667664439241523
2023-07-23;NL;Netherlands (Kingdom of the);106;8616632;0;22986;0.2667631622192987
2023-07-30;NL;Netherlands (Kingdom of the);88;8616720;0;22986;0.26676043784641956
2023-08-06;NL;Netherlands (Kingdom of the);128;8616848;0;22986;0.2667564752215659
2023-08-13;NL;Netherlands (Kingdom of the);178;8617026;0;22986;0.2667509648920637
2023-08-20;NL;Netherlands (Kingdom of the);200;8617226;0;22986;0.2667447737821893
2023-08-27;NL;Netherlands (Kingdom of the);287;8617513;0;22986;0.2667358900415932
2023-09-03;NL;Netherlands (Kingdom of the);259;8617772;0;22986;0.2667278735153355
2023-09-10;NL;Netherlands (Kingdom of the);354;8618126;0;22986;0.26671691734374736
2023-09-17;NL;Netherlands (Kingdom of the);393;8618519;0;22986;0.26670475519053793
2023-09-24;NL;Netherlands (Kingdom of the);403;8618922;0;22986;0.26669228471959716
2023-10-01;NL;Netherlands (Kingdom of the);345;8619267;0;22986;0.266681609932724
2023-10-08;NL;Netherlands (Kingdom of the);438;8619705;0;22986;0.26666805882567907
2023-10-15;NL;Netherlands (Kingdom of the);346;8620051;0;22986;0.26665735504349103
2023-10-22;NL;Netherlands (Kingdom of the);0;8620051;0;22986;0.26665735504349103
2023-10-29;NL;Netherlands (Kingdom of the);0;8620051;0;22986;0.26665735504349103
2023-11-05;NL;Netherlands (Kingdom of the);920;8620971;0;22986;0.2666288982992751
2023-11-12;NL;Netherlands (Kingdom of the);903;8621874;0;22986;0.26660097329188526
2023-11-19;NL;Netherlands (Kingdom of the);891;8622765;0;22986;0.26657342511363813
2023-11-26;NL;Netherlands (Kingdom of the);917;8623682;0;22986;0.26654507900453656
2023-12-03;NL;Netherlands (Kingdom of the);1105;8624787;0;22986;0.2665109294873021
2023-12-10;NL;Netherlands (Kingdom of the);1556;8626343;0;22986;0.2664628568560281
2023-12-17;NL;Netherlands (Kingdom of the);1793;8628136;0;22986;0.2664074836094378
2023-12-24;NL;Netherlands (Kingdom of the);1629;8629765;0;22986;0.26635719512640266
2023-12-31;NL;Netherlands (Kingdom of the);1265;8631030;0;22986;0.2663181566974046
2024-01-07;NL;Netherlands (Kingdom of the);1010;8632040;0;22986;0.26628699588973176
2024-01-14;NL;Netherlands (Kingdom of the);713;8632753;0;22986;0.2662650026011401
2024-01-21;NL;Netherlands (Kingdom of the);482;8633235;0;22986;0.2662501368258828
2020-01-05;NC;New Caledonia;0;0;0;0;0.0
2020-01-12;NC;New Caledonia;0;0;0;0;0.0
2020-01-19;NC;New Caledonia;0;0;0;0;0.0
2020-01-26;NC;New Caledonia;0;0;0;0;0.0
2020-02-02;NC;New Caledonia;0;0;0;0;0.0
2020-02-09;NC;New Caledonia;0;0;0;0;0.0
2020-02-16;NC;New Caledonia;0;0;0;0;0.0
2020-02-23;NC;New Caledonia;0;0;0;0;0.0
2020-03-01;NC;New Caledonia;0;0;0;0;0.0
2020-03-08;NC;New Caledonia;0;0;0;0;0.0
2020-03-15;NC;New Caledonia;0;0;0;0;0.0
2020-03-22;NC;New Caledonia;4;4;0;0;0.0
2020-03-29;NC;New Caledonia;11;15;0;0;0.0
2020-04-05;NC;New Caledonia;3;18;0;0;0.0
2020-04-12;NC;New Caledonia;0;18;0;0;0.0
2020-04-19;NC;New Caledonia;0;18;0;0;0.0
2020-04-26;NC;New Caledonia;0;18;0;0;0.0
2020-05-03;NC;New Caledonia;0;18;0;0;0.0
2020-05-10;NC;New Caledonia;0;18;0;0;0.0
2020-05-17;NC;New Caledonia;0;18;0;0;0.0
2020-05-24;NC;New Caledonia;0;18;0;0;0.0
2020-05-31;NC;New Caledonia;1;19;0;0;0.0
2020-06-07;NC;New Caledonia;1;20;0;0;0.0
2020-06-14;NC;New Caledonia;1;21;0;0;0.0
2020-06-21;NC;New Caledonia;0;21;0;0;0.0
2020-06-28;NC;New Caledonia;0;21;0;0;0.0
2020-07-05;NC;New Caledonia;0;21;0;0;0.0
2020-07-12;NC;New Caledonia;0;21;0;0;0.0
2020-07-19;NC;New Caledonia;1;22;0;0;0.0
2020-07-26;NC;New Caledonia;0;22;0;0;0.0
2020-08-02;NC;New Caledonia;0;22;0;0;0.0
2020-08-09;NC;New Caledonia;1;23;0;0;0.0
2020-08-16;NC;New Caledonia;0;23;0;0;0.0
2020-08-23;NC;New Caledonia;0;23;0;0;0.0
2020-08-30;NC;New Caledonia;0;23;0;0;0.0
2020-09-06;NC;New Caledonia;3;26;0;0;0.0
2020-09-13;NC;New Caledonia;0;26;0;0;0.0
2020-09-20;NC;New Caledonia;0;26;0;0;0.0
2020-09-27;NC;New Caledonia;1;27;0;0;0.0
2020-10-04;NC;New Caledonia;0;27;0;0;0.0
2020-10-11;NC;New Caledonia;0;27;0;0;0.0
2020-10-18;NC;New Caledonia;0;27;0;0;0.0
2020-10-25;NC;New Caledonia;0;27;0;0;0.0
2020-11-01;NC;New Caledonia;1;28;0;0;0.0
2020-11-08;NC;New Caledonia;1;29;0;0;0.0
2020-11-15;NC;New Caledonia;1;30;0;0;0.0
2020-11-22;NC;New Caledonia;2;32;0;0;0.0
2020-11-29;NC;New Caledonia;0;32;0;0;0.0
2020-12-06;NC;New Caledonia;3;35;0;0;0.0
2020-12-13;NC;New Caledonia;1;36;0;0;0.0
2020-12-20;NC;New Caledonia;1;37;0;0;0.0
2020-12-27;NC;New Caledonia;1;38;0;0;0.0
2021-01-03;NC;New Caledonia;2;40;0;0;0.0
2021-01-10;NC;New Caledonia;0;40;0;0;0.0
2021-01-17;NC;New Caledonia;4;44;0;0;0.0
2021-01-24;NC;New Caledonia;0;44;0;0;0.0
2021-01-31;NC;New Caledonia;3;47;0;0;0.0
2021-02-07;NC;New Caledonia;2;49;0;0;0.0
2021-02-14;NC;New Caledonia;3;52;0;0;0.0
2021-02-21;NC;New Caledonia;3;55;0;0;0.0
2021-02-28;NC;New Caledonia;3;58;0;0;0.0
2021-03-07;NC;New Caledonia;9;67;0;0;0.0
2021-03-14;NC;New Caledonia;26;93;0;0;0.0
2021-03-21;NC;New Caledonia;23;116;0;0;0.0
2021-03-28;NC;New Caledonia;5;121;0;0;0.0
2021-04-04;NC;New Caledonia;0;121;0;0;0.0
2021-04-11;NC;New Caledonia;0;121;0;0;0.0
2021-04-18;NC;New Caledonia;3;124;0;0;0.0
2021-04-25;NC;New Caledonia;0;124;0;0;0.0
2021-05-02;NC;New Caledonia;0;124;0;0;0.0
2021-05-09;NC;New Caledonia;0;124;0;0;0.0
2021-05-16;NC;New Caledonia;0;124;0;0;0.0
2021-05-23;NC;New Caledonia;1;125;0;0;0.0
2021-05-30;NC;New Caledonia;3;128;0;0;0.0
2021-06-06;NC;New Caledonia;0;128;0;0;0.0
2021-06-13;NC;New Caledonia;0;128;0;0;0.0
2021-06-20;NC;New Caledonia;1;129;0;0;0.0
2021-06-27;NC;New Caledonia;0;129;0;0;0.0
2021-07-04;NC;New Caledonia;0;129;0;0;0.0
2021-07-11;NC;New Caledonia;0;129;0;0;0.0
2021-07-18;NC;New Caledonia;0;129;0;0;0.0
2021-07-25;NC;New Caledonia;2;131;0;0;0.0
2021-08-01;NC;New Caledonia;3;134;0;0;0.0
2021-08-08;NC;New Caledonia;0;134;0;0;0.0
2021-08-15;NC;New Caledonia;0;134;0;0;0.0
2021-08-22;NC;New Caledonia;1;135;0;0;0.0
2021-08-29;NC;New Caledonia;1;136;0;0;0.0
2021-09-05;NC;New Caledonia;0;136;0;0;0.0
2021-09-12;NC;New Caledonia;821;957;1;1;0.10449320794148381
2021-09-19;NC;New Caledonia;2574;3531;21;22;0.6230529595015576
2021-09-26;NC;New Caledonia;2654;6185;61;83;1.3419563459983832
2021-10-03;NC;New Caledonia;1804;7989;67;150;1.877581674802854
2021-10-10;NC;New Caledonia;1177;9166;50;200;2.181976871045167
2021-10-17;NC;New Caledonia;811;9977;41;241;2.4155557782900674
2021-10-24;NC;New Caledonia;505;10482;16;257;2.451822171341347
2021-10-31;NC;New Caledonia;486;10968;8;265;2.4161196207148063
2021-11-07;NC;New Caledonia;338;11306;3;268;2.3704227843622854
2021-11-14;NC;New Caledonia;267;11573;4;272;2.350298107664391
2021-11-21;NC;New Caledonia;298;11871;4;276;2.3249936820823858
2021-11-28;NC;New Caledonia;234;12105;0;276;2.2800495662949194
2021-12-05;NC;New Caledonia;280;12385;3;279;2.25272507064998
2021-12-12;NC;New Caledonia;130;12515;1;280;2.2373152217339194
2021-12-19;NC;New Caledonia;123;12638;0;280;2.2155404336129134
2021-12-26;NC;New Caledonia;79;12717;0;280;2.2017771486985924
2022-01-02;NC;New Caledonia;273;12990;1;281;2.1632024634334104
2022-01-09;NC;New Caledonia;164;13154;0;281;2.136232324768131
2022-01-16;NC;New Caledonia;518;13672;0;281;2.0552954944411934
2022-01-23;NC;New Caledonia;1659;15331;1;282;1.8394103450525081
2022-01-30;NC;New Caledonia;3448;18779;1;283;1.5070025027956762
2022-02-06;NC;New Caledonia;7137;25916;1;284;1.0958481247106033
2022-02-13;NC;New Caledonia;9263;35179;0;284;0.8072998095454675
2022-02-20;NC;New Caledonia;8842;44021;3;287;0.6519615637990959
2022-02-27;NC;New Caledonia;9122;53143;12;299;0.5626328961481286
2022-03-06;NC;New Caledonia;3826;56969;3;302;0.5301128684021135
2022-03-13;NC;New Caledonia;2424;59393;3;305;0.5135285302981833
2022-03-20;NC;New Caledonia;618;60011;1;306;0.5099065171385246
2022-03-27;NC;New Caledonia;260;60271;4;310;0.5143435483068142
2022-04-03;NC;New Caledonia;159;60430;1;311;0.5146450438523912
2022-04-10;NC;New Caledonia;68;60498;1;312;0.5157195279182782
2022-04-17;NC;New Caledonia;23;60521;0;312;0.5155235372845789
2022-04-24;NC;New Caledonia;36;60557;0;312;0.5152170682167214
2022-05-01;NC;New Caledonia;96;60653;0;312;0.514401595963926
2022-05-08;NC;New Caledonia;232;60885;0;312;0.5124414880512441
2022-05-15;NC;New Caledonia;300;61185;0;312;0.5099289041431724
2022-05-22;NC;New Caledonia;465;61650;0;312;0.5060827250608272
2022-05-29;NC;New Caledonia;358;62008;1;313;0.50477357760289
2022-06-05;NC;New Caledonia;321;62329;0;313;0.5021739479215133
2022-06-12;NC;New Caledonia;294;62623;0;313;0.4998163614007633
2022-06-19;NC;New Caledonia;379;63002;0;313;0.4968096250912669
2022-06-26;NC;New Caledonia;513;63515;0;313;0.49279697709202547
2022-07-03;NC;New Caledonia;822;64337;0;313;0.4865007693862008
2022-07-10;NC;New Caledonia;1070;65407;0;313;0.478542052073937
2022-07-17;NC;New Caledonia;1365;66772;1;314;0.4702569939495597
2022-07-24;NC;New Caledonia;1363;68135;0;314;0.46084978351801575
2022-07-31;NC;New Caledonia;1661;69796;0;314;0.4498825147572927
2022-08-07;NC;New Caledonia;1222;71018;0;314;0.4421414289335098
2022-08-14;NC;New Caledonia;1344;72362;0;314;0.4339294104640557
2022-08-21;NC;New Caledonia;710;73072;0;314;0.42971315962338513
2022-08-28;NC;New Caledonia;561;73633;0;314;0.42643923240938164
2022-09-04;NC;New Caledonia;469;74102;0;314;0.42374024992577797
2022-09-11;NC;New Caledonia;23;74125;0;314;0.42360876897133226
2022-09-18;NC;New Caledonia;93;74218;0;314;0.4230779595246436
2022-09-25;NC;New Caledonia;39;74257;0;314;0.4228557577063442
2022-10-02;NC;New Caledonia;58;74315;0;314;0.42252573504676044
2022-10-09;NC;New Caledonia;31;74346;0;314;0.42234955478438646
2022-10-16;NC;New Caledonia;1;74347;0;314;0.42234387399626083
2022-10-23;NC;New Caledonia;0;74347;0;314;0.42234387399626083
2022-10-30;NC;New Caledonia;59;74406;0;314;0.4220089777706099
2022-11-06;NC;New Caledonia;44;74450;0;314;0.42175957018132976
2022-11-13;NC;New Caledonia;368;74818;0;314;0.4196851025154375
2022-11-20;NC;New Caledonia;440;75258;0;314;0.41723139068271814
2022-11-27;NC;New Caledonia;0;75258;0;314;0.41723139068271814
2022-12-04;NC;New Caledonia;929;76187;0;314;0.4121438040610603
2022-12-11;NC;New Caledonia;2151;78338;0;314;0.4008271847634609
2022-12-18;NC;New Caledonia;0;78338;0;314;0.4008271847634609
2022-12-25;NC;New Caledonia;824;79162;0;314;0.3966549607134736
2023-01-01;NC;New Caledonia;415;79577;0;314;0.39458637546024605
2023-01-08;NC;New Caledonia;165;79742;0;314;0.3937699079531489
2023-01-15;NC;New Caledonia;118;79860;0;314;0.39318807913849235
2023-01-22;NC;New Caledonia;59;79919;0;314;0.39289780903164456
2023-01-29;NC;New Caledonia;37;79956;0;314;0.39271599379658817
2023-02-05;NC;New Caledonia;25;79981;0;314;0.39259324089471254
2023-02-12;NC;New Caledonia;16;79997;0;314;0.39251471930197385
2023-02-19;NC;New Caledonia;10;80007;0;314;0.39246565925481525
2023-02-26;NC;New Caledonia;0;80007;0;314;0.39246565925481525
2023-03-05;NC;New Caledonia;10;80017;0;314;0.3924166114700626
2023-03-12;NC;New Caledonia;0;80017;0;314;0.3924166114700626
2023-03-19;NC;New Caledonia;15;80032;0;314;0.39234306277489
2023-03-26;NC;New Caledonia;0;80032;0;314;0.39234306277489
2023-04-02;NC;New Caledonia;16;80048;0;314;0.3922646412152709
2023-04-09;NC;New Caledonia;4;80052;0;314;0.39224504072352967
2023-04-16;NC;New Caledonia;1;80053;0;314;0.3922401409066493
2023-04-23;NC;New Caledonia;4;80057;0;314;0.3922205428632099
2023-04-30;NC;New Caledonia;1;80058;0;314;0.3922156436583477
2023-05-07;NC;New Caledonia;0;80058;0;314;0.3922156436583477
2023-05-14;NC;New Caledonia;0;80058;0;314;0.3922156436583477
2023-05-21;NC;New Caledonia;0;80058;0;314;0.3922156436583477
2023-05-28;NC;New Caledonia;0;80058;0;314;0.3922156436583477
2023-06-04;NC;New Caledonia;6;80064;0;314;0.3921862509992006
2023-06-11;NC;New Caledonia;0;80064;0;314;0.3921862509992006
2023-06-18;NC;New Caledonia;0;80064;0;314;0.3921862509992006
2023-06-25;NC;New Caledonia;0;80064;0;314;0.3921862509992006
2023-07-02;NC;New Caledonia;0;80064;0;314;0.3921862509992006
2023-07-09;NC;New Caledonia;0;80064;0;314;0.3921862509992006
2023-07-16;NC;New Caledonia;0;80064;0;314;0.3921862509992006
2023-07-23;NC;New Caledonia;0;80064;0;314;0.3921862509992006
2023-07-30;NC;New Caledonia;0;80064;0;314;0.3921862509992006
2023-08-06;NC;New Caledonia;0;80064;0;314;0.3921862509992006
2023-08-13;NC;New Caledonia;0;80064;0;314;0.3921862509992006
2023-08-20;NC;New Caledonia;0;80064;0;314;0.3921862509992006
2023-08-27;NC;New Caledonia;0;80064;0;314;0.3921862509992006
2023-09-03;NC;New Caledonia;0;80064;0;314;0.3921862509992006
2023-09-10;NC;New Caledonia;0;80064;0;314;0.3921862509992006
2023-09-17;NC;New Caledonia;0;80064;0;314;0.3921862509992006
2023-09-24;NC;New Caledonia;0;80064;0;314;0.3921862509992006
2023-10-01;NC;New Caledonia;0;80064;0;314;0.3921862509992006
2023-10-08;NC;New Caledonia;0;80064;0;314;0.3921862509992006
2023-10-15;NC;New Caledonia;0;80064;0;314;0.3921862509992006
2023-10-22;NC;New Caledonia;0;80064;0;314;0.3921862509992006
2023-10-29;NC;New Caledonia;0;80064;0;314;0.3921862509992006
2023-11-05;NC;New Caledonia;0;80064;0;314;0.3921862509992006
2023-11-12;NC;New Caledonia;0;80064;0;314;0.3921862509992006
2023-11-19;NC;New Caledonia;0;80064;0;314;0.3921862509992006
2023-11-26;NC;New Caledonia;0;80064;0;314;0.3921862509992006
2023-12-03;NC;New Caledonia;0;80064;0;314;0.3921862509992006
2023-12-10;NC;New Caledonia;0;80064;0;314;0.3921862509992006
2023-12-17;NC;New Caledonia;0;80064;0;314;0.3921862509992006
2023-12-24;NC;New Caledonia;0;80064;0;314;0.3921862509992006
2023-12-31;NC;New Caledonia;0;80064;0;314;0.3921862509992006
2024-01-07;NC;New Caledonia;0;80064;0;314;0.3921862509992006
2024-01-14;NC;New Caledonia;0;80064;0;314;0.3921862509992006
2024-01-21;NC;New Caledonia;0;80064;0;314;0.3921862509992006
2020-01-05;NZ;New Zealand;0;0;0;0;0.0
2020-01-12;NZ;New Zealand;0;0;0;0;0.0
2020-01-19;NZ;New Zealand;0;0;0;0;0.0
2020-01-26;NZ;New Zealand;0;0;0;0;0.0
2020-02-02;NZ;New Zealand;0;0;0;0;0.0
2020-02-09;NZ;New Zealand;0;0;0;0;0.0
2020-02-16;NZ;New Zealand;0;0;0;0;0.0
2020-02-23;NZ;New Zealand;0;0;0;0;0.0
2020-03-01;NZ;New Zealand;1;1;0;0;0.0
2020-03-08;NZ;New Zealand;4;5;0;0;0.0
2020-03-15;NZ;New Zealand;3;8;0;0;0.0
2020-03-22;NZ;New Zealand;58;66;0;0;0.0
2020-03-29;NZ;New Zealand;410;476;1;1;0.21008403361344538
2020-04-05;NZ;New Zealand;396;872;0;1;0.11467889908256881
2020-04-12;NZ;New Zealand;177;1049;3;4;0.3813155386081983
2020-04-19;NZ;New Zealand;49;1098;7;11;1.0018214936247722
2020-04-26;NZ;New Zealand;23;1121;7;18;1.6057091882247994
2020-05-03;NZ;New Zealand;15;1136;2;20;1.7605633802816902
2020-05-10;NZ;New Zealand;8;1144;1;21;1.8356643356643356
2020-05-17;NZ;New Zealand;5;1149;0;21;1.8276762402088773
2020-05-24;NZ;New Zealand;5;1154;0;21;1.8197573656845754
2020-05-31;NZ;New Zealand;0;1154;1;22;1.9064124783362217
2020-06-07;NZ;New Zealand;0;1154;0;22;1.9064124783362217
2020-06-14;NZ;New Zealand;0;1154;0;22;1.9064124783362217
2020-06-21;NZ;New Zealand;5;1159;0;22;1.8981880931837791
2020-06-28;NZ;New Zealand;17;1176;0;22;1.870748299319728
2020-07-05;NZ;New Zealand;7;1183;0;22;1.8596787827557058
2020-07-12;NZ;New Zealand;11;1194;0;22;1.8425460636515913
2020-07-19;NZ;New Zealand;9;1203;0;22;1.828761429758936
2020-07-26;NZ;New Zealand;3;1206;0;22;1.8242122719734661
2020-08-02;NZ;New Zealand;9;1215;0;22;1.8106995884773662
2020-08-09;NZ;New Zealand;4;1219;0;22;1.8047579983593112
2020-08-16;NZ;New Zealand;52;1271;0;22;1.730920535011802
2020-08-23;NZ;New Zealand;53;1324;0;22;1.6616314199395772
2020-08-30;NZ;New Zealand;54;1378;0;22;1.5965166908563133
2020-09-06;NZ;New Zealand;43;1421;2;24;1.688951442646024
2020-09-13;NZ;New Zealand;25;1446;0;24;1.6597510373443984
2020-09-20;NZ;New Zealand;18;1464;1;25;1.707650273224044
2020-09-27;NZ;New Zealand;13;1477;0;25;1.6926201760324981
2020-10-04;NZ;New Zealand;21;1498;0;25;1.6688918558077435
2020-10-11;NZ;New Zealand;17;1515;0;25;1.65016501650165
2020-10-18;NZ;New Zealand;15;1530;0;25;1.6339869281045754
2020-10-25;NZ;New Zealand;49;1579;0;25;1.5832805573147564
2020-11-01;NZ;New Zealand;25;1604;0;25;1.5586034912718205
2020-11-08;NZ;New Zealand;23;1627;0;25;1.5365703749231714
2020-11-15;NZ;New Zealand;18;1645;0;25;1.5197568389057752
2020-11-22;NZ;New Zealand;28;1673;0;25;1.4943215780035863
2020-11-29;NZ;New Zealand;24;1697;0;25;1.473187978786093
2020-12-06;NZ;New Zealand;26;1723;0;25;1.4509576320371445
2020-12-13;NZ;New Zealand;18;1741;0;25;1.4359563469270535
2020-12-20;NZ;New Zealand;20;1761;0;25;1.4196479273140261
2020-12-27;NZ;New Zealand;28;1789;0;25;1.3974287311347122
2021-01-03;NZ;New Zealand;37;1826;0;25;1.3691128148959473
2021-01-10;NZ;New Zealand;40;1866;0;25;1.339764201500536
2021-01-17;NZ;New Zealand;40;1906;0;25;1.3116474291710387
2021-01-24;NZ;New Zealand;27;1933;0;25;1.2933264355923435
2021-01-31;NZ;New Zealand;15;1948;0;25;1.2833675564681724
2021-02-07;NZ;New Zealand;17;1965;0;25;1.2722646310432568
2021-02-14;NZ;New Zealand;16;1981;0;25;1.2619888944977284
2021-02-21;NZ;New Zealand;21;2002;1;26;1.2987012987012987
2021-02-28;NZ;New Zealand;21;2023;0;26;1.2852199703410776
2021-03-07;NZ;New Zealand;27;2050;0;26;1.2682926829268293
2021-03-14;NZ;New Zealand;25;2075;0;26;1.253012048192771
2021-03-21;NZ;New Zealand;32;2107;0;26;1.2339819648789747
2021-03-28;NZ;New Zealand;31;2138;0;26;1.216089803554724
2021-04-04;NZ;New Zealand;14;2152;0;26;1.20817843866171
2021-04-11;NZ;New Zealand;76;2228;0;26;1.1669658886894074
2021-04-18;NZ;New Zealand;13;2241;0;26;1.1601963409192326
2021-04-25;NZ;New Zealand;5;2246;0;26;1.157613535173642
2021-05-02;NZ;New Zealand;21;2267;0;26;1.1468901632112924
2021-05-09;NZ;New Zealand;20;2287;0;26;1.1368605159597727
2021-05-16;NZ;New Zealand;9;2296;0;26;1.132404181184669
2021-05-23;NZ;New Zealand;16;2312;0;26;1.124567474048443
2021-05-30;NZ;New Zealand;6;2318;0;26;1.1216566005176878
2021-06-06;NZ;New Zealand;9;2327;0;26;1.1173184357541899
2021-06-13;NZ;New Zealand;26;2353;0;26;1.1049723756906076
2021-06-20;NZ;New Zealand;11;2364;0;26;1.0998307952622675
2021-06-27;NZ;New Zealand;18;2382;0;26;1.09151973131822
2021-07-04;NZ;New Zealand;20;2402;0;26;1.0824313072439635
2021-07-11;NZ;New Zealand;11;2413;0;26;1.077496891835889
2021-07-18;NZ;New Zealand;48;2461;0;26;1.0564811052417715
2021-07-25;NZ;New Zealand;46;2507;0;26;1.0370961308336657
2021-08-01;NZ;New Zealand;14;2521;0;26;1.0313367711225703
2021-08-08;NZ;New Zealand;11;2532;0;26;1.0268562401263823
2021-08-15;NZ;New Zealand;38;2570;0;26;1.0116731517509727
2021-08-22;NZ;New Zealand;128;2698;0;26;0.9636767976278725
2021-08-29;NZ;New Zealand;465;3163;0;26;0.8220044261776794
2021-09-05;NZ;New Zealand;272;3435;1;27;0.7860262008733625
2021-09-12;NZ;New Zealand;158;3593;0;27;0.7514611745059838
2021-09-19;NZ;New Zealand;131;3724;0;27;0.7250268528464017
2021-09-26;NZ;New Zealand;112;3836;0;27;0.7038581856100105
2021-10-03;NZ;New Zealand;188;4024;0;27;0.6709741550695825
2021-10-10;NZ;New Zealand;275;4299;1;28;0.6513142591300303
2021-10-17;NZ;New Zealand;396;4695;0;28;0.5963791267305644
2021-10-24;NZ;New Zealand;687;5382;0;28;0.5202526941657376
2021-10-31;NZ;New Zealand;851;6233;0;28;0.4492218835231831
2021-11-07;NZ;New Zealand;1053;7286;4;32;0.43919846280538016
2021-11-14;NZ;New Zealand;1218;8504;1;33;0.3880526810912512
2021-11-21;NZ;New Zealand;1302;9806;7;40;0.4079135223332654
2021-11-28;NZ;New Zealand;1265;11071;3;43;0.3884021316954205
2021-12-05;NZ;New Zealand;888;11959;1;44;0.36792373944309725
2021-12-12;NZ;New Zealand;657;12616;3;47;0.3725428027901078
2021-12-19;NZ;New Zealand;512;13128;2;49;0.3732480195003047
2021-12-26;NZ;New Zealand;401;13529;1;50;0.36957646537068517
2022-01-02;NZ;New Zealand;403;13932;1;51;0.3660637381567614
2022-01-09;NZ;New Zealand;426;14358;0;51;0.355202674467196
2022-01-16;NZ;New Zealand;392;14750;1;52;0.3525423728813559
2022-01-23;NZ;New Zealand;500;15250;0;52;0.3409836065573771
2022-01-30;NZ;New Zealand;790;16040;0;52;0.3241895261845386
2022-02-06;NZ;New Zealand;1571;17611;1;53;0.30094827096700927
2022-02-13;NZ;New Zealand;3575;21186;0;53;0.25016520343623144
2022-02-20;NZ;New Zealand;11724;32910;0;53;0.16104527499240354
2022-02-27;NZ;New Zealand;65839;98749;3;56;0.056709435032253494
2022-03-06;NZ;New Zealand;140787;239536;9;65;0.02713579587201924
2022-03-13;NZ;New Zealand;137160;376696;37;102;0.02707753732452694
2022-03-20;NZ;New Zealand;119858;496554;61;163;0.03282623843529606
2022-03-27;NZ;New Zealand;112755;609309;68;231;0.037911798447093345
2022-04-03;NZ;New Zealand;92674;701983;132;363;0.05171065396170563
2022-04-10;NZ;New Zealand;71244;773227;106;469;0.06065489177175655
2022-04-17;NZ;New Zealand;55640;828867;95;564;0.0680446923330281
2022-04-24;NZ;New Zealand;58325;887192;80;644;0.07258857158315224
2022-05-01;NZ;New Zealand;52916;940108;69;713;0.07584235002786914
2022-05-08;NZ;New Zealand;52539;992647;99;812;0.08180148632897696
2022-05-15;NZ;New Zealand;58157;1050804;117;929;0.08840849482872162
2022-05-22;NZ;New Zealand;49841;1100645;88;1017;0.09240036524038178
2022-05-29;NZ;New Zealand;48148;1148793;95;1112;0.09679724719771099
2022-06-05;NZ;New Zealand;46082;1194875;82;1194;0.09992677058269694
2022-06-12;NZ;New Zealand;47762;1242637;92;1286;0.10348959511104208
2022-06-19;NZ;New Zealand;28175;1270812;64;1350;0.10623129148922107
2022-06-26;NZ;New Zealand;43542;1314354;87;1437;0.10933127604891833
2022-07-03;NZ;New Zealand;36180;1350534;97;1534;0.11358470057029293
2022-07-10;NZ;New Zealand;70398;1420932;111;1645;0.11576908676840271
2022-07-17;NZ;New Zealand;69674;1490606;158;1803;0.12095751660733955
2022-07-24;NZ;New Zealand;61169;1551775;236;2039;0.13139791529055436
2022-07-31;NZ;New Zealand;51603;1603378;56;2095;0.13066164061125948
2022-08-07;NZ;New Zealand;39002;1642380;0;2095;0.12755878663890208
2022-08-14;NZ;New Zealand;30700;1673080;0;2095;0.1252181605183255
2022-08-21;NZ;New Zealand;26682;1699762;0;2095;0.1232525494745735
2022-08-28;NZ;New Zealand;18411;1718173;0;2095;0.12193184271898115
2022-09-04;NZ;New Zealand;13074;1731247;0;2095;0.12101104001913071
2022-09-11;NZ;New Zealand;10756;1742003;0;2095;0.12026385718049853
2022-09-18;NZ;New Zealand;3178;1745181;0;2095;0.12004485494627778
2022-09-25;NZ;New Zealand;7219;1752400;0;2095;0.11955033097466332
2022-10-02;NZ;New Zealand;19616;1772016;0;2095;0.11822692345893038
2022-10-09;NZ;New Zealand;0;1772016;0;2095;0.11822692345893038
2022-10-16;NZ;New Zealand;25047;1797063;0;2095;0.11657910713202599
2022-10-23;NZ;New Zealand;14489;1811552;0;2095;0.11564669410538589
2022-10-30;NZ;New Zealand;41043;1852595;24;2119;0.11438009926616449
2022-11-06;NZ;New Zealand;0;1852595;0;2119;0.11438009926616449
2022-11-13;NZ;New Zealand;19678;1872273;63;2182;0.11654283322998303
2022-11-20;NZ;New Zealand;21885;1894158;0;2182;0.11519630358185537
2022-11-27;NZ;New Zealand;24759;1918917;30;2212;0.11527335470997443
2022-12-04;NZ;New Zealand;31859;1950776;23;2235;0.1145697917136565
2022-12-11;NZ;New Zealand;37483;1988259;22;2257;0.11351639801454438
2022-12-18;NZ;New Zealand;39722;2027981;31;2288;0.11282156982733074
2022-12-25;NZ;New Zealand;0;2027981;0;2288;0.11282156982733074
2023-01-01;NZ;New Zealand;29469;2057450;43;2331;0.11329558433983815
2023-01-08;NZ;New Zealand;0;2057450;0;2331;0.11329558433983815
2023-01-15;NZ;New Zealand;40236;2097686;0;2331;0.11112244635279064
2023-01-22;NZ;New Zealand;17311;2114997;0;2331;0.11021292228783303
2023-01-29;NZ;New Zealand;12278;2127275;0;2331;0.10957680600768588
2023-02-05;NZ;New Zealand;9387;2136662;146;2477;0.11592849032743599
2023-02-12;NZ;New Zealand;7604;2144266;36;2513;0.11719628068532542
2023-02-19;NZ;New Zealand;7272;2151538;21;2534;0.1177762140385157
2023-02-26;NZ;New Zealand;7100;2158638;8;2542;0.11775943905369961
2023-03-05;NZ;New Zealand;7832;2166470;6;2548;0.11761067543053909
2023-03-12;NZ;New Zealand;10029;2176499;12;2560;0.1176200862026585
2023-03-19;NZ;New Zealand;10133;2186632;26;2586;0.11826407004013478
2023-03-26;NZ;New Zealand;9923;2196555;76;2662;0.12118977216595989
2023-04-02;NZ;New Zealand;9839;2206394;25;2687;0.12178241964037248
2023-04-09;NZ;New Zealand;10653;2217047;0;2687;0.12119725021616592
2023-04-16;NZ;New Zealand;10595;2227642;29;2716;0.12192264286631335
2023-04-23;NZ;New Zealand;12799;2240441;0;2716;0.12122613360494652
2023-04-30;NZ;New Zealand;10999;2251440;20;2736;0.12152222577550367
2023-05-07;NZ;New Zealand;9686;2261126;56;2792;0.12347830240331586
2023-05-14;NZ;New Zealand;11103;2272229;0;2792;0.12287493910164865
2023-05-21;NZ;New Zealand;10632;2282861;101;2893;0.12672694482931723
2023-05-28;NZ;New Zealand;12698;2295559;49;2942;0.12816050469624174
2023-06-04;NZ;New Zealand;11384;2306943;0;2942;0.12752807503262975
2023-06-11;NZ;New Zealand;0;2306943;96;3038;0.13168942622336138
2023-06-18;NZ;New Zealand;19446;2326389;39;3077;0.1322650683097281
2023-06-25;NZ;New Zealand;7524;2333913;0;3077;0.13183867607747163
2023-07-02;NZ;New Zealand;0;2333913;61;3138;0.13445231248979717
2023-07-09;NZ;New Zealand;11979;2345892;21;3159;0.1346609306822309
2023-07-16;NZ;New Zealand;4609;2350501;13;3172;0.13494995322273848
2023-07-23;NZ;New Zealand;3741;2354242;16;3188;0.13541513574220493
2023-07-30;NZ;New Zealand;3114;2357356;31;3219;0.13655128881679304
2023-08-06;NZ;New Zealand;3079;2360435;10;3229;0.13679681923035372
2023-08-13;NZ;New Zealand;3869;2364304;20;3249;0.13741887676034892
2023-08-20;NZ;New Zealand;4527;2368831;0;3249;0.1371562597753913
2023-08-27;NZ;New Zealand;3287;2372118;34;3283;0.13839952312658982
2023-09-03;NZ;New Zealand;2804;2374922;0;3283;0.13823611891253693
2023-09-10;NZ;New Zealand;2899;2377821;11;3294;0.13853019213809617
2023-09-17;NZ;New Zealand;2767;2380588;15;3309;0.13899927244865554
2023-09-24;NZ;New Zealand;2478;2383066;20;3329;0.13969399085044226
2023-10-01;NZ;New Zealand;2372;2385438;18;3347;0.14030966220878516
2023-10-08;NZ;New Zealand;2420;2387858;14;3361;0.1407537634147424
2023-10-15;NZ;New Zealand;2919;2390777;15;3376;0.14120932232491779
2023-10-22;NZ;New Zealand;3200;2393977;40;3416;0.14269142936628046
2023-10-29;NZ;New Zealand;3460;2397437;0;3416;0.14248549596923715
2023-11-05;NZ;New Zealand;3530;2400967;29;3445;0.14348385463023855
2023-11-12;NZ;New Zealand;4508;2405475;19;3464;0.14400482233238757
2023-11-19;NZ;New Zealand;4897;2410372;38;3502;0.1452887770020561
2023-11-26;NZ;New Zealand;6405;2416777;20;3522;0.14573127764787566
2023-12-03;NZ;New Zealand;5615;2422392;27;3549;0.1465080796171718
2023-12-10;NZ;New Zealand;5524;2427916;20;3569;0.146998495829345
2023-12-17;NZ;New Zealand;6136;2434052;27;3596;0.14773718885216913
2023-12-24;NZ;New Zealand;6323;2440375;27;3623;0.14846078983762742
2023-12-31;NZ;New Zealand;0;2440375;0;3623;0.14846078983762742
2024-01-07;NZ;New Zealand;11861;2452236;0;3623;0.14774271318094997
2024-01-14;NZ;New Zealand;5733;2457969;22;3645;0.14829316399027
2024-01-21;NZ;New Zealand;6788;2464757;77;3722;0.15100880127331012
2020-01-05;NI;Nicaragua;0;0;0;0;0.0
2020-01-12;NI;Nicaragua;0;0;0;0;0.0
2020-01-19;NI;Nicaragua;0;0;0;0;0.0
2020-01-26;NI;Nicaragua;0;0;0;0;0.0
2020-02-02;NI;Nicaragua;0;0;0;0;0.0
2020-02-09;NI;Nicaragua;0;0;0;0;0.0
2020-02-16;NI;Nicaragua;0;0;0;0;0.0
2020-02-23;NI;Nicaragua;0;0;0;0;0.0
2020-03-01;NI;Nicaragua;0;0;0;0;0.0
2020-03-08;NI;Nicaragua;0;0;0;0;0.0
2020-03-15;NI;Nicaragua;0;0;0;0;0.0
2020-03-22;NI;Nicaragua;2;2;0;0;0.0
2020-04-19;NI;Nicaragua;2;9;0;1;11.11111111111111
2020-05-24;NI;Nicaragua;254;279;9;17;6.093189964157706
2020-05-31;NI;Nicaragua;606;885;18;35;3.954802259887006
2020-06-07;NI;Nicaragua;424;1309;11;46;3.514132925897632
2020-06-14;NI;Nicaragua;346;1655;9;55;3.3232628398791544
2020-06-21;NI;Nicaragua;359;2014;9;64;3.1777557100297913
2020-06-28;NI;Nicaragua;0;2014;10;74;3.6742800397219466
2020-07-05;NI;Nicaragua;168;2182;9;83;3.8038496791934002
2020-07-12;NI;Nicaragua;229;2411;8;91;3.774367482372459
2020-07-19;NI;Nicaragua;301;2712;8;99;3.650442477876106
2020-07-26;NI;Nicaragua;292;3004;9;108;3.5952063914780292
2020-08-02;NI;Nicaragua;76;3080;8;116;3.766233766233766
2020-08-09;NI;Nicaragua;186;3266;7;123;3.766074709124311
2020-08-16;NI;Nicaragua;147;3413;5;128;3.7503662467037797
2020-08-23;NI;Nicaragua;127;3540;5;133;3.7570621468926557
2020-08-30;NI;Nicaragua;119;3659;4;137;3.7441924022957087
2020-09-06;NI;Nicaragua;114;3773;4;141;3.7370792472833285
2020-09-13;NI;Nicaragua;104;3877;3;144;3.7142120196027855
2020-09-20;NI;Nicaragua;102;3979;3;147;3.6943955767780845
2020-09-27;NI;Nicaragua;86;4065;2;149;3.6654366543665438
2020-10-04;NI;Nicaragua;81;4146;2;151;3.642064640617462
2020-10-11;NI;Nicaragua;79;4225;2;153;3.621301775147929
2020-10-18;NI;Nicaragua;72;4297;1;154;3.5838957412148007
2020-10-25;NI;Nicaragua;65;4362;1;155;3.5534158642824396
2020-11-01;NI;Nicaragua;62;4424;1;156;3.52622061482821
2020-11-08;NI;Nicaragua;56;4480;1;157;3.5044642857142856
2020-11-15;NI;Nicaragua;53;4533;1;158;3.485550408118244
2020-11-22;NI;Nicaragua;50;4583;1;159;3.4693432249618157
2020-11-29;NI;Nicaragua;46;4629;1;160;3.4564700799308707
2020-12-06;NI;Nicaragua;42;4671;1;161;3.4467994005566256
2020-12-13;NI;Nicaragua;38;4709;1;162;3.4402208536844343
2020-12-20;NI;Nicaragua;39;4748;1;163;3.4330244313395113
2020-12-27;NI;Nicaragua;42;4790;1;164;3.4237995824634653
2021-01-03;NI;Nicaragua;39;4829;1;165;3.416856492027335
2021-01-10;NI;Nicaragua;38;4867;1;166;3.410725292788165
2021-01-17;NI;Nicaragua;49;4916;1;167;3.3970707892595606
2021-01-24;NI;Nicaragua;37;4953;1;168;3.391883706844337
2021-01-31;NI;Nicaragua;39;4992;1;169;3.3854166666666665
2021-02-07;NI;Nicaragua;35;5027;1;170;3.3817386114979113
2021-02-14;NI;Nicaragua;37;5064;1;171;3.3767772511848344
2021-02-21;NI;Nicaragua;42;5106;1;172;3.3685859772816293
2021-02-28;NI;Nicaragua;36;5142;1;173;3.3644496304939717
2021-03-07;NI;Nicaragua;34;5176;1;174;3.3616692426584236
2021-03-14;NI;Nicaragua;40;5216;1;175;3.3550613496932518
2021-03-21;NI;Nicaragua;35;5251;1;176;3.3517425252332886
2021-03-28;NI;Nicaragua;37;5288;1;177;3.3472012102874436
2021-04-04;NI;Nicaragua;38;5326;1;178;3.3420953811490803
2021-04-11;NI;Nicaragua;40;5366;1;179;3.335818114051435
2021-04-18;NI;Nicaragua;41;5407;1;180;3.329017939707786
2021-04-25;NI;Nicaragua;43;5450;1;181;3.3211009174311927
2021-05-02;NI;Nicaragua;48;5498;1;182;3.310294652600946
2021-05-09;NI;Nicaragua;77;5575;1;183;3.2825112107623315
2021-05-16;NI;Nicaragua;74;5649;1;184;3.2572136661355993
2021-05-23;NI;Nicaragua;82;5731;1;185;3.228057930553132
2021-05-30;NI;Nicaragua;102;5833;1;186;3.188753643065318
2021-06-06;NI;Nicaragua;116;5949;1;187;3.143385442931585
2021-06-13;NI;Nicaragua;136;6085;1;188;3.089564502875924
2021-06-20;NI;Nicaragua;158;6243;1;189;3.027390677558866
2021-06-27;NI;Nicaragua;159;6402;1;190;2.9678225554514217
2021-07-04;NI;Nicaragua;202;6604;1;191;2.892186553603876
2021-07-11;NI;Nicaragua;215;6819;1;192;2.8156621205455346
2021-07-18;NI;Nicaragua;225;7044;1;193;2.7399204997160704
2021-07-25;NI;Nicaragua;269;7313;1;194;2.6528100642691097
2021-08-01;NI;Nicaragua;279;7592;1;195;2.5684931506849313
2021-08-08;NI;Nicaragua;298;7890;1;196;2.4841571609632447
2021-08-15;NI;Nicaragua;303;8193;1;197;2.404491639204199
2021-08-22;NI;Nicaragua;303;8496;1;198;2.330508474576271
2021-08-29;NI;Nicaragua;371;8867;1;199;2.2442765309574826
2021-09-05;NI;Nicaragua;416;9283;1;200;2.1544759237315523
2021-09-12;NI;Nicaragua;449;9732;1;201;2.065351418002466
2021-09-19;NI;Nicaragua;513;10245;1;202;1.9716935090287946
2021-09-26;NI;Nicaragua;512;10757;1;203;1.8871432555545224
2021-10-03;NI;Nicaragua;516;11273;1;204;1.8096336378958573
2021-10-10;NI;Nicaragua;466;11739;1;205;1.746315699804072
2021-10-17;NI;Nicaragua;430;12169;1;206;1.6928260333634644
2021-10-24;NI;Nicaragua;380;12549;1;207;1.6495338273966054
2021-10-31;NI;Nicaragua;317;12866;1;208;1.6166640758588529
2021-11-07;NI;Nicaragua;181;13047;1;209;1.6019008201119032
2021-11-14;NI;Nicaragua;103;13150;1;210;1.596958174904943
2021-11-21;NI;Nicaragua;92;13242;1;211;1.5934148920102704
2021-11-28;NI;Nicaragua;88;13330;1;212;1.5903975993998498
2021-12-05;NI;Nicaragua;67;13397;1;213;1.5899081884003883
2021-12-12;NI;Nicaragua;52;13449;1;214;1.591196371477433
2021-12-19;NI;Nicaragua;44;13493;1;215;1.5934188097532054
2021-12-26;NI;Nicaragua;38;13531;1;216;1.5963343433596928
2022-01-02;NI;Nicaragua;32;13563;1;217;1.59994101599941
2022-01-09;NI;Nicaragua;26;13589;1;218;1.6042387224961367
2022-01-16;NI;Nicaragua;0;13589;0;218;1.6042387224961367
2022-01-23;NI;Nicaragua;57;13646;1;219;1.6048658947676975
2022-01-30;NI;Nicaragua;35;13681;1;220;1.6080695855566114
2022-02-06;NI;Nicaragua;46;13727;1;221;1.6099657609091573
2022-02-13;NI;Nicaragua;65;13792;1;222;1.6096287703016239
2022-02-20;NI;Nicaragua;85;13877;1;223;1.606975571088852
2022-02-27;NI;Nicaragua;81;13958;1;224;1.60481444332999
2022-03-06;NI;Nicaragua;77;14035;1;225;1.6031350195938723
2022-03-13;NI;Nicaragua;73;14108;1;226;1.6019279841224838
2022-03-20;NI;Nicaragua;62;14170;2;228;1.6090331686661963
2022-03-27;NI;Nicaragua;52;14222;1;229;1.610181409084517
2022-04-03;NI;Nicaragua;47;14269;1;230;1.6118859065106173
2022-04-10;NI;Nicaragua;37;14306;1;231;1.6147071158954287
2022-04-17;NI;Nicaragua;33;14339;1;232;1.6179649905851177
2022-04-24;NI;Nicaragua;32;14371;1;233;1.6213207153294829
2022-05-01;NI;Nicaragua;24;14395;1;234;1.6255644320944773
2022-05-08;NI;Nicaragua;27;14422;1;235;1.6294549993066147
2022-05-15;NI;Nicaragua;25;14447;1;236;1.633557139890635
2022-05-22;NI;Nicaragua;26;14473;1;237;1.6375319560561046
2022-05-29;NI;Nicaragua;35;14508;1;238;1.6404742211193823
2022-06-05;NI;Nicaragua;30;14538;1;239;1.6439675333608474
2022-06-12;NI;Nicaragua;39;14577;1;240;1.6464293064416546
2022-06-19;NI;Nicaragua;42;14619;1;241;1.6485395717901359
2022-06-26;NI;Nicaragua;0;14619;0;241;1.6485395717901359
2022-07-03;NI;Nicaragua;71;14690;1;242;1.647379169503063
2022-07-10;NI;Nicaragua;31;14721;1;243;1.6507030772366007
2022-07-17;NI;Nicaragua;30;14751;1;244;1.65412514405803
2022-07-24;NI;Nicaragua;26;14777;0;244;1.651214725587061
2022-07-31;NI;Nicaragua;30;14807;0;244;1.6478692510299184
2022-08-07;NI;Nicaragua;0;14807;0;244;1.6478692510299184
2022-08-14;NI;Nicaragua;65;14872;0;244;1.64066702528241
2022-08-21;NI;Nicaragua;27;14899;0;244;1.6376938049533527
2022-08-28;NI;Nicaragua;32;14931;0;244;1.6341839126649254
2022-09-04;NI;Nicaragua;0;14931;0;244;1.6341839126649254
2022-09-11;NI;Nicaragua;59;14990;0;244;1.627751834556371
2022-09-18;NI;Nicaragua;0;14990;0;244;1.627751834556371
2022-09-25;NI;Nicaragua;55;15045;1;245;1.6284479893652375
2022-10-02;NI;Nicaragua;25;15070;0;245;1.6257465162574651
2022-10-09;NI;Nicaragua;22;15092;0;245;1.6233766233766231
2022-10-16;NI;Nicaragua;28;15120;0;245;1.6203703703703702
2022-10-23;NI;Nicaragua;25;15145;0;245;1.6176956091119181
2022-10-30;NI;Nicaragua;21;15166;0;245;1.6154556244230516
2022-11-06;NI;Nicaragua;20;15186;0;245;1.6133280653233242
2022-11-13;NI;Nicaragua;17;15203;0;245;1.6115240413076368
2022-11-20;NI;Nicaragua;16;15219;0;245;1.6098298179906694
2022-11-27;NI;Nicaragua;13;15232;0;245;1.6084558823529411
2022-12-04;NI;Nicaragua;18;15250;0;245;1.6065573770491801
2022-12-11;NI;Nicaragua;13;15263;0;245;1.6051890191967504
2022-12-18;NI;Nicaragua;45;15308;0;245;1.6004703423046773
2022-12-25;NI;Nicaragua;57;15365;0;245;1.5945330296127564
2023-01-01;NI;Nicaragua;0;15365;0;245;1.5945330296127564
2023-01-08;NI;Nicaragua;101;15466;0;245;1.5841200051726365
2023-01-15;NI;Nicaragua;41;15507;0;245;1.5799316437737794
2023-01-22;NI;Nicaragua;34;15541;0;245;1.5764751303004956
2023-01-29;NI;Nicaragua;28;15569;0;245;1.573639925492967
2023-02-05;NI;Nicaragua;23;15592;0;245;1.5713186249358646
2023-02-12;NI;Nicaragua;20;15612;0;245;1.5693056623110428
2023-02-19;NI;Nicaragua;15;15627;0;245;1.567799321686824
2023-02-26;NI;Nicaragua;11;15638;0;245;1.566696508504924
2023-03-05;NI;Nicaragua;17;15655;0;245;1.5649952091983392
2023-03-12;NI;Nicaragua;2;15657;0;245;1.5647952992271827
2023-03-19;NI;Nicaragua;15;15672;0;245;1.5632976008167432
2023-03-26;NI;Nicaragua;3;15675;0;245;1.562998405103668
2023-04-02;NI;Nicaragua;7;15682;0;245;1.5623007269480933
2023-04-09;NI;Nicaragua;0;15682;0;245;1.5623007269480933
2023-04-16;NI;Nicaragua;6;15688;0;245;1.5617032126466088
2023-04-23;NI;Nicaragua;3;15691;0;245;1.5614046268561597
2023-04-30;NI;Nicaragua;6;15697;0;245;1.5608077976683443
2023-05-07;NI;Nicaragua;7;15704;0;245;1.5601120733571066
2023-05-14;NI;Nicaragua;9;15713;0;245;1.5592184815121237
2023-05-21;NI;Nicaragua;0;15713;0;245;1.5592184815121237
2023-05-28;NI;Nicaragua;10;15723;0;245;1.5582268015009857
2023-06-04;NI;Nicaragua;13;15736;0;245;1.5569395017793595
2023-06-11;NI;Nicaragua;22;15758;0;245;1.554765833227567
2023-06-18;NI;Nicaragua;47;15805;0;245;1.5501423600126543
2023-06-25;NI;Nicaragua;59;15864;0;245;1.5443772062531518
2023-07-02;NI;Nicaragua;40;15904;0;245;1.540492957746479
2023-07-09;NI;Nicaragua;31;15935;0;245;1.537496077816128
2023-07-16;NI;Nicaragua;24;15959;0;245;1.5351839087662134
2023-07-23;NI;Nicaragua;9;15968;0;245;1.534318637274549
2023-07-30;NI;Nicaragua;12;15980;0;245;1.5331664580725906
2023-08-06;NI;Nicaragua;8;15988;0;245;1.532399299474606
2023-08-13;NI;Nicaragua;11;15999;0;245;1.5313457091068192
2023-08-20;NI;Nicaragua;12;16011;0;245;1.5301979888826431
2023-08-27;NI;Nicaragua;6;16017;0;245;1.5296247736779671
2023-09-03;NI;Nicaragua;5;16022;0;245;1.5291474222943453
2023-09-10;NI;Nicaragua;8;16030;0;245;1.5283842794759825
2023-09-17;NI;Nicaragua;12;16042;0;245;1.5272409923949632
2023-09-24;NI;Nicaragua;5;16047;0;245;1.5267651274381504
2023-10-01;NI;Nicaragua;4;16051;0;245;1.526384648931531
2023-10-08;NI;Nicaragua;3;16054;0;245;1.526099414476143
2023-10-15;NI;Nicaragua;3;16057;0;245;1.5258142866039734
2023-10-22;NI;Nicaragua;5;16062;0;245;1.5253393101730792
2023-10-29;NI;Nicaragua;3;16065;0;245;1.5250544662309369
2023-11-05;NI;Nicaragua;1;16066;0;245;1.524959541889705
2023-11-12;NI;Nicaragua;4;16070;0;245;1.5245799626633478
2023-11-19;NI;Nicaragua;3;16073;0;245;1.5242954022273376
2023-11-26;NI;Nicaragua;4;16077;0;245;1.5239161535112271
2023-12-03;NI;Nicaragua;7;16084;0;245;1.523252922158667
2023-12-10;NI;Nicaragua;4;16088;0;245;1.5228741919443063
2023-12-17;NI;Nicaragua;9;16097;0;245;1.5220227371559918
2023-12-24;NI;Nicaragua;5;16102;0;245;1.5215501179977644
2023-12-31;NI;Nicaragua;4;16106;0;245;1.5211722339500806
2024-01-07;NI;Nicaragua;0;16106;0;245;1.5211722339500806
2024-01-14;NI;Nicaragua;0;16106;0;245;1.5211722339500806
2024-01-21;NI;Nicaragua;0;16106;0;245;1.5211722339500806
2020-01-05;NE;Niger;0;0;0;0;0.0
2020-01-12;NE;Niger;0;0;0;0;0.0
2020-01-19;NE;Niger;0;0;0;0;0.0
2020-01-26;NE;Niger;0;0;0;0;0.0
2020-02-02;NE;Niger;0;0;0;0;0.0
2020-02-09;NE;Niger;0;0;0;0;0.0
2020-02-16;NE;Niger;0;0;0;0;0.0
2020-02-23;NE;Niger;0;0;0;0;0.0
2020-03-01;NE;Niger;0;0;0;0;0.0
2020-03-08;NE;Niger;0;0;0;0;0.0
2020-03-15;NE;Niger;0;0;0;0;0.0
2020-03-22;NE;Niger;2;2;0;0;0.0
2020-03-29;NE;Niger;18;20;0;0;0.0
2020-04-12;NE;Niger;385;529;1;58;10.964083175803403
2020-04-19;NE;Niger;119;648;0;58;8.950617283950617
2020-04-26;NE;Niger;36;684;0;58;8.47953216374269
2020-05-03;NE;Niger;52;736;2;60;8.152173913043478
2020-05-10;NE;Niger;79;815;10;70;8.588957055214724
2020-05-17;NE;Niger;74;889;5;75;8.43644544431946
2020-05-24;NE;Niger;54;943;10;85;9.013785790031813
2020-05-31;NE;Niger;13;956;3;88;9.205020920502092
2020-06-07;NE;Niger;14;970;1;89;9.175257731958762
2020-06-14;NE;Niger;10;980;1;90;9.183673469387756
2020-06-21;NE;Niger;55;1035;1;91;8.792270531400966
2020-06-28;NE;Niger;33;1068;0;91;8.52059925093633
2020-07-05;NE;Niger;20;1088;1;92;8.455882352941178
2020-07-12;NE;Niger;11;1099;0;92;8.371246587807098
2020-07-19;NE;Niger;5;1104;1;93;8.423913043478262
2020-07-26;NE;Niger;20;1124;0;93;8.274021352313166
2020-08-02;NE;Niger;14;1138;0;93;8.172231985940245
2020-08-09;NE;Niger;19;1157;0;93;8.038029386343993
2020-08-16;NE;Niger;9;1166;0;93;7.975986277873071
2020-08-23;NE;Niger;6;1172;0;93;7.935153583617748
2020-08-30;NE;Niger;3;1175;0;93;7.914893617021276
2020-09-06;NE;Niger;2;1177;0;93;7.90144435004248
2020-09-13;NE;Niger;1;1178;0;93;7.894736842105263
2020-09-20;NE;Niger;4;1182;0;93;7.868020304568528
2020-09-27;NE;Niger;12;1194;0;93;7.788944723618091
2020-10-04;NE;Niger;6;1200;0;93;7.75
2020-10-11;NE;Niger;0;1200;0;93;7.75
2020-10-18;NE;Niger;9;1209;0;93;7.6923076923076925
2020-10-25;NE;Niger;6;1215;0;93;7.654320987654321
2020-11-01;NE;Niger;6;1221;0;93;7.616707616707617
2020-11-08;NE;Niger;21;1242;0;93;7.487922705314009
2020-11-15;NE;Niger;59;1301;1;94;7.22521137586472
2020-11-22;NE;Niger;50;1351;0;94;6.9578090303478906
2020-11-29;NE;Niger;133;1484;0;94;6.334231805929918
2020-12-06;NE;Niger;305;1789;7;101;5.645612073784237
2020-12-13;NE;Niger;427;2216;0;101;4.5577617328519855
2020-12-20;NE;Niger;398;2614;0;101;3.8638102524866103
2020-12-27;NE;Niger;495;3109;0;101;3.248633000964941
2021-01-03;NE;Niger;328;3437;9;110;3.200465522257783
2021-01-10;NE;Niger;382;3819;18;128;3.351662738936895
2021-01-17;NE;Niger;313;4132;12;140;3.3881897386253628
2021-01-24;NE;Niger;189;4321;13;153;3.540847026151354
2021-01-31;NE;Niger;195;4516;8;161;3.5651018600531446
2021-02-07;NE;Niger;82;4598;4;165;3.588516746411483
2021-02-14;NE;Niger;92;4690;4;169;3.6034115138592755
2021-02-21;NE;Niger;43;4733;1;170;3.5918022395943376
2021-02-28;NE;Niger;39;4772;5;175;3.6672254819782064
2021-03-07;NE;Niger;50;4822;2;177;3.670676068021568
2021-03-14;NE;Niger;35;4857;4;181;3.726580193535104
2021-03-21;NE;Niger;61;4918;4;185;3.761691744611631
2021-03-28;NE;Niger;69;4987;0;185;3.709645077200722
2021-04-04;NE;Niger;46;5033;3;188;3.735346711702762
2021-04-11;NE;Niger;39;5072;0;188;3.7066246056782335
2021-04-18;NE;Niger;55;5127;2;190;3.705870879656719
2021-04-25;NE;Niger;31;5158;1;191;3.7029856533540126
2021-05-02;NE;Niger;71;5229;0;191;3.6527060623446164
2021-05-09;NE;Niger;90;5319;1;192;3.609701071630006
2021-05-16;NE;Niger;11;5330;0;192;3.602251407129456
2021-05-23;NE;Niger;39;5369;0;192;3.5760849320171353
2021-05-30;NE;Niger;41;5410;0;192;3.54898336414048
2021-06-06;NE;Niger;28;5438;0;192;3.5307098197866864
2021-06-13;NE;Niger;8;5446;0;192;3.5255233198677933
2021-06-20;NE;Niger;23;5469;1;193;3.52898153227281
2021-06-27;NE;Niger;9;5478;0;193;3.5231836436655715
2021-07-04;NE;Niger;28;5506;1;194;3.5234289865601163
2021-07-11;NE;Niger;32;5538;0;194;3.5030697002527993
2021-07-18;NE;Niger;35;5573;0;194;3.4810694419522696
2021-07-25;NE;Niger;25;5598;1;195;3.483386923901393
2021-08-01;NE;Niger;25;5623;0;195;3.4678996976702825
2021-08-08;NE;Niger;59;5682;1;196;3.4494896163322775
2021-08-15;NE;Niger;40;5722;0;196;3.4253757427472915
2021-08-22;NE;Niger;45;5767;0;196;3.3986474770244497
2021-08-29;NE;Niger;72;5839;2;198;3.390991608152081
2021-09-05;NE;Niger;41;5880;1;199;3.3843537414965983
2021-09-12;NE;Niger;39;5919;0;199;3.362054401081264
2021-09-19;NE;Niger;38;5957;2;201;3.3741816350512
2021-09-26;NE;Niger;17;5974;0;201;3.3645798459993306
2021-10-03;NE;Niger;61;6035;2;203;3.363711681855841
2021-10-10;NE;Niger;58;6093;1;204;3.348104382077794
2021-10-17;NE;Niger;67;6160;0;204;3.3116883116883113
2021-10-24;NE;Niger;88;6248;3;207;3.313060179257362
2021-10-31;NE;Niger;91;6339;5;212;3.3443760845559236
2021-11-07;NE;Niger;151;6490;8;220;3.389830508474576
2021-11-14;NE;Niger;179;6669;11;231;3.4637876743139904
2021-11-21;NE;Niger;124;6793;7;238;3.503606653908435
2021-11-28;NE;Niger;165;6958;16;254;3.6504742742167293
2021-12-05;NE;Niger;103;7061;7;261;3.6963602889109195
2021-12-12;NE;Niger;93;7154;7;268;3.7461559966452334
2021-12-19;NE;Niger;45;7199;4;272;3.778302542019725
2021-12-26;NE;Niger;69;7268;2;274;3.769950467804073
2022-01-02;NE;Niger;170;7438;2;276;3.7106749126109166
2022-01-09;NE;Niger;523;7961;4;280;3.517146087174978
2022-01-16;NE;Niger;405;8366;8;288;3.4425053789146545
2022-01-23;NE;Niger;176;8542;7;295;3.4535237649262465
2022-01-30;NE;Niger;106;8648;3;298;3.4458834412580943
2022-02-06;NE;Niger;34;8682;4;302;3.4784611840589723
2022-02-13;NE;Niger;27;8709;1;303;3.4791594901825698
2022-02-20;NE;Niger;25;8734;0;303;3.4692008243645525
2022-02-27;NE;Niger;12;8746;3;306;3.4987422821861425
2022-03-06;NE;Niger;16;8762;1;307;3.5037662634101805
2022-03-13;NE;Niger;19;8781;1;308;3.5075731693428995
2022-03-20;NE;Niger;7;8788;0;308;3.504779244424215
2022-03-27;NE;Niger;13;8801;0;308;3.499602317918418
2022-04-03;NE;Niger;9;8810;0;308;3.496027241770715
2022-04-10;NE;Niger;13;8823;0;308;3.4908761192338202
2022-04-17;NE;Niger;48;8871;0;308;3.471987374591365
2022-04-24;NE;Niger;43;8914;1;309;3.4664572582454567
2022-05-01;NE;Niger;27;8941;0;309;3.455989262945979
2022-05-08;NE;Niger;45;8986;0;309;3.438682394836412
2022-05-15;NE;Niger;27;9013;1;310;3.439476311993787
2022-05-22;NE;Niger;21;9034;0;310;3.4314810715076383
2022-05-29;NE;Niger;12;9046;0;310;3.4269290294052626
2022-06-05;NE;Niger;10;9056;0;310;3.4231448763250882
2022-06-12;NE;Niger;14;9070;0;310;3.4178610804851157
2022-06-19;NE;Niger;8;9078;0;310;3.414849085701696
2022-06-26;NE;Niger;10;9088;1;311;3.422095070422535
2022-07-03;NE;Niger;2;9090;0;311;3.421342134213421
2022-07-10;NE;Niger;7;9097;0;311;3.4187094646586784
2022-07-17;NE;Niger;7;9104;0;311;3.4160808435852377
2022-07-24;NE;Niger;4;9108;0;311;3.414580588493632
2022-07-31;NE;Niger;6;9114;0;311;3.4123326750054863
2022-08-07;NE;Niger;6;9120;0;311;3.4100877192982457
2022-08-14;NE;Niger;18;9138;0;311;3.4033705405996937
2022-08-21;NE;Niger;55;9193;1;312;3.3938866528880673
2022-08-28;NE;Niger;127;9320;0;312;3.347639484978541
2022-09-04;NE;Niger;37;9357;0;312;3.3344020519397244
2022-09-11;NE;Niger;20;9377;0;312;3.32729017809534
2022-09-18;NE;Niger;18;9395;1;313;3.331559340074508
2022-09-25;NE;Niger;10;9405;0;313;3.328017012227538
2022-10-02;NE;Niger;6;9411;0;313;3.325895228987355
2022-10-09;NE;Niger;4;9415;1;314;3.3351035581518853
2022-10-16;NE;Niger;1;9416;0;314;3.334749362786746
2022-10-23;NE;Niger;9;9425;0;314;3.331564986737401
2022-10-30;NE;Niger;3;9428;0;314;3.330504879083581
2022-11-06;NE;Niger;2;9430;0;314;3.3297985153764578
2022-11-13;NE;Niger;2;9432;0;314;3.329092451229856
2022-11-20;NE;Niger;2;9434;0;314;3.3283866864532543
2022-11-27;NE;Niger;0;9434;0;314;3.3283866864532543
2022-12-04;NE;Niger;11;9445;0;314;3.3245103229221815
2022-12-11;NE;Niger;12;9457;0;314;3.320291847308872
2022-12-18;NE;Niger;16;9473;0;314;3.314683838277209
2022-12-25;NE;Niger;13;9486;0;314;3.310141260805397
2023-01-01;NE;Niger;18;9504;1;315;3.3143939393939394
2023-01-08;NE;Niger;2;9506;0;315;3.313696612665685
2023-01-15;NE;Niger;1;9507;0;315;3.313348059324708
2023-01-22;NE;Niger;2;9509;0;315;3.3126511725733514
2023-01-29;NE;Niger;1;9510;0;315;3.3123028391167195
2023-02-05;NE;Niger;0;9510;0;315;3.3123028391167195
2023-02-12;NE;Niger;2;9512;0;315;3.3116063919259884
2023-02-19;NE;Niger;0;9512;0;315;3.3116063919259884
2023-02-26;NE;Niger;1;9513;0;315;3.3112582781456954
2023-03-05;NE;Niger;0;9513;0;315;3.3112582781456954
2023-03-12;NE;Niger;0;9513;0;315;3.3112582781456954
2023-03-19;NE;Niger;0;9513;0;315;3.3112582781456954
2023-03-26;NE;Niger;0;9513;0;315;3.3112582781456954
2023-04-02;NE;Niger;0;9513;0;315;3.3112582781456954
2023-04-09;NE;Niger;0;9513;0;315;3.3112582781456954
2023-04-16;NE;Niger;0;9513;0;315;3.3112582781456954
2023-04-23;NE;Niger;0;9513;0;315;3.3112582781456954
2023-04-30;NE;Niger;0;9513;0;315;3.3112582781456954
2023-05-07;NE;Niger;0;9513;0;315;3.3112582781456954
2023-05-14;NE;Niger;0;9513;0;315;3.3112582781456954
2023-05-21;NE;Niger;1;9514;0;315;3.310910237544671
2023-05-28;NE;Niger;0;9514;0;315;3.310910237544671
2023-06-04;NE;Niger;0;9514;0;315;3.310910237544671
2023-06-11;NE;Niger;0;9514;0;315;3.310910237544671
2023-06-18;NE;Niger;0;9514;0;315;3.310910237544671
2023-06-25;NE;Niger;0;9514;0;315;3.310910237544671
2023-07-02;NE;Niger;1;9515;0;315;3.310562270099842
2023-07-09;NE;Niger;0;9515;0;315;3.310562270099842
2023-07-16;NE;Niger;0;9515;0;315;3.310562270099842
2023-07-23;NE;Niger;0;9515;0;315;3.310562270099842
2023-07-30;NE;Niger;0;9515;0;315;3.310562270099842
2023-08-06;NE;Niger;0;9515;0;315;3.310562270099842
2023-08-13;NE;Niger;0;9515;0;315;3.310562270099842
2023-08-20;NE;Niger;0;9515;0;315;3.310562270099842
2023-08-27;NE;Niger;0;9515;0;315;3.310562270099842
2023-09-03;NE;Niger;0;9515;0;315;3.310562270099842
2023-09-10;NE;Niger;0;9515;0;315;3.310562270099842
2023-09-17;NE;Niger;0;9515;0;315;3.310562270099842
2023-09-24;NE;Niger;0;9515;0;315;3.310562270099842
2023-10-01;NE;Niger;0;9515;0;315;3.310562270099842
2023-10-08;NE;Niger;0;9515;0;315;3.310562270099842
2023-10-15;NE;Niger;0;9515;0;315;3.310562270099842
2023-10-22;NE;Niger;0;9515;0;315;3.310562270099842
2023-10-29;NE;Niger;0;9515;0;315;3.310562270099842
2023-11-05;NE;Niger;0;9515;0;315;3.310562270099842
2023-11-12;NE;Niger;0;9515;0;315;3.310562270099842
2023-11-19;NE;Niger;0;9515;0;315;3.310562270099842
2023-11-26;NE;Niger;0;9515;0;315;3.310562270099842
2023-12-03;NE;Niger;0;9515;0;315;3.310562270099842
2023-12-10;NE;Niger;0;9515;0;315;3.310562270099842
2023-12-17;NE;Niger;0;9515;0;315;3.310562270099842
2023-12-24;NE;Niger;0;9515;0;315;3.310562270099842
2023-12-31;NE;Niger;0;9515;0;315;3.310562270099842
2024-01-07;NE;Niger;0;9515;0;315;3.310562270099842
2024-01-14;NE;Niger;0;9515;0;315;3.310562270099842
2024-01-21;NE;Niger;0;9515;0;315;3.310562270099842
2020-01-05;NG;Nigeria;0;0;0;0;0.0
2020-01-12;NG;Nigeria;0;0;0;0;0.0
2020-01-19;NG;Nigeria;0;0;0;0;0.0
2020-01-26;NG;Nigeria;0;0;0;0;0.0
2020-02-02;NG;Nigeria;0;0;0;0;0.0
2020-02-09;NG;Nigeria;0;0;0;0;0.0
2020-02-16;NG;Nigeria;0;0;0;0;0.0
2020-02-23;NG;Nigeria;0;0;0;0;0.0
2020-03-01;NG;Nigeria;1;1;0;0;0.0
2020-03-08;NG;Nigeria;0;1;0;0;0.0
2020-03-15;NG;Nigeria;1;2;0;0;0.0
2020-03-22;NG;Nigeria;24;26;0;0;0.0
2020-03-29;NG;Nigeria;71;97;3;3;3.0927835051546393
2020-04-05;NG;Nigeria;117;214;4;7;3.2710280373831773
2020-04-12;NG;Nigeria;104;318;5;12;3.7735849056603774
2020-04-19;NG;Nigeria;223;541;9;21;3.8817005545286505
2020-04-26;NG;Nigeria;641;1182;16;37;3.1302876480541455
2020-05-03;NG;Nigeria;1206;2388;50;87;3.6432160804020097
2020-05-10;NG;Nigeria;1763;4151;41;128;3.0835943146229825
2020-05-17;NG;Nigeria;1470;5621;48;176;3.131115459882583
2020-05-24;NG;Nigeria;1905;7526;45;221;2.9364868456019133
2020-05-31;NG;Nigeria;2329;9855;52;273;2.7701674277016743
2020-06-07;NG;Nigeria;2378;12233;69;342;2.7957165045369083
2020-06-14;NG;Nigeria;3449;15682;64;406;2.5889554903711263
2020-06-21;NG;Nigeria;4126;19808;100;506;2.5545234248788367
2020-06-28;NG;Nigeria;4269;24077;52;558;2.3175644806246622
2020-07-05;NG;Nigeria;4090;28167;76;634;2.250860936556964
2020-07-12;NG;Nigeria;3820;31987;90;724;2.2634195141776345
2020-07-19;NG;Nigeria;4120;36107;54;778;2.1547068435483423
2020-07-26;NG;Nigeria;3870;39977;78;856;2.141231207944568
2020-08-02;NG;Nigeria;3560;43537;27;883;2.0281599558995795
2020-08-09;NG;Nigeria;2603;46140;59;942;2.0416124837451233
2020-08-16;NG;Nigeria;2630;48770;32;974;1.9971293828173056
2020-08-23;NG;Nigeria;3135;51905;23;997;1.9208168769868028
2020-08-30;NG;Nigeria;1822;53727;14;1011;1.8817354402814228
2020-09-06;NG;Nigeria;1178;54905;43;1054;1.9196794463163647
2020-09-13;NG;Nigeria;1272;56177;24;1078;1.9189347953788918
2020-09-20;NG;Nigeria;968;57145;17;1095;1.9161781433196257
2020-09-27;NG;Nigeria;1053;58198;11;1106;1.9004089487611258
2020-10-04;NG;Nigeria;1089;59287;7;1113;1.8773086848718943
2020-10-11;NG;Nigeria;816;60103;2;1115;1.8551486614644859
2020-10-18;NG;Nigeria;1204;61307;8;1123;1.8317647250721776
2020-10-25;NG;Nigeria;623;61930;6;1129;1.8230259970934926
2020-11-01;NG;Nigeria;923;62853;15;1144;1.8201199624520707
2020-11-08;NG;Nigeria;937;63790;10;1154;1.8090609813450385
2020-11-15;NG;Nigeria;1206;64996;9;1163;1.7893408825158472
2020-11-22;NG;Nigeria;1232;66228;3;1166;1.7605846469771096
2020-11-29;NG;Nigeria;1102;67330;5;1171;1.7391950096539432
2020-12-06;NG;Nigeria;1607;68937;9;1180;1.7117077911716496
2020-12-13;NG;Nigeria;3820;72757;14;1194;1.641079208873373
2020-12-20;NG;Nigeria;5176;77933;24;1218;1.5628809361887774
2020-12-27;NG;Nigeria;5643;83576;29;1247;1.4920551354455824
2021-01-03;NG;Nigeria;5587;89163;55;1302;1.4602469634265334
2021-01-10;NG;Nigeria;9900;99063;48;1350;1.362769146906514
2021-01-17;NG;Nigeria;9880;108943;70;1420;1.3034339058039526
2021-01-24;NG;Nigeria;11659;120602;75;1495;1.2396146000895507
2021-01-31;NG;Nigeria;9955;130557;83;1578;1.2086674785725775
2021-02-07;NG;Nigeria;8685;139242;69;1647;1.1828327659757831
2021-02-14;NG;Nigeria;6422;145664;100;1747;1.1993354569420034
2021-02-21;NG;Nigeria;5889;151553;84;1831;1.2081582020811201
2021-02-28;NG;Nigeria;3864;155417;74;1905;1.2257346364940773
2021-03-07;NG;Nigeria;2820;158237;59;1964;1.2411762103679924
2021-03-14;NG;Nigeria;2300;160537;49;2013;1.2539165426038856
2021-03-21;NG;Nigeria;1114;161651;17;2030;1.2557917983804616
2021-03-28;NG;Nigeria;838;162489;11;2041;1.2560850272941553
2021-04-04;NG;Nigeria;624;163113;17;2058;1.2617020102628238
2021-04-11;NG;Nigeria;623;163736;2;2060;1.2581228318757025
2021-04-18;NG;Nigeria;471;164207;1;2061;1.2551231068103064
2021-04-25;NG;Nigeria;477;164684;0;2061;1.2514876976512594
2021-05-02;NG;Nigeria;469;165153;2;2063;1.2491447324602036
2021-05-09;NG;Nigeria;229;165382;2;2065;1.248624396850927
2021-05-16;NG;Nigeria;320;165702;1;2066;1.246816574332235
2021-05-23;NG;Nigeria;277;165979;1;2067;1.245338265684213
2021-05-30;NG;Nigeria;306;166285;4;2071;1.2454520852752804
2021-06-06;NG;Nigeria;471;166756;46;2117;1.2695195375278852
2021-06-13;NG;Nigeria;303;167059;0;2117;1.2672169712496784
2021-06-20;NG;Nigeria;96;167155;0;2117;1.2664891866830186
2021-06-27;NG;Nigeria;310;167465;2;2119;1.265339026065148
2021-07-04;NG;Nigeria;338;167803;2;2121;1.2639821695678861
2021-07-11;NG;Nigeria;737;168540;1;2122;1.2590482971401447
2021-07-18;NG;Nigeria;789;169329;4;2126;1.2555439410851066
2021-07-25;NG;Nigeria;1566;170895;6;2132;1.247549664998976
2021-08-01;NG;Nigeria;3013;173908;17;2149;1.2357108356142328
2021-08-08;NG;Nigeria;3707;177615;36;2185;1.2301888917039665
2021-08-15;NG;Nigeria;4347;181962;34;2219;1.2194853870588365
2021-08-22;NG;Nigeria;4673;186635;41;2260;1.2109197095935917
2021-08-29;NG;Nigeria;4348;190983;101;2361;1.2362356858987449
2021-09-05;NG;Nigeria;4069;195052;161;2522;1.2929885363902958
2021-09-12;NG;Nigeria;3734;198786;68;2590;1.3029086555391225
2021-09-19;NG;Nigeria;2844;201630;64;2654;1.3162723801021674
2021-09-26;NG;Nigeria;2571;204201;20;2674;1.3094940769144128
2021-10-03;NG;Nigeria;1863;206064;49;2723;1.3214341175557107
2021-10-10;NG;Nigeria;1554;207618;22;2745;1.32213969887004
2021-10-17;NG;Nigeria;1555;209173;59;2804;1.3405171795595032
2021-10-24;NG;Nigeria;1122;210295;52;2856;1.358092203808935
2021-10-31;NG;Nigeria;1592;211887;39;2895;1.3662942983760211
2021-11-07;NG;Nigeria;740;212627;10;2905;1.3662422928414548
2021-11-14;NG;Nigeria;500;213127;55;2960;1.3888432718519943
2021-11-21;NG;Nigeria;405;213532;13;2973;1.392297173257404
2021-11-28;NG;Nigeria;450;213982;2;2975;1.3903038573337945
2021-12-05;NG;Nigeria;585;214567;5;2980;1.3888435779966164
2021-12-12;NG;Nigeria;2496;217063;1;2981;1.3733340090204227
2021-12-19;NG;Nigeria;6420;223483;3;2984;1.3352246032136674
2021-12-26;NG;Nigeria;12531;236014;30;3014;1.2770428872863475
2022-01-02;NG;Nigeria;6863;242877;19;3033;1.2487802467915858
2022-01-09;NG;Nigeria;4898;247775;38;3071;1.239430935324387
2022-01-16;NG;Nigeria;2853;250628;24;3095;1.234897936383804
2022-01-23;NG;Nigeria;1331;251959;29;3124;1.2398842668846917
2022-01-30;NG;Nigeria;1061;253020;11;3135;1.2390324875503913
2022-02-06;NG;Nigeria;665;253685;1;3136;1.2361787255848788
2022-02-13;NG;Nigeria;285;253970;4;3140;1.2363664999803126
2022-02-20;NG;Nigeria;273;254243;2;3142;1.2358255684522288
2022-02-27;NG;Nigeria;258;254501;0;3142;1.2345727521699326
2022-03-06;NG;Nigeria;136;254637;0;3142;1.23391337472559
2022-03-13;NG;Nigeria;308;254945;0;3142;1.2324226794014395
2022-03-20;NG;Nigeria;158;255103;0;3142;1.2316593689607727
2022-03-27;NG;Nigeria;193;255296;0;3142;1.230728252694911
2022-04-03;NG;Nigeria;172;255468;0;3142;1.2298996351793572
2022-04-10;NG;Nigeria;138;255606;0;3142;1.2292356204470942
2022-04-17;NG;Nigeria;42;255648;1;3143;1.229424834146952
2022-04-24;NG;Nigeria;37;255685;0;3143;1.2292469249271565
2022-05-01;NG;Nigeria;31;255716;0;3143;1.2290979054889017
2022-05-08;NG;Nigeria;50;255766;0;3143;1.228857627675297
2022-05-15;NG;Nigeria;93;255859;0;3143;1.2284109607244615
2022-05-22;NG;Nigeria;78;255937;0;3143;1.2280365871288639
2022-05-29;NG;Nigeria;91;256028;0;3143;1.2276001062383801
2022-06-05;NG;Nigeria;120;256148;0;3143;1.2270250011711978
2022-06-12;NG;Nigeria;204;256352;1;3144;1.2264386468605666
2022-06-19;NG;Nigeria;221;256573;0;3144;1.2253822498859974
2022-06-26;NG;Nigeria;385;256958;0;3144;1.2235462604783662
2022-07-03;NG;Nigeria;679;257637;0;3144;1.2203216152959395
2022-07-10;NG;Nigeria;880;258517;0;3144;1.2161676021306143
2022-07-17;NG;Nigeria;490;259007;0;3144;1.2138668066886225
2022-07-24;NG;Nigeria;478;259485;2;3146;1.2124014875619014
2022-07-31;NG;Nigeria;1492;260977;1;3147;1.2058533893791408
2022-08-07;NG;Nigeria;908;261885;0;3147;1.2016724898333238
2022-08-14;NG;Nigeria;635;262520;0;3147;1.1987658083193662
2022-08-21;NG;Nigeria;392;262912;0;3147;1.1969784566699124
2022-08-28;NG;Nigeria;495;263407;1;3148;1.195108710095024
2022-09-04;NG;Nigeria;460;263867;0;3148;1.1930252740964198
2022-09-11;NG;Nigeria;583;264450;6;3154;1.1926640196634526
2022-09-18;NG;Nigeria;483;264933;1;3155;1.1908671248957283
2022-09-25;NG;Nigeria;253;265186;0;3155;1.1897309812735213
2022-10-02;NG;Nigeria;245;265431;0;3155;1.188632827363797
2022-10-09;NG;Nigeria;385;265816;0;3155;1.1869112468775393
2022-10-16;NG;Nigeria;121;265937;0;3155;1.1863712082184878
2022-10-23;NG;Nigeria;106;266043;0;3155;1.1858985201640337
2022-10-30;NG;Nigeria;95;266138;0;3155;1.1854752045931058
2022-11-06;NG;Nigeria;54;266192;0;3155;1.1852347177976799
2022-11-13;NG;Nigeria;50;266242;0;3155;1.1850121318199232
2022-11-20;NG;Nigeria;41;266283;0;3155;1.1848296736930257
2022-11-27;NG;Nigeria;30;266313;0;3155;1.1846962033396793
2022-12-04;NG;Nigeria;37;266350;0;3155;1.1845316313121832
2022-12-11;NG;Nigeria;31;266381;0;3155;1.1843937818387948
2022-12-18;NG;Nigeria;17;266398;0;3155;1.1843182005870916
2022-12-25;NG;Nigeria;17;266415;0;3155;1.184242628981101
2023-01-01;NG;Nigeria;35;266450;0;3155;1.1840870707449804
2023-01-08;NG;Nigeria;13;266463;0;3155;1.1840293023796924
2023-01-15;NG;Nigeria;0;266463;0;3155;1.1840293023796924
2023-01-22;NG;Nigeria;0;266463;0;3155;1.1840293023796924
2023-01-29;NG;Nigeria;0;266463;0;3155;1.1840293023796924
2023-02-05;NG;Nigeria;0;266463;0;3155;1.1840293023796924
2023-02-12;NG;Nigeria;0;266463;0;3155;1.1840293023796924
2023-02-19;NG;Nigeria;130;266593;0;3155;1.1834519285952745
2023-02-26;NG;Nigeria;5;266598;0;3155;1.1834297331562877
2023-03-05;NG;Nigeria;30;266628;0;3155;1.1832965780038107
2023-03-12;NG;Nigeria;13;266641;0;3155;1.183238886742849
2023-03-19;NG;Nigeria;11;266652;0;3155;1.18319007545415
2023-03-26;NG;Nigeria;8;266660;0;3155;1.1831545788644715
2023-04-02;NG;Nigeria;5;266665;0;3155;1.183132394577466
2023-04-09;NG;Nigeria;10;266675;0;3155;1.1830880284991094
2023-04-16;NG;Nigeria;0;266675;0;3155;1.1830880284991094
2023-04-23;NG;Nigeria;0;266675;0;3155;1.1830880284991094
2023-04-30;NG;Nigeria;0;266675;0;3155;1.1830880284991094
2023-05-07;NG;Nigeria;0;266675;0;3155;1.1830880284991094
2023-05-14;NG;Nigeria;0;266675;0;3155;1.1830880284991094
2023-05-21;NG;Nigeria;0;266675;0;3155;1.1830880284991094
2023-05-28;NG;Nigeria;0;266675;0;3155;1.1830880284991094
2023-06-04;NG;Nigeria;0;266675;0;3155;1.1830880284991094
2023-06-11;NG;Nigeria;0;266675;0;3155;1.1830880284991094
2023-06-18;NG;Nigeria;0;266675;0;3155;1.1830880284991094
2023-06-25;NG;Nigeria;0;266675;0;3155;1.1830880284991094
2023-07-02;NG;Nigeria;0;266675;0;3155;1.1830880284991094
2023-07-09;NG;Nigeria;0;266675;0;3155;1.1830880284991094
2023-07-16;NG;Nigeria;0;266675;0;3155;1.1830880284991094
2023-07-23;NG;Nigeria;0;266675;0;3155;1.1830880284991094
2023-07-30;NG;Nigeria;0;266675;0;3155;1.1830880284991094
2023-08-06;NG;Nigeria;0;266675;0;3155;1.1830880284991094
2023-08-13;NG;Nigeria;361;267036;0;3155;1.1814886382360432
2023-08-20;NG;Nigeria;5;267041;0;3155;1.1814665163776348
2023-08-27;NG;Nigeria;10;267051;0;3155;1.181422275145946
2023-09-03;NG;Nigeria;42;267093;0;3155;1.181236498148585
2023-09-10;NG;Nigeria;25;267118;0;3155;1.181125944339206
2023-09-17;NG;Nigeria;15;267133;0;3155;1.1810596219860519
2023-09-24;NG;Nigeria;5;267138;0;3155;1.1810375161901339
2023-10-01;NG;Nigeria;8;267146;0;3155;1.1810021486378235
2023-10-08;NG;Nigeria;9;267155;0;3155;1.1809623626733543
2023-10-15;NG;Nigeria;1;267156;0;3155;1.1809579421761067
2023-10-22;NG;Nigeria;10;267166;0;3155;1.1809137390236781
2023-10-29;NG;Nigeria;7;267173;0;3155;1.1808827987858055
2023-11-05;NG;Nigeria;0;267173;0;3155;1.1808827987858055
2023-11-12;NG;Nigeria;0;267173;0;3155;1.1808827987858055
2023-11-19;NG;Nigeria;0;267173;0;3155;1.1808827987858055
2023-11-26;NG;Nigeria;0;267173;0;3155;1.1808827987858055
2023-12-03;NG;Nigeria;0;267173;0;3155;1.1808827987858055
2023-12-10;NG;Nigeria;0;267173;0;3155;1.1808827987858055
2023-12-17;NG;Nigeria;0;267173;0;3155;1.1808827987858055
2023-12-24;NG;Nigeria;0;267173;0;3155;1.1808827987858055
2023-12-31;NG;Nigeria;0;267173;0;3155;1.1808827987858055
2024-01-07;NG;Nigeria;0;267173;0;3155;1.1808827987858055
2024-01-14;NG;Nigeria;0;267173;0;3155;1.1808827987858055
2024-01-21;NG;Nigeria;0;267173;0;3155;1.1808827987858055
2020-01-05;NU;Niue;0;0;0;0;0.0
2020-01-12;NU;Niue;0;0;0;0;0.0
2020-01-19;NU;Niue;0;0;0;0;0.0
2020-01-26;NU;Niue;0;0;0;0;0.0
2020-02-02;NU;Niue;0;0;0;0;0.0
2020-02-09;NU;Niue;0;0;0;0;0.0
2020-02-16;NU;Niue;0;0;0;0;0.0
2020-02-23;NU;Niue;0;0;0;0;0.0
2020-03-01;NU;Niue;0;0;0;0;0.0
2020-03-08;NU;Niue;0;0;0;0;0.0
2020-03-15;NU;Niue;0;0;0;0;0.0
2020-03-22;NU;Niue;0;0;0;0;0.0
2020-03-29;NU;Niue;0;0;0;0;0.0
2020-04-05;NU;Niue;0;0;0;0;0.0
2020-04-12;NU;Niue;0;0;0;0;0.0
2020-04-19;NU;Niue;0;0;0;0;0.0
2020-04-26;NU;Niue;0;0;0;0;0.0
2020-05-03;NU;Niue;0;0;0;0;0.0
2020-05-10;NU;Niue;0;0;0;0;0.0
2020-05-17;NU;Niue;0;0;0;0;0.0
2020-05-24;NU;Niue;0;0;0;0;0.0
2020-05-31;NU;Niue;0;0;0;0;0.0
2020-06-07;NU;Niue;0;0;0;0;0.0
2020-06-14;NU;Niue;0;0;0;0;0.0
2020-06-21;NU;Niue;0;0;0;0;0.0
2020-06-28;NU;Niue;0;0;0;0;0.0
2020-07-05;NU;Niue;0;0;0;0;0.0
2020-07-12;NU;Niue;0;0;0;0;0.0
2020-07-19;NU;Niue;0;0;0;0;0.0
2020-07-26;NU;Niue;0;0;0;0;0.0
2020-08-02;NU;Niue;0;0;0;0;0.0
2020-08-09;NU;Niue;0;0;0;0;0.0
2020-08-16;NU;Niue;0;0;0;0;0.0
2020-08-23;NU;Niue;0;0;0;0;0.0
2020-08-30;NU;Niue;0;0;0;0;0.0
2020-09-06;NU;Niue;0;0;0;0;0.0
2020-09-13;NU;Niue;0;0;0;0;0.0
2020-09-20;NU;Niue;0;0;0;0;0.0
2020-09-27;NU;Niue;0;0;0;0;0.0
2020-10-04;NU;Niue;0;0;0;0;0.0
2020-10-11;NU;Niue;0;0;0;0;0.0
2020-10-18;NU;Niue;0;0;0;0;0.0
2020-10-25;NU;Niue;0;0;0;0;0.0
2020-11-01;NU;Niue;0;0;0;0;0.0
2020-11-08;NU;Niue;0;0;0;0;0.0
2020-11-15;NU;Niue;0;0;0;0;0.0
2020-11-22;NU;Niue;0;0;0;0;0.0
2020-11-29;NU;Niue;0;0;0;0;0.0
2020-12-06;NU;Niue;0;0;0;0;0.0
2020-12-13;NU;Niue;0;0;0;0;0.0
2020-12-20;NU;Niue;0;0;0;0;0.0
2020-12-27;NU;Niue;0;0;0;0;0.0
2021-01-03;NU;Niue;0;0;0;0;0.0
2021-01-10;NU;Niue;0;0;0;0;0.0
2021-01-17;NU;Niue;0;0;0;0;0.0
2021-01-24;NU;Niue;0;0;0;0;0.0
2021-01-31;NU;Niue;0;0;0;0;0.0
2021-02-07;NU;Niue;0;0;0;0;0.0
2021-02-14;NU;Niue;0;0;0;0;0.0
2021-02-21;NU;Niue;0;0;0;0;0.0
2021-02-28;NU;Niue;0;0;0;0;0.0
2021-03-07;NU;Niue;0;0;0;0;0.0
2021-03-14;NU;Niue;0;0;0;0;0.0
2021-03-21;NU;Niue;0;0;0;0;0.0
2021-03-28;NU;Niue;0;0;0;0;0.0
2021-04-04;NU;Niue;0;0;0;0;0.0
2021-04-11;NU;Niue;0;0;0;0;0.0
2021-04-18;NU;Niue;0;0;0;0;0.0
2021-04-25;NU;Niue;0;0;0;0;0.0
2021-05-02;NU;Niue;0;0;0;0;0.0
2021-05-09;NU;Niue;0;0;0;0;0.0
2021-05-16;NU;Niue;0;0;0;0;0.0
2021-05-23;NU;Niue;0;0;0;0;0.0
2021-05-30;NU;Niue;0;0;0;0;0.0
2021-06-06;NU;Niue;0;0;0;0;0.0
2021-06-13;NU;Niue;0;0;0;0;0.0
2021-06-20;NU;Niue;0;0;0;0;0.0
2021-06-27;NU;Niue;0;0;0;0;0.0
2021-07-04;NU;Niue;0;0;0;0;0.0
2021-07-11;NU;Niue;0;0;0;0;0.0
2021-07-18;NU;Niue;0;0;0;0;0.0
2021-07-25;NU;Niue;0;0;0;0;0.0
2021-08-01;NU;Niue;0;0;0;0;0.0
2021-08-08;NU;Niue;0;0;0;0;0.0
2021-08-15;NU;Niue;0;0;0;0;0.0
2021-08-22;NU;Niue;0;0;0;0;0.0
2021-08-29;NU;Niue;0;0;0;0;0.0
2021-09-05;NU;Niue;0;0;0;0;0.0
2021-09-12;NU;Niue;0;0;0;0;0.0
2021-09-19;NU;Niue;0;0;0;0;0.0
2021-09-26;NU;Niue;0;0;0;0;0.0
2021-10-03;NU;Niue;0;0;0;0;0.0
2021-10-10;NU;Niue;0;0;0;0;0.0
2021-10-17;NU;Niue;0;0;0;0;0.0
2021-10-24;NU;Niue;0;0;0;0;0.0
2021-10-31;NU;Niue;0;0;0;0;0.0
2021-11-07;NU;Niue;0;0;0;0;0.0
2021-11-14;NU;Niue;0;0;0;0;0.0
2021-11-21;NU;Niue;0;0;0;0;0.0
2021-11-28;NU;Niue;0;0;0;0;0.0
2021-12-05;NU;Niue;0;0;0;0;0.0
2021-12-12;NU;Niue;0;0;0;0;0.0
2021-12-19;NU;Niue;0;0;0;0;0.0
2021-12-26;NU;Niue;0;0;0;0;0.0
2022-01-02;NU;Niue;0;0;0;0;0.0
2022-01-09;NU;Niue;0;0;0;0;0.0
2022-01-16;NU;Niue;0;0;0;0;0.0
2022-01-23;NU;Niue;0;0;0;0;0.0
2022-01-30;NU;Niue;0;0;0;0;0.0
2022-02-06;NU;Niue;0;0;0;0;0.0
2022-02-13;NU;Niue;0;0;0;0;0.0
2022-02-20;NU;Niue;0;0;0;0;0.0
2022-02-27;NU;Niue;0;0;0;0;0.0
2022-03-06;NU;Niue;0;0;0;0;0.0
2022-03-13;NU;Niue;1;1;0;0;0.0
2022-03-20;NU;Niue;0;1;0;0;0.0
2022-03-27;NU;Niue;4;5;0;0;0.0
2022-04-03;NU;Niue;2;7;0;0;0.0
2022-04-10;NU;Niue;0;7;0;0;0.0
2022-04-17;NU;Niue;0;7;0;0;0.0
2022-04-24;NU;Niue;1;8;0;0;0.0
2022-05-01;NU;Niue;1;9;0;0;0.0
2022-05-08;NU;Niue;0;9;0;0;0.0
2022-05-15;NU;Niue;0;9;0;0;0.0
2022-05-22;NU;Niue;0;9;0;0;0.0
2022-05-29;NU;Niue;0;9;0;0;0.0
2022-06-05;NU;Niue;0;9;0;0;0.0
2022-06-12;NU;Niue;0;9;0;0;0.0
2022-06-19;NU;Niue;1;10;0;0;0.0
2022-06-26;NU;Niue;0;10;0;0;0.0
2022-07-03;NU;Niue;10;20;0;0;0.0
2022-07-10;NU;Niue;4;24;0;0;0.0
2022-07-17;NU;Niue;5;29;0;0;0.0
2022-07-24;NU;Niue;0;29;0;0;0.0
2022-07-31;NU;Niue;18;47;0;0;0.0
2022-08-07;NU;Niue;11;58;0;0;0.0
2022-08-14;NU;Niue;2;60;0;0;0.0
2022-08-21;NU;Niue;0;60;0;0;0.0
2022-08-28;NU;Niue;0;60;0;0;0.0
2022-09-04;NU;Niue;13;73;0;0;0.0
2022-09-11;NU;Niue;4;77;0;0;0.0
2022-09-18;NU;Niue;2;79;0;0;0.0
2022-09-25;NU;Niue;1;80;0;0;0.0
2022-10-02;NU;Niue;0;80;0;0;0.0
2022-10-09;NU;Niue;1;81;0;0;0.0
2022-10-16;NU;Niue;2;83;0;0;0.0
2022-10-23;NU;Niue;2;85;0;0;0.0
2022-10-30;NU;Niue;0;85;0;0;0.0
2022-11-06;NU;Niue;0;85;0;0;0.0
2022-11-13;NU;Niue;2;87;0;0;0.0
2022-11-20;NU;Niue;13;100;0;0;0.0
2022-11-27;NU;Niue;11;111;0;0;0.0
2022-12-04;NU;Niue;58;169;0;0;0.0
2022-12-11;NU;Niue;18;187;0;0;0.0
2022-12-18;NU;Niue;76;263;0;0;0.0
2022-12-25;NU;Niue;72;335;0;0;0.0
2023-01-01;NU;Niue;123;458;0;0;0.0
2023-01-08;NU;Niue;155;613;0;0;0.0
2023-01-15;NU;Niue;101;714;0;0;0.0
2023-01-22;NU;Niue;16;730;0;0;0.0
2023-01-29;NU;Niue;11;741;0;0;0.0
2023-02-05;NU;Niue;6;747;0;0;0.0
2023-02-12;NU;Niue;0;747;0;0;0.0
2023-02-19;NU;Niue;0;747;0;0;0.0
2023-02-26;NU;Niue;0;747;0;0;0.0
2023-03-05;NU;Niue;0;747;0;0;0.0
2023-03-12;NU;Niue;0;747;0;0;0.0
2023-03-19;NU;Niue;0;747;0;0;0.0
2023-03-26;NU;Niue;0;747;0;0;0.0
2023-04-02;NU;Niue;0;747;0;0;0.0
2023-04-09;NU;Niue;0;747;0;0;0.0
2023-04-16;NU;Niue;0;747;0;0;0.0
2023-04-23;NU;Niue;0;747;0;0;0.0
2023-04-30;NU;Niue;0;747;0;0;0.0
2023-05-07;NU;Niue;0;747;0;0;0.0
2023-05-14;NU;Niue;54;801;0;0;0.0
2023-05-21;NU;Niue;1;802;0;0;0.0
2023-05-28;NU;Niue;5;807;0;0;0.0
2023-06-04;NU;Niue;10;817;0;0;0.0
2023-06-11;NU;Niue;3;820;0;0;0.0
2023-06-18;NU;Niue;0;820;0;0;0.0
2023-06-25;NU;Niue;0;820;0;0;0.0
2023-07-02;NU;Niue;0;820;0;0;0.0
2023-07-09;NU;Niue;1;821;0;0;0.0
2023-07-16;NU;Niue;1;822;0;0;0.0
2023-07-23;NU;Niue;0;822;0;0;0.0
2023-07-30;NU;Niue;0;822;0;0;0.0
2023-08-06;NU;Niue;3;825;0;0;0.0
2023-08-13;NU;Niue;5;830;0;0;0.0
2023-08-20;NU;Niue;1;831;0;0;0.0
2023-08-27;NU;Niue;27;858;0;0;0.0
2023-09-03;NU;Niue;10;868;0;0;0.0
2023-09-10;NU;Niue;19;887;0;0;0.0
2023-09-17;NU;Niue;0;887;0;0;0.0
2023-09-24;NU;Niue;0;887;0;0;0.0
2023-10-01;NU;Niue;0;887;0;0;0.0
2023-10-08;NU;Niue;0;887;0;0;0.0
2023-10-15;NU;Niue;0;887;0;0;0.0
2023-10-22;NU;Niue;0;887;0;0;0.0
2023-10-29;NU;Niue;0;887;0;0;0.0
2023-11-05;NU;Niue;2;889;0;0;0.0
2023-11-12;NU;Niue;0;889;0;0;0.0
2023-11-19;NU;Niue;0;889;0;0;0.0
2023-11-26;NU;Niue;6;895;0;0;0.0
2023-12-03;NU;Niue;0;895;0;0;0.0
2023-12-10;NU;Niue;0;895;0;0;0.0
2023-12-17;NU;Niue;0;895;0;0;0.0
2023-12-24;NU;Niue;42;937;0;0;0.0
2023-12-31;NU;Niue;56;993;0;0;0.0
2024-01-07;NU;Niue;0;993;0;0;0.0
2024-01-14;NU;Niue;0;993;0;0;0.0
2024-01-21;NU;Niue;0;993;0;0;0.0
2020-01-05;MK;North Macedonia;0;0;0;0;0.0
2020-01-12;MK;North Macedonia;0;0;0;0;0.0
2020-01-19;MK;North Macedonia;0;0;0;0;0.0
2020-01-26;MK;North Macedonia;0;0;0;0;0.0
2020-02-02;MK;North Macedonia;0;0;0;0;0.0
2020-02-09;MK;North Macedonia;0;0;0;0;0.0
2020-02-16;MK;North Macedonia;0;0;0;0;0.0
2020-02-23;MK;North Macedonia;0;0;0;0;0.0
2020-03-01;MK;North Macedonia;1;1;0;0;0.0
2020-03-08;MK;North Macedonia;3;4;0;0;0.0
2020-03-15;MK;North Macedonia;15;19;0;0;0.0
2020-03-22;MK;North Macedonia;117;136;1;1;0.7352941176470588
2020-03-29;MK;North Macedonia;149;285;5;6;2.1052631578947367
2020-04-05;MK;North Macedonia;287;572;17;23;4.020979020979021
2020-04-12;MK;North Macedonia;286;858;15;38;4.428904428904429
2020-04-19;MK;North Macedonia;370;1228;18;56;4.5602605863192185
2020-04-26;MK;North Macedonia;170;1398;13;69;4.935622317596566
2020-05-03;MK;North Macedonia;120;1518;18;87;5.7312252964426875
2020-05-10;MK;North Macedonia;146;1664;6;93;5.588942307692308
2020-05-17;MK;North Macedonia;153;1817;14;107;5.888827738029719
2020-05-24;MK;North Macedonia;181;1998;9;116;5.805805805805806
2020-05-31;MK;North Macedonia;317;2315;23;139;6.004319654427646
2020-06-07;MK;North Macedonia;839;3154;20;159;5.0412175015852885
2020-06-14;MK;North Macedonia;1009;4163;41;200;4.804227720393946
2020-06-21;MK;North Macedonia;1035;5198;54;254;4.886494805694499
2020-06-28;MK;North Macedonia;1014;6212;53;307;4.942047649710238
2020-07-05;MK;North Macedonia;928;7140;50;357;5.0
2020-07-12;MK;North Macedonia;1073;8213;39;396;4.821624254231097
2020-07-19;MK;North Macedonia;1044;9257;48;444;4.796370314356703
2020-07-26;MK;North Macedonia;953;10210;36;480;4.701273261508325
2020-08-02;MK;North Macedonia;910;11120;31;511;4.595323741007194
2020-08-09;MK;North Macedonia;814;11934;26;537;4.499748617395676
2020-08-16;MK;North Macedonia;897;12831;21;558;4.348842646714987
2020-08-23;MK;North Macedonia;838;13669;22;580;4.243177994001024
2020-08-30;MK;North Macedonia;661;14330;36;616;4.298674110258199
2020-09-06;MK;North Macedonia;790;15120;26;642;4.246031746031746
2020-09-13;MK;North Macedonia;703;15823;28;670;4.2343424129431835
2020-09-20;MK;North Macedonia;955;16778;49;719;4.2853737036595545
2020-09-27;MK;North Macedonia;888;17666;29;748;4.2341220423412205
2020-10-04;MK;North Macedonia;1204;18870;33;781;4.138844727080021
2020-10-11;MK;North Macedonia;2243;21113;34;815;3.8601809311798423
2020-10-18;MK;North Macedonia;2676;23789;55;870;3.6571524654251966
2020-10-25;MK;North Macedonia;3405;27194;100;970;3.5669633007281014
2020-11-01;MK;North Macedonia;5801;32995;115;1085;3.288377026822246
2020-11-08;MK;North Macedonia;7287;40282;191;1276;3.1676679410158384
2020-11-15;MK;North Macedonia;7362;47644;242;1518;3.1861304676349596
2020-11-22;MK;North Macedonia;7483;55127;267;1785;3.2379777604440654
2020-11-29;MK;North Macedonia;6741;61868;273;2058;3.326436930238572
2020-12-06;MK;North Macedonia;6460;68328;257;2315;3.388069312726847
2020-12-13;MK;North Macedonia;5514;73842;212;2527;3.422171663822757
2020-12-20;MK;North Macedonia;4585;78427;204;2731;3.4822191337167046
2020-12-27;MK;North Macedonia;3369;81796;165;2896;3.540515428627317
2021-01-03;MK;North Macedonia;2325;84121;124;3020;3.5900666896494333
2021-01-10;MK;North Macedonia;2463;86584;84;3104;3.5849579599002124
2021-01-17;MK;North Macedonia;2387;88971;100;3204;3.601173416056917
2021-01-24;MK;North Macedonia;1724;90695;91;3295;3.6330558465185514
2021-01-31;MK;North Macedonia;2031;92726;81;3376;3.6408342859607874
2021-02-07;MK;North Macedonia;2113;94839;70;3446;3.633526291926317
2021-02-14;MK;North Macedonia;2220;97059;49;3495;3.600902543813557
2021-02-21;MK;North Macedonia;2318;99377;80;3575;3.597411875987402
2021-02-28;MK;North Macedonia;3626;103003;87;3662;3.555236255254701
2021-03-07;MK;North Macedonia;4454;107457;80;3742;3.4823231618228685
2021-03-14;MK;North Macedonia;5451;112908;148;3890;3.445282885180855
2021-03-21;MK;North Macedonia;6888;119796;182;4072;3.39911182343317
2021-03-28;MK;North Macedonia;7403;127199;242;4314;3.3915360969818944
2021-04-04;MK;North Macedonia;7922;135121;304;4618;3.4176774890653565
2021-04-11;MK;North Macedonia;6858;141979;324;4942;3.4807964558138877
2021-04-18;MK;North Macedonia;5199;147178;246;5188;3.524983353490332
2021-04-25;MK;North Macedonia;3438;150616;226;5414;3.5945716258564824
2021-05-02;MK;North Macedonia;2075;152691;195;5609;3.67343196390095
2021-05-09;MK;North Macedonia;1304;153995;124;5733;3.722848144420273
2021-05-16;MK;North Macedonia;671;154666;69;5802;3.7513092728847965
2021-05-23;MK;North Macedonia;369;155035;40;5842;3.768181378398426
2021-05-30;MK;North Macedonia;219;155254;29;5871;3.781545080964097
2021-06-06;MK;North Macedonia;155;155409;18;5889;3.7893558288130036
2021-06-13;MK;North Macedonia;122;155531;10;5899;3.7928130083391736
2021-06-20;MK;North Macedonia;88;155619;4;5903;3.793238614822098
2021-06-27;MK;North Macedonia;48;155667;7;5910;3.796565746111893
2021-07-04;MK;North Macedonia;39;155706;0;5910;3.795614812531309
2021-07-11;MK;North Macedonia;85;155791;1;5911;3.794185800206687
2021-07-18;MK;North Macedonia;126;155917;0;5911;3.7911196341643314
2021-07-25;MK;North Macedonia;159;156076;4;5915;3.789820343935006
2021-08-01;MK;North Macedonia;418;156494;7;5922;3.784170639129935
2021-08-08;MK;North Macedonia;1639;158133;20;5942;3.7575964536181568
2021-08-15;MK;North Macedonia;4306;162439;59;6001;3.69430986401049
2021-08-22;MK;North Macedonia;6826;169265;183;6184;3.6534428263373995
2021-08-29;MK;North Macedonia;6347;175612;237;6421;3.6563560576725966
2021-09-05;MK;North Macedonia;4621;180233;245;6666;3.6985457713071415
2021-09-12;MK;North Macedonia;3469;183702;176;6842;3.724510348281456
2021-09-19;MK;North Macedonia;3338;187040;187;7029;3.7580196749358428
2021-09-26;MK;North Macedonia;2935;189975;144;7173;3.7757599684168968
2021-10-03;MK;North Macedonia;2670;192645;110;7283;3.78052895221781
2021-10-10;MK;North Macedonia;2351;194996;102;7385;3.7872571745061436
2021-10-17;MK;North Macedonia;2206;197202;93;7478;3.7920507905599337
2021-10-24;MK;North Macedonia;2704;199906;94;7572;3.787780256720659
2021-10-31;MK;North Macedonia;2804;202710;88;7660;3.7787972966306547
2021-11-07;MK;North Macedonia;3503;206213;95;7755;3.7606746422388504
2021-11-14;MK;North Macedonia;3212;209425;94;7849;3.7478811030201746
2021-11-21;MK;North Macedonia;2928;212353;102;7951;3.7442371899619973
2021-11-28;MK;North Macedonia;2751;215104;111;8062;3.7479544778339777
2021-12-05;MK;North Macedonia;2274;217378;81;8143;3.7460092557664524
2021-12-12;MK;North Macedonia;2089;219467;76;8219;3.744982161327216
2021-12-19;MK;North Macedonia;1921;221388;83;8302;3.7499774152167236
2021-12-26;MK;North Macedonia;1921;223309;50;8352;3.740108996950414
2022-01-02;MK;North Macedonia;2641;225950;63;8415;3.724275282142067
2022-01-09;MK;North Macedonia;8303;234253;60;8475;3.617883228816707
2022-01-16;MK;North Macedonia;11094;245347;66;8541;3.4811919444704844
2022-01-23;MK;North Macedonia;11561;256908;116;8657;3.3696887601787413
2022-01-30;MK;North Macedonia;11881;268789;178;8835;3.286964868353988
2022-02-06;MK;North Macedonia;9967;278756;202;9037;3.2419033132919113
2022-02-13;MK;North Macedonia;8624;287380;161;9198;3.200640267241979
2022-02-20;MK;North Macedonia;6111;293491;141;9339;3.182039653686144
2022-02-27;MK;North Macedonia;3692;297183;100;9439;3.1761574518057896
2022-03-06;MK;North Macedonia;2496;299679;60;9499;3.169724939018083
2022-03-13;MK;North Macedonia;1810;301489;40;9539;3.1639628643167743
2022-03-20;MK;North Macedonia;1831;303320;24;9563;3.152775946195437
2022-03-27;MK;North Macedonia;1694;305014;25;9588;3.1434622673057633
2022-04-03;MK;North Macedonia;1602;306616;14;9602;3.1316043520233774
2022-04-10;MK;North Macedonia;1101;307717;12;9614;3.1242992749831826
2022-04-17;MK;North Macedonia;800;308517;8;9622;3.118790860795353
2022-04-24;MK;North Macedonia;590;309107;7;9629;3.1151025373090873
2022-05-01;MK;North Macedonia;580;309687;7;9636;3.1115287370796962
2022-05-08;MK;North Macedonia;531;310218;4;9640;3.107492150681134
2022-05-15;MK;North Macedonia;562;310780;2;9642;3.1025162494369005
2022-05-22;MK;North Macedonia;491;311271;1;9643;3.0979435925608234
2022-05-29;MK;North Macedonia;501;311772;3;9646;3.0939276137690364
2022-06-05;MK;North Macedonia;455;312227;2;9648;3.090059475958197
2022-06-12;MK;North Macedonia;314;312541;4;9652;3.0882348235911445
2022-06-19;MK;North Macedonia;352;312893;1;9653;3.0850802031365356
2022-06-26;MK;North Macedonia;580;313473;1;9654;3.079691073872391
2022-07-03;MK;North Macedonia;961;314434;3;9657;3.071232754727542
2022-07-10;MK;North Macedonia;1728;316162;3;9660;3.0553956515963336
2022-07-17;MK;North Macedonia;2811;318973;1;9661;3.028783000442044
2022-07-24;MK;North Macedonia;4382;323355;17;9678;2.99299531474695
2022-07-31;MK;North Macedonia;4746;328101;18;9696;2.9551875794343814
2022-08-07;MK;North Macedonia;3806;331907;27;9723;2.9294350525900326
2022-08-14;MK;North Macedonia;3474;335381;30;9753;2.9080359352497607
2022-08-21;MK;North Macedonia;2684;338065;37;9790;2.89589280168015
2022-08-28;MK;North Macedonia;1760;339825;22;9812;2.887368498491871
2022-09-04;MK;North Macedonia;1069;340894;12;9824;2.881834235862174
2022-09-11;MK;North Macedonia;635;341529;9;9833;2.8791112906956657
2022-09-18;MK;North Macedonia;664;342193;7;9840;2.8755702191453363
2022-09-25;MK;North Macedonia;377;342570;1;9841;2.8726975508655164
2022-10-02;MK;North Macedonia;469;343039;6;9847;2.8705190954964306
2022-10-09;MK;North Macedonia;323;343362;5;9852;2.8692749925734358
2022-10-16;MK;North Macedonia;273;343635;5;9857;2.8684505361793766
2022-10-23;MK;North Macedonia;251;343886;1;9858;2.8666476681225754
2022-10-30;MK;North Macedonia;230;344116;0;9858;2.8647316602541
2022-11-06;MK;North Macedonia;195;344311;1;9859;2.863399659029192
2022-11-13;MK;North Macedonia;188;344499;5;9864;2.8632884275426056
2022-11-20;MK;North Macedonia;179;344678;1;9865;2.862091575325376
2022-11-27;MK;North Macedonia;174;344852;2;9867;2.8612274250983027
2022-12-04;MK;North Macedonia;195;345047;3;9870;2.8604798766544848
2022-12-11;MK;North Macedonia;129;345176;0;9870;2.8594108512758707
2022-12-18;MK;North Macedonia;207;345383;3;9873;2.85856570821378
2022-12-25;MK;North Macedonia;205;345588;3;9876;2.8577381159068023
2023-01-01;MK;North Macedonia;254;345842;2;9878;2.8562175791257283
2023-01-08;MK;North Macedonia;239;346081;4;9882;2.855400903256752
2023-01-15;MK;North Macedonia;203;346284;4;9886;2.8548821198784813
2023-01-22;MK;North Macedonia;130;346414;10;9896;2.8566974775846243
2023-01-29;MK;North Macedonia;103;346517;3;9899;2.8567141006068963
2023-02-05;MK;North Macedonia;102;346619;2;9901;2.856450454245151
2023-02-12;MK;North Macedonia;101;346720;3;9904;2.8564836179049378
2023-02-19;MK;North Macedonia;118;346838;1;9905;2.855800114174341
2023-02-26;MK;North Macedonia;156;346994;3;9908;2.855380784682156
2023-03-05;MK;North Macedonia;171;347165;2;9910;2.8545504299108493
2023-03-12;MK;North Macedonia;144;347309;2;9912;2.853942742629762
2023-03-19;MK;North Macedonia;169;347478;2;9914;2.8531302701178203
2023-03-26;MK;North Macedonia;179;347657;3;9917;2.8525241833186157
2023-04-02;MK;North Macedonia;153;347810;5;9922;2.8527069376958685
2023-04-09;MK;North Macedonia;140;347950;2;9924;2.8521339272884036
2023-04-16;MK;North Macedonia;92;348042;3;9927;2.852241970796628
2023-04-23;MK;North Macedonia;85;348127;7;9934;2.853556317091176
2023-04-30;MK;North Macedonia;82;348209;3;9937;2.853745882501601
2023-05-07;MK;North Macedonia;66;348275;2;9939;2.853779341037973
2023-05-14;MK;North Macedonia;19;348294;0;9939;2.853623662767662
2023-05-21;MK;North Macedonia;16;348310;0;9939;2.853492578450231
2023-05-28;MK;North Macedonia;12;348322;0;9939;2.8533942731151063
2023-06-04;MK;North Macedonia;5;348327;0;9939;2.8533533145578724
2023-06-11;MK;North Macedonia;9;348336;0;9939;2.8532795921179552
2023-06-18;MK;North Macedonia;5;348341;1;9940;2.853525711874284
2023-06-25;MK;North Macedonia;8;348349;1;9941;2.853747247731442
2023-07-02;MK;North Macedonia;7;348356;0;9941;2.853689903432121
2023-07-09;MK;North Macedonia;7;348363;0;9941;2.853632561437351
2023-07-16;MK;North Macedonia;5;348368;0;9941;2.853591604280531
2023-07-23;MK;North Macedonia;6;348374;0;9941;2.853542457244226
2023-07-30;MK;North Macedonia;3;348377;0;9941;2.853517884360908
2023-08-06;MK;North Macedonia;3;348380;0;9941;2.853493311900798
2023-08-13;MK;North Macedonia;9;348389;0;9941;2.8534195970596086
2023-08-20;MK;North Macedonia;22;348411;0;9941;2.853239421258227
2023-08-27;MK;North Macedonia;40;348451;1;9942;2.8531988715773524
2023-09-03;MK;North Macedonia;65;348516;0;9942;2.852666735530076
2023-09-10;MK;North Macedonia;96;348612;0;9942;2.8518811744862482
2023-09-17;MK;North Macedonia;210;348822;3;9945;2.851024304659683
2023-09-24;MK;North Macedonia;282;349104;1;9946;2.8490077455428757
2023-10-01;MK;North Macedonia;249;349353;1;9947;2.847263369714873
2023-10-08;MK;North Macedonia;140;349493;2;9949;2.846695069715273
2023-10-15;MK;North Macedonia;125;349618;4;9953;2.84682138791481
2023-10-22;MK;North Macedonia;150;349768;4;9957;2.846744127535967
2023-10-29;MK;North Macedonia;100;349868;1;9958;2.8462162872854906
2023-11-05;MK;North Macedonia;46;349914;1;9959;2.8461279057139754
2023-11-12;MK;North Macedonia;57;349971;1;9960;2.845950093007706
2023-11-19;MK;North Macedonia;43;350014;1;9961;2.845886164553418
2023-11-26;MK;North Macedonia;55;350069;2;9963;2.8460103579580025
2023-12-03;MK;North Macedonia;51;350120;0;9963;2.8455957957271796
2023-12-10;MK;North Macedonia;38;350158;0;9963;2.8452869847326068
2023-12-17;MK;North Macedonia;39;350197;0;9963;2.8449701168199617
2023-12-24;MK;North Macedonia;47;350244;0;9963;2.8445883441258095
2023-12-31;MK;North Macedonia;0;350244;0;9963;2.8445883441258095
2024-01-07;MK;North Macedonia;0;350244;0;9963;2.8445883441258095
2024-01-14;MK;North Macedonia;0;350244;0;9963;2.8445883441258095
2024-01-21;MK;North Macedonia;0;350244;0;9963;2.8445883441258095
2020-01-05;MP;Northern Mariana Islands;0;0;0;0;0.0
2020-01-12;MP;Northern Mariana Islands;0;0;0;0;0.0
2020-01-19;MP;Northern Mariana Islands;0;0;0;0;0.0
2020-01-26;MP;Northern Mariana Islands;0;0;0;0;0.0
2020-02-02;MP;Northern Mariana Islands;0;0;0;0;0.0
2020-02-09;MP;Northern Mariana Islands;0;0;0;0;0.0
2020-02-16;MP;Northern Mariana Islands;0;0;0;0;0.0
2020-02-23;MP;Northern Mariana Islands;0;0;0;0;0.0
2020-03-01;MP;Northern Mariana Islands;0;0;0;0;0.0
2020-03-08;MP;Northern Mariana Islands;0;0;0;0;0.0
2020-03-15;MP;Northern Mariana Islands;0;0;0;0;0.0
2020-03-22;MP;Northern Mariana Islands;0;0;0;0;0.0
2020-03-29;MP;Northern Mariana Islands;0;0;0;0;0.0
2020-05-17;MP;Northern Mariana Islands;5;21;0;2;9.523809523809524
2020-05-24;MP;Northern Mariana Islands;1;22;0;2;9.090909090909092
2020-05-31;MP;Northern Mariana Islands;0;22;0;2;9.090909090909092
2020-06-07;MP;Northern Mariana Islands;4;26;0;2;7.6923076923076925
2020-06-14;MP;Northern Mariana Islands;4;30;0;2;6.666666666666667
2020-06-21;MP;Northern Mariana Islands;0;30;0;2;6.666666666666667
2020-06-28;MP;Northern Mariana Islands;0;30;0;2;6.666666666666667
2020-07-05;MP;Northern Mariana Islands;1;31;0;2;6.451612903225806
2020-07-12;MP;Northern Mariana Islands;2;33;0;2;6.0606060606060606
2020-07-19;MP;Northern Mariana Islands;4;37;0;2;5.405405405405405
2020-07-26;MP;Northern Mariana Islands;2;39;0;2;5.128205128205128
2020-08-02;MP;Northern Mariana Islands;5;44;0;2;4.545454545454546
2020-08-09;MP;Northern Mariana Islands;4;48;0;2;4.166666666666666
2020-08-16;MP;Northern Mariana Islands;2;50;0;2;4.0
2020-08-23;MP;Northern Mariana Islands;4;54;0;2;3.7037037037037033
2020-08-30;MP;Northern Mariana Islands;2;56;0;2;3.571428571428571
2020-09-06;MP;Northern Mariana Islands;2;58;0;2;3.4482758620689653
2020-09-13;MP;Northern Mariana Islands;2;60;0;2;3.3333333333333335
2020-09-20;MP;Northern Mariana Islands;8;68;0;2;2.941176470588235
2020-09-27;MP;Northern Mariana Islands;2;70;0;2;2.857142857142857
2020-10-04;MP;Northern Mariana Islands;3;73;0;2;2.73972602739726
2020-10-11;MP;Northern Mariana Islands;4;77;0;2;2.5974025974025974
2020-10-18;MP;Northern Mariana Islands;9;86;0;2;2.3255813953488373
2020-10-25;MP;Northern Mariana Islands;2;88;0;2;2.272727272727273
2020-11-01;MP;Northern Mariana Islands;8;96;0;2;2.083333333333333
2020-11-08;MP;Northern Mariana Islands;2;98;0;2;2.0408163265306123
2020-11-15;MP;Northern Mariana Islands;4;102;0;2;1.9607843137254901
2020-11-22;MP;Northern Mariana Islands;2;104;0;2;1.9230769230769231
2020-11-29;MP;Northern Mariana Islands;1;105;0;2;1.9047619047619049
2020-12-06;MP;Northern Mariana Islands;4;109;0;2;1.834862385321101
2020-12-13;MP;Northern Mariana Islands;4;113;0;2;1.7699115044247788
2020-12-20;MP;Northern Mariana Islands;3;116;0;2;1.7241379310344827
2020-12-27;MP;Northern Mariana Islands;6;122;0;2;1.639344262295082
2021-01-03;MP;Northern Mariana Islands;2;124;0;2;1.6129032258064515
2021-01-10;MP;Northern Mariana Islands;1;125;0;2;1.6
2021-01-17;MP;Northern Mariana Islands;4;129;0;2;1.550387596899225
2021-01-24;MP;Northern Mariana Islands;3;132;0;2;1.5151515151515151
2021-01-31;MP;Northern Mariana Islands;0;132;0;2;1.5151515151515151
2021-02-07;MP;Northern Mariana Islands;1;133;0;2;1.5037593984962405
2021-02-14;MP;Northern Mariana Islands;1;134;0;2;1.4925373134328357
2021-02-21;MP;Northern Mariana Islands;9;143;0;2;1.3986013986013985
2021-02-28;MP;Northern Mariana Islands;0;143;0;2;1.3986013986013985
2021-03-07;MP;Northern Mariana Islands;2;145;0;2;1.3793103448275863
2021-03-14;MP;Northern Mariana Islands;9;154;0;2;1.2987012987012987
2021-03-21;MP;Northern Mariana Islands;3;157;0;2;1.2738853503184715
2021-03-28;MP;Northern Mariana Islands;2;159;0;2;1.257861635220126
2021-04-04;MP;Northern Mariana Islands;0;159;0;2;1.257861635220126
2021-04-11;MP;Northern Mariana Islands;1;160;0;2;1.25
2021-04-18;MP;Northern Mariana Islands;2;162;0;2;1.2345679012345678
2021-04-25;MP;Northern Mariana Islands;2;164;0;2;1.2195121951219512
2021-05-02;MP;Northern Mariana Islands;4;168;0;2;1.1904761904761905
2021-05-09;MP;Northern Mariana Islands;2;170;0;2;1.1764705882352942
2021-05-16;MP;Northern Mariana Islands;3;173;0;2;1.1560693641618496
2021-05-23;MP;Northern Mariana Islands;8;181;0;2;1.1049723756906076
2021-05-30;MP;Northern Mariana Islands;2;183;0;2;1.092896174863388
2021-06-06;MP;Northern Mariana Islands;0;183;0;2;1.092896174863388
2021-06-13;MP;Northern Mariana Islands;0;183;0;2;1.092896174863388
2021-06-20;MP;Northern Mariana Islands;0;183;0;2;1.092896174863388
2021-06-27;MP;Northern Mariana Islands;0;183;0;2;1.092896174863388
2021-07-04;MP;Northern Mariana Islands;0;183;0;2;1.092896174863388
2021-07-11;MP;Northern Mariana Islands;2;185;0;2;1.0810810810810811
2021-07-18;MP;Northern Mariana Islands;2;187;0;2;1.06951871657754
2021-07-25;MP;Northern Mariana Islands;3;190;0;2;1.0526315789473684
2021-08-01;MP;Northern Mariana Islands;6;196;0;2;1.0204081632653061
2021-08-08;MP;Northern Mariana Islands;10;206;0;2;0.9708737864077669
2021-08-15;MP;Northern Mariana Islands;8;214;0;2;0.9345794392523363
2021-08-22;MP;Northern Mariana Islands;10;224;0;2;0.8928571428571428
2021-08-29;MP;Northern Mariana Islands;17;241;0;2;0.8298755186721992
2021-09-05;MP;Northern Mariana Islands;7;248;0;2;0.8064516129032258
2021-09-12;MP;Northern Mariana Islands;3;251;0;2;0.796812749003984
2021-09-19;MP;Northern Mariana Islands;12;263;0;2;0.7604562737642585
2021-09-26;MP;Northern Mariana Islands;3;266;0;2;0.7518796992481203
2021-10-03;MP;Northern Mariana Islands;6;272;0;2;0.7352941176470588
2021-10-10;MP;Northern Mariana Islands;5;277;1;3;1.083032490974729
2021-10-17;MP;Northern Mariana Islands;11;288;0;3;1.0416666666666665
2021-10-24;MP;Northern Mariana Islands;3;291;0;3;1.0309278350515463
2021-10-31;MP;Northern Mariana Islands;21;312;0;3;0.9615384615384616
2021-11-07;MP;Northern Mariana Islands;39;351;0;3;0.8547008547008548
2021-11-14;MP;Northern Mariana Islands;38;389;0;3;0.7712082262210797
2021-11-21;MP;Northern Mariana Islands;75;464;0;3;0.646551724137931
2021-11-28;MP;Northern Mariana Islands;323;787;0;3;0.3811944091486658
2021-12-05;MP;Northern Mariana Islands;317;1104;2;5;0.4528985507246377
2021-12-12;MP;Northern Mariana Islands;804;1908;1;6;0.3144654088050315
2021-12-19;MP;Northern Mariana Islands;514;2422;2;8;0.3303055326176713
2021-12-26;MP;Northern Mariana Islands;471;2893;3;11;0.38022813688212925
2022-01-02;MP;Northern Mariana Islands;404;3297;6;17;0.5156202608431908
2022-01-09;MP;Northern Mariana Islands;350;3647;3;20;0.5483959418700302
2022-01-16;MP;Northern Mariana Islands;299;3946;1;21;0.5321844906234161
2022-01-23;MP;Northern Mariana Islands;300;4246;1;22;0.5181347150259068
2022-01-30;MP;Northern Mariana Islands;618;4864;1;23;0.47286184210526316
2022-02-06;MP;Northern Mariana Islands;1238;6102;0;23;0.37692559816453625
2022-02-13;MP;Northern Mariana Islands;1428;7530;0;23;0.3054448871181939
2022-02-20;MP;Northern Mariana Islands;1114;8644;3;26;0.3007866728366497
2022-02-27;MP;Northern Mariana Islands;870;9514;4;30;0.3153247845280639
2022-03-06;MP;Northern Mariana Islands;612;10126;0;30;0.2962670353545329
2022-03-13;MP;Northern Mariana Islands;253;10379;0;30;0.28904518739762985
2022-03-20;MP;Northern Mariana Islands;310;10689;1;31;0.2900177752830012
2022-03-27;MP;Northern Mariana Islands;333;11022;2;33;0.29940119760479045
2022-04-03;MP;Northern Mariana Islands;43;11065;0;33;0.29823768639855397
2022-04-10;MP;Northern Mariana Islands;93;11158;0;33;0.29575192686861446
2022-04-17;MP;Northern Mariana Islands;44;11202;1;34;0.3035172290662382
2022-04-24;MP;Northern Mariana Islands;19;11221;0;34;0.30300329738882453
2022-05-01;MP;Northern Mariana Islands;42;11263;0;34;0.3018733907484684
2022-05-08;MP;Northern Mariana Islands;18;11281;0;34;0.3013917205921461
2022-05-15;MP;Northern Mariana Islands;24;11305;0;34;0.30075187969924816
2022-05-22;MP;Northern Mariana Islands;10;11315;0;34;0.30048608042421565
2022-05-29;MP;Northern Mariana Islands;18;11333;0;34;0.300008823788935
2022-06-05;MP;Northern Mariana Islands;33;11366;0;34;0.2991377793418969
2022-06-12;MP;Northern Mariana Islands;39;11405;0;34;0.2981148619026742
2022-06-19;MP;Northern Mariana Islands;77;11482;0;34;0.29611565929280614
2022-06-26;MP;Northern Mariana Islands;87;11569;0;34;0.29388884086783645
2022-07-03;MP;Northern Mariana Islands;190;11759;1;35;0.297644357513394
2022-07-10;MP;Northern Mariana Islands;0;11759;0;35;0.297644357513394
2022-07-17;MP;Northern Mariana Islands;434;12193;0;35;0.2870499466907242
2022-07-24;MP;Northern Mariana Islands;380;12573;2;37;0.29428139664360137
2022-07-31;MP;Northern Mariana Islands;159;12732;1;38;0.2984605717876217
2022-08-07;MP;Northern Mariana Islands;1;12733;0;38;0.2984371318620906
2022-08-14;MP;Northern Mariana Islands;215;12948;1;39;0.30120481927710846
2022-08-21;MP;Northern Mariana Islands;0;12948;1;40;0.3089280197713933
2022-08-28;MP;Northern Mariana Islands;175;13123;0;40;0.3048083517488379
2022-09-04;MP;Northern Mariana Islands;24;13147;0;40;0.30425192059024875
2022-09-11;MP;Northern Mariana Islands;7;13154;0;40;0.3040900106431504
2022-09-18;MP;Northern Mariana Islands;1;13155;0;40;0.3040668947168377
2022-09-25;MP;Northern Mariana Islands;16;13171;0;40;0.3036975172727963
2022-10-02;MP;Northern Mariana Islands;0;13171;0;40;0.3036975172727963
2022-10-09;MP;Northern Mariana Islands;0;13171;0;40;0.3036975172727963
2022-10-16;MP;Northern Mariana Islands;0;13171;0;40;0.3036975172727963
2022-10-23;MP;Northern Mariana Islands;0;13171;0;40;0.3036975172727963
2022-10-30;MP;Northern Mariana Islands;0;13171;0;40;0.3036975172727963
2022-11-06;MP;Northern Mariana Islands;0;13171;0;40;0.3036975172727963
2022-11-13;MP;Northern Mariana Islands;0;13171;0;40;0.3036975172727963
2022-11-20;MP;Northern Mariana Islands;0;13171;0;40;0.3036975172727963
2022-11-27;MP;Northern Mariana Islands;0;13171;0;40;0.3036975172727963
2022-12-04;MP;Northern Mariana Islands;0;13171;0;40;0.3036975172727963
2022-12-11;MP;Northern Mariana Islands;0;13171;1;41;0.3112899552046162
2022-12-18;MP;Northern Mariana Islands;65;13236;0;41;0.309761257177395
2022-12-25;MP;Northern Mariana Islands;0;13236;0;41;0.309761257177395
2023-01-01;MP;Northern Mariana Islands;159;13395;0;41;0.3060843598357596
2023-01-08;MP;Northern Mariana Islands;0;13395;0;41;0.3060843598357596
2023-01-15;MP;Northern Mariana Islands;0;13395;0;41;0.3060843598357596
2023-01-22;MP;Northern Mariana Islands;0;13395;0;41;0.3060843598357596
2023-01-29;MP;Northern Mariana Islands;0;13395;0;41;0.3060843598357596
2023-02-05;MP;Northern Mariana Islands;0;13395;0;41;0.3060843598357596
2023-02-12;MP;Northern Mariana Islands;0;13395;0;41;0.3060843598357596
2023-02-19;MP;Northern Mariana Islands;0;13395;0;41;0.3060843598357596
2023-02-26;MP;Northern Mariana Islands;254;13649;0;41;0.3003883068356656
2023-03-05;MP;Northern Mariana Islands;0;13649;0;41;0.3003883068356656
2023-03-12;MP;Northern Mariana Islands;73;13722;0;41;0.2987902638099402
2023-03-19;MP;Northern Mariana Islands;26;13748;0;41;0.2982251963922025
2023-03-26;MP;Northern Mariana Islands;25;13773;0;41;0.2976838742467146
2023-04-02;MP;Northern Mariana Islands;13;13786;0;41;0.2974031626287538
2023-04-09;MP;Northern Mariana Islands;0;13786;0;41;0.2974031626287538
2023-04-16;MP;Northern Mariana Islands;28;13814;0;41;0.29680034747357753
2023-04-23;MP;Northern Mariana Islands;25;13839;0;41;0.29626418093792906
2023-04-30;MP;Northern Mariana Islands;10;13849;0;41;0.2960502563361975
2023-05-07;MP;Northern Mariana Islands;23;13872;0;41;0.2955594002306805
2023-05-14;MP;Northern Mariana Islands;24;13896;0;41;0.295048934945308
2023-05-21;MP;Northern Mariana Islands;21;13917;0;41;0.29460372206653734
2023-05-28;MP;Northern Mariana Islands;18;13935;0;41;0.2942231790455687
2023-06-04;MP;Northern Mariana Islands;13;13948;0;41;0.2939489532549469
2023-06-11;MP;Northern Mariana Islands;24;13972;0;41;0.2934440309189808
2023-06-18;MP;Northern Mariana Islands;28;14000;0;41;0.2928571428571428
2023-06-25;MP;Northern Mariana Islands;0;14000;0;41;0.2928571428571428
2023-07-02;MP;Northern Mariana Islands;13;14013;0;41;0.2925854563619496
2023-07-09;MP;Northern Mariana Islands;50;14063;0;41;0.2915451895043732
2023-07-16;MP;Northern Mariana Islands;15;14078;0;41;0.29123455036226736
2023-07-23;MP;Northern Mariana Islands;18;14096;0;41;0.2908626560726447
2023-07-30;MP;Northern Mariana Islands;0;14096;0;41;0.2908626560726447
2023-08-06;MP;Northern Mariana Islands;53;14149;0;41;0.28977312884302775
2023-08-13;MP;Northern Mariana Islands;3;14152;0;41;0.289711701526286
2023-08-20;MP;Northern Mariana Islands;15;14167;0;41;0.28940495517752524
2023-08-27;MP;Northern Mariana Islands;0;14167;0;41;0.28940495517752524
2023-09-03;MP;Northern Mariana Islands;31;14198;0;41;0.2887730666291027
2023-09-10;MP;Northern Mariana Islands;40;14238;0;41;0.28796179238657116
2023-09-17;MP;Northern Mariana Islands;36;14274;0;41;0.2872355331371725
2023-09-24;MP;Northern Mariana Islands;2;14276;0;41;0.2871952927991034
2023-10-01;MP;Northern Mariana Islands;23;14299;0;41;0.28673333799566403
2023-10-08;MP;Northern Mariana Islands;0;14299;0;41;0.28673333799566403
2023-10-15;MP;Northern Mariana Islands;7;14306;0;41;0.2865930378862016
2023-10-22;MP;Northern Mariana Islands;3;14309;0;41;0.28653295128939826
2023-10-29;MP;Northern Mariana Islands;9;14318;0;41;0.28635284257577875
2023-11-05;MP;Northern Mariana Islands;4;14322;0;41;0.2862728669180282
2023-11-12;MP;Northern Mariana Islands;0;14322;0;41;0.2862728669180282
2023-11-19;MP;Northern Mariana Islands;8;14330;0;41;0.2861130495464061
2023-11-26;MP;Northern Mariana Islands;4;14334;0;41;0.28603320775777874
2023-12-03;MP;Northern Mariana Islands;0;14334;0;41;0.28603320775777874
2023-12-10;MP;Northern Mariana Islands;0;14334;0;41;0.28603320775777874
2023-12-17;MP;Northern Mariana Islands;3;14337;0;41;0.285973355653205
2023-12-24;MP;Northern Mariana Islands;0;14337;0;41;0.285973355653205
2023-12-31;MP;Northern Mariana Islands;4;14341;0;41;0.28589359179973506
2024-01-07;MP;Northern Mariana Islands;0;14341;0;41;0.28589359179973506
2024-01-14;MP;Northern Mariana Islands;0;14341;0;41;0.28589359179973506
2024-01-21;MP;Northern Mariana Islands;0;14341;0;41;0.28589359179973506
2020-01-05;NO;Norway;0;0;0;0;0.0
2020-01-12;NO;Norway;0;0;0;0;0.0
2020-01-19;NO;Norway;0;0;0;0;0.0
2020-01-26;NO;Norway;0;0;0;0;0.0
2020-02-02;NO;Norway;0;0;0;0;0.0
2020-02-09;NO;Norway;0;0;0;0;0.0
2020-02-16;NO;Norway;0;0;0;0;0.0
2020-02-23;NO;Norway;1;1;0;0;0.0
2020-03-01;NO;Norway;20;21;0;0;0.0
2020-03-08;NO;Norway;162;183;0;0;0.0
2020-03-15;NO;Norway;1181;1364;1;1;0.07331378299120235
2020-03-22;NO;Norway;1390;2754;6;7;0.2541757443718228
2020-03-29;NO;Norway;1775;4529;13;20;0.44159858688452197
2020-04-05;NO;Norway;1226;5755;30;50;0.8688097306689836
2020-04-12;NO;Norway;758;6513;48;98;1.5046829418086902
2020-04-19;NO;Norway;616;7129;50;148;2.076027493337074
2020-04-26;NO;Norway;422;7551;45;193;2.5559528539266325
2020-05-03;NO;Norway;302;7853;11;204;2.5977333503119824
2020-05-10;NO;Norway;254;8107;9;213;2.6273590724065623
2020-05-17;NO;Norway;135;8242;19;232;2.8148507643775784
2020-05-24;NO;Norway;106;8348;3;235;2.8150455198850026
2020-05-31;NO;Norway;86;8434;1;236;2.7981977709271995
2020-06-07;NO;Norway;111;8545;2;238;2.7852545348156816
2020-06-14;NO;Norway;86;8631;4;242;2.8038465994670374
2020-06-21;NO;Norway;112;8743;2;244;2.790804071828892
2020-06-28;NO;Norway;115;8858;5;249;2.8110182885527206
2020-07-05;NO;Norway;67;8925;2;251;2.8123249299719886
2020-07-12;NO;Norway;61;8986;1;252;2.8043623414199867
2020-07-19;NO;Norway;55;9041;3;255;2.820484459683663
2020-07-26;NO;Norway;88;9129;0;255;2.793296089385475
2020-08-02;NO;Norway;195;9324;0;255;2.7348777348777347
2020-08-09;NO;Norway;351;9675;1;256;2.645994832041344
2020-08-16;NO;Norway;377;10052;5;261;2.5964982093115796
2020-08-23;NO;Norway;368;10420;3;264;2.5335892514395395
2020-08-30;NO;Norway;346;10766;0;264;2.45216422069478
2020-09-06;NO;Norway;731;11497;0;264;2.2962511959641647
2020-09-13;NO;Norway;747;12244;1;265;2.1643253838614833
2020-09-20;NO;Norway;721;12965;2;267;2.0593906671808715
2020-09-27;NO;Norway;810;13775;3;270;1.9600725952813067
2020-10-04;NO;Norway;783;14558;5;275;1.8889957411732379
2020-10-11;NO;Norway;1069;15627;0;275;1.7597747488321496
2020-10-18;NO;Norway;929;16556;3;278;1.6791495530321332
2020-10-25;NO;Norway;1600;18156;1;279;1.5366820885657635
2020-11-01;NO;Norway;3028;21184;3;282;1.3311933534743203
2020-11-08;NO;Norway;3983;25167;3;285;1.1324353319823577
2020-11-15;NO;Norway;4070;29237;9;294;1.0055751274070526
2020-11-22;NO;Norway;3785;33022;12;306;0.9266549573011932
2020-11-29;NO;Norway;2977;35999;22;328;0.9111364204561238
2020-12-06;NO;Norway;2492;38491;26;354;0.9196955132368605
2020-12-13;NO;Norway;2701;41192;33;387;0.9395028160807924
2020-12-20;NO;Norway;2934;44126;17;404;0.9155599873090695
2020-12-27;NO;Norway;3118;47244;17;421;0.8911184489035644
2021-01-03;NO;Norway;3847;51091;15;436;0.8533792644497074
2021-01-10;NO;Norway;4694;55785;42;478;0.8568611633951778
2021-01-17;NO;Norway;3218;59003;39;517;0.8762266325441079
2021-01-24;NO;Norway;2259;61262;27;544;0.887989291893833
2021-01-31;NO;Norway;1951;63213;19;563;0.8906395836299495
2021-02-07;NO;Norway;1860;65073;19;582;0.8943801576690793
2021-02-14;NO;Norway;1742;66815;10;592;0.8860285863952705
2021-02-21;NO;Norway;1973;68788;15;607;0.8824213525614932
2021-02-28;NO;Norway;2940;71728;15;622;0.8671648449698862
2021-03-07;NO;Norway;4010;75738;10;632;0.8344556233330693
2021-03-14;NO;Norway;5539;81277;7;639;0.7862002780614443
2021-03-21;NO;Norway;6625;87902;9;648;0.7371845919319242
2021-03-28;NO;Norway;6092;93994;8;656;0.6979168883120199
2021-04-04;NO;Norway;4933;98927;17;673;0.6802996148675287
2021-04-11;NO;Norway;5082;104009;11;684;0.6576353969368035
2021-04-18;NO;Norway;3789;107798;24;708;0.6567839848605725
2021-04-25;NO;Norway;3251;111049;28;736;0.6627704887031851
2021-05-02;NO;Norway;2825;113874;20;756;0.6638916697402392
2021-05-09;NO;Norway;3064;116938;11;767;0.6559031281533804
2021-05-16;NO;Norway;2636;119574;7;774;0.6472979075718802
2021-05-23;NO;Norway;3169;122743;7;781;0.636288831134973
2021-05-30;NO;Norway;2442;125185;2;783;0.6254742980389024
2021-06-06;NO;Norway;1898;127083;1;784;0.6169196509367894
2021-06-13;NO;Norway;1260;128343;5;789;0.6147588882915312
2021-06-20;NO;Norway;1250;129593;1;790;0.6096008272051731
2021-06-27;NO;Norway;1280;130873;2;792;0.6051668411360632
2021-07-04;NO;Norway;1288;132161;3;795;0.6015390319383177
2021-07-11;NO;Norway;1200;133361;3;798;0.5983758370138197
2021-07-18;NO;Norway;1141;134502;2;800;0.5947866946216412
2021-07-25;NO;Norway;1448;135950;3;803;0.590658330268481
2021-08-01;NO;Norway;2236;138186;10;813;0.5883374582085016
2021-08-08;NO;Norway;2912;141098;10;823;0.5832825412124906
2021-08-15;NO;Norway;3706;144804;5;828;0.5718074086351206
2021-08-22;NO;Norway;4330;149134;4;832;0.5578875373824882
2021-08-29;NO;Norway;8312;157446;10;842;0.5347865299848837
2021-09-05;NO;Norway;10109;167555;11;853;0.5090865685894185
2021-09-12;NO;Norway;8732;176287;21;874;0.49578244567097973
2021-09-19;NO;Norway;6028;182315;11;885;0.48542358006746567
2021-09-26;NO;Norway;4710;187025;12;897;0.4796150247293142
2021-10-03;NO;Norway;3614;190639;7;904;0.4741946820954789
2021-10-10;NO;Norway;3024;193663;8;912;0.4709211362005133
2021-10-17;NO;Norway;2817;196480;6;918;0.4672231270358306
2021-10-24;NO;Norway;4160;200640;11;929;0.463018341307815
2021-10-31;NO;Norway;6821;207461;20;949;0.45743537339548157
2021-11-07;NO;Norway;9569;217030;39;988;0.4552366032345758
2021-11-14;NO;Norway;11720;228750;47;1035;0.4524590163934426
2021-11-21;NO;Norway;14431;243181;53;1088;0.4474033744412598
2021-11-28;NO;Norway;17970;261151;56;1144;0.4380607388062845
2021-12-05;NO;Norway;25554;286705;53;1197;0.41750231073751765
2021-12-12;NO;Norway;33849;320554;74;1271;0.39650105754412673
2021-12-19;NO;Norway;31740;352294;43;1314;0.372983928196336
2021-12-26;NO;Norway;22996;375290;21;1335;0.3557249060726372
2022-01-02;NO;Norway;25064;400354;59;1394;0.3481918502125619
2022-01-09;NO;Norway;45479;445833;49;1443;0.3236637933934904
2022-01-16;NO;Norway;69632;515465;31;1474;0.28595539949366106
2022-01-23;NO;Norway;115307;630772;29;1503;0.23827944170001203
2022-01-30;NO;Norway;136796;767568;29;1532;0.19959143684989472
2022-02-06;NO;Norway;129168;896736;33;1565;0.17452182136102487
2022-02-13;NO;Norway;141784;1038520;54;1619;0.1558949273966799
2022-02-20;NO;Norway;101190;1139710;61;1680;0.14740591904958278
2022-02-27;NO;Norway;102327;1242037;86;1766;0.14218578029478993
2022-03-06;NO;Norway;68214;1310251;114;1880;0.14348395841712772
2022-03-13;NO;Norway;43203;1353454;156;2036;0.15042993703517077
2022-03-20;NO;Norway;27649;1381103;189;2225;0.1611031183047173
2022-03-27;NO;Norway;18009;1399112;203;2428;0.17353864451166168
2022-04-03;NO;Norway;10821;1409933;172;2600;0.1844059256716454
2022-04-10;NO;Norway;7074;1417007;130;2730;0.19265959871757868
2022-04-17;NO;Norway;3757;1420764;125;2855;0.20094822222409917
2022-04-24;NO;Norway;3862;1424626;81;2936;0.20608917708928517
2022-05-01;NO;Norway;2306;1426932;64;3000;0.21024127288476255
2022-05-08;NO;Norway;1880;1428812;72;3072;0.215003793361198
2022-05-15;NO;Norway;1799;1430611;46;3118;0.21794883444905708
2022-05-22;NO;Norway;1545;1432156;26;3144;0.21952915743815615
2022-05-29;NO;Norway;1579;1433735;38;3182;0.22193780580093253
2022-06-05;NO;Norway;1875;1435610;36;3218;0.2241555854305835
2022-06-12;NO;Norway;2060;1437670;39;3257;0.22654712138390593
2022-06-19;NO;Norway;3023;1440693;33;3290;0.22836232285434857
2022-06-26;NO;Norway;4554;1445247;40;3330;0.2304104419521369
2022-07-03;NO;Norway;3907;1449154;68;3398;0.23448163549215614
2022-07-10;NO;Norway;2378;1451532;72;3470;0.23905776793071046
2022-07-17;NO;Norway;1990;1453522;96;3566;0.2453351239265728
2022-07-24;NO;Norway;1644;1455166;103;3669;0.25213618240118313
2022-07-31;NO;Norway;1325;1456491;91;3760;0.258154701951471
2022-08-07;NO;Norway;1149;1457640;75;3835;0.26309651217035757
2022-08-14;NO;Norway;1121;1458761;66;3901;0.2674187204072497
2022-08-21;NO;Norway;865;1459626;57;3958;0.2711653533165345
2022-08-28;NO;Norway;743;1460369;56;4014;0.27486203829306155
2022-09-04;NO;Norway;672;1461041;33;4047;0.2769942801057602
2022-09-11;NO;Norway;547;1461588;25;4072;0.2786010832053903
2022-09-18;NO;Norway;511;1462099;40;4112;0.2812395056695887
2022-09-25;NO;Norway;457;1462556;24;4136;0.2827925905059362
2022-10-02;NO;Norway;500;1463056;28;4164;0.284609748362332
2022-10-09;NO;Norway;504;1463560;24;4188;0.28615157561015603
2022-10-16;NO;Norway;500;1464060;31;4219;0.2881712498121662
2022-10-23;NO;Norway;534;1464594;29;4248;0.2900462517257342
2022-10-30;NO;Norway;785;1465379;25;4273;0.2915969179304467
2022-11-06;NO;Norway;891;1466270;23;4296;0.2929883309349574
2022-11-13;NO;Norway;912;1467182;52;4348;0.2963504186937953
2022-11-20;NO;Norway;917;1468099;46;4394;0.2992986167826556
2022-11-27;NO;Norway;1007;1469106;50;4444;0.30249689266805796
2022-12-04;NO;Norway;1082;1470188;56;4500;0.30608330363191644
2022-12-11;NO;Norway;1295;1471483;70;4570;0.3105710361587596
2022-12-18;NO;Norway;1477;1472960;80;4650;0.31569085379100587
2022-12-25;NO;Norway;1564;1474524;95;4745;0.3217987635331809
2023-01-01;NO;Norway;1261;1475785;91;4836;0.3276900090460331
2023-01-08;NO;Norway;1068;1476853;97;4933;0.3340210569366078
2023-01-15;NO;Norway;660;1477513;111;5044;0.34138447512813763
2023-01-22;NO;Norway;428;1477941;71;5115;0.34608959356293656
2023-01-29;NO;Norway;343;1478284;47;5162;0.3491886538716512
2023-02-05;NO;Norway;300;1478584;27;5189;0.35094387603274485
2023-02-12;NO;Norway;288;1478872;14;5203;0.35182219962241496
2023-02-19;NO;Norway;296;1479168;17;5220;0.35290109034267914
2023-02-26;NO;Norway;286;1479454;18;5238;0.35404953449042686
2023-03-05;NO;Norway;348;1479802;10;5248;0.35464203994858773
2023-03-12;NO;Norway;358;1480160;17;5265;0.35570478867149496
2023-03-19;NO;Norway;439;1480599;19;5284;0.35688258603443607
2023-03-26;NO;Norway;531;1481130;21;5305;0.35817247642003064
2023-04-02;NO;Norway;643;1481773;18;5323;0.3592318121601622
2023-04-09;NO;Norway;504;1482277;25;5348;0.36079626142751997
2023-04-16;NO;Norway;557;1482834;31;5379;0.3627513261767669
2023-04-23;NO;Norway;477;1483311;28;5407;0.36452234224650126
2023-04-30;NO;Norway;423;1483734;39;5446;0.3670469235051566
2023-05-07;NO;Norway;398;1484132;32;5478;0.3691046348977045
2023-05-14;NO;Norway;339;1484471;21;5499;0.370434989972859
2023-05-21;NO;Norway;255;1484726;16;5515;0.371449008099811
2023-05-28;NO;Norway;240;1484966;17;5532;0.3725337819182392
2023-06-04;NO;Norway;173;1485139;13;5545;0.3733657253630805
2023-06-11;NO;Norway;196;1485335;14;5559;0.3742590055442038
2023-06-18;NO;Norway;159;1485494;7;5566;0.3746901704079586
2023-06-25;NO;Norway;21;1485515;0;5566;0.37468487359602565
2023-07-02;NO;Norway;184;1485699;6;5572;0.37504232014694766
2023-07-09;NO;Norway;184;1485883;20;5592;0.37634187886933224
2023-07-16;NO;Norway;92;1485975;8;5600;0.3768569457763421
2023-07-23;NO;Norway;73;1486048;6;5606;0.3772421886776201
2023-07-30;NO;Norway;119;1486167;5;5611;0.37754841817911444
2023-08-06;NO;Norway;134;1486301;2;5613;0.3776489419034233
2023-08-13;NO;Norway;182;1486483;7;5620;0.3780736140272038
2023-08-20;NO;Norway;212;1486695;1;5621;0.37808696471031383
2023-08-27;NO;Norway;263;1486958;5;5626;0.37835634900246007
2023-09-03;NO;Norway;428;1487386;5;5631;0.3785836359895817
2023-09-10;NO;Norway;459;1487845;10;5641;0.3791389560068421
2023-09-17;NO;Norway;409;1488254;12;5653;0.3798410755153354
2023-09-24;NO;Norway;438;1488692;19;5672;0.3810056076072149
2023-10-01;NO;Norway;384;1489076;33;5705;0.383123494032541
2023-10-08;NO;Norway;383;1489459;27;5732;0.38483771624462304
2023-10-15;NO;Norway;0;1489459;0;5732;0.38483771624462304
2023-10-22;NO;Norway;0;1489459;0;5732;0.38483771624462304
2023-10-29;NO;Norway;0;1489459;0;5732;0.38483771624462304
2023-11-05;NO;Norway;1177;1490636;0;5732;0.3845338499808136
2023-11-12;NO;Norway;1422;1492058;0;5732;0.3841673715096866
2023-11-19;NO;Norway;1608;1493666;0;5732;0.383753797703101
2023-11-26;NO;Norway;1798;1495464;0;5732;0.38329240957990296
2023-12-03;NO;Norway;1848;1497312;0;5732;0.3828193456006497
2023-12-10;NO;Norway;1948;1499260;0;5732;0.38232194549310994
2023-12-17;NO;Norway;2041;1501301;0;5732;0.38180218357278123
2023-12-24;NO;Norway;1567;1502868;0;5732;0.3814040887157089
2023-12-31;NO;Norway;1007;1503875;0;5732;0.38114869919374944
2024-01-07;NO;Norway;899;1504774;0;5732;0.380920988799647
2024-01-14;NO;Norway;615;1505389;0;5732;0.3807653702797084
2024-01-21;NO;Norway;387;1505776;0;5732;0.3806675096428685
2020-01-05;PS;occupied Palestinian territory, including east Jerusalem;0;0;0;0;0.0
2020-01-12;PS;occupied Palestinian territory, including east Jerusalem;0;0;0;0;0.0
2020-01-19;PS;occupied Palestinian territory, including east Jerusalem;0;0;0;0;0.0
2020-01-26;PS;occupied Palestinian territory, including east Jerusalem;0;0;0;0;0.0
2020-02-02;PS;occupied Palestinian territory, including east Jerusalem;0;0;0;0;0.0
2020-02-09;PS;occupied Palestinian territory, including east Jerusalem;0;0;0;0;0.0
2020-02-16;PS;occupied Palestinian territory, including east Jerusalem;0;0;0;0;0.0
2020-02-23;PS;occupied Palestinian territory, including east Jerusalem;0;0;0;0;0.0
2020-03-01;PS;occupied Palestinian territory, including east Jerusalem;0;0;0;0;0.0
2020-03-08;PS;occupied Palestinian territory, including east Jerusalem;19;19;0;0;0.0
2020-03-15;PS;occupied Palestinian territory, including east Jerusalem;19;38;0;0;0.0
2020-03-22;PS;occupied Palestinian territory, including east Jerusalem;15;53;0;0;0.0
2020-03-29;PS;occupied Palestinian territory, including east Jerusalem;44;97;1;1;1.0309278350515463
2020-04-05;PS;occupied Palestinian territory, including east Jerusalem;120;217;0;1;0.4608294930875576
2020-04-12;PS;occupied Palestinian territory, including east Jerusalem;51;268;1;2;0.7462686567164178
2020-04-19;PS;occupied Palestinian territory, including east Jerusalem;45;313;0;2;0.6389776357827476
2020-04-26;PS;occupied Palestinian territory, including east Jerusalem;29;342;0;2;0.5847953216374269
2020-05-03;PS;occupied Palestinian territory, including east Jerusalem;11;353;0;2;0.56657223796034
2020-05-10;PS;occupied Palestinian territory, including east Jerusalem;194;547;2;4;0.7312614259597806
2020-05-17;PS;occupied Palestinian territory, including east Jerusalem;8;555;0;4;0.7207207207207207
2020-05-24;PS;occupied Palestinian territory, including east Jerusalem;47;602;1;5;0.8305647840531563
2020-05-31;PS;occupied Palestinian territory, including east Jerusalem;24;626;0;5;0.7987220447284344
2020-06-07;PS;occupied Palestinian territory, including east Jerusalem;17;643;0;5;0.7776049766718507
2020-06-14;PS;occupied Palestinian territory, including east Jerusalem;30;673;0;5;0.7429420505200593
2020-06-21;PS;occupied Palestinian territory, including east Jerusalem;306;979;0;5;0.5107252298263534
2020-06-28;PS;occupied Palestinian territory, including east Jerusalem;1074;2053;2;7;0.34096444227959083
2020-07-05;PS;occupied Palestinian territory, including east Jerusalem;2197;4250;12;19;0.4470588235294118
2020-07-12;PS;occupied Palestinian territory, including east Jerusalem;2438;6688;13;32;0.4784688995215311
2020-07-19;PS;occupied Palestinian territory, including east Jerusalem;2899;9587;30;62;0.6467090852195682
2020-07-26;PS;occupied Palestinian territory, including east Jerusalem;3208;12795;16;78;0.6096131301289567
2020-08-02;PS;occupied Palestinian territory, including east Jerusalem;2760;15555;8;86;0.5528768884603021
2020-08-09;PS;occupied Palestinian territory, including east Jerusalem;2819;18374;17;103;0.5605747251551105
2020-08-16;PS;occupied Palestinian territory, including east Jerusalem;3180;21554;16;119;0.5521016980606848
2020-08-23;PS;occupied Palestinian territory, including east Jerusalem;3144;24698;19;138;0.5587496963316868
2020-08-30;PS;occupied Palestinian territory, including east Jerusalem;3829;28527;26;164;0.5748939601079679
2020-09-06;PS;occupied Palestinian territory, including east Jerusalem;4723;33250;35;199;0.5984962406015037
2020-09-13;PS;occupied Palestinian territory, including east Jerusalem;5266;38516;39;238;0.6179250181742652
2020-09-20;PS;occupied Palestinian territory, including east Jerusalem;6247;44763;53;291;0.6500904765096173
2020-09-27;PS;occupied Palestinian territory, including east Jerusalem;3809;48572;43;334;0.6876389689533065
2020-10-04;PS;occupied Palestinian territory, including east Jerusalem;3441;52013;56;390;0.7498125468632842
2020-10-11;PS;occupied Palestinian territory, including east Jerusalem;3121;55134;52;442;0.8016831719084412
2020-10-18;PS;occupied Palestinian territory, including east Jerusalem;3016;58150;30;472;0.8116938950988821
2020-10-25;PS;occupied Palestinian territory, including east Jerusalem;3443;61593;42;514;0.8345104151445782
2020-11-01;PS;occupied Palestinian territory, including east Jerusalem;3669;65262;41;555;0.8504183138733107
2020-11-08;PS;occupied Palestinian territory, including east Jerusalem;4350;69612;29;584;0.8389358156639659
2020-11-15;PS;occupied Palestinian territory, including east Jerusalem;4738;74350;49;633;0.85137861466039
2020-11-22;PS;occupied Palestinian territory, including east Jerusalem;8430;82780;65;698;0.8431988402995894
2020-11-29;PS;occupied Palestinian territory, including east Jerusalem;12081;94861;93;791;0.833851635550964
2020-12-06;PS;occupied Palestinian territory, including east Jerusalem;14841;109702;114;905;0.824962170243022
2020-12-13;PS;occupied Palestinian territory, including east Jerusalem;13300;123002;157;1062;0.8634005951122746
2020-12-20;PS;occupied Palestinian territory, including east Jerusalem;14104;137106;170;1232;0.8985748253176374
2020-12-27;PS;occupied Palestinian territory, including east Jerusalem;11434;148540;174;1406;0.9465463848121717
2021-01-03;PS;occupied Palestinian territory, including east Jerusalem;9339;157879;172;1578;0.9994996167951405
2021-01-10;PS;occupied Palestinian territory, including east Jerusalem;7371;165250;157;1735;1.0499243570347958
2021-01-17;PS;occupied Palestinian territory, including east Jerusalem;5387;170637;126;1861;1.090619267802411
2021-01-24;PS;occupied Palestinian territory, including east Jerusalem;3776;174413;90;1951;1.1186092779781325
2021-01-31;PS;occupied Palestinian territory, including east Jerusalem;4103;178516;59;2010;1.125949494723162
2021-02-07;PS;occupied Palestinian territory, including east Jerusalem;4025;182541;48;2058;1.1274179499400134
2021-02-14;PS;occupied Palestinian territory, including east Jerusalem;5923;188464;67;2125;1.1275362934035147
2021-02-21;PS;occupied Palestinian territory, including east Jerusalem;6411;194875;47;2172;1.1145606157793457
2021-02-28;PS;occupied Palestinian territory, including east Jerusalem;11563;206438;64;2236;1.0831339191427936
2021-03-07;PS;occupied Palestinian territory, including east Jerusalem;14201;220639;116;2352;1.0659946790911852
2021-03-14;PS;occupied Palestinian territory, including east Jerusalem;13810;234449;142;2494;1.0637707987664695
2021-03-21;PS;occupied Palestinian territory, including east Jerusalem;14972;249421;162;2656;1.064866230189118
2021-03-28;PS;occupied Palestinian territory, including east Jerusalem;13799;263220;154;2810;1.0675480586581567
2021-04-04;PS;occupied Palestinian territory, including east Jerusalem;13910;277130;131;2941;1.0612347995525566
2021-04-11;PS;occupied Palestinian territory, including east Jerusalem;17509;294639;161;3102;1.0528137822895136
2021-04-18;PS;occupied Palestinian territory, including east Jerusalem;13940;308579;149;3251;1.053538964090233
2021-04-25;PS;occupied Palestinian territory, including east Jerusalem;10521;319100;168;3419;1.0714509558132248
2021-05-02;PS;occupied Palestinian territory, including east Jerusalem;6867;325967;106;3525;1.081397810207782
2021-05-09;PS;occupied Palestinian territory, including east Jerusalem;4311;330278;94;3619;1.0957435857065867
2021-05-16;PS;occupied Palestinian territory, including east Jerusalem;2221;332499;72;3691;1.1100785265519597
2021-05-23;PS;occupied Palestinian territory, including east Jerusalem;1543;334042;36;3727;1.1157279623520395
2021-05-30;PS;occupied Palestinian territory, including east Jerusalem;2637;336679;33;3760;1.1167907710311602
2021-06-06;PS;occupied Palestinian territory, including east Jerusalem;2015;338694;24;3784;1.1172326642928425
2021-06-13;PS;occupied Palestinian territory, including east Jerusalem;1559;340253;14;3798;1.116228218413945
2021-06-20;PS;occupied Palestinian territory, including east Jerusalem;1193;341446;20;3818;1.118185598894115
2021-06-27;PS;occupied Palestinian territory, including east Jerusalem;1035;342481;8;3826;1.11714226482637
2021-07-04;PS;occupied Palestinian territory, including east Jerusalem;852;343333;12;3838;1.1178651629758865
2021-07-11;PS;occupied Palestinian territory, including east Jerusalem;615;343948;10;3848;1.1187737681277403
2021-07-18;PS;occupied Palestinian territory, including east Jerusalem;534;344482;7;3855;1.1190715334908645
2021-07-25;PS;occupied Palestinian territory, including east Jerusalem;390;344872;10;3865;1.120705653111879
2021-08-01;PS;occupied Palestinian territory, including east Jerusalem;830;345702;7;3872;1.1200398030673817
2021-08-08;PS;occupied Palestinian territory, including east Jerusalem;1010;346712;7;3879;1.1187960035995292
2021-08-15;PS;occupied Palestinian territory, including east Jerusalem;2396;349108;12;3891;1.1145548082541792
2021-08-22;PS;occupied Palestinian territory, including east Jerusalem;5495;354603;9;3900;1.0998214905119246
2021-08-29;PS;occupied Palestinian territory, including east Jerusalem;10406;365009;37;3937;1.0786035412825437
2021-09-05;PS;occupied Palestinian territory, including east Jerusalem;16213;381222;51;3988;1.0461096159193333
2021-09-12;PS;occupied Palestinian territory, including east Jerusalem;16351;397573;79;4067;1.0229567903252987
2021-09-19;PS;occupied Palestinian territory, including east Jerusalem;14869;412442;110;4177;1.0127484591772904
2021-09-26;PS;occupied Palestinian territory, including east Jerusalem;13591;426033;109;4286;1.0060253548434042
2021-10-03;PS;occupied Palestinian territory, including east Jerusalem;10103;436136;114;4400;1.0088596217693562
2021-10-10;PS;occupied Palestinian territory, including east Jerusalem;7080;443216;95;4495;1.01417818851305
2021-10-17;PS;occupied Palestinian territory, including east Jerusalem;4666;447882;81;4576;1.0216976792994583
2021-10-24;PS;occupied Palestinian territory, including east Jerusalem;3307;451189;50;4626;1.0252909534585286
2021-10-31;PS;occupied Palestinian territory, including east Jerusalem;2358;453547;50;4676;1.0309846609061464
2021-11-07;PS;occupied Palestinian territory, including east Jerusalem;1944;455491;40;4716;1.0353662311659286
2021-11-14;PS;occupied Palestinian territory, including east Jerusalem;1478;456969;35;4751;1.039676652026724
2021-11-21;PS;occupied Palestinian territory, including east Jerusalem;1304;458273;23;4774;1.0417371304877223
2021-11-28;PS;occupied Palestinian territory, including east Jerusalem;1416;459689;18;4792;1.0424439131673806
2021-12-05;PS;occupied Palestinian territory, including east Jerusalem;2255;461944;22;4814;1.0421176592833763
2021-12-12;PS;occupied Palestinian territory, including east Jerusalem;2092;464036;23;4837;1.0423760225499745
2021-12-19;PS;occupied Palestinian territory, including east Jerusalem;2291;466327;30;4867;1.0436882273597712
2021-12-26;PS;occupied Palestinian territory, including east Jerusalem;2116;468443;33;4900;1.0460184056544766
2022-01-02;PS;occupied Palestinian territory, including east Jerusalem;2215;470658;42;4942;1.0500193346336406
2022-01-09;PS;occupied Palestinian territory, including east Jerusalem;1988;472646;36;4978;1.0532195342814707
2022-01-16;PS;occupied Palestinian territory, including east Jerusalem;3040;475686;38;5016;1.054477113053569
2022-01-23;PS;occupied Palestinian territory, including east Jerusalem;7293;482979;33;5049;1.04538706651842
2022-01-30;PS;occupied Palestinian territory, including east Jerusalem;33080;516059;38;5087;0.9857400025966023
2022-02-06;PS;occupied Palestinian territory, including east Jerusalem;58046;574105;65;5152;0.897396817655307
2022-02-13;PS;occupied Palestinian territory, including east Jerusalem;37153;611258;113;5265;0.8613384201106571
2022-02-20;PS;occupied Palestinian territory, including east Jerusalem;20498;631756;126;5391;0.8533357815359095
2022-02-27;PS;occupied Palestinian territory, including east Jerusalem;12881;644637;105;5496;0.8525728433211249
2022-03-06;PS;occupied Palestinian territory, including east Jerusalem;6488;651125;81;5577;0.8565175657515838
2022-03-13;PS;occupied Palestinian territory, including east Jerusalem;2537;653662;35;5612;0.8585476897846287
2022-03-20;PS;occupied Palestinian territory, including east Jerusalem;1292;654954;29;5641;0.8612818610161934
2022-03-27;PS;occupied Palestinian territory, including east Jerusalem;796;655750;14;5655;0.8623713305375523
2022-04-03;PS;occupied Palestinian territory, including east Jerusalem;537;656287;0;5655;0.86166570418125
2022-04-10;PS;occupied Palestinian territory, including east Jerusalem;330;656617;1;5656;0.8613849473894218
2022-04-17;PS;occupied Palestinian territory, including east Jerusalem;259;656876;1;5657;0.8611975471778539
2022-04-24;PS;occupied Palestinian territory, including east Jerusalem;184;657060;0;5657;0.8609563814567924
2022-05-01;PS;occupied Palestinian territory, including east Jerusalem;0;657060;0;5657;0.8609563814567924
2022-05-08;PS;occupied Palestinian territory, including east Jerusalem;133;657193;0;5657;0.8607821446667875
2022-05-15;PS;occupied Palestinian territory, including east Jerusalem;263;657456;2;5659;0.8607420116327177
2022-05-22;PS;occupied Palestinian territory, including east Jerusalem;117;657573;1;5660;0.8607409367477071
2022-05-29;PS;occupied Palestinian territory, including east Jerusalem;132;657705;0;5660;0.8605681878653803
2022-06-05;PS;occupied Palestinian territory, including east Jerusalem;174;657879;0;5660;0.8603405793466581
2022-06-12;PS;occupied Palestinian territory, including east Jerusalem;221;658100;0;5660;0.8600516638808693
2022-06-19;PS;occupied Palestinian territory, including east Jerusalem;403;658503;0;5660;0.8595253172726623
2022-06-26;PS;occupied Palestinian territory, including east Jerusalem;1350;659853;0;5660;0.8577668056370131
2022-07-03;PS;occupied Palestinian territory, including east Jerusalem;2637;662490;2;5662;0.854654409877885
2022-07-10;PS;occupied Palestinian territory, including east Jerusalem;2595;665085;1;5663;0.8514701128427193
2022-07-17;PS;occupied Palestinian territory, including east Jerusalem;6954;672039;1;5664;0.8428082298795159
2022-07-24;PS;occupied Palestinian territory, including east Jerusalem;10057;682096;14;5678;0.8324341441673899
2022-07-31;PS;occupied Palestinian territory, including east Jerusalem;8969;691065;10;5688;0.8230774239760369
2022-08-07;PS;occupied Palestinian territory, including east Jerusalem;6382;697447;3;5691;0.815975980970597
2022-08-14;PS;occupied Palestinian territory, including east Jerusalem;937;698384;3;5694;0.8153107745881922
2022-08-21;PS;occupied Palestinian territory, including east Jerusalem;0;698384;0;5694;0.8153107745881922
2022-08-28;PS;occupied Palestinian territory, including east Jerusalem;3355;701739;6;5700;0.8122678089717117
2022-09-04;PS;occupied Palestinian territory, including east Jerusalem;852;702591;6;5706;0.8121367908214026
2022-09-11;PS;occupied Palestinian territory, including east Jerusalem;177;702768;1;5707;0.8120745395350956
2022-09-18;PS;occupied Palestinian territory, including east Jerusalem;0;702768;0;5707;0.8120745395350956
2022-09-25;PS;occupied Palestinian territory, including east Jerusalem;102;702870;1;5708;0.8120989656693272
2022-10-02;PS;occupied Palestinian territory, including east Jerusalem;70;702940;0;5708;0.8120180954277748
2022-10-09;PS;occupied Palestinian territory, including east Jerusalem;37;702977;0;5708;0.8119753562349835
2022-10-16;PS;occupied Palestinian territory, including east Jerusalem;37;703014;0;5708;0.811932621540965
2022-10-23;PS;occupied Palestinian territory, including east Jerusalem;0;703014;0;5708;0.811932621540965
2022-10-30;PS;occupied Palestinian territory, including east Jerusalem;22;703036;0;5708;0.8119072138553359
2022-11-06;PS;occupied Palestinian territory, including east Jerusalem;33;703069;0;5708;0.8118691053082984
2022-11-13;PS;occupied Palestinian territory, including east Jerusalem;0;703069;0;5708;0.8118691053082984
2022-11-20;PS;occupied Palestinian territory, including east Jerusalem;0;703069;0;5708;0.8118691053082984
2022-11-27;PS;occupied Palestinian territory, including east Jerusalem;0;703069;0;5708;0.8118691053082984
2022-12-04;PS;occupied Palestinian territory, including east Jerusalem;0;703069;0;5708;0.8118691053082984
2022-12-11;PS;occupied Palestinian territory, including east Jerusalem;159;703228;0;5708;0.8116855415313383
2022-12-18;PS;occupied Palestinian territory, including east Jerusalem;0;703228;0;5708;0.8116855415313383
2022-12-25;PS;occupied Palestinian territory, including east Jerusalem;0;703228;0;5708;0.8116855415313383
2023-01-01;PS;occupied Palestinian territory, including east Jerusalem;0;703228;0;5708;0.8116855415313383
2023-01-08;PS;occupied Palestinian territory, including east Jerusalem;0;703228;0;5708;0.8116855415313383
2023-01-15;PS;occupied Palestinian territory, including east Jerusalem;0;703228;0;5708;0.8116855415313383
2023-01-22;PS;occupied Palestinian territory, including east Jerusalem;0;703228;0;5708;0.8116855415313383
2023-01-29;PS;occupied Palestinian territory, including east Jerusalem;0;703228;0;5708;0.8116855415313383
2023-02-05;PS;occupied Palestinian territory, including east Jerusalem;0;703228;0;5708;0.8116855415313383
2023-02-12;PS;occupied Palestinian territory, including east Jerusalem;0;703228;0;5708;0.8116855415313383
2023-02-19;PS;occupied Palestinian territory, including east Jerusalem;0;703228;0;5708;0.8116855415313383
2023-02-26;PS;occupied Palestinian territory, including east Jerusalem;0;703228;0;5708;0.8116855415313383
2023-03-05;PS;occupied Palestinian territory, including east Jerusalem;0;703228;0;5708;0.8116855415313383
2023-03-12;PS;occupied Palestinian territory, including east Jerusalem;0;703228;0;5708;0.8116855415313383
2023-03-19;PS;occupied Palestinian territory, including east Jerusalem;0;703228;0;5708;0.8116855415313383
2023-03-26;PS;occupied Palestinian territory, including east Jerusalem;0;703228;0;5708;0.8116855415313383
2023-04-02;PS;occupied Palestinian territory, including east Jerusalem;0;703228;0;5708;0.8116855415313383
2023-04-09;PS;occupied Palestinian territory, including east Jerusalem;0;703228;0;5708;0.8116855415313383
2023-04-16;PS;occupied Palestinian territory, including east Jerusalem;0;703228;0;5708;0.8116855415313383
2023-04-23;PS;occupied Palestinian territory, including east Jerusalem;0;703228;0;5708;0.8116855415313383
2023-04-30;PS;occupied Palestinian territory, including east Jerusalem;0;703228;0;5708;0.8116855415313383
2023-05-07;PS;occupied Palestinian territory, including east Jerusalem;0;703228;0;5708;0.8116855415313383
2023-05-14;PS;occupied Palestinian territory, including east Jerusalem;0;703228;0;5708;0.8116855415313383
2023-05-21;PS;occupied Palestinian territory, including east Jerusalem;0;703228;0;5708;0.8116855415313383
2023-05-28;PS;occupied Palestinian territory, including east Jerusalem;0;703228;0;5708;0.8116855415313383
2023-06-04;PS;occupied Palestinian territory, including east Jerusalem;0;703228;0;5708;0.8116855415313383
2023-06-11;PS;occupied Palestinian territory, including east Jerusalem;0;703228;0;5708;0.8116855415313383
2023-06-18;PS;occupied Palestinian territory, including east Jerusalem;0;703228;0;5708;0.8116855415313383
2023-06-25;PS;occupied Palestinian territory, including east Jerusalem;0;703228;0;5708;0.8116855415313383
2023-07-02;PS;occupied Palestinian territory, including east Jerusalem;0;703228;0;5708;0.8116855415313383
2023-07-09;PS;occupied Palestinian territory, including east Jerusalem;0;703228;0;5708;0.8116855415313383
2023-07-16;PS;occupied Palestinian territory, including east Jerusalem;0;703228;0;5708;0.8116855415313383
2023-07-23;PS;occupied Palestinian territory, including east Jerusalem;0;703228;0;5708;0.8116855415313383
2023-07-30;PS;occupied Palestinian territory, including east Jerusalem;0;703228;0;5708;0.8116855415313383
2023-08-06;PS;occupied Palestinian territory, including east Jerusalem;0;703228;0;5708;0.8116855415313383
2023-08-13;PS;occupied Palestinian territory, including east Jerusalem;0;703228;0;5708;0.8116855415313383
2023-08-20;PS;occupied Palestinian territory, including east Jerusalem;0;703228;0;5708;0.8116855415313383
2023-08-27;PS;occupied Palestinian territory, including east Jerusalem;0;703228;0;5708;0.8116855415313383
2023-09-03;PS;occupied Palestinian territory, including east Jerusalem;0;703228;0;5708;0.8116855415313383
2023-09-10;PS;occupied Palestinian territory, including east Jerusalem;0;703228;0;5708;0.8116855415313383
2023-09-17;PS;occupied Palestinian territory, including east Jerusalem;0;703228;0;5708;0.8116855415313383
2023-09-24;PS;occupied Palestinian territory, including east Jerusalem;0;703228;0;5708;0.8116855415313383
2023-10-01;PS;occupied Palestinian territory, including east Jerusalem;0;703228;0;5708;0.8116855415313383
2023-10-08;PS;occupied Palestinian territory, including east Jerusalem;0;703228;0;5708;0.8116855415313383
2023-10-15;PS;occupied Palestinian territory, including east Jerusalem;0;703228;0;5708;0.8116855415313383
2023-10-22;PS;occupied Palestinian territory, including east Jerusalem;0;703228;0;5708;0.8116855415313383
2023-10-29;PS;occupied Palestinian territory, including east Jerusalem;0;703228;0;5708;0.8116855415313383
2023-11-05;PS;occupied Palestinian territory, including east Jerusalem;0;703228;0;5708;0.8116855415313383
2023-11-12;PS;occupied Palestinian territory, including east Jerusalem;0;703228;0;5708;0.8116855415313383
2023-11-19;PS;occupied Palestinian territory, including east Jerusalem;0;703228;0;5708;0.8116855415313383
2023-11-26;PS;occupied Palestinian territory, including east Jerusalem;0;703228;0;5708;0.8116855415313383
2023-12-03;PS;occupied Palestinian territory, including east Jerusalem;0;703228;0;5708;0.8116855415313383
2023-12-10;PS;occupied Palestinian territory, including east Jerusalem;0;703228;0;5708;0.8116855415313383
2023-12-17;PS;occupied Palestinian territory, including east Jerusalem;0;703228;0;5708;0.8116855415313383
2023-12-24;PS;occupied Palestinian territory, including east Jerusalem;0;703228;0;5708;0.8116855415313383
2023-12-31;PS;occupied Palestinian territory, including east Jerusalem;0;703228;0;5708;0.8116855415313383
2024-01-07;PS;occupied Palestinian territory, including east Jerusalem;0;703228;0;5708;0.8116855415313383
2024-01-14;PS;occupied Palestinian territory, including east Jerusalem;0;703228;0;5708;0.8116855415313383
2024-01-21;PS;occupied Palestinian territory, including east Jerusalem;0;703228;0;5708;0.8116855415313383
2020-01-05;OM;Oman;0;0;0;0;0.0
2020-01-12;OM;Oman;0;0;0;0;0.0
2020-01-19;OM;Oman;0;0;0;0;0.0
2020-01-26;OM;Oman;0;0;0;0;0.0
2020-02-02;OM;Oman;0;0;0;0;0.0
2020-02-09;OM;Oman;0;0;0;0;0.0
2020-02-16;OM;Oman;0;0;0;0;0.0
2020-02-23;OM;Oman;0;0;0;0;0.0
2020-03-01;OM;Oman;6;6;0;0;0.0
2020-03-08;OM;Oman;10;16;0;0;0.0
2020-03-15;OM;Oman;4;20;0;0;0.0
2020-03-22;OM;Oman;32;52;0;0;0.0
2020-03-29;OM;Oman;100;152;0;0;0.0
2020-04-05;OM;Oman;125;277;2;2;0.7220216606498195
2020-04-12;OM;Oman;269;546;1;3;0.5494505494505495
2020-04-19;OM;Oman;634;1180;3;6;0.5084745762711864
2020-04-26;OM;Oman;725;1905;4;10;0.5249343832020997
2020-05-03;OM;Oman;578;2483;2;12;0.4832863471606927
2020-05-10;OM;Oman;741;3224;5;17;0.5272952853598015
2020-05-17;OM;Oman;1805;5029;4;21;0.41757804732551207
2020-05-24;OM;Oman;2228;7257;15;36;0.49607275733774286
2020-05-31;OM;Oman;3166;10423;6;42;0.4029550033579583
2020-06-07;OM;Oman;5593;16016;30;72;0.4495504495504496
2020-06-14;OM;Oman;6061;22077;27;99;0.4484304932735426
2020-06-21;OM;Oman;6489;28566;29;128;0.4480851361758734
2020-06-28;OM;Oman;8387;36953;31;159;0.4302762969177063
2020-07-05;OM;Oman;8153;45106;44;203;0.4500509909989802
2020-07-12;OM;Oman;9591;54697;45;248;0.4534069510210798
2020-07-19;OM;Oman;10807;65504;60;308;0.470200293111871
2020-07-26;OM;Oman;9354;74858;63;371;0.4956050121563494
2020-08-02;OM;Oman;4301;79159;50;421;0.5318409782842127
2020-08-09;OM;Oman;2198;81357;88;509;0.6256376218395466
2020-08-16;OM;Oman;1567;82924;53;562;0.6777290048719309
2020-08-23;OM;Oman;845;83769;47;609;0.7269992479318125
2020-08-30;OM;Oman;1236;85005;41;650;0.7646609022998647
2020-09-06;OM;Oman;1375;86380;55;705;0.8161611484139847
2020-09-13;OM;Oman;1957;88337;57;762;0.8626057031594916
2020-09-20;OM;Oman;3416;91753;56;818;0.8915239828670452
2020-09-27;OM;Oman;4154;95907;67;885;0.9227689324032657
2020-10-04;OM;Oman;2678;98585;50;935;0.9484201450524927
2020-10-11;OM;Oman;5544;104129;74;1009;0.9689903869239116
2020-10-18;OM;Oman;4167;108296;62;1071;0.988956194134594
2020-10-25;OM;Oman;3541;111837;76;1147;1.0255997567888981
2020-11-01;OM;Oman;2597;114434;61;1208;1.055630319660241
2020-11-08;OM;Oman;2733;117167;78;1286;1.0975786697619636
2020-11-15;OM;Oman;2275;119442;40;1326;1.1101622544833476
2020-11-22;OM;Oman;1918;121360;39;1365;1.1247528015820698
2020-11-29;OM;Oman;1219;122579;26;1391;1.134778387815205
2020-12-06;OM;Oman;1750;124329;44;1435;1.1541957226391268
2020-12-13;OM;Oman;1340;125669;28;1463;1.1641693655555467
2020-12-20;OM;Oman;1350;127019;20;1483;1.1675418638156496
2020-12-27;OM;Oman;1271;128290;8;1491;1.1622106165718296
2021-01-03;OM;Oman;577;128867;8;1499;1.1632147873388843
2021-01-10;OM;Oman;1203;130070;6;1505;1.1570692703928653
2021-01-17;OM;Oman;1194;131264;4;1509;1.149591662603608
2021-01-24;OM;Oman;1222;132486;8;1517;1.1450266443246835
2021-01-31;OM;Oman;1242;133728;10;1527;1.141870064608758
2021-02-07;OM;Oman;1313;135041;5;1532;1.1344702719914692
2021-02-14;OM;Oman;1581;136622;7;1539;1.1264657229435961
2021-02-21;OM;Oman;1872;138494;10;1549;1.1184600054876024
2021-02-28;OM;Oman;2094;140588;13;1562;1.11104788459897
2021-03-07;OM;Oman;2308;142896;21;1583;1.1077986787593774
2021-03-14;OM;Oman;2361;145257;17;1600;1.1014959692131878
2021-03-21;OM;Oman;3878;149135;20;1620;1.0862641231099341
2021-03-28;OM;Oman;4703;153838;30;1650;1.0725568455128123
2021-04-04;OM;Oman;6180;160018;31;1681;1.0505068179829768
2021-04-11;OM;Oman;7987;168005;66;1747;1.0398500044641528
2021-04-18;OM;Oman;8663;176668;74;1821;1.0307469377589604
2021-04-25;OM;Oman;8610;185278;130;1951;1.0530122302701885
2021-05-02;OM;Oman;7975;193253;89;2040;1.0556110383797406
2021-05-09;OM;Oman;7463;200716;123;2163;1.0776420414914607
2021-05-16;OM;Oman;4197;204913;107;2270;1.1077872072538102
2021-05-23;OM;Oman;5011;209924;94;2364;1.126121834568701
2021-05-30;OM;Oman;5442;215366;102;2466;1.1450275345226266
2021-06-06;OM;Oman;7433;222799;92;2558;1.148120054398808
2021-06-13;OM;Oman;10353;233152;107;2665;1.1430311556409551
2021-06-20;OM;Oman;13254;246406;196;2861;1.1610918565294677
2021-06-27;OM;Oman;14100;260506;242;3103;1.1911433901714357
2021-07-04;OM;Oman;13388;273894;313;3416;1.2471978210548607
2021-07-11;OM;Oman;10091;283985;275;3691;1.299716534323996
2021-07-18;OM;Oman;6459;290444;226;3917;1.348624864001322
2021-07-25;OM;Oman;3028;293472;190;4107;1.3994520771998693
2021-08-01;OM;Oman;3098;296570;96;4203;1.4172033583976802
2021-08-08;OM;Oman;1934;298504;93;4296;1.4391766944496556
2021-08-15;OM;Oman;1463;299967;59;4355;1.451826367567099
2021-08-22;OM;Oman;1174;301141;42;4397;1.4601133688205858
2021-08-29;OM;Oman;888;302029;26;4423;1.4644289124554264
2021-09-05;OM;Oman;570;302599;19;4442;1.4679493322846409
2021-09-12;OM;Oman;437;303036;12;4454;1.4697923679034834
2021-09-19;OM;Oman;354;303390;6;4460;1.4700550446619862
2021-09-26;OM;Oman;223;303613;1;4461;1.4693046740422842
2021-10-03;OM;Oman;200;303813;4;4465;1.469654030604352
2021-10-10;OM;Oman;142;303955;3;4468;1.4699544340445132
2021-10-17;OM;Oman;89;304044;3;4471;1.4705108471142334
2021-10-24;OM;Oman;101;304145;5;4476;1.4716664748721826
2021-10-31;OM;Oman;136;304281;2;4478;1.4716659929473086
2021-11-07;OM;Oman;73;304354;1;4479;1.4716415752709016
2021-11-14;OM;Oman;66;304420;1;4480;1.4716510084751329
2021-11-21;OM;Oman;68;304488;0;4480;1.4713223509629278
2021-11-28;OM;Oman;44;304532;0;4480;1.4711097684315606
2021-12-05;OM;Oman;67;304599;0;4480;1.4707861811759066
2021-12-12;OM;Oman;104;304703;0;4480;1.4702841783638494
2021-12-19;OM;Oman;126;304829;0;4480;1.469676441545916
2021-12-26;OM;Oman;229;305058;0;4480;1.4685731893607117
2022-01-02;OM;Oman;652;305710;3;4483;1.4664224264826142
2022-01-09;OM;Oman;1639;307349;1;4484;1.45892779869139
2022-01-16;OM;Oman;4349;311698;2;4486;1.4392135977773357
2022-01-23;OM;Oman;9425;321123;6;4492;1.3988409425671784
2022-01-30;OM;Oman;13580;334703;9;4501;1.3447743223096296
2022-02-06;OM;Oman;14960;349663;24;4525;1.2941031793469713
2022-02-13;OM;Oman;14695;364358;37;4562;1.2520652764588673
2022-02-20;OM;Oman;10207;374565;30;4592;1.2259554416456422
2022-02-27;OM;Oman;6253;380818;13;4605;1.2092390590780897
2022-03-06;OM;Oman;3704;384522;10;4615;1.2001914064734918
2022-03-13;OM;Oman;1803;386325;2;4617;1.1951077460687245
2022-03-20;OM;Oman;1072;387397;0;4617;1.191800659272013
2022-03-27;OM;Oman;642;388039;0;4617;1.1898288574086626
2022-04-03;OM;Oman;393;388432;0;4617;1.1886250360423445
2022-04-10;OM;Oman;230;388662;3;4620;1.1886935177609337
2022-04-17;OM;Oman;181;388843;4;4624;1.1891688933579878
2022-04-24;OM;Oman;193;389036;0;4624;1.188578948991867
2022-05-01;OM;Oman;90;389126;1;4625;1.1885610316452768
2022-05-08;OM;Oman;147;389273;1;4626;1.1883690880179205
2022-05-15;OM;Oman;124;389397;0;4626;1.1879906624858434
2022-05-22;OM;Oman;109;389506;1;4627;1.1879149486785825
2022-05-29;OM;Oman;99;389605;1;4628;1.1878697655317565
2022-06-05;OM;Oman;118;389723;0;4628;1.187510103329801
2022-06-12;OM;Oman;194;389917;0;4628;1.1869192674338385
2022-06-19;OM;Oman;327;390244;0;4628;1.185924703518824
2022-06-26;OM;Oman;484;390728;0;4628;1.184455682725579
2022-07-03;OM;Oman;913;391641;0;4628;1.181694459977377
2022-07-10;OM;Oman;1361;393002;0;4628;1.1776021496073812
2022-07-17;OM;Oman;1213;394215;0;4628;1.1739786664637317
2022-07-24;OM;Oman;1522;395737;0;4628;1.169463557867978
2022-07-31;OM;Oman;985;396722;0;4628;1.1665599588628812
2022-08-07;OM;Oman;509;397231;0;4628;1.1650651635949865
2022-08-14;OM;Oman;343;397574;0;4628;1.164060024045838
2022-08-21;OM;Oman;272;397846;0;4628;1.1632641775963564
2022-08-28;OM;Oman;147;397993;0;4628;1.162834522215215
2022-09-04;OM;Oman;144;398137;0;4628;1.1624139429392395
2022-09-11;OM;Oman;97;398234;0;4628;1.1621308075151795
2022-09-18;OM;Oman;92;398326;0;4628;1.1618623941193897
2022-09-25;OM;Oman;98;398424;0;4628;1.1615766118506918
2022-10-02;OM;Oman;96;398520;0;4628;1.1612967981531668
2022-10-09;OM;Oman;65;398585;0;4628;1.1611074174893687
2022-10-16;OM;Oman;104;398689;0;4628;1.16080453686959
2022-10-23;OM;Oman;86;398775;0;4628;1.1605541972290139
2022-10-30;OM;Oman;74;398849;0;4628;1.160338875113138
2022-11-06;OM;Oman;92;398941;0;4628;1.160071288736931
2022-11-13;OM;Oman;86;399027;0;4628;1.1598212652276663
2022-11-20;OM;Oman;92;399119;0;4628;1.1595539175033012
2022-11-27;OM;Oman;58;399177;0;4628;1.1593854355336104
2022-12-04;OM;Oman;26;399203;0;4628;1.1593099250256136
2022-12-11;OM;Oman;56;399259;0;4628;1.1591473204110616
2022-12-18;OM;Oman;25;399284;0;4628;1.1590747437913864
2022-12-25;OM;Oman;24;399308;0;4628;1.1590050787863004
2023-01-01;OM;Oman;35;399343;0;4628;1.1589034989971028
2023-01-08;OM;Oman;32;399375;0;4628;1.158810641627543
2023-01-15;OM;Oman;29;399404;0;4628;1.1587265024887081
2023-01-22;OM;Oman;17;399421;0;4628;1.1586771852256141
2023-01-29;OM;Oman;28;399449;0;4628;1.1585959659430867
2023-02-05;OM;Oman;0;399449;0;4628;1.1585959659430867
2023-02-12;OM;Oman;0;399449;0;4628;1.1585959659430867
2023-02-19;OM;Oman;0;399449;0;4628;1.1585959659430867
2023-02-26;OM;Oman;0;399449;0;4628;1.1585959659430867
2023-03-05;OM;Oman;0;399449;0;4628;1.1585959659430867
2023-03-12;OM;Oman;0;399449;0;4628;1.1585959659430867
2023-03-19;OM;Oman;0;399449;0;4628;1.1585959659430867
2023-03-26;OM;Oman;0;399449;0;4628;1.1585959659430867
2023-04-02;OM;Oman;0;399449;0;4628;1.1585959659430867
2023-04-09;OM;Oman;0;399449;0;4628;1.1585959659430867
2023-04-16;OM;Oman;0;399449;0;4628;1.1585959659430867
2023-04-23;OM;Oman;0;399449;0;4628;1.1585959659430867
2023-04-30;OM;Oman;0;399449;0;4628;1.1585959659430867
2023-05-07;OM;Oman;0;399449;0;4628;1.1585959659430867
2023-05-14;OM;Oman;0;399449;0;4628;1.1585959659430867
2023-05-21;OM;Oman;0;399449;0;4628;1.1585959659430867
2023-05-28;OM;Oman;0;399449;0;4628;1.1585959659430867
2023-06-04;OM;Oman;0;399449;0;4628;1.1585959659430867
2023-06-11;OM;Oman;0;399449;0;4628;1.1585959659430867
2023-06-18;OM;Oman;0;399449;0;4628;1.1585959659430867
2023-06-25;OM;Oman;0;399449;0;4628;1.1585959659430867
2023-07-02;OM;Oman;0;399449;0;4628;1.1585959659430867
2023-07-09;OM;Oman;0;399449;0;4628;1.1585959659430867
2023-07-16;OM;Oman;0;399449;0;4628;1.1585959659430867
2023-07-23;OM;Oman;0;399449;0;4628;1.1585959659430867
2023-07-30;OM;Oman;0;399449;0;4628;1.1585959659430867
2023-08-06;OM;Oman;0;399449;0;4628;1.1585959659430867
2023-08-13;OM;Oman;0;399449;0;4628;1.1585959659430867
2023-08-20;OM;Oman;0;399449;0;4628;1.1585959659430867
2023-08-27;OM;Oman;0;399449;0;4628;1.1585959659430867
2023-09-03;OM;Oman;0;399449;0;4628;1.1585959659430867
2023-09-10;OM;Oman;0;399449;0;4628;1.1585959659430867
2023-09-17;OM;Oman;0;399449;0;4628;1.1585959659430867
2023-09-24;OM;Oman;0;399449;0;4628;1.1585959659430867
2023-10-01;OM;Oman;0;399449;0;4628;1.1585959659430867
2023-10-08;OM;Oman;0;399449;0;4628;1.1585959659430867
2023-10-15;OM;Oman;0;399449;0;4628;1.1585959659430867
2023-10-22;OM;Oman;0;399449;0;4628;1.1585959659430867
2023-10-29;OM;Oman;0;399449;0;4628;1.1585959659430867
2023-11-05;OM;Oman;0;399449;0;4628;1.1585959659430867
2023-11-12;OM;Oman;0;399449;0;4628;1.1585959659430867
2023-11-19;OM;Oman;0;399449;0;4628;1.1585959659430867
2023-11-26;OM;Oman;0;399449;0;4628;1.1585959659430867
2023-12-03;OM;Oman;0;399449;0;4628;1.1585959659430867
2023-12-10;OM;Oman;0;399449;0;4628;1.1585959659430867
2023-12-17;OM;Oman;0;399449;0;4628;1.1585959659430867
2023-12-24;OM;Oman;0;399449;0;4628;1.1585959659430867
2023-12-31;OM;Oman;0;399449;0;4628;1.1585959659430867
2024-01-07;OM;Oman;0;399449;0;4628;1.1585959659430867
2024-01-14;OM;Oman;0;399449;0;4628;1.1585959659430867
2024-01-21;OM;Oman;0;399449;0;4628;1.1585959659430867
2020-01-05;PK;Pakistan;0;0;0;0;0.0
2020-01-12;PK;Pakistan;0;0;0;0;0.0
2020-01-19;PK;Pakistan;0;0;0;0;0.0
2020-01-26;PK;Pakistan;0;0;0;0;0.0
2020-02-02;PK;Pakistan;0;0;0;0;0.0
2020-02-09;PK;Pakistan;0;0;0;0;0.0
2020-02-16;PK;Pakistan;0;0;0;0;0.0
2020-02-23;PK;Pakistan;0;0;0;0;0.0
2020-03-01;PK;Pakistan;2;2;0;0;0.0
2020-03-08;PK;Pakistan;4;6;0;0;0.0
2020-03-15;PK;Pakistan;15;21;0;0;0.0
2020-03-22;PK;Pakistan;440;461;2;2;0.43383947939262474
2020-03-29;PK;Pakistan;774;1235;7;9;0.728744939271255
2020-04-05;PK;Pakistan;1215;2450;26;35;1.4285714285714286
2020-04-12;PK;Pakistan;2245;4695;31;66;1.4057507987220448
2020-04-19;PK;Pakistan;2330;7025;69;135;1.9217081850533808
2020-04-26;PK;Pakistan;4915;11940;118;253;2.1189279731993302
2020-05-03;PK;Pakistan;5759;17699;155;408;2.3052149838973954
2020-05-10;PK;Pakistan;8736;26435;191;599;2.265935313031965
2020-05-17;PK;Pakistan;10783;37218;204;803;2.157558170777581
2020-05-24;PK;Pakistan;15219;52437;298;1101;2.0996624520853593
2020-05-31;PK;Pakistan;14020;66457;294;1395;2.0991016747671427
2020-06-07;PK;Pakistan;27526;93983;540;1935;2.05888298947682
2020-06-14;PK;Pakistan;38422;132405;616;2551;1.926664400891205
2020-06-21;PK;Pakistan;39261;171666;831;3382;1.970104738270828
2020-06-28;PK;Pakistan;27217;198883;653;4035;2.028831021253702
2020-07-05;PK;Pakistan;26400;225283;584;4619;2.0503100544648287
2020-07-12;PK;Pakistan;21068;246351;504;5123;2.0795531578926005
2020-07-19;PK;Pakistan;15566;261917;399;5522;2.1083014848215273
2020-07-26;PK;Pakistan;9970;271887;265;5787;2.1284577784152976
2020-08-02;PK;Pakistan;7259;279146;183;5970;2.138665787795634
2020-08-09;PK;Pakistan;4341;283487;104;6074;2.1426026590284564
2020-08-16;PK;Pakistan;4560;288047;88;6162;2.139234222192906
2020-08-23;PK;Pakistan;4127;292174;69;6231;2.132633293859139
2020-08-30;PK;Pakistan;3198;295372;53;6284;2.127486694744255
2020-09-06;PK;Pakistan;2653;298025;56;6340;2.1273383105444172
2020-09-13;PK;Pakistan;2930;300955;33;6373;2.1175923310793974
2020-09-20;PK;Pakistan;4076;305031;42;6415;2.103064934383718
2020-09-27;PK;Pakistan;4550;309581;36;6451;2.083784211563371
2020-10-04;PK;Pakistan;4403;313984;56;6507;2.0723985935589075
2020-10-11;PK;Pakistan;4282;318266;51;6558;2.0605405541276793
2020-10-18;PK;Pakistan;4186;322452;80;6638;2.0586009700668626
2020-10-25;PK;Pakistan;4611;327063;89;6727;2.0567902819946005
2020-11-01;PK;Pakistan;5930;332993;79;6806;2.0438868084314086
2020-11-08;PK;Pakistan;8760;341753;137;6943;2.0315842143302327
2020-11-15;PK;Pakistan;12708;354461;166;7109;2.0055803036159126
2020-11-22;PK;Pakistan;17047;371508;494;7603;2.0465238971973685
2020-11-29;PK;Pakistan;20848;392356;339;7942;2.024182120319302
2020-12-06;PK;Pakistan;20835;413191;361;8303;2.0094822975331024
2020-12-13;PK;Pakistan;21753;434944;421;8724;2.005775456150677
2020-12-20;PK;Pakistan;19617;454561;526;9250;2.0349304053801363
2020-12-27;PK;Pakistan;14921;469482;566;9816;2.090814983322044
2021-01-03;PK;Pakistan;14880;484362;442;10258;2.1178374851866995
2021-01-10;PK;Pakistan;15155;499517;340;10598;2.1216495134299733
2021-01-17;PK;Pakistan;17253;516770;310;10908;2.1108036457224686
2021-01-24;PK;Pakistan;14048;530818;339;11247;2.118805315569555
2021-01-31;PK;Pakistan;12396;543214;376;11623;2.139672394305007
2021-02-07;PK;Pakistan;9914;553128;291;11914;2.1539318204827818
2021-02-14;PK;Pakistan;8497;561625;362;12276;2.185800133541064
2021-02-21;PK;Pakistan;8221;569846;287;12563;2.2046307247923123
2021-02-28;PK;Pakistan;8951;578797;274;12837;2.217876042895868
2021-03-07;PK;Pakistan;9931;588728;329;13166;2.236346835890258
2021-03-14;PK;Pakistan;13808;602536;310;13476;2.2365468619302415
2021-03-21;PK;Pakistan;20599;623135;323;13799;2.2144479125711123
2021-03-28;PK;Pakistan;26689;649824;359;14158;2.1787437829319938
2021-04-04;PK;Pakistan;33064;682888;539;14697;2.152183081266621
2021-04-11;PK;Pakistan;33080;715968;632;15329;2.1410174756413696
2021-04-18;PK;Pakistan;34190;750158;765;16094;2.145414699303347
2021-04-25;PK;Pakistan;39858;790016;905;16999;2.151728572585872
2021-05-02;PK;Pakistan;35503;825519;958;17957;2.1752376383826415
2021-05-09;PK;Pakistan;28722;854241;840;18797;2.2004328989126023
2021-05-16;PK;Pakistan;20510;874751;670;19467;2.225433294731872
2021-05-23;PK;Pakistan;22717;897468;710;20177;2.24821386389264
2021-05-30;PK;Pakistan;18771;916239;503;20680;2.2570530178261348
2021-06-06;PK;Pakistan;14272;930511;509;21189;2.2771358962978407
2021-06-13;PK;Pakistan;9420;939931;441;21630;2.3012327500635683
2021-06-20;PK;Pakistan;7287;947218;307;21937;2.315939942019683
2021-06-27;PK;Pakistan;6624;953842;251;22188;2.3261714204239277
2021-07-04;PK;Pakistan;7243;961085;191;22379;2.328514127262417
2021-07-11;PK;Pakistan;10219;971304;176;22555;2.322136015088994
2021-07-18;PK;Pakistan;15364;986668;205;22760;2.3067536395221087
2021-07-25;PK;Pakistan;15207;1001875;211;22971;2.292800998128509
2021-08-01;PK;Pakistan;27936;1029811;389;23360;2.2683774012901394
2021-08-08;PK;Pakistan;33314;1063125;437;23797;2.238400940623163
2021-08-15;PK;Pakistan;31574;1094699;542;24339;2.2233508937159896
2021-08-22;PK;Pakistan;25271;1119970;509;24848;2.2186308561836476
2021-08-29;PK;Pakistan;28602;1148572;687;25535;2.2231954113455665
2021-09-05;PK;Pakistan;26986;1175558;579;26114;2.221413150180595
2021-09-12;PK;Pakistan;25809;1201367;548;26662;2.2193051748549775
2021-09-19;PK;Pakistan;19894;1221261;473;27135;2.2218837742300783
2021-09-26;PK;Pakistan;15627;1236888;389;27524;2.2252621094230034
2021-10-03;PK;Pakistan;11314;1248202;307;27831;2.22968718204265
2021-10-10;PK;Pakistan;8986;1257188;256;28087;2.234112956852913
2021-10-17;PK;Pakistan;6476;1263664;165;28252;2.2357208878309427
2021-10-24;PK;Pakistan;4281;1267945;107;28359;2.236611209476752
2021-10-31;PK;Pakistan;4400;1272345;80;28439;2.2351642046771905
2021-11-07;PK;Pakistan;3895;1276240;79;28518;2.2345326897762177
2021-11-14;PK;Pakistan;3133;1279373;77;28595;2.235079214584019
2021-11-21;PK;Pakistan;2186;1281559;60;28655;2.2359485595278876
2021-11-28;PK;Pakistan;2327;1283886;49;28704;2.2357125165318417
2021-12-05;PK;Pakistan;2567;1286453;57;28761;2.235682143070909
2021-12-12;PK;Pakistan;2308;1288761;62;28823;2.236489155087716
2021-12-19;PK;Pakistan;2087;1290848;47;28870;2.2365142913805496
2021-12-26;PK;Pakistan;2233;1293081;35;28905;2.235358805828869
2022-01-02;PK;Pakistan;2852;1295933;28;28933;2.232599987808012
2022-01-09;PK;Pakistan;6553;1302486;29;28962;2.2235939580156714
2022-01-16;PK;Pakistan;17634;1320120;41;29003;2.1969972426749083
2022-01-23;PK;Pakistan;39899;1360019;74;29077;2.137984836976542
2022-01-30;PK;Pakistan;49994;1410013;142;29219;2.0722503976913687
2022-02-06;PK;Pakistan;44886;1454899;229;29448;2.024058027395716
2022-02-13;PK;Pakistan;25693;1480592;283;29731;2.008048132098512
2022-02-20;PK;Pakistan;18084;1498676;245;29976;2.0001654793964807
2022-02-27;PK;Pakistan;8981;1507657;177;30153;1.999990714068253
2022-03-06;PK;Pakistan;5846;1513503;105;30258;1.999203173036327
2022-03-13;PK;Pakistan;4580;1518083;46;30304;1.9962017887032526
2022-03-20;PK;Pakistan;3430;1521513;24;30328;1.993279058410937
2022-03-27;PK;Pakistan;2077;1523590;12;30340;1.9913493787698788
2022-04-03;PK;Pakistan;1591;1525181;20;30360;1.9905834127228177
2022-04-10;PK;Pakistan;1291;1526472;1;30361;1.9889654051957715
2022-04-17;PK;Pakistan;679;1527151;2;30363;1.9882120366617315
2022-04-24;PK;Pakistan;600;1527751;6;30369;1.9878239320412816
2022-05-01;PK;Pakistan;205;1527956;0;30369;1.9875572333234726
2022-05-08;PK;Pakistan;0;1527956;0;30369;1.9875572333234726
2022-05-15;PK;Pakistan;1211;1529167;7;30376;1.9864409838820745
2022-05-22;PK;Pakistan;544;1529711;3;30379;1.9859306757943167
2022-05-29;PK;Pakistan;524;1530235;0;30379;1.9852506314389622
2022-06-05;PK;Pakistan;415;1530650;0;30379;1.9847123770946984
2022-06-12;PK;Pakistan;462;1531112;2;30381;1.9842441310629135
2022-06-19;PK;Pakistan;718;1531830;2;30383;1.983444638112584
2022-06-26;PK;Pakistan;1652;1533482;3;30386;1.9815035324835897
2022-07-03;PK;Pakistan;3815;1537297;13;30399;1.9774318170138887
2022-07-10;PK;Pakistan;5080;1542377;21;30420;1.9722804476467168
2022-07-17;PK;Pakistan;3270;1545647;18;30438;1.9692724147234135
2022-07-24;PK;Pakistan;4119;1549766;26;30464;1.9657161145618114
2022-07-31;PK;Pakistan;4164;1553930;22;30486;1.9618644340478657
2022-08-07;PK;Pakistan;4627;1558557;19;30505;1.9572591826927086
2022-08-14;PK;Pakistan;3750;1562307;18;30523;1.953713322669616
2022-08-21;PK;Pakistan;3461;1565768;27;30550;1.9511191951808953
2022-08-28;PK;Pakistan;2415;1568183;21;30571;1.949453603310328
2022-09-04;PK;Pakistan;1605;1569788;17;30588;1.948543370187567
2022-09-11;PK;Pakistan;1164;1570952;11;30599;1.9477998054682766
2022-09-18;PK;Pakistan;780;1571732;6;30605;1.9472149195918897
2022-09-25;PK;Pakistan;537;1572269;7;30612;1.9469950752701988
2022-10-02;PK;Pakistan;329;1572598;4;30616;1.9468421045937996
2022-10-09;PK;Pakistan;374;1572972;7;30623;1.946824228276155
2022-10-16;PK;Pakistan;0;1572972;0;30623;1.946824228276155
2022-10-23;PK;Pakistan;347;1573319;0;30623;1.9463948506310544
2022-10-30;PK;Pakistan;603;1573922;2;30625;1.9457762201684707
2022-11-06;PK;Pakistan;399;1574321;2;30627;1.9454101164883146
2022-11-13;PK;Pakistan;275;1574596;2;30629;1.9451973712622157
2022-11-20;PK;Pakistan;271;1574867;1;30630;1.9449261429695335
2022-11-27;PK;Pakistan;198;1575065;0;30630;1.9446816480589688
2022-12-04;PK;Pakistan;208;1575273;2;30632;1.9445518332377942
2022-12-11;PK;Pakistan;151;1575424;3;30635;1.9445558782905425
2022-12-18;PK;Pakistan;62;1575486;0;30635;1.9444793543071788
2022-12-25;PK;Pakistan;165;1575651;0;30635;1.944275731110506
2023-01-01;PK;Pakistan;0;1575651;0;30635;1.944275731110506
2023-01-08;PK;Pakistan;259;1575910;3;30638;1.9441465565926987
2023-01-15;PK;Pakistan;127;1576037;1;30639;1.9440533439253012
2023-01-22;PK;Pakistan;129;1576166;1;30640;1.9439576795845108
2023-01-29;PK;Pakistan;86;1576252;0;30640;1.9438516176347436
2023-02-05;PK;Pakistan;109;1576361;0;30640;1.9437172069088233
2023-02-12;PK;Pakistan;133;1576494;0;30640;1.9435532263364148
2023-02-19;PK;Pakistan;163;1576657;1;30641;1.9434157207306346
2023-02-26;PK;Pakistan;138;1576795;0;30641;1.943245634340545
2023-03-05;PK;Pakistan;323;1577118;2;30643;1.9429744635467987
2023-03-12;PK;Pakistan;364;1577482;1;30644;1.9425895192464953
2023-03-19;PK;Pakistan;673;1578155;1;30645;1.9418244722476563
2023-03-26;PK;Pakistan;851;1579006;3;30648;1.940967925391037
2023-04-02;PK;Pakistan;698;1579704;1;30649;1.9401736021431863
2023-04-09;PK;Pakistan;364;1580068;3;30652;1.9399165099223576
2023-04-16;PK;Pakistan;326;1580394;3;30655;1.9397061745362234
2023-04-23;PK;Pakistan;170;1580564;1;30656;1.939560815000215
2023-04-30;PK;Pakistan;67;1580631;0;30656;1.9394786006348097
2023-05-07;PK;Pakistan;0;1580631;0;30656;1.9394786006348097
2023-05-14;PK;Pakistan;0;1580631;0;30656;1.9394786006348097
2023-05-21;PK;Pakistan;0;1580631;0;30656;1.9394786006348097
2023-05-28;PK;Pakistan;0;1580631;0;30656;1.9394786006348097
2023-06-04;PK;Pakistan;0;1580631;0;30656;1.9394786006348097
2023-06-11;PK;Pakistan;0;1580631;0;30656;1.9394786006348097
2023-06-18;PK;Pakistan;0;1580631;0;30656;1.9394786006348097
2023-06-25;PK;Pakistan;0;1580631;0;30656;1.9394786006348097
2023-07-02;PK;Pakistan;0;1580631;0;30656;1.9394786006348097
2023-07-09;PK;Pakistan;0;1580631;0;30656;1.9394786006348097
2023-07-16;PK;Pakistan;0;1580631;0;30656;1.9394786006348097
2023-07-23;PK;Pakistan;0;1580631;0;30656;1.9394786006348097
2023-07-30;PK;Pakistan;0;1580631;0;30656;1.9394786006348097
2023-08-06;PK;Pakistan;0;1580631;0;30656;1.9394786006348097
2023-08-13;PK;Pakistan;0;1580631;0;30656;1.9394786006348097
2023-08-20;PK;Pakistan;0;1580631;0;30656;1.9394786006348097
2023-08-27;PK;Pakistan;0;1580631;0;30656;1.9394786006348097
2023-09-03;PK;Pakistan;0;1580631;0;30656;1.9394786006348097
2023-09-10;PK;Pakistan;0;1580631;0;30656;1.9394786006348097
2023-09-17;PK;Pakistan;0;1580631;0;30656;1.9394786006348097
2023-09-24;PK;Pakistan;0;1580631;0;30656;1.9394786006348097
2023-10-01;PK;Pakistan;0;1580631;0;30656;1.9394786006348097
2023-10-08;PK;Pakistan;0;1580631;0;30656;1.9394786006348097
2023-10-15;PK;Pakistan;0;1580631;0;30656;1.9394786006348097
2023-10-22;PK;Pakistan;0;1580631;0;30656;1.9394786006348097
2023-10-29;PK;Pakistan;0;1580631;0;30656;1.9394786006348097
2023-11-05;PK;Pakistan;0;1580631;0;30656;1.9394786006348097
2023-11-12;PK;Pakistan;0;1580631;0;30656;1.9394786006348097
2023-11-19;PK;Pakistan;0;1580631;0;30656;1.9394786006348097
2023-11-26;PK;Pakistan;0;1580631;0;30656;1.9394786006348097
2023-12-03;PK;Pakistan;0;1580631;0;30656;1.9394786006348097
2023-12-10;PK;Pakistan;0;1580631;0;30656;1.9394786006348097
2023-12-17;PK;Pakistan;0;1580631;0;30656;1.9394786006348097
2023-12-24;PK;Pakistan;0;1580631;0;30656;1.9394786006348097
2023-12-31;PK;Pakistan;0;1580631;0;30656;1.9394786006348097
2024-01-07;PK;Pakistan;0;1580631;0;30656;1.9394786006348097
2024-01-14;PK;Pakistan;0;1580631;0;30656;1.9394786006348097
2024-01-21;PK;Pakistan;0;1580631;0;30656;1.9394786006348097
2020-01-05;PW;Palau;0;0;0;0;0.0
2020-01-12;PW;Palau;0;0;0;0;0.0
2020-01-19;PW;Palau;0;0;0;0;0.0
2020-01-26;PW;Palau;0;0;0;0;0.0
2020-02-02;PW;Palau;0;0;0;0;0.0
2020-02-09;PW;Palau;0;0;0;0;0.0
2020-02-16;PW;Palau;0;0;0;0;0.0
2020-02-23;PW;Palau;0;0;0;0;0.0
2020-03-01;PW;Palau;0;0;0;0;0.0
2020-03-08;PW;Palau;0;0;0;0;0.0
2020-03-15;PW;Palau;0;0;0;0;0.0
2020-03-22;PW;Palau;0;0;0;0;0.0
2020-03-29;PW;Palau;0;0;0;0;0.0
2020-04-05;PW;Palau;0;0;0;0;0.0
2020-04-12;PW;Palau;0;0;0;0;0.0
2020-04-19;PW;Palau;0;0;0;0;0.0
2020-04-26;PW;Palau;0;0;0;0;0.0
2020-05-03;PW;Palau;0;0;0;0;0.0
2020-05-10;PW;Palau;0;0;0;0;0.0
2020-05-17;PW;Palau;0;0;0;0;0.0
2020-05-24;PW;Palau;0;0;0;0;0.0
2020-05-31;PW;Palau;0;0;0;0;0.0
2020-06-07;PW;Palau;0;0;0;0;0.0
2020-06-14;PW;Palau;0;0;0;0;0.0
2020-06-21;PW;Palau;0;0;0;0;0.0
2020-06-28;PW;Palau;0;0;0;0;0.0
2020-07-05;PW;Palau;0;0;0;0;0.0
2020-07-12;PW;Palau;0;0;0;0;0.0
2020-07-19;PW;Palau;0;0;0;0;0.0
2020-07-26;PW;Palau;0;0;0;0;0.0
2020-08-02;PW;Palau;0;0;0;0;0.0
2020-08-09;PW;Palau;0;0;0;0;0.0
2020-08-16;PW;Palau;0;0;0;0;0.0
2020-08-23;PW;Palau;0;0;0;0;0.0
2020-08-30;PW;Palau;0;0;0;0;0.0
2020-09-06;PW;Palau;0;0;0;0;0.0
2020-09-13;PW;Palau;0;0;0;0;0.0
2020-09-20;PW;Palau;0;0;0;0;0.0
2020-09-27;PW;Palau;0;0;0;0;0.0
2020-10-04;PW;Palau;0;0;0;0;0.0
2020-10-11;PW;Palau;0;0;0;0;0.0
2020-10-18;PW;Palau;0;0;0;0;0.0
2020-10-25;PW;Palau;0;0;0;0;0.0
2020-11-01;PW;Palau;0;0;0;0;0.0
2020-11-08;PW;Palau;0;0;0;0;0.0
2020-11-15;PW;Palau;0;0;0;0;0.0
2020-11-22;PW;Palau;0;0;0;0;0.0
2020-11-29;PW;Palau;0;0;0;0;0.0
2020-12-06;PW;Palau;0;0;0;0;0.0
2020-12-13;PW;Palau;0;0;0;0;0.0
2020-12-20;PW;Palau;0;0;0;0;0.0
2020-12-27;PW;Palau;0;0;0;0;0.0
2021-01-03;PW;Palau;0;0;0;0;0.0
2021-01-10;PW;Palau;0;0;0;0;0.0
2021-01-17;PW;Palau;0;0;0;0;0.0
2021-01-24;PW;Palau;0;0;0;0;0.0
2021-01-31;PW;Palau;0;0;0;0;0.0
2021-02-07;PW;Palau;0;0;0;0;0.0
2021-02-14;PW;Palau;0;0;0;0;0.0
2021-02-21;PW;Palau;0;0;0;0;0.0
2021-02-28;PW;Palau;0;0;0;0;0.0
2021-03-07;PW;Palau;0;0;0;0;0.0
2021-03-14;PW;Palau;0;0;0;0;0.0
2021-03-21;PW;Palau;0;0;0;0;0.0
2021-03-28;PW;Palau;0;0;0;0;0.0
2021-04-04;PW;Palau;0;0;0;0;0.0
2021-04-11;PW;Palau;0;0;0;0;0.0
2021-04-18;PW;Palau;0;0;0;0;0.0
2021-04-25;PW;Palau;0;0;0;0;0.0
2021-05-02;PW;Palau;0;0;0;0;0.0
2021-05-09;PW;Palau;0;0;0;0;0.0
2021-05-16;PW;Palau;0;0;0;0;0.0
2021-05-23;PW;Palau;0;0;0;0;0.0
2021-05-30;PW;Palau;0;0;0;0;0.0
2021-06-06;PW;Palau;0;0;0;0;0.0
2021-06-13;PW;Palau;0;0;0;0;0.0
2021-06-20;PW;Palau;0;0;0;0;0.0
2021-06-27;PW;Palau;0;0;0;0;0.0
2021-07-04;PW;Palau;0;0;0;0;0.0
2021-07-11;PW;Palau;0;0;0;0;0.0
2021-07-18;PW;Palau;0;0;0;0;0.0
2021-07-25;PW;Palau;0;0;0;0;0.0
2021-08-01;PW;Palau;0;0;0;0;0.0
2021-08-08;PW;Palau;0;0;0;0;0.0
2021-08-15;PW;Palau;0;0;0;0;0.0
2021-08-22;PW;Palau;2;2;0;0;0.0
2021-08-29;PW;Palau;0;2;0;0;0.0
2021-09-05;PW;Palau;0;2;0;0;0.0
2021-09-12;PW;Palau;1;3;0;0;0.0
2021-09-19;PW;Palau;2;5;0;0;0.0
2021-09-26;PW;Palau;0;5;0;0;0.0
2021-10-03;PW;Palau;0;5;0;0;0.0
2021-10-10;PW;Palau;3;8;0;0;0.0
2021-10-17;PW;Palau;0;8;0;0;0.0
2021-10-24;PW;Palau;0;8;0;0;0.0
2021-10-31;PW;Palau;0;8;0;0;0.0
2021-11-07;PW;Palau;0;8;0;0;0.0
2021-11-14;PW;Palau;0;8;0;0;0.0
2021-11-21;PW;Palau;0;8;0;0;0.0
2021-11-28;PW;Palau;0;8;0;0;0.0
2021-12-05;PW;Palau;0;8;0;0;0.0
2021-12-12;PW;Palau;0;8;0;0;0.0
2021-12-19;PW;Palau;0;8;0;0;0.0
2021-12-26;PW;Palau;0;8;0;0;0.0
2022-01-02;PW;Palau;5;13;0;0;0.0
2022-01-09;PW;Palau;7;20;0;0;0.0
2022-01-16;PW;Palau;99;119;0;0;0.0
2022-01-23;PW;Palau;383;502;0;0;0.0
2022-01-30;PW;Palau;1025;1527;0;0;0.0
2022-02-06;PW;Palau;1029;2556;0;0;0.0
2022-02-13;PW;Palau;577;3133;6;6;0.1915097350781998
2022-02-20;PW;Palau;330;3463;0;6;0.17326017903551832
2022-02-27;PW;Palau;263;3726;0;6;0.1610305958132045
2022-03-06;PW;Palau;118;3844;0;6;0.15608740894901144
2022-03-13;PW;Palau;55;3899;0;6;0.15388561169530648
2022-03-20;PW;Palau;46;3945;0;6;0.1520912547528517
2022-03-27;PW;Palau;42;3987;0;6;0.15048908954100826
2022-04-03;PW;Palau;55;4042;0;6;0.14844136566056407
2022-04-10;PW;Palau;56;4098;0;6;0.14641288433382138
2022-04-17;PW;Palau;24;4122;0;6;0.1455604075691412
2022-04-24;PW;Palau;274;4396;0;6;0.13648771610555052
2022-05-01;PW;Palau;214;4610;0;6;0.1301518438177874
2022-05-08;PW;Palau;122;4732;0;6;0.12679628064243448
2022-05-15;PW;Palau;147;4879;0;6;0.12297601967616315
2022-05-22;PW;Palau;88;4967;0;6;0.12079726192872962
2022-05-29;PW;Palau;76;5043;0;6;0.1189767995240928
2022-06-05;PW;Palau;40;5083;0;6;0.11804052724768838
2022-06-12;PW;Palau;62;5145;0;6;0.11661807580174927
2022-06-19;PW;Palau;36;5181;0;6;0.11580775911986102
2022-06-26;PW;Palau;18;5199;0;6;0.1154068090017311
2022-07-03;PW;Palau;0;5199;0;6;0.1154068090017311
2022-07-10;PW;Palau;0;5199;0;6;0.1154068090017311
2022-07-17;PW;Palau;0;5199;0;6;0.1154068090017311
2022-07-24;PW;Palau;17;5216;0;6;0.11503067484662577
2022-07-31;PW;Palau;16;5232;0;6;0.11467889908256881
2022-08-07;PW;Palau;7;5239;0;6;0.11452567283832793
2022-08-14;PW;Palau;7;5246;0;6;0.1143728555089592
2022-08-21;PW;Palau;33;5279;0;6;0.11365788975184693
2022-08-28;PW;Palau;69;5348;0;6;0.11219147344801794
2022-09-04;PW;Palau;55;5403;0;6;0.11104941699056081
2022-09-11;PW;Palau;27;5430;0;6;0.11049723756906078
2022-09-18;PW;Palau;30;5460;0;6;0.10989010989010989
2022-09-25;PW;Palau;0;5460;0;6;0.10989010989010989
2022-10-02;PW;Palau;21;5481;0;6;0.10946907498631638
2022-10-09;PW;Palau;9;5490;1;7;0.12750455373406194
2022-10-16;PW;Palau;0;5490;0;7;0.12750455373406194
2022-10-23;PW;Palau;23;5513;0;7;0.1269726101940867
2022-10-30;PW;Palau;17;5530;0;7;0.12658227848101267
2022-11-06;PW;Palau;0;5530;0;7;0.12658227848101267
2022-11-13;PW;Palau;154;5684;0;7;0.12315270935960591
2022-11-20;PW;Palau;101;5785;0;7;0.12100259291270526
2022-11-27;PW;Palau;111;5896;0;7;0.11872455902306649
2022-12-04;PW;Palau;37;5933;0;7;0.11798415641328165
2022-12-11;PW;Palau;22;5955;2;9;0.15113350125944583
2022-12-18;PW;Palau;0;5955;0;9;0.15113350125944583
2022-12-25;PW;Palau;13;5968;0;9;0.15080428954423591
2023-01-01;PW;Palau;3;5971;0;9;0.15072852118573102
2023-01-08;PW;Palau;5;5976;0;9;0.15060240963855423
2023-01-15;PW;Palau;4;5980;0;9;0.15050167224080266
2023-01-22;PW;Palau;6;5986;0;9;0.1503508185766789
2023-01-29;PW;Palau;0;5986;0;9;0.1503508185766789
2023-02-05;PW;Palau;1;5987;0;9;0.15032570569567397
2023-02-12;PW;Palau;1;5988;0;9;0.15030060120240482
2023-02-19;PW;Palau;0;5988;0;9;0.15030060120240482
2023-02-26;PW;Palau;1;5989;0;9;0.1502755050926699
2023-03-05;PW;Palau;2;5991;0;9;0.15022533800701052
2023-03-12;PW;Palau;3;5994;0;9;0.15015015015015015
2023-03-19;PW;Palau;1;5995;0;9;0.1501251042535446
2023-03-26;PW;Palau;2;5997;0;9;0.1500750375187594
2023-04-02;PW;Palau;0;5997;0;9;0.1500750375187594
2023-04-09;PW;Palau;0;5997;0;9;0.1500750375187594
2023-04-16;PW;Palau;2;5999;0;9;0.15002500416736123
2023-04-23;PW;Palau;0;5999;0;9;0.15002500416736123
2023-04-30;PW;Palau;0;5999;0;9;0.15002500416736123
2023-05-07;PW;Palau;1;6000;0;9;0.15
2023-05-14;PW;Palau;0;6000;0;9;0.15
2023-05-21;PW;Palau;9;6009;0;9;0.14977533699450823
2023-05-28;PW;Palau;0;6009;0;9;0.14977533699450823
2023-06-04;PW;Palau;2;6011;0;9;0.14972550324405257
2023-06-11;PW;Palau;-2;6009;0;9;0.14977533699450823
2023-06-18;PW;Palau;4;6013;0;9;0.14967570264427074
2023-06-25;PW;Palau;0;6013;0;9;0.14967570264427074
2023-07-02;PW;Palau;0;6013;0;9;0.14967570264427074
2023-07-09;PW;Palau;36;6049;0;9;0.1487849231277897
2023-07-16;PW;Palau;18;6067;0;9;0.1483434976100214
2023-07-23;PW;Palau;0;6067;0;9;0.1483434976100214
2023-07-30;PW;Palau;55;6122;0;9;0.14701078079059132
2023-08-06;PW;Palau;54;6176;0;9;0.14572538860103626
2023-08-13;PW;Palau;21;6197;0;9;0.14523156365983542
2023-08-20;PW;Palau;0;6197;0;9;0.14523156365983542
2023-08-27;PW;Palau;0;6197;0;9;0.14523156365983542
2023-09-03;PW;Palau;23;6220;0;9;0.14469453376205788
2023-09-10;PW;Palau;9;6229;0;9;0.14448547118317548
2023-09-17;PW;Palau;0;6229;0;9;0.14448547118317548
2023-09-24;PW;Palau;9;6238;0;9;0.14427701186277653
2023-10-01;PW;Palau;3;6241;0;9;0.14420765902900176
2023-10-08;PW;Palau;2;6243;0;9;0.14416146083613646
2023-10-15;PW;Palau;0;6243;0;9;0.14416146083613646
2023-10-22;PW;Palau;3;6246;0;9;0.1440922190201729
2023-10-29;PW;Palau;0;6246;0;9;0.1440922190201729
2023-11-05;PW;Palau;1;6247;0;9;0.1440691531935329
2023-11-12;PW;Palau;0;6247;0;9;0.1440691531935329
2023-11-19;PW;Palau;2;6249;0;9;0.14402304368698993
2023-11-26;PW;Palau;0;6249;0;9;0.14402304368698993
2023-12-03;PW;Palau;0;6249;0;9;0.14402304368698993
2023-12-10;PW;Palau;0;6249;0;9;0.14402304368698993
2023-12-17;PW;Palau;16;6265;0;9;0.14365522745411013
2023-12-24;PW;Palau;0;6265;0;9;0.14365522745411013
2023-12-31;PW;Palau;0;6265;0;9;0.14365522745411013
2024-01-07;PW;Palau;0;6265;0;9;0.14365522745411013
2024-01-14;PW;Palau;0;6265;0;9;0.14365522745411013
2024-01-21;PW;Palau;0;6265;0;9;0.14365522745411013
2020-01-05;PA;Panama;0;0;0;0;0.0
2020-01-12;PA;Panama;0;0;0;0;0.0
2020-01-19;PA;Panama;0;0;0;0;0.0
2020-01-26;PA;Panama;0;0;0;0;0.0
2020-02-02;PA;Panama;0;0;0;0;0.0
2020-02-09;PA;Panama;0;0;0;0;0.0
2020-02-16;PA;Panama;0;0;0;0;0.0
2020-02-23;PA;Panama;0;0;0;0;0.0
2020-03-01;PA;Panama;0;0;0;0;0.0
2020-03-08;PA;Panama;0;0;0;0;0.0
2020-03-15;PA;Panama;27;27;1;1;3.7037037037037033
2020-03-22;PA;Panama;110;137;0;1;0.7299270072992701
2020-03-29;PA;Panama;649;786;13;14;1.7811704834605597
2020-04-05;PA;Panama;887;1673;27;41;2.450687387925882
2020-04-12;PA;Panama;1301;2974;33;74;2.488231338264963
2020-04-19;PA;Panama;1236;4210;41;115;2.7315914489311166
2020-04-26;PA;Panama;1128;5338;39;154;2.884975646309479
2020-05-03;PA;Panama;1382;6720;38;192;2.857142857142857
2020-05-10;PA;Panama;1350;8070;39;231;2.862453531598513
2020-05-17;PA;Panama;1198;9268;35;266;2.8700906344410875
2020-05-24;PA;Panama;999;10267;29;295;2.8732833349566573
2020-05-31;PA;Panama;2264;12531;31;326;2.6015481605618067
2020-06-07;PA;Panama;2932;15463;44;370;2.3928086399793056
2020-06-14;PA;Panama;3748;19211;51;421;2.19145281349227
2020-06-21;PA;Panama;5063;24274;64;485;1.998022575595287
2020-06-28;PA;Panama;5631;29905;90;575;1.9227553920749036
2020-07-05;PA;Panama;6090;35995;123;698;1.9391582164189471
2020-07-12;PA;Panama;7262;43257;165;863;1.9950528238204221
2020-07-19;PA;Panama;8151;51408;175;1038;2.019140989729225
2020-07-26;PA;Panama;6585;57993;212;1250;2.1554325522045765
2020-08-02;PA;Panama;7263;65256;171;1421;2.177577540762535
2020-08-09;PA;Panama;7304;72560;170;1591;2.192668136714443
2020-08-16;PA;Panama;6842;79402;143;1734;2.1838240850356416
2020-08-23;PA;Panama;4990;84392;125;1859;2.2028154327424403
2020-08-30;PA;Panama;6232;90624;107;1966;2.1694032485875705
2020-09-06;PA;Panama;4972;95596;97;2063;2.15804008535922
2020-09-13;PA;Panama;4734;100330;77;2140;2.1329612279477725
2020-09-20;PA;Panama;4549;104879;89;2229;2.1253063053614163
2020-09-27;PA;Panama;4552;109431;82;2311;2.111833027204357
2020-10-04;PA;Panama;4531;113962;95;2406;2.111230059142521
2020-10-11;PA;Panama;4879;118841;68;2474;2.0817731254365075
2020-10-18;PA;Panama;4657;123498;72;2546;2.0615718473173654
2020-10-25;PA;Panama;4368;127866;76;2622;2.050584205339965
2020-11-01;PA;Panama;5001;132867;66;2688;2.0230757072862335
2020-11-08;PA;Panama;4893;137760;82;2770;2.0107433217189317
2020-11-15;PA;Panama;6717;144477;86;2856;1.9767852322515003
2020-11-22;PA;Panama;7812;152289;76;2932;1.92528679024749
2020-11-29;PA;Panama;9455;161744;98;3030;1.873330695419923
2020-12-06;PA;Panama;11863;173607;124;3154;1.816747020569447
2020-12-13;PA;Panama;14172;187779;155;3309;1.7621778793155785
2020-12-20;PA;Panama;18531;206310;195;3504;1.698415006543551
2020-12-27;PA;Panama;20350;226660;252;3756;1.6571075619871172
2021-01-03;PA;Panama;23073;249733;308;4064;1.6273379969807755
2021-01-10;PA;Panama;23304;273037;299;4363;1.5979519259294528
2021-01-17;PA;Panama;20555;293592;326;4689;1.5971143627891766
2021-01-24;PA;Panama;14201;307793;291;4980;1.617970519147609
2021-01-31;PA;Panama;10460;318253;241;5221;1.6405187068150182
2021-02-07;PA;Panama;7234;325487;205;5426;1.6670404655178241
2021-02-14;PA;Panama;5498;330985;169;5595;1.6904089309183197
2021-02-21;PA;Panama;4354;335339;116;5711;1.7030527317132813
2021-02-28;PA;Panama;4442;339781;109;5820;1.7128679943846183
2021-03-07;PA;Panama;3962;343743;87;5907;1.718434993585324
2021-03-14;PA;Panama;3483;347226;74;5981;1.722509259099261
2021-03-21;PA;Panama;2994;350220;54;6035;1.723202558391868
2021-03-28;PA;Panama;2797;353017;52;6087;1.724279567272964
2021-04-04;PA;Panama;2833;355850;39;6126;1.7215118729801884
2021-04-11;PA;Panama;2248;358098;30;6156;1.7190824857999765
2021-04-18;PA;Panama;2151;360249;29;6185;1.716868055150743
2021-04-25;PA;Panama;2109;362358;15;6200;1.7110150734908574
2021-05-02;PA;Panama;2218;364576;32;6232;1.7093829544457124
2021-05-09;PA;Panama;2186;366762;26;6258;1.7062836389811376
2021-05-16;PA;Panama;3281;370043;34;6292;1.7003429331185835
2021-05-23;PA;Panama;3265;373308;29;6321;1.6932398984216785
2021-05-30;PA;Panama;3546;376854;44;6365;1.6889830013745377
2021-06-06;PA;Panama;4268;381122;24;6389;1.6763660979948678
2021-06-13;PA;Panama;5147;386269;38;6427;1.6638663729162835
2021-06-20;PA;Panama;5897;392166;38;6465;1.648536589097474
2021-06-27;PA;Panama;6654;398820;40;6505;1.6310616318138509
2021-07-04;PA;Panama;7193;406013;55;6560;1.6157118121833538
2021-07-11;PA;Panama;7613;413626;54;6614;1.5990290745746156
2021-07-18;PA;Panama;7290;420916;74;6688;1.5889156031132101
2021-07-25;PA;Panama;7071;427987;55;6743;1.5755151441515747
2021-08-01;PA;Panama;6473;434460;65;6808;1.5670027160152835
2021-08-08;PA;Panama;6034;440494;77;6885;1.5630178844660767
2021-08-15;PA;Panama;5915;446409;54;6939;1.5544041450777202
2021-08-22;PA;Panama;4884;451293;59;6998;1.5506555607997465
2021-08-29;PA;Panama;4234;455527;41;7039;1.5452432018299684
2021-09-05;PA;Panama;3550;459077;34;7073;1.5407001439845602
2021-09-12;PA;Panama;2513;461590;49;7122;1.542927706406118
2021-09-19;PA;Panama;2193;463783;47;7169;1.5457660155719377
2021-09-26;PA;Panama;1953;465736;28;7197;1.5452960475462494
2021-10-03;PA;Panama;1602;467338;33;7230;1.5470601577445018
2021-10-10;PA;Panama;1402;468740;30;7260;1.5488330417715577
2021-10-17;PA;Panama;1258;469998;28;7288;1.5506448963612611
2021-10-24;PA;Panama;1255;471253;18;7306;1.5503349580798425
2021-10-31;PA;Panama;1145;472398;9;7315;1.5484824237189827
2021-11-07;PA;Panama;785;473183;7;7322;1.5473928691436505
2021-11-14;PA;Panama;1048;474231;19;7341;1.5479797820049723
2021-11-21;PA;Panama;1346;475577;9;7350;1.5454910561276092
2021-11-28;PA;Panama;1519;477096;10;7360;1.5426664654493016
2021-12-05;PA;Panama;1447;478543;11;7371;1.5403004536687404
2021-12-12;PA;Panama;1547;480090;11;7382;1.5376283613489137
2021-12-19;PA;Panama;2587;482677;16;7398;1.5327019932584316
2021-12-26;PA;Panama;3700;486377;11;7409;1.5233039391254108
2022-01-02;PA;Panama;9543;495920;19;7428;1.4978222293918373
2022-01-09;PA;Panama;21525;517445;25;7453;1.4403463169998745
2022-01-16;PA;Panama;41231;558676;47;7500;1.3424596725114377
2022-01-23;PA;Panama;68214;626890;74;7574;1.208186444192761
2022-01-30;PA;Panama;58740;685630;106;7680;1.1201376835902748
2022-02-06;PA;Panama;35849;721479;133;7813;1.0829144022209933
2022-02-13;PA;Panama;18291;739770;113;7926;1.0714140881625371
2022-02-20;PA;Panama;9365;749135;74;8000;1.0678983093834888
2022-02-27;PA;Panama;5227;754362;63;8063;1.0688502337074242
2022-03-06;PA;Panama;2699;757061;43;8106;1.0707195325079486
2022-03-13;PA;Panama;2163;759224;25;8131;1.0709619295491186
2022-03-20;PA;Panama;1780;761004;22;8153;1.071347850996841
2022-03-27;PA;Panama;2021;763025;9;8162;1.0696897218308705
2022-04-03;PA;Panama;1806;764831;8;8170;1.068209839820823
2022-04-10;PA;Panama;1673;766504;4;8174;1.0664001753415508
2022-04-17;PA;Panama;1966;768470;4;8178;1.0641924863690189
2022-04-24;PA;Panama;2535;771005;4;8182;1.0612123137982246
2022-05-01;PA;Panama;4483;775488;2;8184;1.05533547907898
2022-05-08;PA;Panama;8696;784184;7;8191;1.0445252644787448
2022-05-15;PA;Panama;19039;803223;11;8202;1.0211360979454025
2022-05-22;PA;Panama;21694;824917;14;8216;0.995978989401358
2022-05-29;PA;Panama;22458;847375;28;8244;0.9728868564685057
2022-06-05;PA;Panama;21421;868796;23;8267;0.9515467382446512
2022-06-12;PA;Panama;18841;887637;28;8295;0.934503631552087
2022-06-19;PA;Panama;12696;900333;23;8318;0.9238803864792249
2022-06-26;PA;Panama;12015;912348;22;8340;0.9141248734035696
2022-07-03;PA;Panama;10642;922990;28;8368;0.906618706594871
2022-07-10;PA;Panama;9120;932110;16;8384;0.8994646554591196
2022-07-17;PA;Panama;9973;942083;11;8395;0.8911104435596439
2022-07-24;PA;Panama;6390;948473;17;8412;0.886899258070604
2022-07-31;PA;Panama;5896;954369;13;8425;0.8827822362210004
2022-08-07;PA;Panama;5931;960300;9;8434;0.8782672081641154
2022-08-14;PA;Panama;6479;966779;10;8444;0.8734157444462489
2022-08-21;PA;Panama;6021;972800;12;8456;0.8692434210526315
2022-08-28;PA;Panama;5381;978181;14;8470;0.8658929175684255
2022-09-04;PA;Panama;3641;981822;10;8480;0.8637003448690292
2022-09-11;PA;Panama;2412;984234;7;8487;0.8622949420564623
2022-09-18;PA;Panama;1580;985814;3;8490;0.8612172275906003
2022-09-25;PA;Panama;1052;986866;7;8497;0.8610084854478725
2022-10-02;PA;Panama;747;987613;5;8502;0.8608635163773665
2022-10-09;PA;Panama;667;988280;3;8505;0.8605860687254625
2022-10-16;PA;Panama;725;989005;1;8506;0.8600563192299331
2022-10-23;PA;Panama;603;989608;0;8506;0.8595322592380014
2022-10-30;PA;Panama;805;990413;3;8509;0.8591365420284266
2022-11-06;PA;Panama;838;991251;0;8509;0.8584102311119989
2022-11-13;PA;Panama;1372;992623;6;8515;0.8578281986212287
2022-11-20;PA;Panama;3103;995726;4;8519;0.8555566491183317
2022-11-27;PA;Panama;6435;1002161;7;8526;0.8507615043890153
2022-12-04;PA;Panama;7091;1009252;7;8533;0.8454776408667012
2022-12-11;PA;Panama;6718;1015970;10;8543;0.8408712855694558
2022-12-18;PA;Panama;4991;1020961;11;8554;0.8378380760871376
2022-12-25;PA;Panama;2817;1023778;13;8567;0.8368025099191427
2023-01-01;PA;Panama;2066;1025844;8;8575;0.8358970759686658
2023-01-08;PA;Panama;1403;1027247;9;8584;0.8356315472325546
2023-01-15;PA;Panama;1025;1028272;5;8589;0.835284827360854
2023-01-22;PA;Panama;789;1029061;5;8594;0.8351302789630546
2023-01-29;PA;Panama;640;1029701;2;8596;0.8348054435219545
2023-02-05;PA;Panama;513;1030214;3;8599;0.8346809497832489
2023-02-12;PA;Panama;444;1030658;1;8600;0.834418400672192
2023-02-19;PA;Panama;356;1031014;3;8603;0.8344212590711669
2023-02-26;PA;Panama;259;1031273;1;8604;0.8343086651158327
2023-03-05;PA;Panama;458;1031731;5;8609;0.8344229261309393
2023-03-12;PA;Panama;506;1032237;2;8611;0.834207648049818
2023-03-19;PA;Panama;702;1032939;1;8612;0.8337375198341818
2023-03-26;PA;Panama;842;1033781;0;8612;0.8330584524188392
2023-04-02;PA;Panama;0;1033781;0;8612;0.8330584524188392
2023-04-09;PA;Panama;0;1033781;0;8612;0.8330584524188392
2023-04-16;PA;Panama;1576;1035357;5;8617;0.8322733124902811
2023-04-23;PA;Panama;743;1036100;1;8618;0.8317729948846636
2023-04-30;PA;Panama;633;1036733;3;8621;0.8315545082485075
2023-05-07;PA;Panama;591;1037324;-1;8620;0.8309843404760712
2023-05-14;PA;Panama;654;1037978;2;8622;0.8306534435219244
2023-05-21;PA;Panama;0;1037978;0;8622;0.8306534435219244
2023-05-28;PA;Panama;330;1038308;1;8623;0.8304857518193061
2023-06-04;PA;Panama;408;1038716;6;8629;0.830737179363753
2023-06-11;PA;Panama;436;1039152;3;8632;0.8306773215083068
2023-06-18;PA;Panama;563;1039715;2;8634;0.8304198746771952
2023-06-25;PA;Panama;473;1040188;2;8636;0.830234534526451
2023-07-02;PA;Panama;347;1040535;0;8636;0.8299576660083515
2023-07-09;PA;Panama;211;1040746;1;8637;0.8298854859879357
2023-07-16;PA;Panama;178;1040924;3;8640;0.8300317794574821
2023-07-23;PA;Panama;91;1041015;2;8642;0.8301513426799806
2023-07-30;PA;Panama;75;1041090;1;8643;0.8301875918508487
2023-08-06;PA;Panama;56;1041146;1;8644;0.8302389866550898
2023-08-13;PA;Panama;46;1041192;0;8644;0.8302023065870656
2023-08-20;PA;Panama;37;1041229;0;8644;0.8301728054059194
2023-08-27;PA;Panama;37;1041266;0;8644;0.8301433063213435
2023-09-03;PA;Panama;38;1041304;1;8645;0.8302090455813096
2023-09-10;PA;Panama;32;1041336;0;8645;0.8301835334608617
2023-09-17;PA;Panama;37;1041373;1;8646;0.8302500640980706
2023-09-24;PA;Panama;22;1041395;0;8646;0.8302325246424267
2023-10-01;PA;Panama;52;1041447;0;8646;0.8301910706929877
2023-10-08;PA;Panama;50;1041497;1;8647;0.8302472306689312
2023-10-15;PA;Panama;53;1041550;0;8647;0.8302049829580913
2023-10-22;PA;Panama;44;1041594;3;8650;0.8304579327453883
2023-10-29;PA;Panama;39;1041633;0;8650;0.8304268393954493
2023-11-05;PA;Panama;37;1041670;1;8651;0.8304933424213042
2023-11-12;PA;Panama;37;1041707;0;8651;0.8304638444399434
2023-11-19;PA;Panama;31;1041738;0;8651;0.830439131528273
2023-11-26;PA;Panama;48;1041786;0;8651;0.8304008692764157
2023-12-03;PA;Panama;53;1041839;0;8651;0.8303586254690024
2023-12-10;PA;Panama;48;1041887;1;8652;0.8304163503335774
2023-12-17;PA;Panama;102;1041989;0;8652;0.8303350611186875
2023-12-24;PA;Panama;176;1042165;1;8653;0.8302907888865967
2023-12-31;PA;Panama;402;1042567;1;8654;0.830066556873563
2024-01-07;PA;Panama;71;1042638;6;8660;0.8305854956370283
2024-01-14;PA;Panama;50;1042688;10;8670;0.8315047262460104
2024-01-21;PA;Panama;0;1042688;0;8670;0.8315047262460104
2020-01-05;PG;Papua New Guinea;0;0;0;0;0.0
2020-01-12;PG;Papua New Guinea;0;0;0;0;0.0
2020-01-19;PG;Papua New Guinea;0;0;0;0;0.0
2020-01-26;PG;Papua New Guinea;0;0;0;0;0.0
2020-02-02;PG;Papua New Guinea;0;0;0;0;0.0
2020-02-09;PG;Papua New Guinea;0;0;0;0;0.0
2020-02-16;PG;Papua New Guinea;0;0;0;0;0.0
2020-02-23;PG;Papua New Guinea;0;0;0;0;0.0
2020-03-01;PG;Papua New Guinea;0;0;0;0;0.0
2020-03-08;PG;Papua New Guinea;0;0;0;0;0.0
2020-03-15;PG;Papua New Guinea;0;0;0;0;0.0
2020-03-22;PG;Papua New Guinea;1;1;0;0;0.0
2020-03-29;PG;Papua New Guinea;0;1;0;0;0.0
2020-04-05;PG;Papua New Guinea;0;1;0;0;0.0
2020-04-12;PG;Papua New Guinea;1;2;0;0;0.0
2020-04-19;PG;Papua New Guinea;5;7;0;0;0.0
2020-04-26;PG;Papua New Guinea;1;8;0;0;0.0
2020-05-03;PG;Papua New Guinea;0;8;0;0;0.0
2020-05-10;PG;Papua New Guinea;0;8;0;0;0.0
2020-05-17;PG;Papua New Guinea;0;8;0;0;0.0
2020-05-24;PG;Papua New Guinea;0;8;0;0;0.0
2020-05-31;PG;Papua New Guinea;0;8;0;0;0.0
2020-06-07;PG;Papua New Guinea;0;8;0;0;0.0
2020-06-14;PG;Papua New Guinea;0;8;0;0;0.0
2020-06-21;PG;Papua New Guinea;1;9;0;0;0.0
2020-06-28;PG;Papua New Guinea;2;11;0;0;0.0
2020-07-05;PG;Papua New Guinea;0;11;0;0;0.0
2020-07-12;PG;Papua New Guinea;0;11;0;0;0.0
2020-07-19;PG;Papua New Guinea;4;15;0;0;0.0
2020-07-26;PG;Papua New Guinea;24;39;0;0;0.0
2020-08-02;PG;Papua New Guinea;52;91;2;2;2.197802197802198
2020-08-09;PG;Papua New Guinea;97;188;1;3;1.5957446808510638
2020-08-16;PG;Papua New Guinea;87;275;0;3;1.090909090909091
2020-08-23;PG;Papua New Guinea;86;361;1;4;1.10803324099723
2020-08-30;PG;Papua New Guinea;98;459;1;5;1.0893246187363834
2020-09-06;PG;Papua New Guinea;29;488;0;5;1.0245901639344261
2020-09-13;PG;Papua New Guinea;20;508;0;5;0.984251968503937
2020-09-20;PG;Papua New Guinea;8;516;1;6;1.1627906976744187
2020-09-27;PG;Papua New Guinea;16;532;1;7;1.3157894736842104
2020-10-04;PG;Papua New Guinea;8;540;0;7;1.2962962962962963
2020-10-11;PG;Papua New Guinea;10;550;0;7;1.2727272727272727
2020-10-18;PG;Papua New Guinea;31;581;0;7;1.2048192771084338
2020-10-25;PG;Papua New Guinea;2;583;0;7;1.2006861063464835
2020-11-01;PG;Papua New Guinea;6;589;0;7;1.1884550084889642
2020-11-08;PG;Papua New Guinea;8;597;0;7;1.1725293132328307
2020-11-15;PG;Papua New Guinea;3;600;0;7;1.1666666666666667
2020-11-22;PG;Papua New Guinea;4;604;0;7;1.1589403973509933
2020-11-29;PG;Papua New Guinea;41;645;0;7;1.0852713178294573
2020-12-06;PG;Papua New Guinea;26;671;0;7;1.0432190760059614
2020-12-13;PG;Papua New Guinea;49;720;1;8;1.1111111111111112
2020-12-20;PG;Papua New Guinea;40;760;0;8;1.0526315789473684
2020-12-27;PG;Papua New Guinea;20;780;1;9;1.153846153846154
2021-01-03;PG;Papua New Guinea;19;799;0;9;1.1264080100125156
2021-01-10;PG;Papua New Guinea;12;811;0;9;1.1097410604192355
2021-01-17;PG;Papua New Guinea;23;834;0;9;1.079136690647482
2021-01-24;PG;Papua New Guinea;15;849;0;9;1.0600706713780919
2021-01-31;PG;Papua New Guinea;18;867;0;9;1.0380622837370241
2021-02-07;PG;Papua New Guinea;28;895;0;9;1.005586592178771
2021-02-14;PG;Papua New Guinea;27;922;0;9;0.9761388286334056
2021-02-21;PG;Papua New Guinea;134;1056;0;9;0.8522727272727272
2021-02-28;PG;Papua New Guinea;260;1316;0;9;0.6838905775075987
2021-03-07;PG;Papua New Guinea;354;1670;0;9;0.5389221556886228
2021-03-14;PG;Papua New Guinea;599;2269;0;9;0.3966505068312032
2021-03-21;PG;Papua New Guinea;1305;3574;0;9;0.2518186905428092
2021-03-28;PG;Papua New Guinea;1775;5349;0;9;0.16825574873808188
2021-04-04;PG;Papua New Guinea;1689;7038;0;9;0.1278772378516624
2021-04-11;PG;Papua New Guinea;1564;8602;0;9;0.10462683096954196
2021-04-18;PG;Papua New Guinea;1197;9799;0;9;0.09184610674558628
2021-04-25;PG;Papua New Guinea;1036;10835;0;9;0.08306414397784956
2021-05-02;PG;Papua New Guinea;438;11273;96;105;0.9314290783287502
2021-05-09;PG;Papua New Guinea;1220;12493;16;121;0.9685423837348917
2021-05-16;PG;Papua New Guinea;1713;14206;0;121;0.8517527805152753
2021-05-23;PG;Papua New Guinea;1016;15222;15;136;0.8934436999080279
2021-05-30;PG;Papua New Guinea;688;15910;26;162;1.0182275298554369
2021-06-06;PG;Papua New Guinea;481;16391;2;164;1.0005490818131901
2021-06-13;PG;Papua New Guinea;337;16728;1;165;0.9863701578192252
2021-06-20;PG;Papua New Guinea;310;17038;8;173;1.0153773917126423
2021-06-27;PG;Papua New Guinea;152;17190;1;174;1.0122164048865618
2021-07-04;PG;Papua New Guinea;64;17254;0;174;1.0084618059580388
2021-07-11;PG;Papua New Guinea;80;17334;5;179;1.032652590284989
2021-07-18;PG;Papua New Guinea;130;17464;8;187;1.070774163994503
2021-07-25;PG;Papua New Guinea;173;17637;5;192;1.0886205136928049
2021-08-01;PG;Papua New Guinea;138;17775;0;192;1.080168776371308
2021-08-08;PG;Papua New Guinea;31;17806;0;192;1.0782882174547905
2021-08-15;PG;Papua New Guinea;26;17832;0;192;1.0767160161507403
2021-08-22;PG;Papua New Guinea;94;17926;0;192;1.0710699542563873
2021-08-29;PG;Papua New Guinea;86;18012;0;192;1.0659560293137909
2021-09-05;PG;Papua New Guinea;253;18265;0;192;1.0511908020804819
2021-09-12;PG;Papua New Guinea;147;18412;4;196;1.06452313708451
2021-09-19;PG;Papua New Guinea;521;18933;13;209;1.1038926741667987
2021-09-26;PG;Papua New Guinea;590;19523;17;226;1.1576089740306306
2021-10-03;PG;Papua New Guinea;1509;21032;8;234;1.112590338531761
2021-10-10;PG;Papua New Guinea;2117;23149;11;245;1.058361052313275
2021-10-17;PG;Papua New Guinea;1708;24857;64;309;1.2431105925896124
2021-10-24;PG;Papua New Guinea;3038;27895;26;335;1.2009320666786163
2021-10-31;PG;Papua New Guinea;1918;29813;35;370;1.2410693321705297
2021-11-07;PG;Papua New Guinea;2080;31893;43;413;1.294955005800646
2021-11-14;PG;Papua New Guinea;1061;32954;23;436;1.3230563816228682
2021-11-21;PG;Papua New Guinea;1518;34472;93;529;1.5345787885820377
2021-11-28;PG;Papua New Guinea;618;35090;16;545;1.5531490453120547
2021-12-05;PG;Papua New Guinea;481;35571;5;550;1.546203367912063
2021-12-12;PG;Papua New Guinea;366;35937;36;586;1.6306313826974985
2021-12-19;PG;Papua New Guinea;69;36006;3;589;1.6358384713658833
2021-12-26;PG;Papua New Guinea;124;36130;1;590;1.6329919734292833
2022-01-02;PG;Papua New Guinea;62;36192;0;590;1.6301945181255526
2022-01-09;PG;Papua New Guinea;215;36407;1;591;1.6233141978191008
2022-01-16;PG;Papua New Guinea;39;36446;5;596;1.635296054436701
2022-01-23;PG;Papua New Guinea;102;36548;1;597;1.6334683156397067
2022-01-30;PG;Papua New Guinea;597;37145;0;597;1.6072149683672095
2022-02-06;PG;Papua New Guinea;587;37732;0;597;1.5822113855613273
2022-02-13;PG;Papua New Guinea;939;38671;13;610;1.57740942825373
2022-02-20;PG;Papua New Guinea;1433;40104;26;636;1.5858767205266306
2022-02-27;PG;Papua New Guinea;1186;41290;2;638;1.5451683216275127
2022-03-06;PG;Papua New Guinea;364;41654;1;639;1.5340663561722763
2022-03-13;PG;Papua New Guinea;565;42219;0;639;1.5135365593690044
2022-03-20;PG;Papua New Guinea;627;42846;0;639;1.4913877608178128
2022-03-27;PG;Papua New Guinea;433;43279;1;640;1.478777236072922
2022-04-03;PG;Papua New Guinea;109;43388;3;643;1.4819765833871117
2022-04-10;PG;Papua New Guinea;138;43526;0;643;1.4772779488122043
2022-04-17;PG;Papua New Guinea;137;43663;6;649;1.4863843528845935
2022-04-24;PG;Papua New Guinea;137;43800;0;649;1.4817351598173516
2022-05-01;PG;Papua New Guinea;17;43817;1;650;1.4834424994865008
2022-05-08;PG;Papua New Guinea;22;43839;1;651;1.4849791281735443
2022-05-15;PG;Papua New Guinea;342;44181;0;651;1.473484076865621
2022-05-22;PG;Papua New Guinea;222;44403;0;651;1.4661171542463347
2022-05-29;PG;Papua New Guinea;45;44448;0;651;1.4646328293736501
2022-06-05;PG;Papua New Guinea;190;44638;0;651;1.4583986737757066
2022-06-12;PG;Papua New Guinea;24;44662;7;658;1.4732882539966863
2022-06-19;PG;Papua New Guinea;29;44691;0;658;1.4723322369157101
2022-06-26;PG;Papua New Guinea;18;44709;4;662;1.4806862153034066
2022-07-03;PG;Papua New Guinea;19;44728;0;662;1.4800572348417098
2022-07-10;PG;Papua New Guinea;23;44751;0;662;1.4792965520323569
2022-07-17;PG;Papua New Guinea;10;44761;0;662;1.4789660642076807
2022-07-24;PG;Papua New Guinea;11;44772;0;662;1.4786026981148932
2022-07-31;PG;Papua New Guinea;17;44789;1;663;1.4802741744624797
2022-08-07;PG;Papua New Guinea;11;44800;0;663;1.4799107142857144
2022-08-14;PG;Papua New Guinea;20;44820;0;663;1.4792503346720214
2022-08-21;PG;Papua New Guinea;28;44848;1;664;1.48055654655726
2022-08-28;PG;Papua New Guinea;29;44877;0;664;1.479599794995209
2022-09-04;PG;Papua New Guinea;15;44892;0;664;1.479105408536042
2022-09-11;PG;Papua New Guinea;20;44912;0;664;1.4784467402921269
2022-09-18;PG;Papua New Guinea;25;44937;0;664;1.4776242294768231
2022-09-25;PG;Papua New Guinea;44;44981;0;664;1.4761788310620039
2022-10-02;PG;Papua New Guinea;53;45034;4;668;1.4833237109739308
2022-10-09;PG;Papua New Guinea;99;45133;0;668;1.4800700152881483
2022-10-16;PG;Papua New Guinea;119;45252;0;668;1.4761778484928842
2022-10-23;PG;Papua New Guinea;110;45362;0;668;1.4725982099554693
2022-10-30;PG;Papua New Guinea;103;45465;0;668;1.4692620697239633
2022-11-06;PG;Papua New Guinea;164;45629;0;668;1.4639812400008767
2022-11-13;PG;Papua New Guinea;182;45811;0;668;1.4581650695247865
2022-11-20;PG;Papua New Guinea;106;45917;0;668;1.4547988762332034
2022-11-27;PG;Papua New Guinea;151;46068;0;668;1.45003038985847
2022-12-04;PG;Papua New Guinea;216;46284;0;668;1.4432633307406448
2022-12-11;PG;Papua New Guinea;192;46476;1;669;1.4394526207074618
2022-12-18;PG;Papua New Guinea;168;46644;0;669;1.4342680730640596
2022-12-25;PG;Papua New Guinea;48;46692;0;669;1.4327936263171421
2023-01-01;PG;Papua New Guinea;22;46714;0;669;1.432118850879822
2023-01-08;PG;Papua New Guinea;17;46731;1;670;1.4337377757805312
2023-01-15;PG;Papua New Guinea;9;46740;0;670;1.4334617030380832
2023-01-22;PG;Papua New Guinea;6;46746;0;670;1.4332777136011638
2023-01-29;PG;Papua New Guinea;6;46752;0;670;1.4330937713894594
2023-02-05;PG;Papua New Guinea;23;46775;0;670;1.4323890967397115
2023-02-12;PG;Papua New Guinea;17;46792;0;670;1.4318686955035047
2023-02-19;PG;Papua New Guinea;0;46792;0;670;1.4318686955035047
2023-02-26;PG;Papua New Guinea;32;46824;0;670;1.43089014180762
2023-03-05;PG;Papua New Guinea;1;46825;0;670;1.430859583555793
2023-03-12;PG;Papua New Guinea;1;46826;0;670;1.4308290266091488
2023-03-19;PG;Papua New Guinea;3;46829;0;670;1.430737363599479
2023-03-26;PG;Papua New Guinea;6;46835;0;670;1.4305540728087969
2023-04-02;PG;Papua New Guinea;2;46837;0;670;1.4304929863142386
2023-04-09;PG;Papua New Guinea;0;46837;0;670;1.4304929863142386
2023-04-16;PG;Papua New Guinea;1;46838;0;670;1.4304624450232717
2023-04-23;PG;Papua New Guinea;0;46838;0;670;1.4304624450232717
2023-04-30;PG;Papua New Guinea;5;46843;0;670;1.4303097581282156
2023-05-07;PG;Papua New Guinea;7;46850;0;670;1.4300960512273213
2023-05-14;PG;Papua New Guinea;14;46864;0;670;1.4296688289518606
2023-05-21;PG;Papua New Guinea;0;46864;0;670;1.4296688289518606
2023-05-28;PG;Papua New Guinea;0;46864;0;670;1.4296688289518606
2023-06-04;PG;Papua New Guinea;0;46864;0;670;1.4296688289518606
2023-06-11;PG;Papua New Guinea;0;46864;0;670;1.4296688289518606
2023-06-18;PG;Papua New Guinea;0;46864;0;670;1.4296688289518606
2023-06-25;PG;Papua New Guinea;0;46864;0;670;1.4296688289518606
2023-07-02;PG;Papua New Guinea;0;46864;0;670;1.4296688289518606
2023-07-09;PG;Papua New Guinea;0;46864;0;670;1.4296688289518606
2023-07-16;PG;Papua New Guinea;0;46864;0;670;1.4296688289518606
2023-07-23;PG;Papua New Guinea;0;46864;0;670;1.4296688289518606
2023-07-30;PG;Papua New Guinea;0;46864;0;670;1.4296688289518606
2023-08-06;PG;Papua New Guinea;0;46864;0;670;1.4296688289518606
2023-08-13;PG;Papua New Guinea;0;46864;-30;640;1.3656538067599864
2023-08-20;PG;Papua New Guinea;0;46864;30;670;1.4296688289518606
2023-08-27;PG;Papua New Guinea;0;46864;0;670;1.4296688289518606
2023-09-03;PG;Papua New Guinea;0;46864;0;670;1.4296688289518606
2023-09-10;PG;Papua New Guinea;0;46864;0;670;1.4296688289518606
2023-09-17;PG;Papua New Guinea;0;46864;0;670;1.4296688289518606
2023-09-24;PG;Papua New Guinea;0;46864;0;670;1.4296688289518606
2023-10-01;PG;Papua New Guinea;0;46864;0;670;1.4296688289518606
2023-10-08;PG;Papua New Guinea;0;46864;0;670;1.4296688289518606
2023-10-15;PG;Papua New Guinea;0;46864;0;670;1.4296688289518606
2023-10-22;PG;Papua New Guinea;0;46864;0;670;1.4296688289518606
2023-10-29;PG;Papua New Guinea;0;46864;0;670;1.4296688289518606
2023-11-05;PG;Papua New Guinea;0;46864;0;670;1.4296688289518606
2023-11-12;PG;Papua New Guinea;0;46864;0;670;1.4296688289518606
2023-11-19;PG;Papua New Guinea;0;46864;0;670;1.4296688289518606
2023-11-26;PG;Papua New Guinea;0;46864;0;670;1.4296688289518606
2023-12-03;PG;Papua New Guinea;0;46864;0;670;1.4296688289518606
2023-12-10;PG;Papua New Guinea;0;46864;0;670;1.4296688289518606
2023-12-17;PG;Papua New Guinea;0;46864;0;670;1.4296688289518606
2023-12-24;PG;Papua New Guinea;0;46864;0;670;1.4296688289518606
2023-12-31;PG;Papua New Guinea;0;46864;0;670;1.4296688289518606
2024-01-07;PG;Papua New Guinea;0;46864;0;670;1.4296688289518606
2024-01-14;PG;Papua New Guinea;0;46864;0;670;1.4296688289518606
2024-01-21;PG;Papua New Guinea;0;46864;0;670;1.4296688289518606
2020-01-05;PY;Paraguay;0;0;0;0;0.0
2020-01-12;PY;Paraguay;0;0;0;0;0.0
2020-01-19;PY;Paraguay;0;0;0;0;0.0
2020-01-26;PY;Paraguay;0;0;0;0;0.0
2020-02-02;PY;Paraguay;0;0;0;0;0.0
2020-02-09;PY;Paraguay;0;0;0;0;0.0
2020-02-16;PY;Paraguay;0;0;0;0;0.0
2020-02-23;PY;Paraguay;0;0;0;0;0.0
2020-03-01;PY;Paraguay;0;0;0;0;0.0
2020-03-08;PY;Paraguay;0;0;0;0;0.0
2020-03-15;PY;Paraguay;7;7;0;0;0.0
2020-03-22;PY;Paraguay;11;18;1;1;5.555555555555555
2020-03-29;PY;Paraguay;38;56;2;3;5.357142857142857
2020-04-05;PY;Paraguay;40;96;0;3;3.125
2020-04-12;PY;Paraguay;37;133;3;6;4.511278195488721
2020-04-19;PY;Paraguay;69;202;2;8;3.9603960396039604
2020-04-26;PY;Paraguay;21;223;1;9;4.0358744394618835
2020-05-03;PY;Paraguay;110;333;1;10;3.003003003003003
2020-05-10;PY;Paraguay;356;689;0;10;1.4513788098693758
2020-05-17;PY;Paraguay;89;778;1;11;1.4138817480719794
2020-05-24;PY;Paraguay;72;850;0;11;1.2941176470588236
2020-05-31;PY;Paraguay;114;964;0;11;1.1410788381742738
2020-06-07;PY;Paraguay;126;1090;0;11;1.0091743119266057
2020-06-14;PY;Paraguay;171;1261;0;11;0.8723235527359239
2020-06-21;PY;Paraguay;101;1362;2;13;0.9544787077826725
2020-06-28;PY;Paraguay;349;1711;0;13;0.7597895967270601
2020-07-05;PY;Paraguay;674;2385;7;20;0.8385744234800839
2020-07-12;PY;Paraguay;351;2736;0;20;0.7309941520467835
2020-07-19;PY;Paraguay;721;3457;8;28;0.8099508244142319
2020-07-26;PY;Paraguay;767;4224;10;38;0.8996212121212122
2020-08-02;PY;Paraguay;1114;5338;11;49;0.9179467965530161
2020-08-09;PY;Paraguay;1170;6508;20;69;1.0602335586969884
2020-08-16;PY;Paraguay;2514;9022;39;108;1.1970738195522057
2020-08-23;PY;Paraguay;3514;12536;74;182;1.4518187619655394
2020-08-30;PY;Paraguay;3338;15874;98;280;1.7638906387803954
2020-09-06;PY;Paraguay;4780;20654;118;398;1.926987508472935
2020-09-13;PY;Paraguay;5858;26512;98;496;1.8708509354254677
2020-09-20;PY;Paraguay;5615;32127;115;611;1.9018271236031998
2020-09-27;PY;Paraguay;5099;37226;150;761;2.0442701337774674
2020-10-04;PY;Paraguay;5458;42684;129;890;2.085090432011995
2020-10-11;PY;Paraguay;5591;48275;155;1045;2.16468151216986
2020-10-18;PY;Paraguay;5207;53482;121;1166;2.1801727684080627
2020-10-25;PY;Paraguay;4777;58259;112;1278;2.193652482878182
2020-11-01;PY;Paraguay;4337;62596;109;1387;2.2157965365199055
2020-11-08;PY;Paraguay;3885;66481;85;1472;2.2141664535732013
2020-11-15;PY;Paraguay;3911;70392;84;1556;2.210478463461757
2020-11-22;PY;Paraguay;4666;75058;91;1647;2.194303072290762
2020-11-29;PY;Paraguay;5378;80436;73;1720;2.1383460142224875
2020-12-06;PY;Paraguay;6063;86499;93;1813;2.0959779881848344
2020-12-13;PY;Paraguay;5614;92113;114;1927;2.09199570093255
2020-12-20;PY;Paraguay;6183;98296;123;2050;2.0855375600227886
2020-12-27;PY;Paraguay;5592;103888;104;2154;2.073386724164485
2021-01-03;PY;Paraguay;4461;108349;108;2262;2.0876980867382255
2021-01-10;PY;Paraguay;5645;113994;110;2372;2.0808112707686366
2021-01-17;PY;Paraguay;6795;120789;107;2479;2.0523392030731276
2021-01-24;PY;Paraguay;5581;126370;106;2585;2.0455804383951888
2021-01-31;PY;Paraguay;5516;131886;108;2693;2.041914987185903
2021-02-07;PY;Paraguay;5004;136890;98;2791;2.038863320914603
2021-02-14;PY;Paraguay;5708;142598;113;2904;2.03649420047967
2021-02-21;PY;Paraguay;7086;149684;122;3026;2.021592154138051
2021-02-28;PY;Paraguay;7919;157603;126;3152;1.9999619296586995
2021-03-07;PY;Paraguay;8208;165811;126;3278;1.9769496595521407
2021-03-14;PY;Paraguay;11782;177593;158;3436;1.9347609421542515
2021-03-21;PY;Paraguay;12906;190499;226;3662;1.9223198022036863
2021-03-28;PY;Paraguay;14205;204704;296;3958;1.9335235266531186
2021-04-04;PY;Paraguay;13182;217886;336;4294;1.9707553491275251
2021-04-11;PY;Paraguay;14256;232142;404;4698;2.02376131850333
2021-04-18;PY;Paraguay;14664;246806;479;5177;2.097598923851122
2021-04-25;PY;Paraguay;16328;263134;538;5715;2.1718972082665107
2021-05-02;PY;Paraguay;15943;279077;670;6385;2.2878990386165827
2021-05-09;PY;Paraguay;15156;294233;589;6974;2.3702303956388304
2021-05-16;PY;Paraguay;15405;309638;508;7482;2.4163700837752473
2021-05-23;PY;Paraguay;17591;327229;633;8115;2.4799146774888534
2021-05-30;PY;Paraguay;20955;348184;777;8892;2.5538221170415643
2021-06-06;PY;Paraguay;19999;368183;717;9609;2.6098434745765013
2021-06-13;PY;Paraguay;19504;387687;952;10561;2.7241047546087436
2021-06-20;PY;Paraguay;15705;403392;850;11411;2.82876209741393
2021-06-27;PY;Paraguay;11928;415320;804;12215;2.9411056534720217
2021-07-04;PY;Paraguay;10998;426318;912;13127;3.079156873507569
2021-07-11;PY;Paraguay;9204;435522;679;13806;3.1699891165084657
2021-07-18;PY;Paraguay;7856;443378;372;14178;3.1977229361853765
2021-07-25;PY;Paraguay;5130;448508;372;14550;3.244089291606839
2021-08-01;PY;Paraguay;3577;452085;379;14929;3.3022551068936155
2021-08-08;PY;Paraguay;2457;454542;309;15238;3.352385478129634
2021-08-15;PY;Paraguay;1942;456484;164;15402;3.3740503500670345
2021-08-22;PY;Paraguay;988;457472;126;15528;3.394306099608282
2021-08-29;PY;Paraguay;757;458229;157;15685;3.4229610085786804
2021-09-05;PY;Paraguay;570;458799;179;15864;3.457723316746549
2021-09-12;PY;Paraguay;408;459207;169;16033;3.4914537452608516
2021-09-19;PY;Paraguay;373;459580;90;16123;3.508203141999217
2021-09-26;PY;Paraguay;199;459779;19;16142;3.5108171534585093
2021-10-03;PY;Paraguay;218;459997;58;16200;3.521762098448468
2021-10-10;PY;Paraguay;174;460171;6;16206;3.521734311810175
2021-10-17;PY;Paraguay;151;460322;3;16209;3.521230790620479
2021-10-24;PY;Paraguay;357;460679;20;16229;3.522843454987095
2021-10-31;PY;Paraguay;295;460974;16;16245;3.5240599252886278
2021-11-07;PY;Paraguay;301;461275;13;16258;3.524578613625278
2021-11-14;PY;Paraguay;590;461865;76;16334;3.5365312374828144
2021-11-21;PY;Paraguay;333;462198;20;16354;3.5383104210749505
2021-11-28;PY;Paraguay;407;462605;13;16367;3.5380075874666295
2021-12-05;PY;Paraguay;655;463260;109;16476;3.556534127703665
2021-12-12;PY;Paraguay;390;463650;24;16500;3.558718861209965
2021-12-19;PY;Paraguay;876;464526;68;16568;3.5666464309855637
2021-12-26;PY;Paraguay;604;465130;30;16598;3.568464730290456
2022-01-02;PY;Paraguay;2895;468025;31;16629;3.5530153303776504
2022-01-09;PY;Paraguay;6312;474337;33;16662;3.5126924528341665
2022-01-16;PY;Paraguay;19697;494034;58;16720;3.384382451410227
2022-01-23;PY;Paraguay;34644;528678;215;16935;3.203273069808087
2022-01-30;PY;Paraguay;36690;565368;277;17212;3.0443887874800133
2022-02-06;PY;Paraguay;36448;601816;303;17515;2.910357983170936
2022-02-13;PY;Paraguay;18892;620708;329;17844;2.8747817008963956
2022-02-20;PY;Paraguay;13025;633733;303;18147;2.8635087647321504
2022-02-27;PY;Paraguay;6080;639813;186;18333;2.8653684748512456
2022-03-06;PY;Paraguay;3529;643342;121;18454;2.868458766876716
2022-03-13;PY;Paraguay;2313;645655;68;18522;2.8687147160635322
2022-03-20;PY;Paraguay;1188;646843;49;18571;2.8710212524522953
2022-03-27;PY;Paraguay;919;647762;41;18612;2.8732775309450074
2022-04-03;PY;Paraguay;591;648353;119;18731;2.889012621210976
2022-04-10;PY;Paraguay;93;648446;3;18734;2.889060924117043
2022-04-17;PY;Paraguay;236;648682;52;18786;2.8960260959915645
2022-04-24;PY;Paraguay;352;649034;9;18795;2.89584212845552
2022-05-01;PY;Paraguay;421;649455;75;18870;2.9055130840473935
2022-05-08;PY;Paraguay;263;649718;2;18872;2.904644784352596
2022-05-15;PY;Paraguay;211;649929;9;18881;2.905086555608382
2022-05-22;PY;Paraguay;354;650283;4;18885;2.904120206125641
2022-05-29;PY;Paraguay;378;650661;9;18894;2.9038162729900825
2022-06-05;PY;Paraguay;607;651268;17;18911;2.903720127505113
2022-06-12;PY;Paraguay;776;652044;21;18932;2.9034850408868116
2022-06-19;PY;Paraguay;1384;653428;15;18947;2.8996308698127415
2022-06-26;PY;Paraguay;2104;655532;16;18963;2.8927649603680674
2022-07-03;PY;Paraguay;5309;660841;31;18994;2.8742163394825684
2022-07-10;PY;Paraguay;12988;673829;42;19036;2.8250490851536516
2022-07-17;PY;Paraguay;14991;688820;47;19083;2.7703899422200284
2022-07-24;PY;Paraguay;12240;701060;64;19147;2.7311499728981827
2022-07-31;PY;Paraguay;6049;707109;73;19220;2.718109937788941
2022-08-07;PY;Paraguay;3781;710890;69;19289;2.713359310160503
2022-08-14;PY;Paraguay;2017;712907;68;19357;2.7152209194186616
2022-08-21;PY;Paraguay;1433;714340;91;19448;2.7225130890052354
2022-08-28;PY;Paraguay;822;715162;30;19478;2.723578713634114
2022-09-04;PY;Paraguay;407;715569;16;19494;2.7242655844509756
2022-09-11;PY;Paraguay;237;715806;36;19530;2.728392888575955
2022-09-18;PY;Paraguay;203;716009;34;19564;2.7323678892304426
2022-09-25;PY;Paraguay;50;716059;19;19583;2.734830509776429
2022-10-02;PY;Paraguay;484;716543;8;19591;2.7340996981339574
2022-10-09;PY;Paraguay;496;717039;4;19595;2.732766279100579
2022-10-16;PY;Paraguay;221;717260;1;19596;2.732063686808131
2022-10-23;PY;Paraguay;368;717628;2;19598;2.7309413790989203
2022-10-30;PY;Paraguay;327;717955;3;19601;2.73011539720456
2022-11-06;PY;Paraguay;25;717980;5;19606;2.730716733056631
2022-11-13;PY;Paraguay;69;718049;2;19608;2.7307328608493293
2022-11-20;PY;Paraguay;22;718071;3;19611;2.731066983626967
2022-11-27;PY;Paraguay;93;718164;10;19621;2.7321057585732507
2022-12-04;PY;Paraguay;338;718502;9;19630;2.7320731187943803
2022-12-11;PY;Paraguay;724;719226;16;19646;2.7315475247001637
2022-12-18;PY;Paraguay;978;720204;9;19655;2.7290878695480725
2022-12-25;PY;Paraguay;1889;722093;11;19666;2.7234719073581934
2023-01-01;PY;Paraguay;3272;725365;22;19688;2.7142197376493216
2023-01-08;PY;Paraguay;3240;728605;28;19716;2.705992959147961
2023-01-15;PY;Paraguay;779;729384;30;19746;2.7072159520910795
2023-01-22;PY;Paraguay;4045;733429;32;19778;2.6966482099835156
2023-01-29;PY;Paraguay;478;733907;42;19820;2.7006146555353743
2023-02-05;PY;Paraguay;269;734176;10;19830;2.7009872292202415
2023-02-12;PY;Paraguay;68;734244;13;19843;2.7025076132729717
2023-02-19;PY;Paraguay;596;734840;6;19849;2.7011322192586142
2023-02-26;PY;Paraguay;824;735664;21;19870;2.7009613084234108
2023-03-05;PY;Paraguay;45;735709;8;19878;2.70188348926002
2023-03-12;PY;Paraguay;50;735759;2;19880;2.701971705408972
2023-03-19;PY;Paraguay;0;735759;0;19880;2.701971705408972
2023-03-26;PY;Paraguay;0;735759;0;19880;2.701971705408972
2023-04-02;PY;Paraguay;0;735759;0;19880;2.701971705408972
2023-04-09;PY;Paraguay;0;735759;0;19880;2.701971705408972
2023-04-16;PY;Paraguay;0;735759;0;19880;2.701971705408972
2023-04-23;PY;Paraguay;0;735759;0;19880;2.701971705408972
2023-04-30;PY;Paraguay;0;735759;0;19880;2.701971705408972
2023-05-07;PY;Paraguay;0;735759;0;19880;2.701971705408972
2023-05-14;PY;Paraguay;0;735759;0;19880;2.701971705408972
2023-05-21;PY;Paraguay;0;735759;0;19880;2.701971705408972
2023-05-28;PY;Paraguay;14;735773;2;19882;2.7021921163184843
2023-06-04;PY;Paraguay;8;735781;2;19884;2.7024345559344423
2023-06-11;PY;Paraguay;9;735790;2;19886;2.7026733171149377
2023-06-18;PY;Paraguay;4;735794;2;19888;2.7029304397698266
2023-06-25;PY;Paraguay;4;735798;2;19890;2.7031875596291375
2023-07-02;PY;Paraguay;5;735803;0;19890;2.7031691906665234
2023-07-09;PY;Paraguay;6;735809;1;19891;2.7032830530749146
2023-07-16;PY;Paraguay;9;735818;0;19891;2.7032499884482304
2023-07-23;PY;Paraguay;10;735828;2;19893;2.703485053572302
2023-07-30;PY;Paraguay;11;735839;1;19894;2.703580538677618
2023-08-06;PY;Paraguay;16;735855;2;19896;2.7037935462828955
2023-08-13;PY;Paraguay;7;735862;3;19899;2.704175511169214
2023-08-20;PY;Paraguay;19;735881;0;19899;2.7041056910016703
2023-08-27;PY;Paraguay;22;735903;3;19902;2.704432513524201
2023-09-03;PY;Paraguay;14;735917;2;19904;2.704652834490846
2023-09-10;PY;Paraguay;19;735936;3;19907;2.704990651360988
2023-09-17;PY;Paraguay;16;735952;4;19911;2.7054753570885057
2023-09-24;PY;Paraguay;21;735973;1;19912;2.7055340345365932
2023-10-01;PY;Paraguay;14;735987;3;19915;2.7058901855603428
2023-10-08;PY;Paraguay;19;736006;2;19917;2.706092069901604
2023-10-15;PY;Paraguay;27;736033;6;19923;2.70680798279425
2023-10-22;PY;Paraguay;19;736052;1;19924;2.7068739708607548
2023-10-29;PY;Paraguay;24;736076;5;19929;2.7074649900282037
2023-11-05;PY;Paraguay;18;736094;1;19930;2.7075346355220935
2023-11-12;PY;Paraguay;16;736110;1;19931;2.7076116341307683
2023-11-19;PY;Paraguay;15;736125;1;19932;2.707692307692308
2023-11-26;PY;Paraguay;23;736148;0;19932;2.707607709319322
2023-12-03;PY;Paraguay;22;736170;8;19940;2.708613499599277
2023-12-10;PY;Paraguay;13;736183;3;19943;2.708973176506385
2023-12-17;PY;Paraguay;35;736218;3;19946;2.709251879198824
2023-12-24;PY;Paraguay;32;736250;6;19952;2.709949066213922
2023-12-31;PY;Paraguay;25;736275;4;19956;2.7104003259651623
2024-01-07;PY;Paraguay;0;736275;0;19956;2.7104003259651623
2024-01-14;PY;Paraguay;0;736275;0;19956;2.7104003259651623
2024-01-21;PY;Paraguay;0;736275;0;19956;2.7104003259651623
2020-01-05;PE;Peru;0;0;0;0;0.0
2020-01-12;PE;Peru;0;0;0;0;0.0
2020-01-19;PE;Peru;0;0;0;0;0.0
2020-01-26;PE;Peru;0;0;0;0;0.0
2020-02-02;PE;Peru;0;0;0;0;0.0
2020-02-09;PE;Peru;0;0;0;0;0.0
2020-02-16;PE;Peru;0;0;0;0;0.0
2020-02-23;PE;Peru;0;0;0;0;0.0
2020-03-01;PE;Peru;0;0;0;0;0.0
2020-03-08;PE;Peru;9;9;1;1;11.11111111111111
2020-03-15;PE;Peru;38;47;2;3;6.382978723404255
2020-03-22;PE;Peru;271;318;23;26;8.176100628930817
2020-03-29;PE;Peru;317;635;45;71;11.181102362204724
2020-04-12;PE;Peru;4302;5897;441;650;11.02255384093607
2020-04-19;PE;Peru;7592;13489;840;1490;11.046037512046853
2020-08-23;PE;Peru;59771;576067;4000;69036;11.984022691804947
2020-08-30;PE;Peru;53894;629961;3537;72573;11.52023696705034
2020-09-06;PE;Peru;46887;676848;2865;75438;11.145486135735053
2020-09-13;PE;Peru;39822;716670;2361;77799;10.855623927330571
2020-09-20;PE;Peru;39742;756412;1946;79745;10.54253502059724
2020-09-27;PE;Peru;38172;794584;1675;81420;10.246871318828468
2020-10-04;PE;Peru;26980;821564;1335;82755;10.072861030911772
2020-10-11;PE;Peru;21791;843355;1190;83945;9.953696841780744
2020-10-18;PE;Peru;19062;862417;1014;84959;9.851266846548711
2020-10-25;PE;Peru;20699;883116;917;85876;9.724203841850901
2020-11-01;PE;Peru;17064;900180;777;86653;9.626185873936324
2020-11-08;PE;Peru;17323;917503;761;87414;9.52738029194455
2020-11-15;PE;Peru;15147;932650;705;88119;9.448238889186726
2020-11-22;PE;Peru;13437;946087;664;88783;9.38423210550404
2020-11-29;PE;Peru;12237;958324;691;89474;9.336508320776689
2020-12-06;PE;Peru;12536;970860;669;90143;9.284860845024
2020-12-13;PE;Peru;10083;980943;703;90846;9.261088564778994
2020-12-20;PE;Peru;12817;993760;811;91657;9.223253099339882
2020-12-27;PE;Peru;11786;1005546;866;92523;9.201269757922562
2021-01-03;PE;Peru;11653;1017199;1005;93528;9.1946610250305
2021-01-10;PE;Peru;12272;1029471;1295;94823;9.2108471243969
2021-01-17;PE;Peru;26552;1056023;1798;96621;9.14951662984613
2021-01-24;PE;Peru;32073;1088096;2654;99275;9.123735405699497
2021-01-31;PE;Peru;37779;1125875;3584;102859;9.135916509381591
2021-02-07;PE;Peru;47170;1173045;4093;106952;9.117467786828296
2021-02-14;PE;Peru;47703;1220748;4578;111530;9.136201738606166
2021-02-21;PE;Peru;48775;1269523;4912;116442;9.172106373811266
2021-02-28;PE;Peru;46840;1316363;4818;121260;9.211744784683253
2021-03-07;PE;Peru;41931;1358294;4832;126092;9.283115437453159
2021-03-14;PE;Peru;44316;1402610;4522;130614;9.31221080699553
2021-03-21;PE;Peru;49035;1451645;4627;135241;9.316396226350106
2021-03-28;PE;Peru;60739;1512384;4724;139965;9.25459407134696
2021-04-04;PE;Peru;55961;1568345;5142;145107;9.2522372309664
2021-04-11;PE;Peru;60174;1628519;5341;150448;9.238332497195305
2021-04-18;PE;Peru;60532;1689051;5634;156082;9.24081037221493
2021-04-25;PE;Peru;56604;1745655;5727;161809;9.269242777066488
2021-05-02;PE;Peru;53790;1799445;5363;167172;9.290197810991723
2021-05-09;PE;Peru;40020;1839465;4869;172041;9.352773768459851
2021-05-16;PE;Peru;39584;1879049;4243;176284;9.381554179800526
2021-05-23;PE;Peru;36517;1915566;3628;179912;9.39210656276004
2021-05-30;PE;Peru;31989;1947555;3131;183043;9.398604917447773
2021-06-06;PE;Peru;28611;1976166;2770;185813;9.402701999730793
2021-06-13;PE;Peru;21890;1998056;2287;188100;9.414150554338816
2021-06-20;PE;Peru;25123;2023179;1833;189933;9.387849518011011
2021-06-27;PE;Peru;20083;2043262;1514;191447;9.369674569389536
2021-07-04;PE;Peru;17082;2060344;1455;192902;9.362611292094911
2021-07-11;PE;Peru;13842;2074186;1007;193909;9.348679433763413
2021-07-18;PE;Peru;15989;2090175;1026;194935;9.326252586505914
2021-07-25;PE;Peru;10964;2101139;761;195696;9.31380551215317
2021-08-01;PE;Peru;8155;2109294;595;196291;9.306004757990115
2021-08-08;PE;Peru;13263;2122557;527;196818;9.272683843119408
2021-08-15;PE;Peru;8780;2131337;461;197279;9.256114823699866
2021-08-22;PE;Peru;8725;2140062;473;197752;9.240479948711766
2021-08-29;PE;Peru;7223;2147285;363;198115;9.22630205119488
2021-09-05;PE;Peru;5807;2153092;305;198420;9.21558391373894
2021-09-12;PE;Peru;6214;2159306;253;198673;9.200780250691658
2021-09-19;PE;Peru;6227;2165533;275;198948;9.187022317369442
2021-09-26;PE;Peru;5841;2171374;234;199182;9.1730857972878
2021-10-03;PE;Peru;5909;2177283;241;199423;9.15925949910967
2021-10-10;PE;Peru;5742;2183025;192;199615;9.143963078755398
2021-10-17;PE;Peru;5326;2188351;177;199792;9.129796819614404
2021-10-24;PE;Peru;5781;2194132;211;200003;9.11535860194373
2021-10-31;PE;Peru;5744;2199876;194;200197;9.100376566679213
2021-11-07;PE;Peru;5610;2205486;176;200373;9.085208430250749
2021-11-14;PE;Peru;7028;2212514;200;200573;9.065388964770392
2021-11-21;PE;Peru;8640;2221154;228;200801;9.040390715817093
2021-11-28;PE;Peru;10021;2231175;225;201026;9.009871480273848
2021-12-05;PE;Peru;11471;2242646;334;201360;8.978679648950392
2021-12-12;PE;Peru;8381;2251027;290;201650;8.958133332030224
2021-12-19;PE;Peru;10856;2261883;470;202120;8.935917551880447
2021-12-26;PE;Peru;11002;2272885;334;202454;8.907357829366642
2022-01-02;PE;Peru;23946;2296831;236;202690;8.824767690787873
2022-01-09;PE;Peru;45719;2342550;291;202981;8.664959125739045
2022-01-16;PE;Peru;170239;2512789;321;203302;8.090691259791411
2022-01-23;PE;Peru;326730;2839519;692;203994;7.184104068329883
2022-01-30;PE;Peru;321213;3160732;1118;205112;6.4893828391651045
2022-02-06;PE;Peru;170558;3331290;1534;206646;6.203182550903704
2022-02-13;PE;Peru;93604;3424894;1319;207965;6.072158729584039
2022-02-20;PE;Peru;56858;3481752;1145;209110;6.005884393833909
2022-02-27;PE;Peru;26890;3508642;1119;210229;5.991748374442306
2022-03-06;PE;Peru;15862;3524504;766;210995;5.986516116877723
2022-03-13;PE;Peru;10183;3534687;428;211423;5.981378266307597
2022-03-20;PE;Peru;5421;3540108;328;211751;5.981484180708612
2022-03-27;PE;Peru;4230;3544338;299;212050;5.98278155187231
2022-04-03;PE;Peru;3268;3547606;206;212256;5.983077038430987
2022-04-10;PE;Peru;3185;3550791;182;212438;5.982835937119363
2022-04-17;PE;Peru;3878;3554669;158;212596;5.980753763571236
2022-04-24;PE;Peru;4674;3559343;128;212724;5.976496224162718
2022-05-01;PE;Peru;5215;3564558;86;212810;5.9701651649377006
2022-05-08;PE;Peru;4468;3569026;103;212913;5.96557716306914
2022-05-15;PE;Peru;2490;3571516;100;213013;5.964217995943459
2022-05-22;PE;Peru;3360;3574876;73;213086;5.960654299617666
2022-05-29;PE;Peru;3488;3578364;69;213155;5.956772424493428
2022-06-05;PE;Peru;5039;3583403;73;213228;5.9504331497182985
2022-06-12;PE;Peru;5294;3588697;80;213308;5.943884368058936
2022-06-19;PE;Peru;7680;3596377;66;213374;5.933026487490049
2022-06-26;PE;Peru;14746;3611123;69;213443;5.910709770893985
2022-07-03;PE;Peru;18673;3629796;83;213526;5.882589544977184
2022-07-10;PE;Peru;32889;3662685;126;213652;5.833207059848172
2022-07-17;PE;Peru;67194;3729879;117;213769;5.731258306234599
2022-07-24;PE;Peru;86925;3816804;184;213953;5.605553756493653
2022-07-31;PE;Peru;78692;3895496;242;214195;5.498529583909212
2022-08-07;PE;Peru;55999;3951495;351;214546;5.429489345171891
2022-08-14;PE;Peru;62336;4013831;344;214890;5.353738112043082
2022-08-21;PE;Peru;47526;4061357;378;215268;5.300395902157826
2022-08-28;PE;Peru;33295;4094652;288;215556;5.2643301555297
2022-09-04;PE;Peru;16393;4111045;234;215790;5.249030356028698
2022-09-11;PE;Peru;12390;4123435;255;216045;5.239442358131025
2022-09-18;PE;Peru;7702;4131137;219;216264;5.234975262258308
2022-09-25;PE;Peru;8992;4140129;182;216446;5.228001349716398
2022-10-02;PE;Peru;4287;4144416;129;216575;5.225706106722877
2022-10-09;PE;Peru;4041;4148457;152;216727;5.224279774383584
2022-10-16;PE;Peru;1664;4150121;128;216855;5.225269335520579
2022-10-23;PE;Peru;1898;4152019;22;216877;5.223410586512248
2022-10-30;PE;Peru;2317;4154336;65;216942;5.222061961285751
2022-11-06;PE;Peru;5615;4159951;120;217062;5.217897999279318
2022-11-13;PE;Peru;9800;4169751;110;217172;5.20827262826965
2022-11-20;PE;Peru;14440;4184191;57;217229;5.191660705737382
2022-11-27;PE;Peru;32877;4217068;110;217339;5.153794057862003
2022-12-04;PE;Peru;61929;4278997;102;217441;5.081588045048875
2022-12-11;PE;Peru;71516;4350513;183;217624;5.00226065293909
2022-12-18;PE;Peru;55330;4405843;197;217821;4.943911982338
2022-12-25;PE;Peru;32935;4438778;186;218007;4.911419314054453
2023-01-01;PE;Peru;15458;4454236;194;218201;4.898730107699727
2023-01-08;PE;Peru;12095;4466331;155;218356;4.888934563963128
2023-01-15;PE;Peru;7490;4473821;134;218490;4.883744789968128
2023-01-22;PE;Peru;4134;4477955;116;218606;4.881826637382466
2023-01-29;PE;Peru;2873;4480828;123;218729;4.881441554998317
2023-02-05;PE;Peru;1482;4482310;356;219085;4.887769922205291
2023-02-12;PE;Peru;1133;4483443;165;219250;4.8902149531063515
2023-02-19;PE;Peru;1088;4484531;68;219318;4.890544852962328
2023-02-26;PE;Peru;751;4485282;77;219395;4.891442723110832
2023-03-05;PE;Peru;1383;4486665;90;219485;4.891940895966158
2023-03-12;PE;Peru;1291;4487956;77;219562;4.892249389254262
2023-03-19;PE;Peru;1191;4489147;75;219637;4.8926221395735086
2023-03-26;PE;Peru;1649;4490796;72;219709;4.892428870071141
2023-04-02;PE;Peru;2095;4492891;75;219784;4.891816872476987
2023-04-09;PE;Peru;0;4492891;82;219866;4.893641977960293
2023-04-16;PE;Peru;4005;4496896;125;219991;4.892063325458271
2023-04-23;PE;Peru;2459;4499355;82;220073;4.891212184857608
2023-04-30;PE;Peru;1775;4501130;49;220122;4.890371973260048
2023-05-07;PE;Peru;2092;4503222;74;220196;4.889743388178509
2023-05-14;PE;Peru;1998;4505220;320;220516;4.894677729389463
2023-05-21;PE;Peru;0;4505220;0;220516;4.894677729389463
2023-05-28;PE;Peru;1063;4506283;60;220576;4.894854584143961
2023-06-04;PE;Peru;1122;4507405;77;220653;4.895344438762436
2023-06-11;PE;Peru;1288;4508693;59;220712;4.89525456712178
2023-06-18;PE;Peru;1541;4510234;75;220787;4.895244903036073
2023-06-25;PE;Peru;1046;4511280;68;220855;4.895617208419783
2023-07-02;PE;Peru;956;4512236;75;220930;4.896242129179414
2023-07-09;PE;Peru;871;4513107;67;220997;4.896781751463016
2023-07-16;PE;Peru;763;4513870;61;221058;4.897305416416512
2023-07-23;PE;Peru;422;4514292;46;221104;4.897866597907269
2023-07-30;PE;Peru;325;4514617;55;221159;4.898732273413226
2023-08-06;PE;Peru;375;4514992;83;221242;4.900163721220325
2023-08-13;PE;Peru;522;4515514;54;221296;4.900793132299003
2023-08-20;PE;Peru;543;4516057;59;221355;4.901510321946779
2023-08-27;PE;Peru;528;4516585;49;221404;4.9020222136857825
2023-09-03;PE;Peru;798;4517383;53;221457;4.9023295124633
2023-09-10;PE;Peru;796;4518179;15;221472;4.901797826071078
2023-09-17;PE;Peru;743;4518922;8;221480;4.901168907097754
2023-09-24;PE;Peru;574;4519496;6;221486;4.900679190777025
2023-10-01;PE;Peru;482;4519978;10;221496;4.90037783369742
2023-10-08;PE;Peru;763;4520741;7;221503;4.899705601360485
2023-10-15;PE;Peru;509;4521250;2;221505;4.899198230577826
2023-10-22;PE;Peru;440;4521690;7;221512;4.898876305098315
2023-10-29;PE;Peru;682;4522372;6;221518;4.898270199797805
2023-11-05;PE;Peru;954;4523326;8;221526;4.897413982542934
2023-11-12;PE;Peru;1197;4524523;14;221540;4.896427756030857
2023-11-19;PE;Peru;1437;4525960;4;221544;4.894961510928068
2023-11-26;PE;Peru;1488;4527448;5;221549;4.8934631607033365
2023-12-03;PE;Peru;2094;4529542;8;221557;4.891377538832844
2023-12-10;PE;Peru;2534;4532076;7;221564;4.8887970987247344
2023-12-17;PE;Peru;3289;4535365;11;221575;4.885494331768226
2023-12-24;PE;Peru;1333;4536698;8;221583;4.884235186031779
2023-12-31;PE;Peru;35;4536733;0;221583;4.8841975051209765
2024-01-07;PE;Peru;0;4536733;0;221583;4.8841975051209765
2024-01-14;PE;Peru;0;4536733;0;221583;4.8841975051209765
2024-01-21;PE;Peru;0;4536733;0;221583;4.8841975051209765
2020-01-05;PH;Philippines;0;0;0;0;0.0
2020-01-12;PH;Philippines;0;0;0;0;0.0
2020-01-19;PH;Philippines;0;0;0;0;0.0
2020-01-26;PH;Philippines;0;0;0;0;0.0
2020-03-15;PH;Philippines;105;111;10;11;9.90990990990991
2020-03-22;PH;Philippines;196;307;14;25;8.143322475570033
2020-03-29;PH;Philippines;768;1075;43;68;6.325581395348837
2020-04-05;PH;Philippines;2019;3094;76;144;4.654169360051713
2020-04-12;PH;Philippines;1334;4428;103;247;5.578139114724481
2020-04-19;PH;Philippines;1659;6087;150;397;6.522096270740923
2020-04-26;PH;Philippines;1207;7294;97;494;6.7726898820948715
2020-05-03;PH;Philippines;1634;8928;109;603;6.754032258064516
2020-05-10;PH;Philippines;1682;10610;101;704;6.635249764373233
2020-05-17;PH;Philippines;1695;12305;113;817;6.639577407557903
2020-05-24;PH;Philippines;1472;13777;46;863;6.2640632938956236
2020-05-31;PH;Philippines;3447;17224;87;950;5.515559684161635
2020-06-07;PH;Philippines;4116;21340;44;994;4.657919400187441
2020-06-14;PH;Philippines;4051;25391;81;1075;4.233783624118782
2020-06-21;PH;Philippines;4008;29399;75;1150;3.9116976767917278
2020-06-28;PH;Philippines;5403;34802;86;1236;3.5515200275846217
2020-07-05;PH;Philippines;7028;41830;54;1290;3.0839110686110445
2020-07-12;PH;Philippines;12305;54135;82;1372;2.5344047289184446
2020-07-19;PH;Philippines;11080;65215;401;1773;2.7186996856551406
2020-07-26;PH;Philippines;13123;78338;124;1897;2.4215578646378515
2020-08-02;PH;Philippines;19815;98153;142;2039;2.077369005532179
2020-08-09;PH;Philippines;28651;126804;170;2209;1.7420586101384816
2020-08-16;PH;Philippines;31114;157918;391;2600;1.6464240935168886
2020-08-23;PH;Philippines;29305;187223;366;2966;1.5842070685759762
2020-08-30;PH;Philippines;25889;213112;453;3419;1.6043207327602387
2020-09-06;PH;Philippines;21414;234526;371;3790;1.6160255152946796
2020-09-13;PH;Philippines;23337;257863;502;4292;1.6644497271807124
2020-09-20;PH;Philippines;25568;283431;638;4930;1.739400418443995
2020-09-27;PH;Philippines;17800;301231;354;5284;1.7541355305396855
2020-10-04;PH;Philippines;18076;319307;394;5678;1.778225970617619
2020-10-11;PH;Philippines;17532;336839;560;6238;1.8519233224181284
2020-10-18;PH;Philippines;17414;354253;365;6603;1.8639221121627765
2020-10-25;PH;Philippines;13552;367805;331;6934;1.8852381017115047
2020-11-01;PH;Philippines;12912;380717;287;7221;1.8966844138822274
2020-11-08;PH;Philippines;13236;393953;264;7485;1.8999728393996238
2020-11-15;PH;Philippines;12355;406308;306;7791;1.9175108538350218
2020-11-22;PH;Philippines;10542;416850;289;8080;1.9383471272640038
2020-11-29;PH;Philippines;10940;427790;253;8333;1.9479183711634214
2020-12-06;PH;Philippines;10276;438066;193;8526;1.9462820670857817
2020-12-13;PH;Philippines;10265;448331;204;8730;1.94722203015183
2020-12-20;PH;Philippines;9704;458035;181;8911;1.9454845153754625
2020-12-27;PH;Philippines;10968;469003;156;9067;1.9332498939239193
2021-01-03;PH;Philippines;8799;477802;186;9253;1.936576238693015
2021-01-10;PH;Philippines;9882;487684;145;9398;1.9270675273332731
2021-01-17;PH;Philippines;12889;500573;486;9884;1.9745371803912715
2021-01-24;PH;Philippines;13046;513619;306;10190;1.9839608737215717
2021-01-31;PH;Philippines;11995;525614;479;10669;2.0298165573976337
2021-02-07;PH;Philippines;11691;537305;441;11110;2.067726896269344
2021-02-14;PH;Philippines;11870;549175;397;11507;2.095324805389903
2021-02-21;PH;Philippines;11993;561168;561;12068;2.150514640891854
2021-02-28;PH;Philippines;15176;576344;221;12289;2.1322335271990336
2021-03-07;PH;Philippines;18063;594407;176;12465;2.097047982274771
2021-03-14;PH;Philippines;27082;621489;301;12766;2.054099107144294
2021-03-21;PH;Philippines;42284;663773;164;12930;1.9479550991076768
2021-03-28;PH;Philippines;58105;721878;229;13159;1.8228841992691285
2021-04-04;PH;Philippines;73165;795043;264;13423;1.6883363541343046
2021-04-11;PH;Philippines;69804;864847;1321;14744;1.7048102149860034
2021-04-18;PH;Philippines;71270;936117;1066;15810;1.6888914526709802
2021-04-25;PH;Philippines;61382;997499;864;16674;1.6715806231384693
2021-05-02;PH;Philippines;57471;1054970;757;17431;1.6522744722598748
2021-05-09;PH;Philippines;47010;1101980;1041;18472;1.6762554674313508
2021-05-16;PH;Philippines;41966;1143946;719;19191;1.677614153115619
2021-05-23;PH;Philippines;35845;1179791;760;19951;1.6910622305137095
2021-05-30;PH;Philippines;43826;1223617;909;20860;1.7047818067254705
2021-06-06;PH;Philippines;45848;1269465;1038;21898;1.7249786327311112
2021-06-13;PH;Philippines;46162;1315627;890;22788;1.732101879940135
2021-06-20;PH;Philippines;43363;1358990;833;23621;1.738129051722235
2021-06-27;PH;Philippines;38994;1397984;751;24372;1.7433675921898963
2021-07-04;PH;Philippines;38370;1436354;777;25149;1.7508914933226767
2021-07-11;PH;Philippines;36509;1472863;766;25915;1.75949833759148
2021-07-18;PH;Philippines;34882;1507745;799;26714;1.7717850166971205
2021-07-25;PH;Philippines;40987;1548732;510;27224;1.7578251111231642
2021-08-01;PH;Philippines;48863;1597595;792;28016;1.7536359340133139
2021-08-08;PH;Philippines;61219;1658814;1106;29122;1.7555916455973968
2021-08-15;PH;Philippines;82422;1741236;1218;30340;1.7424404273745777
2021-08-22;PH;Philippines;98078;1839314;1470;31810;1.7294491315784037
2021-08-29;PH;Philippines;114522;1953836;1299;33109;1.6945639245054342
2021-09-05;PH;Philippines;127080;2080916;1125;34234;1.6451408898773425
2021-09-12;PH;Philippines;146410;2227326;911;35145;1.577901034693619
2021-09-19;PH;Philippines;139353;2366679;1643;36788;1.554414434741678
2021-09-26;PH;Philippines;124120;2490799;617;37405;1.5017269558884518
2021-10-03;PH;Philippines;102493;2593292;1363;38768;1.4949338524161568
2021-10-10;PH;Philippines;73230;2666522;856;39624;1.4859806144483338
2021-10-17;PH;Philippines;53821;2720343;1051;40675;1.4952158606469848
2021-10-24;PH;Philippines;36559;2756902;1118;41793;1.5159407189664342
2021-10-31;PH;Philippines;30356;2787258;1379;43172;1.5489057704740645
2021-11-07;PH;Philippines;15949;2803207;1258;44430;1.5849703571659175
2021-11-14;PH;Philippines;13757;2816964;1151;45581;1.6180895460502869
2021-11-21;PH;Philippines;8905;2825869;1493;47074;1.6658238580769313
2021-11-28;PH;Philippines;5841;2831710;1287;48361;1.7078373138492289
2021-12-05;PH;Philippines;2901;2834611;1025;49386;1.7422496420143718
2021-12-12;PH;Philippines;1832;2836443;894;50280;1.7726427077857727
2021-12-19;PH;Philippines;1019;2837462;459;50739;1.7881825377749552
2021-12-26;PH;Philippines;1012;2838474;461;51200;1.8037861188793698
2022-01-02;PH;Philippines;13261;2851735;370;51570;1.8083727976126815
2022-01-09;PH;Philippines;113626;2965361;580;52150;1.7586391673728763
2022-01-16;PH;Philippines;239943;3205304;757;52907;1.6506078674596854
2022-01-23;PH;Philippines;211814;3417118;565;53472;1.5648274364537602
2022-01-30;PH;Philippines;128538;3545656;419;53891;1.5199162016845402
2022-02-06;PH;Philippines;63896;3609552;635;54526;1.510602977876479
2022-02-13;PH;Philippines;27660;3637212;404;54930;1.5102226650522432
2022-02-20;PH;Philippines;14887;3652099;754;55684;1.5247122271329447
2022-02-27;PH;Philippines;8947;3661046;717;56401;1.5405706456570063
2022-03-06;PH;Philippines;6489;3667535;622;57023;1.554804521292912
2022-03-13;PH;Philippines;3204;3670739;587;57610;1.5694387424439602
2022-03-20;PH;Philippines;3540;3674279;653;58263;1.5856988541153243
2022-03-27;PH;Philippines;2710;3676989;752;59015;1.6049816847425977
2022-04-03;PH;Philippines;2186;3679175;328;59343;1.6129431190416328
2022-04-10;PH;Philippines;1871;3681046;426;59769;1.6236960907307325
2022-04-17;PH;Philippines;1647;3682693;200;59969;1.6284007382640908
2022-04-24;PH;Philippines;1437;3684130;213;60182;1.6335471332444835
2022-05-01;PH;Philippines;1377;3685507;215;60397;1.6387704595324335
2022-05-08;PH;Philippines;1117;3686624;42;60439;1.639413186698725
2022-05-15;PH;Philippines;1105;3687729;13;60452;1.6392744694634556
2022-05-22;PH;Philippines;1212;3688941;3;60455;1.638817210684584
2022-05-29;PH;Philippines;1313;3690254;0;60455;1.6382341161340113
2022-06-05;PH;Philippines;1291;3691545;1;60456;1.6376882849863674
2022-06-12;PH;Philippines;1677;3693222;5;60461;1.6370800347230683
2022-06-19;PH;Philippines;3042;3696264;6;60467;1.6358950551151108
2022-06-26;PH;Philippines;4612;3700876;51;60518;1.6352344688122487
2022-07-03;PH;Philippines;6072;3706948;84;60602;1.6348219613547317
2022-07-10;PH;Philippines;9501;3716449;38;60640;1.6316650652275868
2022-07-17;PH;Philippines;14092;3730541;1;60641;1.6255283080925795
2022-07-24;PH;Philippines;18336;3748877;53;60694;1.6189915006547293
2022-07-31;PH;Philippines;23591;3772468;43;60737;1.6100070298807039
2022-08-07;PH;Philippines;26866;3799334;100;60837;1.6012543251001359
2022-08-14;PH;Philippines;28425;3827759;241;61078;1.5956594968492006
2022-08-21;PH;Philippines;24402;3852161;308;61386;1.5935471025224544
2022-08-28;PH;Philippines;20162;3872323;334;61720;1.5938753043070013
2022-09-04;PH;Philippines;16774;3889097;342;62062;1.595794602191717
2022-09-11;PH;Philippines;17160;3906257;280;62342;1.5959523400534068
2022-09-18;PH;Philippines;12069;3918326;245;62587;1.5972892505626126
2022-09-25;PH;Philippines;16357;3934683;232;62819;1.5965453887898975
2022-10-02;PH;Philippines;17086;3951769;223;63042;1.595285554393488
2022-10-09;PH;Philippines;13995;3965764;255;63297;1.59608589921135
2022-10-16;PH;Philippines;14880;3980644;250;63547;1.5963999795008046
2022-10-23;PH;Philippines;12405;3993049;267;63814;1.5981271454470005
2022-10-30;PH;Philippines;9040;4002089;260;64074;1.601013870506128
2022-11-06;PH;Philippines;6367;4008456;217;64291;1.6038843884029164
2022-11-13;PH;Philippines;7939;4016395;114;64405;1.60355243943885
2022-11-20;PH;Philippines;8459;4024854;80;64485;1.6021699172193575
2022-11-27;PH;Philippines;7502;4032356;123;64608;1.6022394848073929
2022-12-04;PH;Philippines;7494;4039850;142;64750;1.6027822815203534
2022-12-11;PH;Philippines;8058;4047908;152;64902;1.6033467163779414
2022-12-18;PH;Philippines;7358;4055266;192;65094;1.6051721391395781
2022-12-25;PH;Philippines;4103;4059369;168;65262;1.6076882885000108
2023-01-01;PH;Philippines;3290;4062659;153;65415;1.6101523657289476
2023-01-08;PH;Philippines;4552;4067211;36;65451;1.6092354195540874
2023-01-15;PH;Philippines;2797;4070008;0;65451;1.6081295171901382
2023-01-22;PH;Philippines;1556;4071564;0;65451;1.6075149500290307
2023-01-29;PH;Philippines;1181;4072745;0;65451;1.607048808604516
2023-02-05;PH;Philippines;1045;4073790;400;65851;1.6164554383019252
2023-02-12;PH;Philippines;678;4074468;98;65949;1.6185916787173196
2023-02-19;PH;Philippines;914;4075382;72;66021;1.619995377120476
2023-02-26;PH;Philippines;738;4076120;76;66097;1.621566587833528
2023-03-05;PH;Philippines;738;4076858;56;66153;1.6226466558315251
2023-03-12;PH;Philippines;890;4077748;57;66210;1.6236903310356599
2023-03-19;PH;Philippines;1061;4078809;62;66272;1.624788020228454
2023-03-26;PH;Philippines;1163;4079972;60;66332;1.6257954711453901
2023-04-02;PH;Philippines;1541;4081513;58;66390;1.6266026838576773
2023-04-09;PH;Philippines;1988;4083501;30;66420;1.6265454569498086
2023-04-16;PH;Philippines;2025;4085526;19;66439;1.6262043124924428
2023-04-23;PH;Philippines;2438;4087964;5;66444;1.62535677907144
2023-04-30;PH;Philippines;3890;4091854;0;66444;1.6238116022712443
2023-05-07;PH;Philippines;9014;4100868;9;66453;1.6204618144256289
2023-05-14;PH;Philippines;12225;4113093;0;66453;1.6156454522180754
2023-05-21;PH;Philippines;12623;4125716;13;66466;1.611017336142381
2023-05-28;PH;Philippines;11724;4137440;0;66466;1.606452299006149
2023-06-04;PH;Philippines;9689;4147129;10;66476;1.602940250954335
2023-06-11;PH;Philippines;7061;4154190;5;66481;1.6003360462569116
2023-06-18;PH;Philippines;4394;4158584;1;66482;1.5986691623879667
2023-06-25;PH;Philippines;3647;4162231;0;66482;1.5972683880351668
2023-07-02;PH;Philippines;2845;4165076;2;66484;1.5962253749991595
2023-07-09;PH;Philippines;423;4165499;0;66484;1.5960632807738042
2023-07-16;PH;Philippines;2510;4168009;26;66510;1.5957259209373107
2023-07-23;PH;Philippines;1938;4169947;32;66542;1.5957516966042973
2023-07-30;PH;Philippines;1671;4171618;50;66592;1.5963110716273636
2023-08-06;PH;Philippines;1859;4173477;34;66626;1.5964146921140336
2023-08-13;PH;Philippines;154;4173631;20;66646;1.5968349861307816
2023-08-20;PH;Philippines;-65079;4108552;0;66646;1.6221286720966412
2023-08-27;PH;Philippines;342;4108894;10;66656;1.622237030208129
2023-09-03;PH;Philippines;1311;4110205;5;66661;1.621841246361191
2023-09-10;PH;Philippines;138;4110343;6;66667;1.6219327681412476
2023-09-17;PH;Philippines;988;4111331;14;66681;1.6218835214192193
2023-09-24;PH;Philippines;962;4112293;4;66685;1.6216013790846129
2023-10-01;PH;Philippines;1141;4113434;11;66696;1.6214189895838855
2023-10-08;PH;Philippines;1246;4114680;0;66696;1.6209279944005366
2023-10-15;PH;Philippines;1034;4115714;6;66702;1.6206665477727558
2023-10-22;PH;Philippines;1469;4117183;12;66714;1.620379759656056
2023-10-29;PH;Philippines;1198;4118381;0;66714;1.6199084057545914
2023-11-05;PH;Philippines;1097;4119478;22;66736;1.6200110790736109
2023-11-12;PH;Philippines;933;4120411;0;66736;1.6196442539348623
2023-11-19;PH;Philippines;914;4121325;10;66746;1.619527700436146
2023-11-26;PH;Philippines;1333;4122658;0;66746;1.6190040502995884
2023-12-03;PH;Philippines;1262;4123920;9;66755;1.6187268424217736
2023-12-10;PH;Philippines;1163;4125083;11;66766;1.6185371300407771
2023-12-17;PH;Philippines;1377;4126460;13;66779;1.6183120640936786
2023-12-24;PH;Philippines;2501;4128961;0;66779;1.6173318178592628
2023-12-31;PH;Philippines;3239;4132200;16;66795;1.616451285029766
2024-01-07;PH;Philippines;3145;4135345;18;66813;1.6156572184424758
2024-01-14;PH;Philippines;3219;4138564;43;66856;1.6154395582622378
2024-01-21;PH;Philippines;1819;4140383;8;66864;1.6149230638808052
2020-01-05;PN;Pitcairn;0;0;0;0;0.0
2020-01-12;PN;Pitcairn;0;0;0;0;0.0
2020-01-19;PN;Pitcairn;0;0;0;0;0.0
2020-01-26;PN;Pitcairn;0;0;0;0;0.0
2020-02-02;PN;Pitcairn;0;0;0;0;0.0
2020-02-09;PN;Pitcairn;0;0;0;0;0.0
2020-02-16;PN;Pitcairn;0;0;0;0;0.0
2020-02-23;PN;Pitcairn;0;0;0;0;0.0
2020-03-01;PN;Pitcairn;0;0;0;0;0.0
2020-03-08;PN;Pitcairn;0;0;0;0;0.0
2020-03-15;PN;Pitcairn;0;0;0;0;0.0
2020-03-22;PN;Pitcairn;0;0;0;0;0.0
2020-03-29;PN;Pitcairn;0;0;0;0;0.0
2020-04-05;PN;Pitcairn;0;0;0;0;0.0
2020-04-12;PN;Pitcairn;0;0;0;0;0.0
2020-04-19;PN;Pitcairn;0;0;0;0;0.0
2020-04-26;PN;Pitcairn;0;0;0;0;0.0
2020-05-03;PN;Pitcairn;0;0;0;0;0.0
2020-05-10;PN;Pitcairn;0;0;0;0;0.0
2020-05-17;PN;Pitcairn;0;0;0;0;0.0
2020-05-24;PN;Pitcairn;0;0;0;0;0.0
2020-05-31;PN;Pitcairn;0;0;0;0;0.0
2020-06-07;PN;Pitcairn;0;0;0;0;0.0
2020-06-14;PN;Pitcairn;0;0;0;0;0.0
2020-06-21;PN;Pitcairn;0;0;0;0;0.0
2020-06-28;PN;Pitcairn;0;0;0;0;0.0
2020-07-05;PN;Pitcairn;0;0;0;0;0.0
2020-07-12;PN;Pitcairn;0;0;0;0;0.0
2020-07-19;PN;Pitcairn;0;0;0;0;0.0
2020-07-26;PN;Pitcairn;0;0;0;0;0.0
2020-08-02;PN;Pitcairn;0;0;0;0;0.0
2020-08-09;PN;Pitcairn;0;0;0;0;0.0
2020-08-16;PN;Pitcairn;0;0;0;0;0.0
2020-08-23;PN;Pitcairn;0;0;0;0;0.0
2020-08-30;PN;Pitcairn;0;0;0;0;0.0
2020-09-06;PN;Pitcairn;0;0;0;0;0.0
2020-09-13;PN;Pitcairn;0;0;0;0;0.0
2020-09-20;PN;Pitcairn;0;0;0;0;0.0
2020-09-27;PN;Pitcairn;0;0;0;0;0.0
2020-10-04;PN;Pitcairn;0;0;0;0;0.0
2020-10-11;PN;Pitcairn;0;0;0;0;0.0
2020-10-18;PN;Pitcairn;0;0;0;0;0.0
2020-10-25;PN;Pitcairn;0;0;0;0;0.0
2020-11-01;PN;Pitcairn;0;0;0;0;0.0
2020-11-08;PN;Pitcairn;0;0;0;0;0.0
2020-11-15;PN;Pitcairn;0;0;0;0;0.0
2020-11-22;PN;Pitcairn;0;0;0;0;0.0
2020-11-29;PN;Pitcairn;0;0;0;0;0.0
2020-12-06;PN;Pitcairn;0;0;0;0;0.0
2020-12-13;PN;Pitcairn;0;0;0;0;0.0
2020-12-20;PN;Pitcairn;0;0;0;0;0.0
2020-12-27;PN;Pitcairn;0;0;0;0;0.0
2021-01-03;PN;Pitcairn;0;0;0;0;0.0
2021-01-10;PN;Pitcairn;0;0;0;0;0.0
2021-01-17;PN;Pitcairn;0;0;0;0;0.0
2021-01-24;PN;Pitcairn;0;0;0;0;0.0
2021-01-31;PN;Pitcairn;0;0;0;0;0.0
2021-02-07;PN;Pitcairn;0;0;0;0;0.0
2021-02-14;PN;Pitcairn;0;0;0;0;0.0
2021-02-21;PN;Pitcairn;0;0;0;0;0.0
2021-02-28;PN;Pitcairn;0;0;0;0;0.0
2021-03-07;PN;Pitcairn;0;0;0;0;0.0
2021-03-14;PN;Pitcairn;0;0;0;0;0.0
2021-03-21;PN;Pitcairn;0;0;0;0;0.0
2021-03-28;PN;Pitcairn;0;0;0;0;0.0
2021-04-04;PN;Pitcairn;0;0;0;0;0.0
2021-04-11;PN;Pitcairn;0;0;0;0;0.0
2021-04-18;PN;Pitcairn;0;0;0;0;0.0
2021-04-25;PN;Pitcairn;0;0;0;0;0.0
2021-05-02;PN;Pitcairn;0;0;0;0;0.0
2021-05-09;PN;Pitcairn;0;0;0;0;0.0
2021-05-16;PN;Pitcairn;0;0;0;0;0.0
2021-05-23;PN;Pitcairn;0;0;0;0;0.0
2021-05-30;PN;Pitcairn;0;0;0;0;0.0
2021-06-06;PN;Pitcairn;0;0;0;0;0.0
2021-06-13;PN;Pitcairn;0;0;0;0;0.0
2021-06-20;PN;Pitcairn;0;0;0;0;0.0
2021-06-27;PN;Pitcairn;0;0;0;0;0.0
2021-07-04;PN;Pitcairn;0;0;0;0;0.0
2021-07-11;PN;Pitcairn;0;0;0;0;0.0
2021-07-18;PN;Pitcairn;0;0;0;0;0.0
2021-07-25;PN;Pitcairn;0;0;0;0;0.0
2021-08-01;PN;Pitcairn;0;0;0;0;0.0
2021-08-08;PN;Pitcairn;0;0;0;0;0.0
2021-08-15;PN;Pitcairn;0;0;0;0;0.0
2021-08-22;PN;Pitcairn;0;0;0;0;0.0
2021-08-29;PN;Pitcairn;0;0;0;0;0.0
2021-09-05;PN;Pitcairn;0;0;0;0;0.0
2021-09-12;PN;Pitcairn;0;0;0;0;0.0
2021-09-19;PN;Pitcairn;0;0;0;0;0.0
2021-09-26;PN;Pitcairn;0;0;0;0;0.0
2021-10-03;PN;Pitcairn;0;0;0;0;0.0
2021-10-10;PN;Pitcairn;0;0;0;0;0.0
2021-10-17;PN;Pitcairn;0;0;0;0;0.0
2021-10-24;PN;Pitcairn;0;0;0;0;0.0
2021-10-31;PN;Pitcairn;0;0;0;0;0.0
2021-11-07;PN;Pitcairn;0;0;0;0;0.0
2021-11-14;PN;Pitcairn;0;0;0;0;0.0
2021-11-21;PN;Pitcairn;0;0;0;0;0.0
2021-11-28;PN;Pitcairn;0;0;0;0;0.0
2021-12-05;PN;Pitcairn;0;0;0;0;0.0
2021-12-12;PN;Pitcairn;0;0;0;0;0.0
2021-12-19;PN;Pitcairn;0;0;0;0;0.0
2021-12-26;PN;Pitcairn;0;0;0;0;0.0
2022-01-02;PN;Pitcairn;0;0;0;0;0.0
2022-01-09;PN;Pitcairn;0;0;0;0;0.0
2022-01-16;PN;Pitcairn;0;0;0;0;0.0
2022-01-23;PN;Pitcairn;0;0;0;0;0.0
2022-01-30;PN;Pitcairn;0;0;0;0;0.0
2022-02-06;PN;Pitcairn;0;0;0;0;0.0
2022-02-13;PN;Pitcairn;0;0;0;0;0.0
2022-02-20;PN;Pitcairn;0;0;0;0;0.0
2022-02-27;PN;Pitcairn;0;0;0;0;0.0
2022-03-06;PN;Pitcairn;0;0;0;0;0.0
2022-03-13;PN;Pitcairn;0;0;0;0;0.0
2022-03-20;PN;Pitcairn;0;0;0;0;0.0
2022-03-27;PN;Pitcairn;0;0;0;0;0.0
2022-04-03;PN;Pitcairn;0;0;0;0;0.0
2022-04-10;PN;Pitcairn;0;0;0;0;0.0
2022-04-17;PN;Pitcairn;0;0;0;0;0.0
2022-04-24;PN;Pitcairn;0;0;0;0;0.0
2022-05-01;PN;Pitcairn;0;0;0;0;0.0
2022-05-08;PN;Pitcairn;0;0;0;0;0.0
2022-05-15;PN;Pitcairn;0;0;0;0;0.0
2022-05-22;PN;Pitcairn;0;0;0;0;0.0
2022-05-29;PN;Pitcairn;0;0;0;0;0.0
2022-06-05;PN;Pitcairn;0;0;0;0;0.0
2022-06-12;PN;Pitcairn;0;0;0;0;0.0
2022-06-19;PN;Pitcairn;0;0;0;0;0.0
2022-06-26;PN;Pitcairn;0;0;0;0;0.0
2022-07-03;PN;Pitcairn;0;0;0;0;0.0
2022-07-10;PN;Pitcairn;0;0;0;0;0.0
2022-07-17;PN;Pitcairn;0;0;0;0;0.0
2022-07-24;PN;Pitcairn;4;4;0;0;0.0
2022-07-31;PN;Pitcairn;0;4;0;0;0.0
2022-08-07;PN;Pitcairn;0;4;0;0;0.0
2022-08-14;PN;Pitcairn;0;4;0;0;0.0
2022-08-21;PN;Pitcairn;0;4;0;0;0.0
2022-08-28;PN;Pitcairn;0;4;0;0;0.0
2022-09-04;PN;Pitcairn;0;4;0;0;0.0
2022-09-11;PN;Pitcairn;0;4;0;0;0.0
2022-09-18;PN;Pitcairn;0;4;0;0;0.0
2022-09-25;PN;Pitcairn;0;4;0;0;0.0
2022-10-02;PN;Pitcairn;0;4;0;0;0.0
2022-10-09;PN;Pitcairn;0;4;0;0;0.0
2022-10-16;PN;Pitcairn;0;4;0;0;0.0
2022-10-23;PN;Pitcairn;0;4;0;0;0.0
2022-10-30;PN;Pitcairn;0;4;0;0;0.0
2022-11-06;PN;Pitcairn;0;4;0;0;0.0
2022-11-13;PN;Pitcairn;0;4;0;0;0.0
2022-11-20;PN;Pitcairn;0;4;0;0;0.0
2022-11-27;PN;Pitcairn;0;4;0;0;0.0
2022-12-04;PN;Pitcairn;0;4;0;0;0.0
2022-12-11;PN;Pitcairn;0;4;0;0;0.0
2022-12-18;PN;Pitcairn;0;4;0;0;0.0
2022-12-25;PN;Pitcairn;0;4;0;0;0.0
2023-01-01;PN;Pitcairn;0;4;0;0;0.0
2023-01-08;PN;Pitcairn;0;4;0;0;0.0
2023-01-15;PN;Pitcairn;0;4;0;0;0.0
2023-01-22;PN;Pitcairn;0;4;0;0;0.0
2023-01-29;PN;Pitcairn;0;4;0;0;0.0
2023-02-05;PN;Pitcairn;0;4;0;0;0.0
2023-02-12;PN;Pitcairn;0;4;0;0;0.0
2023-02-19;PN;Pitcairn;0;4;0;0;0.0
2023-02-26;PN;Pitcairn;0;4;0;0;0.0
2023-03-05;PN;Pitcairn;0;4;0;0;0.0
2023-03-12;PN;Pitcairn;0;4;0;0;0.0
2023-03-19;PN;Pitcairn;0;4;0;0;0.0
2023-03-26;PN;Pitcairn;0;4;0;0;0.0
2023-04-02;PN;Pitcairn;0;4;0;0;0.0
2023-04-09;PN;Pitcairn;0;4;0;0;0.0
2023-04-16;PN;Pitcairn;0;4;0;0;0.0
2023-04-23;PN;Pitcairn;0;4;0;0;0.0
2023-04-30;PN;Pitcairn;0;4;0;0;0.0
2023-05-07;PN;Pitcairn;0;4;0;0;0.0
2023-05-14;PN;Pitcairn;0;4;0;0;0.0
2023-05-21;PN;Pitcairn;0;4;0;0;0.0
2023-05-28;PN;Pitcairn;0;4;0;0;0.0
2023-06-04;PN;Pitcairn;0;4;0;0;0.0
2023-06-11;PN;Pitcairn;0;4;0;0;0.0
2023-06-18;PN;Pitcairn;0;4;0;0;0.0
2023-06-25;PN;Pitcairn;0;4;0;0;0.0
2023-07-02;PN;Pitcairn;0;4;0;0;0.0
2023-07-09;PN;Pitcairn;0;4;0;0;0.0
2023-07-16;PN;Pitcairn;0;4;0;0;0.0
2023-07-23;PN;Pitcairn;0;4;0;0;0.0
2023-07-30;PN;Pitcairn;0;4;0;0;0.0
2023-08-06;PN;Pitcairn;0;4;0;0;0.0
2023-08-13;PN;Pitcairn;0;4;0;0;0.0
2023-08-20;PN;Pitcairn;0;4;0;0;0.0
2023-08-27;PN;Pitcairn;0;4;0;0;0.0
2023-09-03;PN;Pitcairn;0;4;0;0;0.0
2023-09-10;PN;Pitcairn;0;4;0;0;0.0
2023-09-17;PN;Pitcairn;0;4;0;0;0.0
2023-09-24;PN;Pitcairn;0;4;0;0;0.0
2023-10-01;PN;Pitcairn;0;4;0;0;0.0
2023-10-08;PN;Pitcairn;0;4;0;0;0.0
2023-10-15;PN;Pitcairn;0;4;0;0;0.0
2023-10-22;PN;Pitcairn;0;4;0;0;0.0
2023-10-29;PN;Pitcairn;0;4;0;0;0.0
2023-11-05;PN;Pitcairn;0;4;0;0;0.0
2023-11-12;PN;Pitcairn;0;4;0;0;0.0
2023-11-19;PN;Pitcairn;0;4;0;0;0.0
2023-11-26;PN;Pitcairn;0;4;0;0;0.0
2023-12-03;PN;Pitcairn;0;4;0;0;0.0
2023-12-10;PN;Pitcairn;0;4;0;0;0.0
2023-12-17;PN;Pitcairn;0;4;0;0;0.0
2023-12-24;PN;Pitcairn;0;4;0;0;0.0
2023-12-31;PN;Pitcairn;0;4;0;0;0.0
2024-01-07;PN;Pitcairn;0;4;0;0;0.0
2024-01-14;PN;Pitcairn;0;4;0;0;0.0
2024-01-21;PN;Pitcairn;0;4;0;0;0.0
2020-01-05;PL;Poland;0;0;0;0;0.0
2020-01-12;PL;Poland;0;0;0;0;0.0
2020-01-19;PL;Poland;0;0;0;0;0.0
2020-01-26;PL;Poland;0;0;0;0;0.0
2020-02-02;PL;Poland;0;0;0;0;0.0
2020-02-09;PL;Poland;0;0;0;0;0.0
2020-02-16;PL;Poland;0;0;0;0;0.0
2020-02-23;PL;Poland;0;0;0;0;0.0
2020-03-01;PL;Poland;0;0;0;0;0.0
2020-03-08;PL;Poland;6;6;0;0;0.0
2020-03-15;PL;Poland;97;103;3;3;2.912621359223301
2020-03-22;PL;Poland;431;534;2;5;0.9363295880149813
2020-03-29;PL;Poland;1104;1638;13;18;1.098901098901099
2020-04-05;PL;Poland;1989;3627;61;79;2.178108629721533
2020-04-12;PL;Poland;2728;6355;129;208;3.273013375295043
2020-04-19;PL;Poland;2387;8742;137;345;3.94646533973919
2020-04-26;PL;Poland;2531;11273;176;521;4.621662379135989
2020-05-03;PL;Poland;2102;13375;140;661;4.942056074766355
2020-05-10;PL;Poland;2276;15651;122;783;5.002875215641174
2020-05-17;PL;Poland;2606;18257;131;914;5.00629895382593
2020-05-24;PL;Poland;2674;20931;78;992;4.739381778223687
2020-05-31;PL;Poland;2640;23571;68;1060;4.497051461541725
2020-06-07;PL;Poland;2415;25986;90;1150;4.425459863003155
2020-06-14;PL;Poland;3031;29017;86;1236;4.259571975049109
2020-06-21;PL;Poland;2603;31620;109;1345;4.253636938646426
2020-06-28;PL;Poland;2094;33714;89;1434;4.253425876490479
2020-07-05;PL;Poland;2005;35719;77;1511;4.23024160810773
2020-07-12;PL;Poland;1802;37521;57;1568;4.1789930971989016
2020-07-19;PL;Poland;2225;39746;49;1617;4.0683339203945055
2020-07-26;PL;Poland;2876;42622;47;1664;3.904087091173572
2020-08-02;PL;Poland;3724;46346;57;1721;3.71337332240107
2020-08-09;PL;Poland;4821;51167;79;1800;3.5178923915805105
2020-08-16;PL;Poland;4923;56090;69;1869;3.3321447673382063
2020-08-23;PL;Poland;5091;61181;82;1951;3.188898514244618
2020-08-30;PL;Poland;5058;66239;81;2032;3.067679161823095
2020-09-06;PL;Poland;4148;70387;81;2113;3.001974796482305
2020-09-13;PL;Poland;3263;73650;68;2181;2.961303462321792
2020-09-20;PL;Poland;4680;78330;100;2281;2.9120388101621346
2020-09-27;PL;Poland;7650;85980;142;2423;2.8180972319143986
2020-10-04;PL;Poland;12160;98140;180;2603;2.652333401263501
2020-10-11;PL;Poland;23498;121638;369;2972;2.443315411302389
2020-10-18;PL;Poland;45592;167230;553;3525;2.107875381211505
2020-10-25;PL;Poland;74716;241946;790;4315;1.7834558124540187
2020-11-01;PL;Poland;124785;366731;1316;5631;1.5354578696646861
2020-11-08;PL;Poland;172909;539640;2005;7636;1.4150174190200875
2020-11-15;PL;Poland;183478;723118;2409;10045;1.3891232136387146
2020-11-22;PL;Poland;160188;883306;3243;13288;1.5043484364421842
2020-11-29;PL;Poland;103928;987234;3773;17061;1.7281617124207636
2020-12-06;PL;Poland;78343;1065577;3060;20121;1.888272738619546
2020-12-13;PL;Poland;72231;1137808;2775;22896;2.0122902985389453
2020-12-20;PL;Poland;67012;1204820;2533;25429;2.11060573363656
2020-12-27;PL;Poland;55103;1259923;1778;27207;2.1594176786994126
2021-01-03;PL;Poland;61169;1321092;1998;29205;2.2106711720304113
2021-01-10;PL;Poland;67009;1388101;2069;31274;2.2530060852920646
2021-01-17;PL;Poland;49942;1438043;2160;33434;2.324965247909833
2021-01-24;PL;Poland;39822;1477865;2007;35441;2.398121614626505
2021-01-31;PL;Poland;37682;1515547;1817;37258;2.4583863120048406
2021-02-07;PL;Poland;36873;1552420;1904;39162;2.522642068512387
2021-02-14;PL;Poland;38697;1591117;1717;40879;2.5692013849390083
2021-02-21;PL;Poland;49813;1640930;1362;42241;2.5742109657328465
2021-02-28;PL;Poland;68226;1709156;1598;43839;2.5649501859397272
2021-03-07;PL;Poland;87931;1797087;1472;45311;2.521358175758881
2021-03-14;PL;Poland;111512;1908599;1891;47202;2.4731229556339493
2021-03-21;PL;Poland;151874;2060473;2117;49319;2.3935766205138336
2021-03-28;PL;Poland;191601;2252074;2578;51897;2.3044091801601545
2021-04-04;PL;Poland;187526;2439600;3055;54952;2.252500409903263
2021-04-11;PL;Poland;135990;2575590;3478;58430;2.2686064163939137
2021-04-18;PL;Poland;113416;2689006;3608;62038;2.3070978644153266
2021-04-25;PL;Poland;70799;2759805;3381;65419;2.3704210985921104
2021-05-02;PL;Poland;44359;2804164;2655;68074;2.4276040916294486
2021-05-09;PL;Poland;29812;2833976;1945;70019;2.4706984109957175
2021-05-16;PL;Poland;21466;2855442;1668;71687;2.5105395241787436
2021-05-23;PL;Poland;11543;2866985;1263;72950;2.5444848856900193
2021-05-30;PL;Poland;6356;2873341;810;73760;2.5670465148410857
2021-06-06;PL;Poland;3203;2876544;414;74174;2.5785804076002314
2021-06-13;PL;Poland;2211;2878755;421;74595;2.5912243313515737
2021-06-20;PL;Poland;1305;2880060;255;74850;2.5989041894960523
2021-06-27;PL;Poland;877;2880937;151;75001;2.603354394768091
2021-07-04;PL;Poland;634;2881571;105;75106;2.60642545333778
2021-07-11;PL;Poland;558;2882129;72;75178;2.6084189847158123
2021-07-18;PL;Poland;607;2882736;55;75233;2.6097776556715564
2021-07-25;PL;Poland;733;2883469;27;75260;2.6100506022433394
2021-08-01;PL;Poland;882;2884351;19;75279;2.6099112070618316
2021-08-08;PL;Poland;1070;2885421;24;75303;2.6097751419983424
2021-08-15;PL;Poland;1240;2886661;14;75317;2.6091390710582227
2021-08-22;PL;Poland;1373;2888034;17;75334;2.6084872962021914
2021-08-29;PL;Poland;1577;2889611;24;75358;2.607894280579635
2021-09-05;PL;Poland;2254;2891865;37;75395;2.607141066405244
2021-09-12;PL;Poland;3166;2895031;46;75441;2.6058788316947212
2021-09-19;PL;Poland;4284;2899315;62;75503;2.6041668463068
2021-09-26;PL;Poland;5303;2904618;84;75587;2.602304330552245
2021-10-03;PL;Poland;7634;2912252;123;75710;2.5997063440938493
2021-10-10;PL;Poland;11535;2923787;173;75883;2.595366899161943
2021-10-17;PL;Poland;17191;2940978;243;76126;2.588458669190997
2021-10-24;PL;Poland;33327;2974305;335;76461;2.5707182013949477
2021-10-31;PL;Poland;52284;3026589;553;77014;2.5445807144610653
2021-11-07;PL;Poland;78939;3105528;758;77772;2.5043084460999867
2021-11-14;PL;Poland;100283;3205811;1109;78881;2.460563021338438
2021-11-21;PL;Poland;140762;3346573;1953;80834;2.415426168800143
2021-11-28;PL;Poland;162271;3508844;2213;83047;2.366790886115199
2021-12-05;PL;Poland;163539;3672383;2633;85680;2.333089985439972
2021-12-12;PL;Poland;156823;3829206;2805;88485;2.310792367921705
2021-12-19;PL;Poland;130602;3959808;3006;91491;2.310490811675718
2021-12-26;PL;Poland;91024;4050832;2839;94330;2.328657421487734
2022-01-02;PL;Poland;77580;4128412;3266;97596;2.364008243363308
2022-01-09;PL;Poland;85772;4214184;2151;99747;2.3669350934842903
2022-01-16;PL;Poland;99852;4314036;2564;102311;2.3715842890509027
2022-01-23;PL;Poland;205147;4519183;1537;103848;2.2979374811774607
2022-01-30;PL;Poland;334382;4853565;1317;105165;2.166757836765347
2022-02-06;PL;Poland;311108;5164673;1434;106599;2.0640028904056464
2022-02-13;PL;Poland;236085;5400758;1522;108121;2.0019597249126884
2022-02-20;PL;Poland;152407;5553165;1695;109816;1.977538935003732
2022-02-27;PL;Poland;106705;5659870;1501;111317;1.9667766220778922
2022-03-06;PL;Poland;81270;5741140;1228;112545;1.960324952883922
2022-03-13;PL;Poland;76923;5818063;899;113444;1.9498585697679796
2022-03-20;PL;Poland;72482;5890545;775;114219;1.939022620148051
2022-03-27;PL;Poland;52113;5942658;608;114827;1.9322498451029826
2022-04-03;PL;Poland;26428;5969086;517;115344;1.9323561429672818
2022-04-10;PL;Poland;8626;5977712;290;115634;1.934419055317486
2022-04-17;PL;Poland;7050;5984762;203;115837;1.9355322734638403
2022-04-24;PL;Poland;5956;5990718;110;115947;1.935444132072316
2022-05-01;PL;Poland;5555;5996273;111;116058;1.9355022694930668
2022-05-08;PL;Poland;3677;5999950;79;116137;1.9356327969399745
2022-05-15;PL;Poland;3019;6002969;70;116207;1.935825422386822
2022-05-22;PL;Poland;2100;6005069;61;116268;1.9361642638910561
2022-05-29;PL;Poland;1627;6006696;43;116311;1.9363556937124837
2022-06-05;PL;Poland;1457;6008153;36;116347;1.9364853058835219
2022-06-12;PL;Poland;1436;6009589;22;116369;1.9363886615207795
2022-06-19;PL;Poland;1196;6010785;22;116391;1.9363693760465563
2022-06-26;PL;Poland;1840;6012625;24;116415;1.9361759630776905
2022-07-03;PL;Poland;3335;6015960;18;116433;1.9354018311291965
2022-07-10;PL;Poland;5820;6021780;18;116451;1.9338301963871147
2022-07-17;PL;Poland;10251;6032031;17;116468;1.9308256207569225
2022-07-24;PL;Poland;16595;6048626;40;116508;1.9261895180822886
2022-07-31;PL;Poland;20661;6069287;60;116568;1.9206209889234105
2022-08-07;PL;Poland;24630;6093917;90;116658;1.9143352297052947
2022-08-14;PL;Poland;25009;6118926;113;116771;1.9083577738969224
2022-08-21;PL;Poland;24437;6143363;108;116879;1.9025247246500003
2022-08-28;PL;Poland;23541;6166904;149;117028;1.8976783163804725
2022-09-04;PL;Poland;20275;6187179;123;117151;1.8934477247223653
2022-09-11;PL;Poland;25179;6212358;99;117250;1.8873670834810226
2022-09-18;PL;Poland;32071;6244429;99;117349;1.8792590963881566
2022-09-25;PL;Poland;28692;6273121;106;117455;1.8723534903917844
2022-10-02;PL;Poland;24135;6297256;142;117597;1.8674324181834119
2022-10-09;PL;Poland;17763;6315019;158;117755;1.864681642288012
2022-10-16;PL;Poland;11598;6326617;144;117899;1.8635393923798453
2022-10-23;PL;Poland;8147;6334764;129;118028;1.8631791176435302
2022-10-30;PL;Poland;5404;6340168;95;118123;1.8630894323304996
2022-11-06;PL;Poland;3491;6343659;46;118169;1.8627892829674482
2022-11-13;PL;Poland;2539;6346198;40;118209;1.8626743130296282
2022-11-20;PL;Poland;2533;6348731;64;118273;1.862939223602323
2022-11-27;PL;Poland;2475;6351206;32;118305;1.8627170965640225
2022-12-04;PL;Poland;3091;6354297;34;118339;1.8623460628296098
2022-12-11;PL;Poland;3089;6357386;43;118382;1.8621175432795807
2022-12-18;PL;Poland;4105;6361491;47;118429;1.86165475986683
2022-12-25;PL;Poland;3891;6365382;46;118475;1.8612394354337258
2023-01-01;PL;Poland;3160;6368542;58;118533;1.8612266355470375
2023-01-08;PL;Poland;2633;6371175;53;118586;1.8612893226131757
2023-01-15;PL;Poland;2060;6373235;65;118651;1.8617075943378834
2023-01-22;PL;Poland;2083;6375318;30;118681;1.8615698856119804
2023-01-29;PL;Poland;2888;6378206;34;118715;1.8612600471041543
2023-02-05;PL;Poland;4754;6382960;33;118748;1.8603907904796522
2023-02-12;PL;Poland;6655;6389615;31;118779;1.85893829283924
2023-02-19;PL;Poland;10603;6400218;47;118826;1.8565930098006036
2023-02-26;PL;Poland;14971;6415189;42;118868;1.8529150115452562
2023-03-05;PL;Poland;17062;6432251;84;118952;1.8493059428184628
2023-03-12;PL;Poland;20385;6452636;78;119030;1.8446724718394159
2023-03-19;PL;Poland;20347;6472983;106;119136;1.8405115539466117
2023-03-26;PL;Poland;15383;6488366;109;119245;1.8378278907200982
2023-04-02;PL;Poland;9358;6497724;116;119361;1.8369662977374845
2023-04-09;PL;Poland;6370;6504094;62;119423;1.8361204496736976
2023-04-16;PL;Poland;4671;6508765;59;119482;1.8357092320893442
2023-04-23;PL;Poland;3215;6511980;38;119520;1.8353864723171753
2023-04-30;PL;Poland;1901;6513881;35;119555;1.8353881503208305
2023-05-07;PL;Poland;933;6514814;8;119563;1.8352480976433094
2023-05-14;PL;Poland;805;6515619;22;119585;1.8353590042634476
2023-05-21;PL;Poland;652;6516271;11;119596;1.8353441715361438
2023-05-28;PL;Poland;510;6516781;13;119609;1.835400023416469
2023-06-04;PL;Poland;386;6517167;8;119617;1.8354140687203504
2023-06-11;PL;Poland;260;6517427;5;119622;1.8354175658584284
2023-06-18;PL;Poland;201;6517628;1;119623;1.835376305613024
2023-06-25;PL;Poland;179;6517807;1;119624;1.8353412428444107
2023-07-02;PL;Poland;103;6517910;3;119627;1.8353582666836454
2023-07-09;PL;Poland;67;6517977;3;119630;1.8353854271041459
2023-07-16;PL;Poland;81;6518058;2;119632;1.8353933027291258
2023-07-23;PL;Poland;71;6518129;0;119632;1.835373310347187
2023-07-30;PL;Poland;47;6518176;3;119635;1.8354061013387795
2023-08-06;PL;Poland;94;6518270;0;119635;1.835379632939415
2023-08-13;PL;Poland;125;6518395;0;119635;1.8353444367823675
2023-08-20;PL;Poland;188;6518583;2;119637;1.8353221858186048
2023-08-27;PL;Poland;252;6518835;1;119638;1.835266577540312
2023-09-03;PL;Poland;369;6519204;2;119640;1.8351933763692623
2023-09-10;PL;Poland;539;6519743;2;119642;1.8350723333726497
2023-09-17;PL;Poland;933;6520676;3;119645;1.8348557726223478
2023-09-24;PL;Poland;1222;6521898;2;119647;1.8345426438745285
2023-10-01;PL;Poland;1437;6523335;7;119654;1.83424582671287
2023-10-08;PL;Poland;1431;6524766;1;119655;1.833858869421524
2023-10-15;PL;Poland;1740;6526506;2;119657;1.8334005975019405
2023-10-22;PL;Poland;2495;6529001;8;119665;1.8328225099061863
2023-10-29;PL;Poland;3938;6532939;21;119686;1.8320391480771518
2023-11-05;PL;Poland;4261;6537200;9;119695;1.8309826837177998
2023-11-12;PL;Poland;6227;6543427;26;119721;1.8296375889881558
2023-11-19;PL;Poland;7463;6550890;24;119745;1.8279195651277917
2023-11-26;PL;Poland;9710;6560600;64;119809;1.8261896777733746
2023-12-03;PL;Poland;13111;6573711;30;119839;1.8230037797524106
2023-12-10;PL;Poland;17007;6590718;47;119886;1.8190127388245103
2023-12-17;PL;Poland;18374;6609092;132;120018;1.8159529327175354
2023-12-24;PL;Poland;15554;6624646;141;120159;1.8138176741821375
2023-12-31;PL;Poland;7419;6632065;79;120238;1.812979818502985
2024-01-07;PL;Poland;8613;6640678;191;120429;1.813504584923407
2024-01-14;PL;Poland;4974;6645652;68;120497;1.8131704759743663
2024-01-21;PL;Poland;4265;6649917;53;120550;1.812804580869205
2020-01-05;PT;Portugal;0;0;0;0;0.0
2020-01-12;PT;Portugal;0;0;0;0;0.0
2020-01-19;PT;Portugal;0;0;0;0;0.0
2020-01-26;PT;Portugal;0;0;0;0;0.0
2020-02-02;PT;Portugal;0;0;0;0;0.0
2020-02-09;PT;Portugal;0;0;0;0;0.0
2020-02-16;PT;Portugal;0;0;0;0;0.0
2020-02-23;PT;Portugal;1;1;0;0;0.0
2020-03-01;PT;Portugal;1;2;0;0;0.0
2020-03-08;PT;Portugal;27;29;0;0;0.0
2020-03-15;PT;Portugal;289;318;0;0;0.0
2020-03-22;PT;Portugal;1405;1723;26;26;1.5089959373186304
2020-03-29;PT;Portugal;3726;5449;124;150;2.7527986786566343
2020-04-05;PT;Portugal;5045;10494;206;356;3.39241471316943
2020-04-12;PT;Portugal;4433;14927;246;602;4.032960407315603
2020-04-19;PT;Portugal;4241;19168;217;819;4.272746243739566
2020-04-26;PT;Portugal;3181;22349;187;1006;4.501319969573583
2020-05-03;PT;Portugal;2371;24720;140;1146;4.635922330097087
2020-05-10;PT;Portugal;2326;27046;80;1226;4.533017821489314
2020-05-17;PT;Portugal;1853;28899;69;1295;4.481123914322295
2020-05-24;PT;Portugal;2008;30907;68;1363;4.410004206166888
2020-05-31;PT;Portugal;1956;32863;69;1432;4.357484100660317
2020-06-07;PT;Portugal;2111;34974;50;1482;4.237433522044948
2020-06-14;PT;Portugal;1959;36933;31;1513;4.096607370102618
2020-06-21;PT;Portugal;2461;39394;20;1533;3.8914555516068434
2020-06-28;PT;Portugal;2673;42067;38;1571;3.7345187439085272
2020-07-05;PT;Portugal;2457;44524;54;1625;3.6497170065582605
2020-07-12;PT;Portugal;2566;47090;41;1666;3.537906137184116
2020-07-19;PT;Portugal;2143;49233;29;1695;3.442812747547377
2020-07-26;PT;Portugal;1700;50933;29;1724;3.3848389060137825
2020-08-02;PT;Portugal;1444;52377;18;1742;3.3258873169520973
2020-08-09;PT;Portugal;1484;53861;22;1764;3.2750970089675278
2020-08-16;PT;Portugal;1597;55458;19;1783;3.2150456201089113
2020-08-23;PT;Portugal;1524;56982;23;1806;3.1694219227124356
2020-08-30;PT;Portugal;2322;59304;21;1827;3.080736543909348
2020-09-06;PT;Portugal;2566;61870;22;1849;2.9885243251979956
2020-09-13;PT;Portugal;3818;65688;28;1877;2.8574473267567897
2020-09-20;PT;Portugal;4518;70206;49;1926;2.743355268780446
2020-09-27;PT;Portugal;4815;75021;37;1963;2.616600685141494
2020-10-04;PT;Portugal;5383;80404;61;2024;2.517287697129496
2020-10-11;PT;Portugal;7508;87912;81;2105;2.3944398944398944
2020-10-18;PT;Portugal;12995;100907;105;2210;2.190135471275531
2020-10-25;PT;Portugal;17475;118382;146;2356;1.9901674241016372
2020-11-01;PT;Portugal;23294;141676;245;2601;1.8358790479686045
2020-11-08;PT;Portugal;32323;173999;377;2978;1.7115040891039606
2020-11-15;PT;Portugal;34571;208570;527;3505;1.680490962266865
2020-11-22;PT;Portugal;36869;245439;480;3985;1.6236213478705501
2020-11-29;PT;Portugal;33275;278714;532;4517;1.6206577351693852
2020-12-06;PT;Portugal;26465;305179;534;5051;1.655094223390207
2020-12-13;PT;Portugal;25959;331138;609;5660;1.7092571677065151
2020-12-20;PT;Portugal;26186;357324;543;6203;1.735959521330781
2020-12-27;PT;Portugal;20150;377474;492;6695;1.7736320912168786
2021-01-03;PT;Portugal;32506;409980;530;7225;1.7622810868822871
2021-01-10;PT;Portugal;53049;463029;745;7970;1.7212744774085422
2021-01-17;PT;Portugal;62101;525130;1109;9079;1.7289052234684743
2021-01-24;PT;Portugal;81676;606806;1698;10777;1.7760206721752916
2021-01-31;PT;Portugal;78867;685673;2014;12791;1.8654664832945151
2021-02-07;PT;Portugal;44485;730158;1587;14378;1.9691628387280562
2021-02-14;PT;Portugal;22830;752988;1034;15412;2.046778965933056
2021-02-21;PT;Portugal;13874;766862;608;16020;2.089032968122035
2021-02-28;PT;Portugal;8805;775667;326;16346;2.1073476117973304
2021-03-07;PT;Portugal;8816;784483;209;16555;2.1103070429824484
2021-03-14;PT;Portugal;7577;792060;130;16685;2.1065323334090853
2021-03-21;PT;Portugal;4789;796849;88;16773;2.1049157368585516
2021-03-28;PT;Portugal;4960;801809;59;16832;2.0992530640090097
2021-04-04;PT;Portugal;4342;806151;42;16874;2.093156244921857
2021-04-11;PT;Portugal;4479;810630;34;16908;2.0857851300840085
2021-04-18;PT;Portugal;4181;814811;27;16935;2.078396094308987
2021-04-25;PT;Portugal;4125;818936;19;16954;2.070247247648168
2021-05-02;PT;Portugal;3760;822696;13;16967;2.0623656855022996
2021-05-09;PT;Portugal;3480;826176;15;16982;2.0554942288325972
2021-05-16;PT;Portugal;3228;829404;17;16999;2.0495440099155537
2021-05-23;PT;Portugal;3653;833057;7;17006;2.0413969272210664
2021-05-30;PT;Portugal;3887;836944;7;17013;2.0327524900112794
2021-06-06;PT;Portugal;4288;841232;12;17025;2.023817448694296
2021-06-13;PT;Portugal;5133;846365;10;17035;2.012725006350688
2021-06-20;PT;Portugal;7841;854206;22;17057;1.996825121809025
2021-06-27;PT;Portugal;9700;863906;19;17076;1.9766039360763785
2021-07-04;PT;Portugal;14651;878557;31;17107;1.9471701892990436
2021-07-11;PT;Portugal;19512;898069;49;17156;1.9103209218890753
2021-07-18;PT;Portugal;25787;923856;52;17208;1.8626279420169378
2021-07-25;PT;Portugal;23120;946976;86;17294;1.8262342445848683
2021-08-01;PT;Portugal;18721;965697;79;17373;1.7990114911820165
2021-08-08;PT;Portugal;16062;981759;103;17476;1.7800702616426232
2021-08-15;PT;Portugal;16530;998289;89;17565;1.7595105225040042
2021-08-22;PT;Portugal;16297;1014586;70;17635;1.7381473822820341
2021-08-29;PT;Portugal;16168;1030754;83;17718;1.718935846962515
2021-09-05;PT;Portugal;12570;1043324;80;17798;1.705893854641511
2021-09-12;PT;Portugal;9003;1052327;56;17854;1.6966209172624098
2021-09-19;PT;Portugal;6887;1059214;48;17902;1.6901211653169237
2021-09-26;PT;Portugal;6193;1065407;40;17942;1.684051259284011
2021-10-03;PT;Portugal;4753;1070160;45;17987;1.6807767062869103
2021-10-10;PT;Portugal;4540;1074700;49;18036;1.6782357867311808
2021-10-17;PT;Portugal;4986;1079686;51;18087;1.675209273807385
2021-10-24;PT;Portugal;5452;1085138;38;18125;1.670294469459184
2021-10-31;PT;Portugal;5882;1091020;25;18150;1.6635808692782899
2021-11-07;PT;Portugal;6953;1097973;45;18195;1.6571445745933642
2021-11-14;PT;Portugal;9958;1107931;60;18255;1.6476657842410765
2021-11-21;PT;Portugal;14949;1122880;79;18334;1.6327657452265603
2021-11-28;PT;Portugal;20269;1143149;92;18426;1.6118633703917862
2021-12-05;PT;Portugal;23850;1166999;122;18548;1.5893758263717448
2021-12-12;PT;Portugal;27410;1194409;122;18670;1.5631161520048829
2021-12-19;PT;Portugal;31699;1226108;125;18795;1.5328992225807188
2021-12-26;PT;Portugal;56540;1282648;93;18888;1.4725786030150128
2022-01-02;PT;Portugal;149550;1432198;114;19002;1.3267718569639115
2022-01-09;PT;Portugal;236118;1668316;133;19135;1.146964963472148
2022-01-16;PT;Portugal;264007;1932323;205;19340;1.0008678673285987
2022-01-23;PT;Portugal;367358;2299681;281;19621;0.8532052923862049
2022-01-30;PT;Portugal;405306;2704987;292;19913;0.7361588059388086
2022-02-06;PT;Portugal;308062;3013049;355;20268;0.6726740919248244
2022-02-13;PT;Portugal;169681;3182730;301;20569;0.6462690834597971
2022-02-20;PT;Portugal;105839;3288569;298;20867;0.6345313113393698
2022-02-27;PT;Portugal;80116;3368685;202;21069;0.6254369286531688
2022-03-06;PT;Portugal;82398;3451083;155;21224;0.6149953507348274
2022-03-13;PT;Portugal;85842;3536925;140;21364;0.6040275097719064
2022-03-20;PT;Portugal;81477;3618402;127;21491;0.593936218253251
2022-03-27;PT;Portugal;77148;3695550;158;21649;0.585812666585488
2022-04-03;PT;Portugal;68162;3763712;151;21800;0.5792154128689975
2022-04-10;PT;Portugal;62897;3826609;152;21952;0.5736671815698965
2022-04-17;PT;Portugal;63637;3890246;145;22097;0.5680103520445751
2022-04-24;PT;Portugal;70068;3960314;127;22224;0.5611676245873433
2022-05-01;PT;Portugal;74057;4034371;128;22352;0.5540392789854974
2022-05-08;PT;Portugal;100901;4135272;131;22483;0.5436885409230638
2022-05-15;PT;Portugal;160111;4295383;192;22675;0.5278923905039434
2022-05-22;PT;Portugal;190560;4485943;223;22898;0.5104389422692174
2022-05-29;PT;Portugal;175844;4661787;231;23129;0.49614021404238334
2022-06-05;PT;Portugal;165476;4827263;295;23424;0.4852439156515814
2022-06-12;PT;Portugal;118089;4945352;262;23686;0.4789547842094961
2022-06-19;PT;Portugal;100752;5046104;269;23955;0.47472267713864
2022-06-26;PT;Portugal;75145;5121249;155;24110;0.47078359204951764
2022-07-03;PT;Portugal;66673;5187922;136;24246;0.46735475205679655
2022-07-10;PT;Portugal;53160;5241082;139;24385;0.4652665232102836
2022-07-17;PT;Portugal;36813;5277895;119;24504;0.4642760039750696
2022-07-24;PT;Portugal;30282;5308177;83;24587;0.46319103526502603
2022-07-31;PT;Portugal;22110;5330287;70;24657;0.4625829716110971
2022-08-07;PT;Portugal;19202;5349489;70;24727;0.4622310654344742
2022-08-14;PT;Portugal;17633;5367122;57;24784;0.4617744854691211
2022-08-21;PT;Portugal;16001;5383123;40;24824;0.46114495247461373
2022-08-28;PT;Portugal;17870;5400993;45;24869;0.4604523649632577
2022-09-04;PT;Portugal;16575;5417568;48;24917;0.45992962155712674
2022-09-11;PT;Portugal;15909;5433477;39;24956;0.4593007387350678
2022-09-18;PT;Portugal;17355;5450832;41;24997;0.45859054177417324
2022-09-25;PT;Portugal;19259;5470091;42;25039;0.45774375599967165
2022-10-02;PT;Portugal;17513;5487604;50;25089;0.45719406866822027
2022-10-09;PT;Portugal;6467;5494071;42;25131;0.45742037188816814
2022-10-16;PT;Portugal;7052;5501123;47;25178;0.4576883665389776
2022-10-23;PT;Portugal;7736;5508859;50;25228;0.4579532712672443
2022-10-30;PT;Portugal;5806;5514665;61;25289;0.4585772662528005
2022-11-06;PT;Portugal;5304;5519969;49;25338;0.4590243169843889
2022-11-13;PT;Portugal;6060;5526029;55;25393;0.45951622765642386
2022-11-20;PT;Portugal;6093;5532122;48;25441;0.45987778288331316
2022-11-27;PT;Portugal;5126;5537248;60;25501;0.4605356306959703
2022-12-04;PT;Portugal;3963;5541211;69;25570;0.4614514769424951
2022-12-11;PT;Portugal;3370;5544581;73;25643;0.4624876072691516
2022-12-18;PT;Portugal;3445;5548026;71;25714;0.4634801639357855
2022-12-25;PT;Portugal;2542;5550568;59;25773;0.4643308576707825
2023-01-01;PT;Portugal;2401;5552969;50;25823;0.4650305089043356
2023-01-08;PT;Portugal;2154;5555123;61;25884;0.46594827873298217
2023-01-15;PT;Portugal;1851;5556974;58;25942;0.46683680722637894
2023-01-22;PT;Portugal;1333;5558307;64;26006;0.46787627959376843
2023-01-29;PT;Portugal;1242;5559549;33;26039;0.46836532963375266
2023-02-05;PT;Portugal;1074;5560623;27;26066;0.4687604248660627
2023-02-12;PT;Portugal;1646;5562269;52;26118;0.4695565784394821
2023-02-19;PT;Portugal;1544;5563813;57;26175;0.47045075023190036
2023-02-26;PT;Portugal;1567;5565380;53;26228;0.47127060506200835
2023-03-05;PT;Portugal;1585;5566965;49;26277;0.47201661946859735
2023-03-12;PT;Portugal;1609;5568574;42;26319;0.472634466202658
2023-03-19;PT;Portugal;1736;5570310;57;26376;0.47351045094438193
2023-03-26;PT;Portugal;1615;5571925;45;26421;0.47418082619561464
2023-04-02;PT;Portugal;1568;5573493;44;26465;0.47483687518760676
2023-04-09;PT;Portugal;1344;5574837;30;26495;0.4752605322810335
2023-04-16;PT;Portugal;1754;5576591;36;26531;0.47575660470706926
2023-04-23;PT;Portugal;1510;5578101;39;26570;0.4763269793788244
2023-04-30;PT;Portugal;1309;5579410;34;26604;0.47682461048748886
2023-05-07;PT;Portugal;1379;5580789;50;26654;0.4776027188987077
2023-05-14;PT;Portugal;1333;5582122;24;26678;0.47791861231266536
2023-05-21;PT;Portugal;1618;5583740;42;26720;0.47853230988548895
2023-05-28;PT;Portugal;2082;5585822;36;26756;0.47899843568234
2023-06-04;PT;Portugal;1758;5587580;46;26802;0.47967098457650714
2023-06-11;PT;Portugal;1255;5588835;40;26842;0.48027898479736836
2023-06-18;PT;Portugal;1123;5589958;45;26887;0.4809875136807825
2023-06-25;PT;Portugal;1096;5591054;26;26913;0.4813582555274909
2023-07-02;PT;Portugal;1029;5592083;27;26940;0.48175250617703635
2023-07-09;PT;Portugal;1253;5593336;30;26970;0.4821809381735694
2023-07-16;PT;Portugal;1400;5594736;23;26993;0.482471380240283
2023-07-23;PT;Portugal;1379;5596115;31;27024;0.48290644491759016
2023-07-30;PT;Portugal;1837;5597952;37;27061;0.48340893240956695
2023-08-06;PT;Portugal;1713;5599665;45;27106;0.48406467172589795
2023-08-13;PT;Portugal;2386;5602051;33;27139;0.484447571077093
2023-08-20;PT;Portugal;3172;5605223;52;27191;0.4851011280015086
2023-08-27;PT;Portugal;4332;5609555;73;27264;0.4860278578247294
2023-09-03;PT;Portugal;4165;5613720;54;27318;0.4866291870631239
2023-09-10;PT;Portugal;3980;5617700;56;27374;0.48728127169482177
2023-09-17;PT;Portugal;3231;5620931;60;27434;0.48806861354462455
2023-09-24;PT;Portugal;2583;5623514;68;27502;0.4890536415486829
2023-10-01;PT;Portugal;2649;5626163;42;27544;0.48956988981655886
2023-10-08;PT;Portugal;1903;5628066;37;27581;0.4900617725520632
2023-10-15;PT;Portugal;1734;5629800;53;27634;0.49085225052399734
2023-10-22;PT;Portugal;1085;5630885;40;27674;0.4914680374399406
2023-10-29;PT;Portugal;744;5631629;28;27702;0.4919003009608765
2023-11-05;PT;Portugal;618;5632247;20;27722;0.4922014251150562
2023-11-12;PT;Portugal;710;5632957;16;27738;0.4924234287604184
2023-11-19;PT;Portugal;700;5633657;26;27764;0.492823755510852
2023-11-26;PT;Portugal;770;5634427;19;27783;0.49309361892522524
2023-12-03;PT;Portugal;795;5635222;18;27801;0.4933434743121034
2023-12-10;PT;Portugal;845;5636067;27;27828;0.4937485661543768
2023-12-17;PT;Portugal;1065;5637132;26;27854;0.49411651172972354
2023-12-24;PT;Portugal;1172;5638304;32;27886;0.4945813492851751
2023-12-31;PT;Portugal;1167;5639471;43;27929;0.49524148630252735
2024-01-07;PT;Portugal;1035;5640506;47;27976;0.49598387095058494
2024-01-14;PT;Portugal;633;5641139;43;28019;0.4966904733246247
2024-01-21;PT;Portugal;540;5641679;41;28060;0.49736966601609206
2020-01-05;PR;Puerto Rico;0;0;0;0;0.0
2020-01-12;PR;Puerto Rico;0;0;0;0;0.0
2020-01-19;PR;Puerto Rico;0;0;0;0;0.0
2020-01-26;PR;Puerto Rico;0;0;0;0;0.0
2020-02-02;PR;Puerto Rico;0;0;0;0;0.0
2020-02-09;PR;Puerto Rico;0;0;0;0;0.0
2020-02-16;PR;Puerto Rico;0;0;0;0;0.0
2020-02-23;PR;Puerto Rico;0;0;0;0;0.0
2020-03-01;PR;Puerto Rico;0;0;0;0;0.0
2020-03-08;PR;Puerto Rico;0;0;0;0;0.0
2020-03-15;PR;Puerto Rico;2;2;0;0;0.0
2020-03-22;PR;Puerto Rico;39;41;4;4;9.75609756097561
2020-03-29;PR;Puerto Rico;255;296;12;16;5.405405405405405
2020-04-05;PR;Puerto Rico;335;631;18;34;5.388272583201268
2020-04-12;PR;Puerto Rico;158;789;24;58;7.3510773130545
2020-04-19;PR;Puerto Rico;138;927;21;79;8.522114347357066
2020-04-26;PR;Puerto Rico;109;1036;19;98;9.45945945945946
2020-05-03;PR;Puerto Rico;92;1128;15;113;10.0177304964539
2020-05-10;PR;Puerto Rico;108;1236;10;123;9.951456310679612
2020-05-17;PR;Puerto Rico;73;1309;5;128;9.778456837280366
2020-05-24;PR;Puerto Rico;59;1368;9;137;10.014619883040936
2020-05-31;PR;Puerto Rico;77;1445;6;143;9.896193771626297
2020-06-07;PR;Puerto Rico;86;1531;6;149;9.732201175702155
2020-06-14;PR;Puerto Rico;85;1616;4;153;9.467821782178218
2020-06-21;PR;Puerto Rico;104;1720;3;156;9.069767441860465
2020-06-28;PR;Puerto Rico;220;1940;2;158;8.144329896907216
2020-07-05;PR;Puerto Rico;488;2428;5;163;6.71334431630972
2020-07-12;PR;Puerto Rico;1346;3774;14;177;4.6899841017488075
2020-07-19;PR;Puerto Rico;2008;5782;16;193;3.3379453476305776
2020-07-26;PR;Puerto Rico;1678;7460;29;222;2.975871313672922
2020-08-02;PR;Puerto Rico;1559;9019;44;266;2.9493291939239383
2020-08-09;PR;Puerto Rico;2520;11539;45;311;2.6952075569806744
2020-08-16;PR;Puerto Rico;2379;13918;73;384;2.7590171001580686
2020-08-23;PR;Puerto Rico;1954;15872;49;433;2.7280745967741935
2020-08-30;PR;Puerto Rico;1779;17651;29;462;2.617415443884199
2020-09-06;PR;Puerto Rico;1750;19401;53;515;2.654502345239936
2020-09-13;PR;Puerto Rico;2283;21684;73;588;2.7116768123962367
2020-09-20;PR;Puerto Rico;2697;24381;47;635;2.6044871006111316
2020-09-27;PR;Puerto Rico;1926;26307;46;681;2.5886646139810696
2020-10-04;PR;Puerto Rico;1921;28228;50;731;2.589627320391101
2020-10-11;PR;Puerto Rico;2507;30735;42;773;2.515047990889865
2020-10-18;PR;Puerto Rico;2692;33427;40;813;2.4321656146229094
2020-10-25;PR;Puerto Rico;3343;36770;37;850;2.3116671199347296
2020-11-01;PR;Puerto Rico;4007;40777;41;891;2.1850553007823037
2020-11-08;PR;Puerto Rico;4559;45336;54;945;2.084436209634727
2020-11-15;PR;Puerto Rico;5835;51171;73;1018;1.9894080631607747
2020-11-22;PR;Puerto Rico;6477;57648;82;1100;1.9081321121287815
2020-11-29;PR;Puerto Rico;4783;62431;108;1208;1.9349361695311624
2020-12-06;PR;Puerto Rico;6636;69067;104;1312;1.8996047316373956
2020-12-13;PR;Puerto Rico;5807;74874;117;1429;1.9085396799957262
2020-12-20;PR;Puerto Rico;4687;79561;109;1538;1.9331079297645832
2020-12-27;PR;Puerto Rico;2742;82303;92;1630;1.9804867380289903
2021-01-03;PR;Puerto Rico;3042;85345;68;1698;1.9895717382389129
2021-01-10;PR;Puerto Rico;3514;88859;81;1779;2.0020481887034514
2021-01-17;PR;Puerto Rico;3810;92669;58;1837;1.9823241860816454
2021-01-24;PR;Puerto Rico;2834;95503;47;1884;1.9727128990712335
2021-01-31;PR;Puerto Rico;2412;97915;53;1937;1.9782464382372467
2021-02-07;PR;Puerto Rico;1942;99857;44;1981;1.9838368867480496
2021-02-14;PR;Puerto Rico;1497;101354;31;2012;1.9851214554926297
2021-02-21;PR;Puerto Rico;1280;102634;29;2041;1.9886197556365337
2021-02-28;PR;Puerto Rico;1336;103970;26;2067;1.9880734827354043
2021-03-07;PR;Puerto Rico;1176;105146;18;2085;1.9829570311756985
2021-03-14;PR;Puerto Rico;1160;106306;13;2098;1.9735480593757644
2021-03-21;PR;Puerto Rico;1815;108121;19;2117;1.9579915095124907
2021-03-28;PR;Puerto Rico;2503;110624;12;2129;1.9245371709574774
2021-04-04;PR;Puerto Rico;3463;114087;22;2151;1.8854032448920561
2021-04-11;PR;Puerto Rico;7814;121901;28;2179;1.7875160991296217
2021-04-18;PR;Puerto Rico;7458;129359;54;2233;1.7262038203758532
2021-04-25;PR;Puerto Rico;5377;134736;58;2291;1.700362189763686
2021-05-02;PR;Puerto Rico;3366;138102;53;2344;1.6972962013584163
2021-05-09;PR;Puerto Rico;1902;140004;56;2400;1.7142367360932547
2021-05-16;PR;Puerto Rico;1253;141257;55;2455;1.7379669680086651
2021-05-23;PR;Puerto Rico;952;142209;38;2493;1.7530536042022655
2021-05-30;PR;Puerto Rico;653;142862;22;2515;1.7604401450350688
2021-06-06;PR;Puerto Rico;404;143266;19;2534;1.7687378722097358
2021-06-13;PR;Puerto Rico;368;143634;9;2543;1.7704721723268864
2021-06-20;PR;Puerto Rico;330;143964;9;2552;1.7726653885693646
2021-06-27;PR;Puerto Rico;299;144263;5;2557;1.7724572482202643
2021-07-04;PR;Puerto Rico;469;144732;5;2562;1.7701683110853164
2021-07-11;PR;Puerto Rico;661;145393;3;2565;1.7641839703424513
2021-07-18;PR;Puerto Rico;1354;146747;6;2571;1.7519949300496773
2021-07-25;PR;Puerto Rico;2326;149073;8;2579;1.7300248871358326
2021-08-01;PR;Puerto Rico;3914;152987;15;2594;1.6955689045474454
2021-08-08;PR;Puerto Rico;5806;158793;34;2628;1.654984791521037
2021-08-15;PR;Puerto Rico;7050;165843;59;2687;1.6202070633068624
2021-08-22;PR;Puerto Rico;6078;171921;90;2777;1.6152767841043267
2021-08-29;PR;Puerto Rico;5321;177242;83;2860;1.6136130262578847
2021-09-05;PR;Puerto Rico;4103;181345;90;2950;1.6267335741266646
2021-09-12;PR;Puerto Rico;2803;184148;86;3036;1.6486738927384497
2021-09-19;PR;Puerto Rico;1952;186100;65;3101;1.6663084363245568
2021-09-26;PR;Puerto Rico;1490;187590;55;3156;1.682392451623221
2021-10-03;PR;Puerto Rico;980;188570;26;3182;1.6874370260380762
2021-10-10;PR;Puerto Rico;975;189545;23;3205;1.6908913450631775
2021-10-17;PR;Puerto Rico;714;190259;14;3219;1.6919041937569312
2021-10-24;PR;Puerto Rico;678;190937;16;3235;1.6942761224906646
2021-10-31;PR;Puerto Rico;745;191682;11;3246;1.6934297430118632
2021-11-07;PR;Puerto Rico;941;192623;7;3253;1.6887910581810064
2021-11-14;PR;Puerto Rico;898;193521;10;3263;1.6861219195849546
2021-11-21;PR;Puerto Rico;884;194405;7;3270;1.682055502687688
2021-11-28;PR;Puerto Rico;573;194978;4;3274;1.6791638030957339
2021-12-05;PR;Puerto Rico;982;195960;4;3278;1.67279036538069
2021-12-12;PR;Puerto Rico;894;196854;4;3282;1.667225456429638
2021-12-19;PR;Puerto Rico;12116;208970;10;3292;1.5753457434081446
2021-12-26;PR;Puerto Rico;43364;252334;9;3301;1.308186768330863
2022-01-02;PR;Puerto Rico;72566;324900;30;3331;1.0252385349338258
2022-01-09;PR;Puerto Rico;66268;391168;98;3429;0.8766054482984293
2022-01-16;PR;Puerto Rico;53195;444363;163;3592;0.8083481297947849
2022-01-23;PR;Puerto Rico;23235;467598;180;3772;0.806675819828143
2022-01-30;PR;Puerto Rico;12423;480021;136;3908;0.8141310484332978
2022-02-06;PR;Puerto Rico;6736;486757;87;3995;0.8207380684818091
2022-02-13;PR;Puerto Rico;4004;490761;69;4064;0.8281016625200455
2022-02-20;PR;Puerto Rico;2469;493230;43;4107;0.8326744115321453
2022-02-27;PR;Puerto Rico;1847;495077;29;4136;0.8354256004621504
2022-03-06;PR;Puerto Rico;1604;496681;22;4158;0.8371570484878625
2022-03-13;PR;Puerto Rico;1426;498107;9;4167;0.8365672435842098
2022-03-20;PR;Puerto Rico;1552;499659;2;4169;0.8343690396850653
2022-03-27;PR;Puerto Rico;2114;501773;4;4173;0.831650965675714
2022-04-03;PR;Puerto Rico;3456;505229;9;4182;0.8277434589067532
2022-04-10;PR;Puerto Rico;6088;511317;11;4193;0.8200392320224049
2022-04-17;PR;Puerto Rico;10770;522087;5;4198;0.804080545962646
2022-04-24;PR;Puerto Rico;23624;545711;8;4206;0.7707376248600449
2022-05-01;PR;Puerto Rico;29984;575695;17;4223;0.7335481461537794
2022-05-08;PR;Puerto Rico;33645;609340;27;4250;0.6974759575934617
2022-05-15;PR;Puerto Rico;35589;644929;38;4288;0.6648793898243063
2022-05-22;PR;Puerto Rico;33626;678555;51;4339;0.6394470602972493
2022-05-29;PR;Puerto Rico;30231;708786;49;4388;0.6190867201101602
2022-06-05;PR;Puerto Rico;28179;736965;39;4427;0.6007069535188239
2022-06-12;PR;Puerto Rico;25388;762353;41;4468;0.5860802016913425
2022-06-19;PR;Puerto Rico;24883;787236;41;4509;0.5727634406963097
2022-06-26;PR;Puerto Rico;24923;812159;64;4573;0.5630670841547036
2022-07-03;PR;Puerto Rico;22949;835108;51;4624;0.5537008386939175
2022-07-10;PR;Puerto Rico;18243;853351;41;4665;0.5466683697564074
2022-07-17;PR;Puerto Rico;18704;872055;44;4709;0.5399888768483639
2022-07-24;PR;Puerto Rico;20155;892210;45;4754;0.5328341982268748
2022-07-31;PR;Puerto Rico;18555;910765;47;4801;0.5271392730287175
2022-08-07;PR;Puerto Rico;22489;933254;47;4848;0.5194727266103334
2022-08-14;PR;Puerto Rico;18684;951938;50;4898;0.5145293075809558
2022-08-21;PR;Puerto Rico;15185;967123;39;4937;0.5104831546762925
2022-08-28;PR;Puerto Rico;15613;982736;53;4990;0.5077660734927794
2022-09-04;PR;Puerto Rico;13188;995924;40;5030;0.5050586189307618
2022-09-11;PR;Puerto Rico;10193;1006117;33;5063;0.5032217922965222
2022-09-18;PR;Puerto Rico;8459;1014576;47;5110;0.5036586712084654
2022-09-25;PR;Puerto Rico;4188;1018764;49;5159;0.5063979488870828
2022-10-02;PR;Puerto Rico;5078;1023842;20;5179;0.505839768245491
2022-10-09;PR;Puerto Rico;5375;1029217;27;5206;0.5058214156975642
2022-10-16;PR;Puerto Rico;5811;1035028;29;5235;0.5057834184195983
2022-10-23;PR;Puerto Rico;7360;1042388;23;5258;0.5044187001385281
2022-10-30;PR;Puerto Rico;7747;1050135;17;5275;0.5023163688478148
2022-11-06;PR;Puerto Rico;8047;1058182;20;5295;0.5003865119610804
2022-11-13;PR;Puerto Rico;7865;1066047;23;5318;0.49885230200919845
2022-11-20;PR;Puerto Rico;8840;1074887;28;5346;0.4973546056469192
2022-11-27;PR;Puerto Rico;7259;1082146;36;5382;0.4973450902188799
2022-12-04;PR;Puerto Rico;12431;1094577;42;5424;0.49553389117439883
2022-12-11;PR;Puerto Rico;12129;1106706;38;5462;0.493536675503702
2022-12-18;PR;Puerto Rico;13058;1119764;39;5501;0.49126423067717845
2022-12-25;PR;Puerto Rico;11275;1131039;40;5541;0.48990353117797
2023-01-01;PR;Puerto Rico;10107;1141146;36;5577;0.4887192348744157
2023-01-08;PR;Puerto Rico;7978;1149124;37;5614;0.48854605769264237
2023-01-15;PR;Puerto Rico;11238;1160362;34;5648;0.48674465382354815
2023-01-22;PR;Puerto Rico;8830;1169192;34;5682;0.48597664027807236
2023-01-29;PR;Puerto Rico;8127;1177319;32;5714;0.48533999706111935
2023-02-05;PR;Puerto Rico;6087;1183406;29;5743;0.48529414250054503
2023-02-12;PR;Puerto Rico;5033;1188439;32;5775;0.4859315454979179
2023-02-19;PR;Puerto Rico;4574;1193013;23;5798;0.4859963805926675
2023-02-26;PR;Puerto Rico;3700;1196713;15;5813;0.48574720923061754
2023-03-05;PR;Puerto Rico;3062;1199775;17;5830;0.48592444416661457
2023-03-12;PR;Puerto Rico;3086;1202861;14;5844;0.4858416724791976
2023-03-19;PR;Puerto Rico;3026;1205887;11;5855;0.48553471428085715
2023-03-26;PR;Puerto Rico;3117;1209004;6;5861;0.4847792066858339
2023-04-02;PR;Puerto Rico;2775;1211779;7;5868;0.48424671495379934
2023-04-09;PR;Puerto Rico;1887;1213666;6;5874;0.4839881812623901
2023-04-16;PR;Puerto Rico;3211;1216877;8;5882;0.4833684916388427
2023-04-23;PR;Puerto Rico;3521;1220398;8;5890;0.48262943728193586
2023-04-30;PR;Puerto Rico;3968;1224366;11;5901;0.48196372653275243
2023-05-07;PR;Puerto Rico;5044;1229410;11;5912;0.4808810730350331
2023-05-14;PR;Puerto Rico;6240;1235650;15;5927;0.4796665722494234
2023-05-21;PR;Puerto Rico;6916;1242566;11;5938;0.47788206018835216
2023-05-28;PR;Puerto Rico;6903;1249469;0;5938;0.47524188275179297
2023-06-04;PR;Puerto Rico;3244;1252713;0;5938;0.47401120607832764
2023-06-11;PR;Puerto Rico;0;1252713;0;5938;0.47401120607832764
2023-06-18;PR;Puerto Rico;0;1252713;0;5938;0.47401120607832764
2023-06-25;PR;Puerto Rico;0;1252713;0;5938;0.47401120607832764
2023-07-02;PR;Puerto Rico;0;1252713;0;5938;0.47401120607832764
2023-07-09;PR;Puerto Rico;0;1252713;0;5938;0.47401120607832764
2023-07-16;PR;Puerto Rico;0;1252713;0;5938;0.47401120607832764
2023-07-23;PR;Puerto Rico;0;1252713;0;5938;0.47401120607832764
2023-07-30;PR;Puerto Rico;0;1252713;0;5938;0.47401120607832764
2023-08-06;PR;Puerto Rico;0;1252713;0;5938;0.47401120607832764
2023-08-13;PR;Puerto Rico;0;1252713;0;5938;0.47401120607832764
2023-08-20;PR;Puerto Rico;0;1252713;0;5938;0.47401120607832764
2023-08-27;PR;Puerto Rico;0;1252713;0;5938;0.47401120607832764
2023-09-03;PR;Puerto Rico;0;1252713;0;5938;0.47401120607832764
2023-09-10;PR;Puerto Rico;0;1252713;0;5938;0.47401120607832764
2023-09-17;PR;Puerto Rico;0;1252713;0;5938;0.47401120607832764
2023-09-24;PR;Puerto Rico;0;1252713;0;5938;0.47401120607832764
2023-10-01;PR;Puerto Rico;0;1252713;0;5938;0.47401120607832764
2023-10-08;PR;Puerto Rico;0;1252713;0;5938;0.47401120607832764
2023-10-15;PR;Puerto Rico;0;1252713;0;5938;0.47401120607832764
2023-10-22;PR;Puerto Rico;0;1252713;0;5938;0.47401120607832764
2023-10-29;PR;Puerto Rico;0;1252713;0;5938;0.47401120607832764
2023-11-05;PR;Puerto Rico;0;1252713;0;5938;0.47401120607832764
2023-11-12;PR;Puerto Rico;0;1252713;0;5938;0.47401120607832764
2023-11-19;PR;Puerto Rico;0;1252713;0;5938;0.47401120607832764
2023-11-26;PR;Puerto Rico;0;1252713;0;5938;0.47401120607832764
2023-12-03;PR;Puerto Rico;0;1252713;0;5938;0.47401120607832764
2023-12-10;PR;Puerto Rico;0;1252713;0;5938;0.47401120607832764
2023-12-17;PR;Puerto Rico;0;1252713;0;5938;0.47401120607832764
2023-12-24;PR;Puerto Rico;0;1252713;0;5938;0.47401120607832764
2023-12-31;PR;Puerto Rico;0;1252713;0;5938;0.47401120607832764
2024-01-07;PR;Puerto Rico;0;1252713;0;5938;0.47401120607832764
2024-01-14;PR;Puerto Rico;0;1252713;0;5938;0.47401120607832764
2024-01-21;PR;Puerto Rico;0;1252713;0;5938;0.47401120607832764
2020-01-05;QA;Qatar;0;0;0;0;0.0
2020-01-12;QA;Qatar;0;0;0;0;0.0
2020-01-19;QA;Qatar;0;0;0;0;0.0
2020-01-26;QA;Qatar;0;0;0;0;0.0
2020-02-02;QA;Qatar;0;0;0;0;0.0
2020-02-09;QA;Qatar;0;0;0;0;0.0
2020-02-16;QA;Qatar;0;0;0;0;0.0
2020-02-23;QA;Qatar;0;0;0;0;0.0
2020-03-01;QA;Qatar;0;0;0;0;0.0
2020-03-08;QA;Qatar;12;12;0;0;0.0
2020-03-15;QA;Qatar;325;337;0;0;0.0
2020-03-22;QA;Qatar;144;481;0;0;0.0
2020-03-29;QA;Qatar;109;590;0;0;0.0
2020-04-05;QA;Qatar;735;1325;3;3;0.22641509433962265
2020-04-12;QA;Qatar;1403;2728;3;6;0.21994134897360706
2020-04-19;QA;Qatar;2280;5008;2;8;0.1597444089456869
2020-04-26;QA;Qatar;4350;9358;2;10;0.10686044026501389
2020-05-03;QA;Qatar;5514;14872;2;12;0.08068854222700376
2020-05-10;QA;Qatar;6459;21331;1;13;0.06094416576813089
2020-05-17;QA;Qatar;9641;30972;2;15;0.048430840759395584
2020-05-24;QA;Qatar;11241;42213;6;21;0.049747708052021895
2020-05-31;QA;Qatar;13049;55262;15;36;0.06514422206941478
2020-06-07;QA;Qatar;11933;67195;15;51;0.07589850435300245
2020-06-14;QA;Qatar;11221;78416;19;70;0.08926749642930014
2020-06-21;QA;Qatar;8072;86488;24;94;0.10868559800203496
2020-06-28;QA;Qatar;7175;93663;16;110;0.1174423198061134
2020-07-05;QA;Qatar;5520;99183;13;123;0.12401318774386741
2020-07-12;QA;Qatar;3945;103128;23;146;0.14157163912807386
2020-07-19;QA;Qatar;3180;106308;8;154;0.14486209880723935
2020-07-26;QA;Qatar;2728;109036;10;164;0.15040903921640558
2020-08-02;QA;Qatar;1875;110911;10;174;0.15688254546438135
2020-08-09;QA;Qatar;1739;112650;8;182;0.1615623612960497
2020-08-16;QA;Qatar;2159;114809;10;192;0.16723427605849717
2020-08-23;QA;Qatar;1956;116765;1;193;0.1652892561983471
2020-08-30;QA;Qatar;1642;118407;3;196;0.16553075409393025
2020-09-06;QA;Qatar;1457;119864;6;202;0.1685243275712474
2020-09-13;QA;Qatar;1659;121523;3;205;0.16869234630481472
2020-09-20;QA;Qatar;1623;123146;4;209;0.16971724619557274
2020-09-27;QA;Qatar;1704;124850;5;214;0.17140568682418902
2020-10-04;QA;Qatar;1489;126339;2;216;0.17096858452259397
2020-10-11;QA;Qatar;1439;127778;3;219;0.17139100627651083
2020-10-18;QA;Qatar;1449;129227;4;223;0.17256455694243464
2020-10-25;QA;Qatar;1738;130965;6;229;0.17485587752452944
2020-11-01;QA;Qatar;1591;132556;3;232;0.17502036874981142
2020-11-08;QA;Qatar;1457;134013;0;232;0.17311753337362792
2020-11-15;QA;Qatar;1557;135570;2;234;0.17260455853064838
2020-11-22;QA;Qatar;1492;137062;1;235;0.17145525382673535
2020-11-29;QA;Qatar;1415;138477;2;237;0.17114755518967048
2020-12-06;QA;Qatar;1306;139783;2;239;0.17097930363491984
2020-12-13;QA;Qatar;1044;140827;1;240;0.17042186512529559
2020-12-20;QA;Qatar;1031;141858;3;243;0.17129805862200229
2020-12-27;QA;Qatar;1045;142903;1;244;0.1707451907937552
2021-01-03;QA;Qatar;1337;144240;1;245;0.16985579589572933
2021-01-10;QA;Qatar;1432;145672;1;246;0.1688725355593388
2021-01-17;QA;Qatar;1417;147089;0;246;0.16724568118622057
2021-01-24;QA;Qatar;1683;148772;2;248;0.16669803457639878
2021-01-31;QA;Qatar;2212;150984;0;248;0.16425581518571505
2021-02-07;QA;Qatar;2706;153690;2;250;0.16266510508165788
2021-02-14;QA;Qatar;3114;156804;5;255;0.16262340246422285
2021-02-21;QA;Qatar;3163;159967;1;256;0.1600330068076541
2021-02-28;QA;Qatar;3230;163197;1;257;0.15747838501933245
2021-03-07;QA;Qatar;3278;166475;5;262;0.15738098813635681
2021-03-14;QA;Qatar;3292;169767;3;265;0.1560962966889914
2021-03-21;QA;Qatar;3439;173206;7;272;0.15703843977691304
2021-03-28;QA;Qatar;3929;177135;12;284;0.1603296920427922
2021-04-04;QA;Qatar;5413;182548;17;301;0.1648881390100138
2021-04-11;QA;Qatar;6516;189064;30;331;0.1750729911564338
2021-04-18;QA;Qatar;6693;195757;45;376;0.19207486833165607
2021-04-25;QA;Qatar;5739;201496;42;418;0.20744828681462663
2021-05-02;QA;Qatar;4806;206302;47;465;0.22539771790869695
2021-05-09;QA;Qatar;4301;210603;37;502;0.2383631762130644
2021-05-16;QA;Qatar;2324;212927;24;526;0.24703302070662714
2021-05-23;QA;Qatar;2233;215160;17;543;0.25237032905744566
2021-05-30;QA;Qatar;1881;217041;11;554;0.25525131196409895
2021-06-06;QA;Qatar;1414;218455;12;566;0.25909226156416654
2021-06-13;QA;Qatar;1158;219613;10;576;0.2622795553997259
2021-06-20;QA;Qatar;1080;220693;6;582;0.26371475307327374
2021-06-27;QA;Qatar;897;221590;6;588;0.2653549347894761
2021-07-04;QA;Qatar;863;222453;4;592;0.2661236306096119
2021-07-11;QA;Qatar;819;223272;7;599;0.26828263284245224
2021-07-18;QA;Qatar;888;224160;0;599;0.2672198429693076
2021-07-25;QA;Qatar;912;225072;1;600;0.2665813606312647
2021-08-01;QA;Qatar;1167;226239;1;601;0.2656482746122463
2021-08-08;QA;Qatar;1233;227472;0;601;0.2642083421256243
2021-08-15;QA;Qatar;1509;228981;0;601;0.26246719160104987
2021-08-22;QA;Qatar;1651;230632;0;601;0.2605882965069895
2021-08-29;QA;Qatar;1555;232187;1;602;0.2592737750175505
2021-09-05;QA;Qatar;1250;233437;0;602;0.25788542518966573
2021-09-12;QA;Qatar;1072;234509;2;604;0.25755941136587507
2021-09-19;QA;Qatar;877;235386;0;604;0.2565997977789673
2021-09-26;QA;Qatar;845;236231;0;604;0.2556819384416101
2021-10-03;QA;Qatar;603;236834;2;606;0.25587542329226376
2021-10-10;QA;Qatar;525;237359;1;607;0.2557307706891249
2021-10-17;QA;Qatar;508;237867;1;608;0.25560502297502385
2021-10-24;QA;Qatar;569;238436;0;608;0.25499505108289017
2021-10-31;QA;Qatar;707;239143;2;610;0.2550775059274158
2021-11-07;QA;Qatar;852;239995;1;611;0.2545886372632763
2021-11-14;QA;Qatar;970;240965;0;611;0.253563795571971
2021-11-21;QA;Qatar;1004;241969;0;611;0.2525116853811852
2021-11-28;QA;Qatar;1010;242979;0;611;0.25146206050728664
2021-12-05;QA;Qatar;1092;244071;0;611;0.2503369921047564
2021-12-12;QA;Qatar;1117;245188;1;612;0.2496043852064538
2021-12-19;QA;Qatar;1179;246367;2;614;0.24922168959316793
2021-12-26;QA;Qatar;1429;247796;0;614;0.2477844678687307
2022-01-02;QA;Qatar;3565;251361;4;618;0.2458615298315968
2022-01-09;QA;Qatar;15601;266962;0;618;0.23149362081494743
2022-01-16;QA;Qatar;28259;295221;6;624;0.2113670775452966
2022-01-23;QA;Qatar;25143;320364;9;633;0.19758774394126682
2022-01-30;QA;Qatar;15717;336081;12;645;0.19191801976309283
2022-02-06;QA;Qatar;8630;344711;7;652;0.1891439495693494
2022-02-13;QA;Qatar;5477;350188;4;656;0.18732794955852286
2022-02-20;QA;Qatar;3592;353780;6;662;0.18712194018881792
2022-02-27;QA;Qatar;2583;356363;5;667;0.18716870157676302
2022-03-06;QA;Qatar;1720;358083;3;670;0.18710745832670078
2022-03-13;QA;Qatar;945;359028;5;675;0.188007620575554
2022-03-20;QA;Qatar;778;359806;2;677;0.1881569512459492
2022-03-27;QA;Qatar;898;360704;0;677;0.18768852022711144
2022-04-03;QA;Qatar;963;361667;0;677;0.18718876756795616
2022-04-10;QA;Qatar;956;362623;0;677;0.18669527305217815
2022-04-17;QA;Qatar;820;363443;0;677;0.18627405122673982
2022-04-24;QA;Qatar;646;364089;0;677;0.18594354677015784
2022-05-01;QA;Qatar;513;364602;0;677;0.18568192165703973
2022-05-08;QA;Qatar;456;365058;0;677;0.18544998329032647
2022-05-15;QA;Qatar;976;366034;0;677;0.18495549593753588
2022-05-22;QA;Qatar;918;366952;0;677;0.18449279469794413
2022-05-29;QA;Qatar;1135;368087;0;677;0.1839239092931834
2022-06-05;QA;Qatar;1549;369636;0;677;0.1831531560778712
2022-06-12;QA;Qatar;2210;371846;0;677;0.18206461814837324
2022-06-19;QA;Qatar;3077;374923;1;678;0.18083713189108164
2022-06-26;QA;Qatar;4354;379277;0;678;0.17876116927733554
2022-07-03;QA;Qatar;4530;383807;1;679;0.17691183329121146
2022-07-10;QA;Qatar;4574;388381;0;679;0.17482832579348628
2022-07-17;QA;Qatar;5453;393834;1;680;0.17266157822839065
2022-07-24;QA;Qatar;7488;401322;0;680;0.1694400007973647
2022-07-31;QA;Qatar;6427;407749;1;681;0.1670145113783234
2022-08-07;QA;Qatar;5740;413489;0;681;0.1646960378631596
2022-08-14;QA;Qatar;5133;418622;0;681;0.1626765912923831
2022-08-21;QA;Qatar;4496;423118;0;681;0.16094800977505092
2022-08-28;QA;Qatar;3883;427001;0;681;0.15948440401778918
2022-09-04;QA;Qatar;3944;430945;0;681;0.15802480594971516
2022-09-11;QA;Qatar;4247;435192;1;682;0.15671243956690378
2022-09-18;QA;Qatar;5388;440580;0;682;0.15479595079213765
2022-09-25;QA;Qatar;5697;446277;0;682;0.15281988540749356
2022-10-02;QA;Qatar;5398;451675;0;682;0.15099352410472133
2022-10-09;QA;Qatar;5144;456819;0;682;0.14929326494738615
2022-10-16;QA;Qatar;4579;461398;0;682;0.1478116506790233
2022-10-23;QA;Qatar;3732;465130;2;684;0.1470556618579752
2022-10-30;QA;Qatar;3172;468302;0;684;0.14605959402266058
2022-11-06;QA;Qatar;2702;471004;0;684;0.1452216966310265
2022-11-13;QA;Qatar;2436;473440;0;684;0.1444744846231835
2022-11-20;QA;Qatar;2186;475626;0;684;0.14381047293461668
2022-11-27;QA;Qatar;1794;477420;1;685;0.14347953583846507
2022-12-04;QA;Qatar;2679;480099;0;685;0.14267890580901024
2022-12-11;QA;Qatar;3722;483821;0;685;0.14158128729426794
2022-12-18;QA;Qatar;2406;486227;0;685;0.14088069975546402
2022-12-25;QA;Qatar;1760;487987;0;685;0.1403725918928168
2023-01-01;QA;Qatar;1441;489428;0;685;0.13995929942708632
2023-01-08;QA;Qatar;1065;490493;0;685;0.13965540792631087
2023-01-15;QA;Qatar;811;491304;0;685;0.1394248774689398
2023-01-22;QA;Qatar;606;491910;1;686;0.13945640462686262
2023-01-29;QA;Qatar;344;492254;0;686;0.13935894883535735
2023-02-05;QA;Qatar;341;492595;0;686;0.13926247728864483
2023-02-12;QA;Qatar;330;492925;0;686;0.1391692448141198
2023-02-19;QA;Qatar;427;493352;0;686;0.1390487927483825
2023-02-26;QA;Qatar;372;493724;0;686;0.1389440254069075
2023-03-05;QA;Qatar;653;494377;1;687;0.1389627753718316
2023-03-12;QA;Qatar;713;495090;1;688;0.1389646326930457
2023-03-19;QA;Qatar;766;495856;0;688;0.13874995966570938
2023-03-26;QA;Qatar;2056;497912;0;688;0.13817702726586226
2023-04-02;QA;Qatar;1939;499851;0;688;0.13764101702307288
2023-04-09;QA;Qatar;2257;502108;0;688;0.13702231392449432
2023-04-16;QA;Qatar;2744;504852;2;690;0.13667371823821634
2023-04-23;QA;Qatar;1471;506323;0;690;0.1362766455404949
2023-04-30;QA;Qatar;1684;508007;0;690;0.13582490005058984
2023-05-07;QA;Qatar;1433;509440;0;690;0.1354428391959799
2023-05-14;QA;Qatar;1539;510979;0;690;0.13503490358703585
2023-05-21;QA;Qatar;953;511932;0;690;0.13478352593703852
2023-05-28;QA;Qatar;1183;513115;0;690;0.13447277900665544
2023-06-04;QA;Qatar;465;513580;0;690;0.13435102613030103
2023-06-11;QA;Qatar;465;514045;0;690;0.1342294935268313
2023-06-18;QA;Qatar;291;514336;0;690;0.13415354943072233
2023-06-25;QA;Qatar;188;514524;0;690;0.1341045315670406
2023-07-02;QA;Qatar;0;514524;0;690;0.1341045315670406
2023-07-09;QA;Qatar;0;514524;0;690;0.1341045315670406
2023-07-16;QA;Qatar;0;514524;0;690;0.1341045315670406
2023-07-23;QA;Qatar;0;514524;0;690;0.1341045315670406
2023-07-30;QA;Qatar;0;514524;0;690;0.1341045315670406
2023-08-06;QA;Qatar;0;514524;0;690;0.1341045315670406
2023-08-13;QA;Qatar;0;514524;0;690;0.1341045315670406
2023-08-20;QA;Qatar;0;514524;0;690;0.1341045315670406
2023-08-27;QA;Qatar;0;514524;0;690;0.1341045315670406
2023-09-03;QA;Qatar;0;514524;0;690;0.1341045315670406
2023-09-10;QA;Qatar;0;514524;0;690;0.1341045315670406
2023-09-17;QA;Qatar;0;514524;0;690;0.1341045315670406
2023-09-24;QA;Qatar;0;514524;0;690;0.1341045315670406
2023-10-01;QA;Qatar;0;514524;0;690;0.1341045315670406
2023-10-08;QA;Qatar;0;514524;0;690;0.1341045315670406
2023-10-15;QA;Qatar;0;514524;0;690;0.1341045315670406
2023-10-22;QA;Qatar;0;514524;0;690;0.1341045315670406
2023-10-29;QA;Qatar;0;514524;0;690;0.1341045315670406
2023-11-05;QA;Qatar;0;514524;0;690;0.1341045315670406
2023-11-12;QA;Qatar;0;514524;0;690;0.1341045315670406
2023-11-19;QA;Qatar;0;514524;0;690;0.1341045315670406
2023-11-26;QA;Qatar;0;514524;0;690;0.1341045315670406
2023-12-03;QA;Qatar;0;514524;0;690;0.1341045315670406
2023-12-10;QA;Qatar;0;514524;0;690;0.1341045315670406
2023-12-17;QA;Qatar;0;514524;0;690;0.1341045315670406
2023-12-24;QA;Qatar;0;514524;0;690;0.1341045315670406
2023-12-31;QA;Qatar;0;514524;0;690;0.1341045315670406
2024-01-07;QA;Qatar;0;514524;0;690;0.1341045315670406
2024-01-14;QA;Qatar;0;514524;0;690;0.1341045315670406
2024-01-21;QA;Qatar;0;514524;0;690;0.1341045315670406
2020-01-05;KR;Republic of Korea;0;0;0;0;0.0
2020-01-12;KR;Republic of Korea;0;0;0;0;0.0
2020-01-19;KR;Republic of Korea;1;1;0;0;0.0
2020-01-26;KR;Republic of Korea;2;3;0;0;0.0
2020-02-02;KR;Republic of Korea;12;15;0;0;0.0
2020-02-09;KR;Republic of Korea;12;27;0;0;0.0
2020-02-16;KR;Republic of Korea;3;30;0;0;0.0
2020-02-23;KR;Republic of Korea;526;556;3;3;0.539568345323741
2020-03-01;KR;Republic of Korea;2970;3526;14;17;0.4821327283040272
2020-03-08;KR;Republic of Korea;3608;7134;33;50;0.7008690776562938
2020-03-15;KR;Republic of Korea;1028;8162;25;75;0.9188924283263906
2020-03-22;KR;Republic of Korea;735;8897;29;104;1.1689333483196582
2020-03-29;KR;Republic of Korea;686;9583;48;152;1.5861421266826672
2020-04-05;KR;Republic of Korea;654;10237;31;183;1.7876330956334865
2020-04-12;KR;Republic of Korea;275;10512;31;214;2.0357686453576864
2020-04-19;KR;Republic of Korea;149;10661;20;234;2.1949160491511117
2020-04-26;KR;Republic of Korea;67;10728;8;242;2.2557792692020877
2020-05-03;KR;Republic of Korea;65;10793;8;250;2.316316130825535
2020-05-10;KR;Republic of Korea;81;10874;6;256;2.354239470296119
2020-05-17;KR;Republic of Korea;176;11050;6;262;2.3710407239819005
2020-05-24;KR;Republic of Korea;140;11190;4;266;2.377122430741734
2020-05-31;KR;Republic of Korea;278;11468;4;270;2.3543773979769793
2020-06-07;KR;Republic of Korea;308;11776;3;273;2.3182744565217392
2020-06-14;KR;Republic of Korea;308;12084;4;277;2.292287322078782
2020-06-21;KR;Republic of Korea;337;12421;3;280;2.254246840028983
2020-06-28;KR;Republic of Korea;294;12715;2;282;2.217852929610696
2020-07-05;KR;Republic of Korea;374;13089;1;283;2.162120864848346
2020-07-12;KR;Republic of Korea;328;13417;6;289;2.1539837519564733
2020-07-19;KR;Republic of Korea;328;13745;6;295;2.1462349945434704
2020-07-26;KR;Republic of Korea;405;14150;3;298;2.106007067137809
2020-08-02;KR;Republic of Korea;216;14366;3;301;2.0952248364193236
2020-08-09;KR;Republic of Korea;232;14598;4;305;2.089327305110289
2020-08-16;KR;Republic of Korea;720;15318;0;305;1.9911215563389477
2020-08-23;KR;Republic of Korea;2081;17399;4;309;1.7759641358698774
2020-08-30;KR;Republic of Korea;2300;19699;14;323;1.639677140971623
2020-09-06;KR;Republic of Korea;1478;21177;11;334;1.5771827926524058
2020-09-13;KR;Republic of Korea;999;22176;24;358;1.6143578643578644
2020-09-20;KR;Republic of Korea;799;22975;25;383;1.6670293797606095
2020-09-27;KR;Republic of Korea;636;23611;18;401;1.6983609334632161
2020-10-04;KR;Republic of Korea;480;24091;20;421;1.7475405753185835
2020-10-11;KR;Republic of Korea;515;24606;11;432;1.755669348939283
2020-10-18;KR;Republic of Korea;593;25199;12;444;1.7619746815349815
2020-10-25;KR;Republic of Korea;637;25836;13;457;1.768849667131135
2020-11-01;KR;Republic of Korea;799;26635;9;466;1.7495776234278206
2020-11-08;KR;Republic of Korea;791;27426;12;478;1.7428717275577918
2020-11-15;KR;Republic of Korea;1118;28544;15;493;1.7271580717488788
2020-11-22;KR;Republic of Korea;2126;30670;12;505;1.6465601565047276
2020-11-29;KR;Republic of Korea;3091;33761;18;523;1.5491247297177217
2020-12-06;KR;Republic of Korea;3776;37537;22;545;1.4519007912193302
2020-12-13;KR;Republic of Korea;5221;42758;35;580;1.3564713036156977
2020-12-20;KR;Republic of Korea;6896;49654;94;674;1.3573931606718492
2020-12-27;KR;Republic of Korea;7201;56855;134;808;1.4211590889103862
2021-01-03;KR;Republic of Korea;7396;64251;154;962;1.4972529610434078
2021-01-10;KR;Republic of Korea;4844;69095;163;1125;1.6281930675157392
2021-01-17;KR;Republic of Korea;3623;72718;124;1249;1.717593993234137
2021-01-24;KR;Republic of Korea;2796;75514;100;1349;1.786423709510819
2021-01-31;KR;Republic of Korea;2989;78503;71;1420;1.8088480695005287
2021-02-07;KR;Republic of Korea;2673;81176;51;1471;1.8121119542721986
2021-02-14;KR;Republic of Korea;2685;83861;51;1522;1.814908002527993
2021-02-21;KR;Republic of Korea;3456;87317;35;1557;1.783157918847418
2021-02-28;KR;Republic of Korea;2703;90020;46;1603;1.780715396578538
2021-03-07;KR;Republic of Korea;2790;92810;31;1634;1.7605861437345112
2021-03-14;KR;Republic of Korea;3197;96007;35;1669;1.7384149072463466
2021-03-21;KR;Republic of Korea;3058;99065;27;1696;1.712007267955383
2021-03-28;KR;Republic of Korea;3062;102127;26;1722;1.6861358896276206
2021-04-04;KR;Republic of Korea;3620;105747;22;1744;1.6492193631970649
2021-04-11;KR;Republic of Korea;4394;110141;24;1768;1.6052151333290965
2021-04-18;KR;Republic of Korea;4505;114646;29;1797;1.5674336653699212
2021-04-25;KR;Republic of Korea;4732;119378;16;1813;1.5187052890817403
2021-05-02;KR;Republic of Korea;4342;123720;21;1834;1.48237956676366
2021-05-09;KR;Republic of Korea;4044;127764;41;1875;1.4675495444726214
2021-05-16;KR;Republic of Korea;4516;132280;28;1903;1.43861505896583
2021-05-23;KR;Republic of Korea;4178;136458;31;1934;1.4172859048205309
2021-05-30;KR;Republic of Korea;3880;140338;25;1959;1.3959155752540295
2021-06-06;KR;Republic of Korea;4297;144635;15;1974;1.3648148788329242
2021-06-13;KR;Republic of Korea;3638;148273;14;1988;1.3407700660268558
2021-06-20;KR;Republic of Korea;3233;151506;16;2004;1.3227198922814938
2021-06-27;KR;Republic of Korea;4066;155572;11;2015;1.2952202195767875
2021-07-04;KR;Republic of Korea;5223;160795;13;2028;1.2612332473024659
2021-07-11;KR;Republic of Korea;8351;169146;16;2044;1.2084234921310584
2021-07-18;KR;Republic of Korea;10057;179203;14;2058;1.148418274247641
2021-07-25;KR;Republic of Korea;10963;190166;19;2077;1.092203653649969
2021-08-01;KR;Republic of Korea;10835;201001;22;2099;1.044273411575067
2021-08-08;KR;Republic of Korea;11446;212447;26;2125;1.0002494739864531
2021-08-15;KR;Republic of Korea;13034;225481;42;2167;0.9610565856990168
2021-08-22;KR;Republic of Korea;12297;237778;55;2222;0.934485107957843
2021-08-29;KR;Republic of Korea;12271;250049;62;2284;0.91342096948998
2021-09-05;KR;Republic of Korea;11728;261777;43;2327;0.8889245426450757
2021-09-12;KR;Republic of Korea;12636;274413;33;2360;0.8600175647655176
2021-09-19;KR;Republic of Korea;13121;287534;49;2409;0.8378139628704779
2021-09-26;KR;Republic of Korea;16019;303553;47;2456;0.8090844103006725
2021-10-03;KR;Republic of Korea;16224;319777;57;2513;0.7858601462894456
2021-10-10;KR;Republic of Korea;13039;332816;70;2583;0.7761045142060479
2021-10-17;KR;Republic of Korea;10629;343445;85;2668;0.7768347188050488
2021-10-24;KR;Republic of Korea;9644;353089;105;2773;0.7853544007318268
2021-10-31;KR;Republic of Korea;13296;366385;86;2859;0.7803267055146907
2021-11-07;KR;Republic of Korea;15307;381692;121;2980;0.7807342045418819
2021-11-14;KR;Republic of Korea;15774;397466;135;3115;0.7837148334700327
2021-11-21;KR;Republic of Korea;20785;418251;183;3298;0.7885217249928871
2021-11-28;KR;Republic of Korea;25947;444198;282;3580;0.8059468975546941
2021-12-05;KR;Republic of Korea;33158;477356;313;3893;0.8155338992282488
2021-12-12;KR;Republic of Korea;45729;523085;400;4293;0.8207079155395395
2021-12-19;KR;Republic of Korea;47328;570413;483;4776;0.8372880702228035
2021-12-26;KR;Republic of Korea;41254;611667;524;5300;0.866484541425318
2022-01-02;KR;Republic of Korea;30535;642202;430;5730;0.8922426277090386
2022-01-09;KR;Republic of Korea;25184;667386;341;6071;0.9096684677233265
2022-01-16;KR;Republic of Korea;28644;696030;262;6333;0.9098745743717943
2022-01-23;KR;Republic of Korea;45378;741408;232;6565;0.8854773619923173
2022-01-30;KR;Republic of Korea;104291;845699;190;6755;0.7987475449302884
2022-02-06;KR;Republic of Korea;199263;1044962;131;6886;0.6589713310149077
2022-02-13;KR;Republic of Korea;360282;1405244;216;7102;0.5053926577875444
2022-02-20;KR;Republic of Korea;652917;2058161;348;7450;0.36197362596998
2022-02-27;KR;Republic of Korea;1076295;3134456;608;8058;0.2570781022289035
2022-03-06;KR;Republic of Korea;1532514;4666970;1038;9096;0.1949016171091736
2022-03-13;KR;Republic of Korea;2199242;6866212;1499;10595;0.15430633368151173
2022-03-20;KR;Republic of Korea;2716348;9582560;2162;12757;0.13312726453056387
2022-03-27;KR;Republic of Korea;2420314;12002874;2429;15186;0.12651969853220152
2022-04-03;KR;Republic of Korea;1998392;14001266;2267;17453;0.1246530135203488
2022-04-10;KR;Republic of Korea;1423253;15424519;2226;19679;0.1275825845849715
2022-04-17;KR;Republic of Korea;928917;16353436;1545;21224;0.12978312325311941
2022-04-24;KR;Republic of Korea;576068;16929504;1019;22243;0.13138601107274023
2022-05-01;KR;Republic of Korea;366118;17295622;715;22958;0.13273879366697536
2022-05-08;KR;Republic of Korea;269340;17564962;442;23400;0.13321975874471007
2022-05-15;KR;Republic of Korea;230350;17795312;344;23744;0.1334283995695046
2022-05-22;KR;Republic of Korea;172329;17967641;243;23987;0.13350110902149034
2022-05-29;KR;Republic of Korea;118806;18086447;180;24167;0.13361938914812843
2022-06-05;KR;Republic of Korea;82261;18168708;132;24299;0.13374093523876326
2022-06-12;KR;Republic of Korea;60570;18229278;91;24390;0.133795754280559
2022-06-19;KR;Republic of Korea;50785;18280063;73;24463;0.1338233899959754
2022-06-26;KR;Republic of Korea;49360;18329423;67;24530;0.13382854441189992
2022-07-03;KR;Republic of Korea;60188;18389611;46;24576;0.13364067353028838
2022-07-10;KR;Republic of Korea;122234;18511845;92;24668;0.1332552211840581
2022-07-17;KR;Republic of Korea;249912;18761757;97;24765;0.13199723245536119
2022-07-24;KR;Republic of Korea;449856;19211613;142;24907;0.1296455430369121
2022-07-31;KR;Republic of Korea;564437;19776050;177;25084;0.12684029419424
2022-08-07;KR;Republic of Korea;713078;20489128;248;25332;0.12363630116420767
2022-08-14;KR;Republic of Korea;866830;21355958;378;25710;0.12038794981709554
2022-08-21;KR;Republic of Korea;884373;22240331;451;26161;0.11762864500532838
2022-08-28;KR;Republic of Korea;743487;22983818;528;26689;0.11612082901108944
2022-09-04;KR;Republic of Korea;585374;23569192;504;27193;0.11537518978164377
2022-09-11;KR;Republic of Korea;435695;24004887;340;27533;0.11469747805936349
2022-09-18;KR;Republic of Korea;389579;24394466;358;27891;0.11433330821834756
2022-09-25;KR;Republic of Korea;225662;24620128;381;28272;0.11483287170562233
2022-10-02;KR;Republic of Korea;199483;24819611;256;28528;0.11494136632520147
2022-10-09;KR;Republic of Korea;151178;24970789;180;28708;0.11496633126009755
2022-10-16;KR;Republic of Korea;149676;25120465;148;28856;0.11487048508059065
2022-10-23;KR;Republic of Korea;176869;25297334;161;29017;0.11470378657292503
2022-10-30;KR;Republic of Korea;241465;25538799;213;29230;0.11445330690765841
2022-11-06;KR;Republic of Korea;299440;25838239;190;29420;0.11386224889397455
2022-11-13;KR;Republic of Korea;355990;26194229;328;29748;0.11356699981511194
2022-11-20;KR;Republic of Korea;364536;26558765;363;30111;0.1133750006824489
2022-11-27;KR;Republic of Korea;378751;26937516;343;30454;0.11305422519285
2022-12-04;KR;Republic of Korea;370574;27308090;339;30793;0.11276145640357858
2022-12-11;KR;Republic of Korea;420392;27728482;335;31128;0.11226002202356408
2022-12-18;KR;Republic of Korea;459811;28188293;362;31490;0.11171304342551003
2022-12-25;KR;Republic of Korea;470762;28659055;392;31882;0.11124581742140485
2023-01-01;KR;Republic of Korea;457745;29116800;419;32301;0.11093595450049455
2023-01-08;KR;Republic of Korea;403800;29520600;195;32496;0.11007906343367005
2023-01-15;KR;Republic of Korea;286291;29806891;0;32496;0.10902176949618798
2023-01-22;KR;Republic of Korea;192638;29999529;0;32496;0.10832170065070022
2023-01-29;KR;Republic of Korea;150072;30149601;0;32496;0.10778252090301295
2023-02-05;KR;Republic of Korea;107810;30257411;1118;33614;0.11109344418132801
2023-02-12;KR;Republic of Korea;92788;30350199;133;33747;0.11119202216763059
2023-02-19;KR;Republic of Korea;79372;30429571;118;33865;0.11128977138718124
2023-02-26;KR;Republic of Korea;69307;30498878;96;33961;0.11135163726350851
2023-03-05;KR;Republic of Korea;66037;30564915;73;34034;0.11134989251565071
2023-03-12;KR;Republic of Korea;69816;30634731;81;34115;0.11136053389860026
2023-03-19;KR;Republic of Korea;64299;30699030;56;34171;0.11130970587670033
2023-03-26;KR;Republic of Korea;70226;30769256;52;34223;0.11122465879577978
2023-04-02;KR;Republic of Korea;71121;30840377;58;34281;0.11115622873222335
2023-04-09;KR;Republic of Korea;73678;30914055;51;34332;0.11105628168158463
2023-04-16;KR;Republic of Korea;75087;30989142;44;34376;0.11092917641927615
2023-04-23;KR;Republic of Korea;89417;31078559;51;34427;0.11077411922476843
2023-04-30;KR;Republic of Korea;92327;31170886;60;34487;0.11063849773150496
2023-05-07;KR;Republic of Korea;106860;31277746;47;34534;0.11041076936937846
2023-05-14;KR;Republic of Korea;130356;31408102;76;34610;0.1101944969485899
2023-05-21;KR;Republic of Korea;133183;31541285;77;34687;0.10997332543680449
2023-05-28;KR;Republic of Korea;105688;31646973;67;34754;0.10981776993332032
2023-06-04;KR;Republic of Korea;100866;31747839;73;34827;0.1096988050115789
2023-06-11;KR;Republic of Korea;135758;31883597;66;34893;0.10943871859878293
2023-06-18;KR;Republic of Korea;21070;31904667;67;34960;0.10957644535202327
2023-06-25;KR;Republic of Korea;113819;32018486;57;35017;0.10936494623762036
2023-07-02;KR;Republic of Korea;113120;32131606;54;35071;0.10914798345280347
2023-07-09;KR;Republic of Korea;124548;32256154;0;35071;0.10872653943802477
2023-07-16;KR;Republic of Korea;150444;32406598;88;35159;0.10849333830104599
2023-07-23;KR;Republic of Korea;204911;32611509;57;35216;0.10798641669724637
2023-07-30;KR;Republic of Korea;271581;32883090;97;35313;0.1073895427710717
2023-08-06;KR;Republic of Korea;651129;33534219;98;35411;0.10559661461028809
2023-08-13;KR;Republic of Korea;81573;33615792;0;35411;0.10534037097802128
2023-08-20;KR;Republic of Korea;281745;33897537;146;35557;0.10489552677529344
2023-08-27;KR;Republic of Korea;282263;34179800;255;35812;0.10477533513946834
2023-09-03;KR;Republic of Korea;256742;34436542;0;35812;0.10399418152960886
2023-09-10;KR;Republic of Korea;135331;34571873;122;35934;0.10393998612687255
2023-09-17;KR;Republic of Korea;0;34571873;0;35934;0.10393998612687255
2023-09-24;KR;Republic of Korea;0;34571873;0;35934;0.10393998612687255
2023-10-01;KR;Republic of Korea;0;34571873;0;35934;0.10393998612687255
2023-10-08;KR;Republic of Korea;0;34571873;0;35934;0.10393998612687255
2023-10-15;KR;Republic of Korea;0;34571873;0;35934;0.10393998612687255
2023-10-22;KR;Republic of Korea;0;34571873;0;35934;0.10393998612687255
2023-10-29;KR;Republic of Korea;0;34571873;0;35934;0.10393998612687255
2023-11-05;KR;Republic of Korea;0;34571873;0;35934;0.10393998612687255
2023-11-12;KR;Republic of Korea;0;34571873;0;35934;0.10393998612687255
2023-11-19;KR;Republic of Korea;0;34571873;0;35934;0.10393998612687255
2023-11-26;KR;Republic of Korea;0;34571873;0;35934;0.10393998612687255
2023-12-03;KR;Republic of Korea;0;34571873;0;35934;0.10393998612687255
2023-12-10;KR;Republic of Korea;0;34571873;0;35934;0.10393998612687255
2023-12-17;KR;Republic of Korea;0;34571873;0;35934;0.10393998612687255
2023-12-24;KR;Republic of Korea;0;34571873;0;35934;0.10393998612687255
2023-12-31;KR;Republic of Korea;0;34571873;0;35934;0.10393998612687255
2024-01-07;KR;Republic of Korea;0;34571873;0;35934;0.10393998612687255
2024-01-14;KR;Republic of Korea;0;34571873;0;35934;0.10393998612687255
2024-01-21;KR;Republic of Korea;0;34571873;0;35934;0.10393998612687255
2020-01-05;MD;Republic of Moldova;0;0;0;0;0.0
2020-01-12;MD;Republic of Moldova;0;0;0;0;0.0
2020-01-19;MD;Republic of Moldova;0;0;0;0;0.0
2020-01-26;MD;Republic of Moldova;0;0;0;0;0.0
2020-02-02;MD;Republic of Moldova;0;0;0;0;0.0
2020-02-09;MD;Republic of Moldova;0;0;0;0;0.0
2020-02-16;MD;Republic of Moldova;0;0;0;0;0.0
2020-02-23;MD;Republic of Moldova;0;0;0;0;0.0
2020-03-01;MD;Republic of Moldova;0;0;0;0;0.0
2020-03-08;MD;Republic of Moldova;1;1;0;0;0.0
2020-03-15;MD;Republic of Moldova;7;8;0;0;0.0
2020-03-22;MD;Republic of Moldova;72;80;1;1;1.25
2020-03-29;MD;Republic of Moldova;151;231;1;2;0.8658008658008658
2020-04-05;MD;Republic of Moldova;521;752;10;12;1.5957446808510638
2020-04-12;MD;Republic of Moldova;808;1560;18;30;1.9230769230769231
2020-04-19;MD;Republic of Moldova;791;2351;30;60;2.552105487026797
2020-04-26;MD;Republic of Moldova;953;3304;34;94;2.8450363196125905
2020-05-03;MD;Republic of Moldova;748;4052;30;124;3.0602171767028628
2020-05-10;MD;Republic of Moldova;815;4867;41;165;3.3901787548798032
2020-05-17;MD;Republic of Moldova;1067;5934;44;209;3.5220761712167175
2020-05-24;MD;Republic of Moldova;1060;6994;41;250;3.574492422076065
2020-05-31;MD;Republic of Moldova;1104;8098;46;296;3.6552235119782663
2020-06-07;MD;Republic of Moldova;1413;9511;41;337;3.5432656923562194
2020-06-14;MD;Republic of Moldova;1948;11459;64;401;3.4994327602757656
2020-06-21;MD;Republic of Moldova;2494;13953;65;466;3.339783559091235
2020-06-28;MD;Republic of Moldova;2127;16080;62;528;3.2835820895522385
2020-07-05;MD;Republic of Moldova;1592;17672;58;586;3.3159800814848346
2020-07-12;MD;Republic of Moldova;1536;19208;58;644;3.3527696793002915
2020-07-19;MD;Republic of Moldova;1586;20794;40;684;3.289410406848129
2020-07-26;MD;Republic of Moldova;2034;22828;53;737;3.2284913264412123
2020-08-02;MD;Republic of Moldova;2285;25113;57;794;3.1617090749810854
2020-08-09;MD;Republic of Moldova;2330;27443;52;846;3.082753343293372
2020-08-16;MD;Republic of Moldova;2462;29905;54;900;3.0095301788998494
2020-08-23;MD;Republic of Moldova;3167;33072;40;940;2.842283502660861
2020-08-30;MD;Republic of Moldova;3332;36404;55;995;2.733216130095594
2020-09-06;MD;Republic of Moldova;3069;39473;73;1068;2.7056468978795634
2020-09-13;MD;Republic of Moldova;3241;42714;55;1123;2.6291145760172308
2020-09-20;MD;Republic of Moldova;3622;46336;83;1206;2.602727900552486
2020-09-27;MD;Republic of Moldova;4198;50534;78;1284;2.540863576997665
2020-10-04;MD;Republic of Moldova;5354;55888;78;1362;2.4370168909247063
2020-10-11;MD;Republic of Moldova;5874;61762;105;1467;2.3752469155791585
2020-10-18;MD;Republic of Moldova;4890;66652;111;1578;2.3675208545880095
2020-10-25;MD;Republic of Moldova;4437;71089;100;1678;2.360421443542602
2020-11-01;MD;Republic of Moldova;4951;76040;133;1811;2.3816412414518675
2020-11-08;MD;Republic of Moldova;5635;81675;106;1917;2.347107438016529
2020-11-15;MD;Republic of Moldova;7097;88772;115;2032;2.2890100482134006
2020-11-22;MD;Republic of Moldova;7917;96689;124;2156;2.229829660044059
2020-11-29;MD;Republic of Moldova;9163;105852;139;2295;2.168121528171409
2020-12-06;MD;Republic of Moldova;9705;115557;185;2480;2.1461270195661015
2020-12-13;MD;Republic of Moldova;10166;125723;144;2624;2.087128051350986
2020-12-20;MD;Republic of Moldova;8855;134578;180;2804;2.0835500601881436
2020-12-27;MD;Republic of Moldova;6418;140996;156;2960;2.0993503361797496
2021-01-03;MD;Republic of Moldova;4698;145694;211;3171;2.1764794706714072
2021-01-10;MD;Republic of Moldova;3399;149093;110;3281;2.200639869075007
2021-01-17;MD;Republic of Moldova;3547;152640;115;3396;2.2248427672955975
2021-01-24;MD;Republic of Moldova;3297;155937;102;3498;2.2432136054945264
2021-01-31;MD;Republic of Moldova;3576;159513;123;3621;2.2700344172575275
2021-02-07;MD;Republic of Moldova;4730;164243;96;3717;2.2631101477688547
2021-02-14;MD;Republic of Moldova;5562;169805;110;3827;2.253761667795412
2021-02-21;MD;Republic of Moldova;6440;176245;120;3947;2.239496155919317
2021-02-28;MD;Republic of Moldova;8611;184856;236;4183;2.2628424287012594
2021-03-07;MD;Republic of Moldova;9749;194605;167;4350;2.2352971403612445
2021-03-14;MD;Republic of Moldova;9105;203710;203;4553;2.2350400078543027
2021-03-21;MD;Republic of Moldova;10493;214203;237;4790;2.236196505184335
2021-03-28;MD;Republic of Moldova;11457;225660;254;5044;2.235221129132323
2021-04-04;MD;Republic of Moldova;8734;234394;479;5523;2.356288983506404
2021-04-11;MD;Republic of Moldova;6492;240886;277;5800;2.4077779530566326
2021-04-18;MD;Republic of Moldova;4608;245494;179;5979;2.4354974052319
2021-04-25;MD;Republic of Moldova;3404;248898;161;6140;2.4668739805060707
2021-05-02;MD;Republic of Moldova;2262;251160;184;6324;2.5179168657429525
2021-05-09;MD;Republic of Moldova;1444;252604;117;6441;2.5498408576269576
2021-05-16;MD;Republic of Moldova;1132;253736;73;6514;2.5672352366238926
2021-05-23;MD;Republic of Moldova;865;254601;56;6570;2.5805083247905545
2021-05-30;MD;Republic of Moldova;504;255105;28;6598;2.5863859979224237
2021-06-06;MD;Republic of Moldova;327;255432;77;6675;2.6132199567791035
2021-06-13;MD;Republic of Moldova;326;255758;20;6695;2.6177089279709724
2021-06-20;MD;Republic of Moldova;345;256103;16;6711;2.620430061342507
2021-06-27;MD;Republic of Moldova;424;256527;15;6726;2.6219462278824452
2021-07-04;MD;Republic of Moldova;404;256931;17;6743;2.624440024753728
2021-07-11;MD;Republic of Moldova;488;257419;13;6756;2.6245148959478515
2021-07-18;MD;Republic of Moldova;484;257903;16;6772;2.625793418455776
2021-07-25;MD;Republic of Moldova;678;258581;18;6790;2.625869650128973
2021-08-01;MD;Republic of Moldova;897;259478;20;6810;2.624499957607196
2021-08-08;MD;Republic of Moldova;1077;260555;24;6834;2.6228627353150005
2021-08-15;MD;Republic of Moldova;1392;261947;25;6859;2.6184686215150395
2021-08-22;MD;Republic of Moldova;2336;264283;52;6911;2.614999829727981
2021-08-29;MD;Republic of Moldova;2501;266784;34;6945;2.6032295789852467
2021-09-05;MD;Republic of Moldova;3202;269986;50;6995;2.5908750824116806
2021-09-12;MD;Republic of Moldova;4613;274599;81;7076;2.576848422608968
2021-09-19;MD;Republic of Moldova;6617;281216;79;7155;2.5443075785161584
2021-09-26;MD;Republic of Moldova;7161;288377;93;7248;2.5133765868984006
2021-10-03;MD;Republic of Moldova;8295;296672;156;7404;2.4956854708229965
2021-10-10;MD;Republic of Moldova;9305;305977;173;7577;2.4763299202227618
2021-10-17;MD;Republic of Moldova;9437;315414;204;7781;2.4669164970483237
2021-10-24;MD;Republic of Moldova;11680;327094;253;8034;2.456174677615609
2021-10-31;MD;Republic of Moldova;10021;337115;296;8330;2.470966880738027
2021-11-07;MD;Republic of Moldova;8402;345517;305;8635;2.499153442522365
2021-11-14;MD;Republic of Moldova;7153;352670;390;9025;2.559049536393796
2021-11-21;MD;Republic of Moldova;5161;357831;353;9378;2.6207902613244802
2021-11-28;MD;Republic of Moldova;4495;362326;255;9633;2.6586554649680125
2021-12-05;MD;Republic of Moldova;3836;366162;154;9787;2.6728606463805638
2021-12-12;MD;Republic of Moldova;3240;369402;146;9933;2.688940503841344
2021-12-19;MD;Republic of Moldova;2752;372154;128;10061;2.7034507220129305
2021-12-26;MD;Republic of Moldova;2195;374349;123;10184;2.7204560450275013
2022-01-02;MD;Republic of Moldova;2085;376434;100;10284;2.731953011683323
2022-01-09;MD;Republic of Moldova;3467;379901;72;10356;2.725973345687429
2022-01-16;MD;Republic of Moldova;8019;387920;81;10437;2.690503196535368
2022-01-23;MD;Republic of Moldova;19083;407003;76;10513;2.583027643530883
2022-01-30;MD;Republic of Moldova;31246;438249;122;10635;2.4267026279580786
2022-02-06;MD;Republic of Moldova;29022;467271;133;10768;2.3044443160393007
2022-02-13;MD;Republic of Moldova;17245;484516;172;10940;2.25792337095163
2022-02-20;MD;Republic of Moldova;10668;495184;163;11103;2.242196839962519
2022-02-27;MD;Republic of Moldova;6128;501312;110;11213;2.236730818332695
2022-03-06;MD;Republic of Moldova;4081;505393;79;11292;2.234300831234307
2022-03-13;MD;Republic of Moldova;2601;507994;54;11346;2.233490946743465
2022-03-20;MD;Republic of Moldova;2466;510460;43;11389;2.2311248677663285
2022-03-27;MD;Republic of Moldova;2142;512602;28;11417;2.2272640372062535
2022-04-03;MD;Republic of Moldova;1597;514199;29;11446;2.225986437157599
2022-04-10;MD;Republic of Moldova;1246;515445;16;11462;2.2237096101426923
2022-04-17;MD;Republic of Moldova;986;516431;19;11481;2.2231430723562298
2022-04-24;MD;Republic of Moldova;555;516986;8;11489;2.22230389217503
2022-05-01;MD;Republic of Moldova;220;517206;3;11492;2.22193864727014
2022-05-08;MD;Republic of Moldova;547;517753;11;11503;2.2217157602177102
2022-05-15;MD;Republic of Moldova;413;518166;13;11516;2.2224538082390586
2022-05-22;MD;Republic of Moldova;326;518492;5;11521;2.222020783348634
2022-05-29;MD;Republic of Moldova;475;518967;23;11544;2.224418893686882
2022-06-05;MD;Republic of Moldova;34;519001;0;11544;2.2242731709572814
2022-06-12;MD;Republic of Moldova;227;519228;7;11551;2.22464890183118
2022-06-19;MD;Republic of Moldova;224;519452;3;11554;2.2242671122644633
2022-06-26;MD;Republic of Moldova;251;519703;9;11563;2.2249246204081947
2022-07-03;MD;Republic of Moldova;465;520168;4;11567;2.2237046492671597
2022-07-10;MD;Republic of Moldova;1014;521182;3;11570;2.219953874078537
2022-07-17;MD;Republic of Moldova;1852;523034;14;11584;2.214769976712795
2022-07-24;MD;Republic of Moldova;3360;526394;8;11592;2.202152760099849
2022-07-31;MD;Republic of Moldova;5793;532187;16;11608;2.1811881913688236
2022-08-07;MD;Republic of Moldova;9528;541715;22;11630;2.14688535484526
2022-08-14;MD;Republic of Moldova;10147;551862;32;11662;2.113209461785736
2022-08-21;MD;Republic of Moldova;9334;561196;31;11693;2.0835857703903806
2022-08-28;MD;Republic of Moldova;7892;569088;32;11725;2.060314046333783
2022-09-04;MD;Republic of Moldova;5964;575052;30;11755;2.0441629626538123
2022-09-11;MD;Republic of Moldova;8131;583183;53;11808;2.024750378526123
2022-09-18;MD;Republic of Moldova;3840;587023;13;11821;2.0137200757040183
2022-09-25;MD;Republic of Moldova;2414;589437;23;11844;2.009375047715023
2022-10-02;MD;Republic of Moldova;1374;590811;14;11858;2.0070716354299427
2022-10-09;MD;Republic of Moldova;1101;591912;12;11870;2.005365662463339
2022-10-16;MD;Republic of Moldova;623;592535;8;11878;2.004607322774182
2022-10-23;MD;Republic of Moldova;622;593157;9;11887;2.00402254377846
2022-10-30;MD;Republic of Moldova;566;593723;7;11894;2.003291097026728
2022-11-06;MD;Republic of Moldova;0;593723;0;11894;2.003291097026728
2022-11-13;MD;Republic of Moldova;347;594070;6;11900;2.003130944164829
2022-11-20;MD;Republic of Moldova;278;594348;6;11906;2.0032035104013137
2022-11-27;MD;Republic of Moldova;313;594661;7;11913;2.003326264880327
2022-12-04;MD;Republic of Moldova;319;594980;5;11918;2.003092540925745
2022-12-11;MD;Republic of Moldova;329;595309;2;11920;2.0023214834648897
2022-12-18;MD;Republic of Moldova;343;595652;2;11922;2.0015042340158344
2022-12-25;MD;Republic of Moldova;448;596100;7;11929;2.001174299614159
2023-01-01;MD;Republic of Moldova;358;596458;4;11933;2.000643800569361
2023-01-08;MD;Republic of Moldova;364;596822;3;11936;1.9999262761761463
2023-01-15;MD;Republic of Moldova;302;597124;4;11940;1.9995846758797169
2023-01-22;MD;Republic of Moldova;857;597981;10;11950;1.9983912532337986
2023-01-29;MD;Republic of Moldova;600;598581;3;11953;1.9968893098845437
2023-02-05;MD;Republic of Moldova;905;599486;4;11957;1.9945419909722661
2023-02-12;MD;Republic of Moldova;1338;600824;7;11964;1.9912653289482445
2023-02-19;MD;Republic of Moldova;2834;603658;10;11974;1.9835734803481442
2023-02-26;MD;Republic of Moldova;3702;607360;14;11988;1.9737881981032668
2023-03-05;MD;Republic of Moldova;3690;611050;15;12003;1.9643237050977824
2023-03-12;MD;Republic of Moldova;2836;613886;22;12025;1.9588327474482234
2023-03-19;MD;Republic of Moldova;2373;616259;23;12048;1.9550221578914062
2023-03-26;MD;Republic of Moldova;1491;617750;21;12069;1.9537029542695266
2023-04-02;MD;Republic of Moldova;991;618741;17;12086;1.953321341239711
2023-04-09;MD;Republic of Moldova;684;619425;14;12100;1.9534245469588731
2023-04-16;MD;Republic of Moldova;463;619888;6;12106;1.9529334331363084
2023-04-23;MD;Republic of Moldova;280;620168;6;12112;1.953019181899098
2023-04-30;MD;Republic of Moldova;165;620333;1;12113;1.952660909543745
2023-05-07;MD;Republic of Moldova;110;620443;2;12115;1.9526370673857227
2023-05-14;MD;Republic of Moldova;76;620519;3;12118;1.9528813783300754
2023-05-21;MD;Republic of Moldova;55;620574;0;12118;1.9527082990908415
2023-05-28;MD;Republic of Moldova;52;620626;0;12118;1.9525446887497462
2023-06-04;MD;Republic of Moldova;30;620656;5;12123;1.9532559098760023
2023-06-11;MD;Republic of Moldova;29;620685;1;12124;1.953325761054319
2023-06-18;MD;Republic of Moldova;32;620717;0;12124;1.9532250606959374
2023-06-25;MD;Republic of Moldova;19;620736;0;12124;1.953165274770595
2023-07-02;MD;Republic of Moldova;22;620758;0;12124;1.9530960535345496
2023-07-09;MD;Republic of Moldova;17;620775;1;12125;1.953203656719423
2023-07-16;MD;Republic of Moldova;31;620806;0;12125;1.9531061233299938
2023-07-23;MD;Republic of Moldova;17;620823;0;12125;1.953052641413092
2023-07-30;MD;Republic of Moldova;25;620848;0;12125;1.9529739968559132
2023-08-06;MD;Republic of Moldova;25;620873;0;12125;1.9528953586321194
2023-08-13;MD;Republic of Moldova;54;620927;0;12125;1.952725521679682
2023-08-20;MD;Republic of Moldova;138;621065;0;12125;1.9522916280904574
2023-08-27;MD;Republic of Moldova;173;621238;0;12125;1.9517479613288307
2023-09-03;MD;Republic of Moldova;203;621441;0;12125;1.9511104030792945
2023-09-10;MD;Republic of Moldova;424;621865;1;12126;1.9499409035723188
2023-09-17;MD;Republic of Moldova;825;622690;0;12126;1.9473574330726364
2023-09-24;MD;Republic of Moldova;994;623684;0;12126;1.9442538208451716
2023-10-01;MD;Republic of Moldova;839;624523;2;12128;1.9419621054789016
2023-10-08;MD;Republic of Moldova;630;625153;0;12128;1.9400050867547627
2023-10-15;MD;Republic of Moldova;559;625712;7;12135;1.9393906461758765
2023-10-22;MD;Republic of Moldova;568;626280;8;12143;1.9389091141342532
2023-10-29;MD;Republic of Moldova;372;626652;7;12150;1.93887516516344
2023-11-05;MD;Republic of Moldova;355;627007;2;12152;1.938096384888845
2023-11-12;MD;Republic of Moldova;451;627458;2;12154;1.9370220795654849
2023-11-19;MD;Republic of Moldova;270;627728;2;12156;1.9365075319246552
2023-11-26;MD;Republic of Moldova;223;627951;1;12157;1.935979081170346
2023-12-03;MD;Republic of Moldova;508;628459;2;12159;1.934732416911843
2023-12-10;MD;Republic of Moldova;484;628943;2;12161;1.9335615469128362
2023-12-17;MD;Republic of Moldova;558;629501;6;12167;1.9328007421751514
2023-12-24;MD;Republic of Moldova;722;630223;3;12170;1.9310624969256913
2023-12-31;MD;Republic of Moldova;838;631061;4;12174;1.929132049041218
2024-01-07;MD;Republic of Moldova;833;631894;5;12179;1.9273802251643473
2024-01-14;MD;Republic of Moldova;708;632602;6;12185;1.9261715897199185
2024-01-21;MD;Republic of Moldova;582;633184;5;12190;1.9251907818264518
2020-01-05;RE;Réunion;0;0;0;0;0.0
2020-01-12;RE;Réunion;0;0;0;0;0.0
2020-01-19;RE;Réunion;0;0;0;0;0.0
2020-01-26;RE;Réunion;0;0;0;0;0.0
2020-02-02;RE;Réunion;0;0;0;0;0.0
2020-02-09;RE;Réunion;0;0;0;0;0.0
2020-02-16;RE;Réunion;0;0;0;0;0.0
2020-02-23;RE;Réunion;0;0;0;0;0.0
2020-03-01;RE;Réunion;0;0;0;0;0.0
2020-03-08;RE;Réunion;0;0;0;0;0.0
2020-03-15;RE;Réunion;13;13;0;0;0.0
2020-03-22;RE;Réunion;34;47;0;0;0.0
2020-03-29;RE;Réunion;96;143;0;0;0.0
2020-04-05;RE;Réunion;191;334;0;0;0.0
2020-04-12;RE;Réunion;54;388;0;0;0.0
2020-04-19;RE;Réunion;19;407;0;0;0.0
2020-04-26;RE;Réunion;4;411;0;0;0.0
2020-05-03;RE;Réunion;9;420;0;0;0.0
2020-05-10;RE;Réunion;10;430;0;0;0.0
2020-05-17;RE;Réunion;13;443;0;0;0.0
2020-05-24;RE;Réunion;9;452;1;1;0.22123893805309736
2020-05-31;RE;Réunion;19;471;0;1;0.21231422505307856
2020-06-07;RE;Réunion;9;480;0;1;0.20833333333333334
2020-06-14;RE;Réunion;9;489;0;1;0.2044989775051125
2020-06-21;RE;Réunion;16;505;0;1;0.19801980198019803
2020-06-28;RE;Réunion;15;520;1;2;0.38461538461538464
2020-07-05;RE;Réunion;16;536;0;2;0.3731343283582089
2020-07-12;RE;Réunion;41;577;1;3;0.5199306759098787
2020-07-19;RE;Réunion;47;624;0;3;0.4807692307692308
2020-07-26;RE;Réunion;33;657;0;3;0.45662100456621
2020-08-02;RE;Réunion;7;664;1;4;0.6024096385542169
2020-08-09;RE;Réunion;17;681;1;5;0.7342143906020557
2020-08-16;RE;Réunion;107;788;0;5;0.6345177664974619
2020-08-23;RE;Réunion;329;1117;1;6;0.5371530886302597
2020-08-30;RE;Réunion;440;1557;-3;3;0.1926782273603083
2020-09-06;RE;Réunion;558;2115;3;6;0.28368794326241137
2020-09-13;RE;Réunion;608;2723;4;10;0.3672420124862284
2020-09-20;RE;Réunion;471;3194;0;10;0.31308703819661865
2020-09-27;RE;Réunion;491;3685;1;11;0.2985074626865672
2020-10-04;RE;Réunion;493;4178;5;16;0.3829583532790809
2020-10-11;RE;Réunion;313;4491;0;16;0.3562680917390336
2020-10-18;RE;Réunion;285;4776;1;17;0.35594639865996647
2020-10-25;RE;Réunion;373;5149;3;20;0.38842493688094776
2020-11-01;RE;Réunion;510;5659;2;22;0.3887612652412087
2020-11-08;RE;Réunion;605;6264;5;27;0.43103448275862066
2020-11-15;RE;Réunion;617;6881;2;29;0.4214503705856707
2020-11-22;RE;Réunion;620;7501;6;35;0.46660445273963475
2020-11-29;RE;Réunion;439;7940;5;40;0.5037783375314862
2020-12-06;RE;Réunion;260;8200;1;41;0.5
2020-12-13;RE;Réunion;145;8345;0;41;0.4913121629718394
2020-12-20;RE;Réunion;359;8704;1;42;0.48253676470588236
2020-12-27;RE;Réunion;205;8909;0;42;0.4714333819732855
2021-01-03;RE;Réunion;128;9037;0;42;0.46475600309837334
2021-01-10;RE;Réunion;210;9247;0;42;0.45420136260408783
2021-01-17;RE;Réunion;196;9443;3;45;0.47654347135444247
2021-01-24;RE;Réunion;258;9701;0;45;0.4638697041542109
2021-01-31;RE;Réunion;295;9996;1;46;0.4601840736294518
2021-02-07;RE;Réunion;491;10487;1;47;0.4481739296271574
2021-02-14;RE;Réunion;420;10907;0;47;0.4309159255523975
2021-02-21;RE;Réunion;655;11562;1;48;0.4151530877010898
2021-02-28;RE;Réunion;854;12416;4;52;0.41881443298969073
2021-03-07;RE;Réunion;709;13125;7;59;0.44952380952380955
2021-03-14;RE;Réunion;676;13801;12;71;0.514455474240997
2021-03-21;RE;Réunion;830;14631;16;87;0.5946278449866721
2021-03-28;RE;Réunion;930;15561;15;102;0.6554848660111818
2021-04-04;RE;Réunion;1025;16586;13;115;0.6933558422766188
2021-04-11;RE;Réunion;922;17508;8;123;0.7025359835503769
2021-04-18;RE;Réunion;917;18425;12;135;0.7327001356852103
2021-04-25;RE;Réunion;918;19343;6;141;0.7289458718916404
2021-05-02;RE;Réunion;1038;20381;7;148;0.7261665276482999
2021-05-09;RE;Réunion;1070;21451;2;150;0.6992680993893058
2021-05-16;RE;Réunion;1193;22644;19;169;0.7463345698639817
2021-05-23;RE;Réunion;922;23566;7;176;0.746838665874565
2021-05-30;RE;Réunion;1335;24901;13;189;0.7590056624231958
2021-06-06;RE;Réunion;1174;26075;14;203;0.7785234899328859
2021-06-13;RE;Réunion;1160;27235;9;212;0.7784101340187259
2021-06-20;RE;Réunion;1206;28441;8;220;0.7735311697900917
2021-06-27;RE;Réunion;1061;29502;6;226;0.76604975933835
2021-07-04;RE;Réunion;1081;30583;11;237;0.7749403263250826
2021-07-11;RE;Réunion;1262;31845;7;244;0.7662113361595226
2021-07-18;RE;Réunion;1450;33295;12;256;0.7688842168493768
2021-07-25;RE;Réunion;1320;34615;10;266;0.7684529828109201
2021-08-01;RE;Réunion;2616;37231;9;275;0.7386317853401736
2021-08-08;RE;Réunion;3014;40245;13;288;0.7156168468132688
2021-08-15;RE;Réunion;3590;43835;10;298;0.6798220599977187
2021-08-22;RE;Réunion;2919;46754;12;310;0.6630448731659323
2021-08-29;RE;Réunion;1929;48683;22;332;0.6819629028613684
2021-09-05;RE;Réunion;1663;50346;10;342;0.6792992491955666
2021-09-12;RE;Réunion;1305;51651;12;354;0.6853691119242609
2021-09-19;RE;Réunion;992;52643;4;358;0.6800524286229889
2021-09-26;RE;Réunion;598;53241;5;363;0.6818053755564321
2021-10-03;RE;Réunion;0;53241;3;366;0.6874401307263199
2021-10-10;RE;Réunion;722;53963;3;369;0.6838018642403129
2021-10-17;RE;Réunion;61;54024;1;370;0.6848807937213091
2021-10-24;RE;Réunion;414;54438;2;372;0.6833461919982365
2021-10-31;RE;Réunion;230;54668;2;374;0.6841296553742592
2021-11-07;RE;Réunion;457;55125;2;376;0.6820861678004535
2021-11-14;RE;Réunion;740;55865;0;376;0.6730511053432382
2021-11-21;RE;Réunion;1308;57173;3;379;0.6629003200811572
2021-11-28;RE;Réunion;1875;59048;2;381;0.6452377726595312
2021-12-05;RE;Réunion;2140;61188;3;384;0.6275740341243381
2021-12-12;RE;Réunion;2675;63863;7;391;0.6122480935753096
2021-12-19;RE;Réunion;3374;67237;2;393;0.5844996058717671
2021-12-26;RE;Réunion;4558;71795;8;401;0.5585347169022912
2022-01-02;RE;Réunion;4807;76602;8;409;0.533928618051748
2022-01-09;RE;Réunion;9358;85960;10;419;0.4874360167519777
2022-01-16;RE;Réunion;16256;102216;16;435;0.4255693824841512
2022-01-23;RE;Réunion;31401;133617;27;462;0.3457643862682144
2022-01-30;RE;Réunion;46914;180531;38;500;0.27696074358420436
2022-02-06;RE;Réunion;45474;226005;31;531;0.23495055419127894
2022-02-13;RE;Réunion;30782;256787;34;565;0.22002671474802074
2022-02-20;RE;Réunion;21707;278494;38;603;0.21652172039613063
2022-02-27;RE;Réunion;13632;292126;37;640;0.21908354614104875
2022-03-06;RE;Réunion;10036;302162;26;666;0.22041156730495562
2022-03-13;RE;Réunion;8019;310181;14;680;0.21922683852331382
2022-03-20;RE;Réunion;8514;318695;9;689;0.21619416683663065
2022-03-27;RE;Réunion;8494;327189;13;702;0.21455489029276656
2022-04-03;RE;Réunion;9756;336945;7;709;0.21042009823561708
2022-04-10;RE;Réunion;10996;347941;11;720;0.2069316349610997
2022-04-17;RE;Réunion;12504;360445;11;731;0.20280486620704963
2022-04-24;RE;Réunion;13850;374295;11;742;0.19823935665718218
2022-05-01;RE;Réunion;12889;387184;7;749;0.193448076366792
2022-05-08;RE;Réunion;10931;398115;7;756;0.18989487962021023
2022-05-15;RE;Réunion;7865;405980;6;762;0.1876939750726637
2022-05-22;RE;Réunion;5383;411363;8;770;0.18718261000624753
2022-05-29;RE;Réunion;3252;414615;7;777;0.1874027712456134
2022-06-05;RE;Réunion;2046;416661;7;784;0.18816255901080253
2022-06-12;RE;Réunion;1924;418585;12;796;0.19016448272154998
2022-06-19;RE;Réunion;1383;419968;3;799;0.19025259067357514
2022-06-26;RE;Réunion;1301;421269;8;807;0.19156406001865792
2022-07-03;RE;Réunion;1500;422769;5;812;0.19206706262758147
2022-07-10;RE;Réunion;2869;425638;7;819;0.19241703043431274
2022-07-17;RE;Réunion;3599;429237;6;825;0.1922015110533342
2022-07-24;RE;Réunion;4235;433472;6;831;0.19170788424627197
2022-07-31;RE;Réunion;5687;439159;7;838;0.1908192704692378
2022-08-07;RE;Réunion;5823;444982;7;845;0.18989532160851452
2022-08-14;RE;Réunion;4590;449572;8;853;0.18973601558815942
2022-08-21;RE;Réunion;5093;454665;2;855;0.18805054270726798
2022-08-28;RE;Réunion;5711;460376;6;861;0.18702104366865346
2022-09-04;RE;Réunion;7014;467390;13;874;0.18699587068615076
2022-09-11;RE;Réunion;4661;472051;5;879;0.18620869355217973
2022-09-18;RE;Réunion;2572;474623;5;884;0.18625308929402917
2022-09-25;RE;Réunion;1325;475948;6;890;0.18699521796498778
2022-10-02;RE;Réunion;623;476571;3;893;0.18738026443069344
2022-10-09;RE;Réunion;356;476927;1;894;0.18745007097522262
2022-10-16;RE;Réunion;336;477263;2;896;0.18773715959544318
2022-10-23;RE;Réunion;340;477603;2;898;0.188022269541858
2022-10-30;RE;Réunion;356;477959;1;899;0.18809144717433923
2022-11-06;RE;Réunion;387;478346;0;899;0.1879392740819407
2022-11-13;RE;Réunion;509;478855;0;899;0.1877395036075639
2022-11-20;RE;Réunion;575;479430;3;902;0.18814008301524726
2022-11-27;RE;Réunion;893;480323;0;902;0.18779029944433226
2022-12-04;RE;Réunion;1217;481540;1;903;0.1875233625451676
2022-12-11;RE;Réunion;1366;482906;2;905;0.187407073012139
2022-12-18;RE;Réunion;1830;484736;0;905;0.18669956429891735
2022-12-25;RE;Réunion;1923;486659;1;906;0.1861673163344354
2023-01-01;RE;Réunion;1849;488508;1;907;0.18566737903985195
2023-01-08;RE;Réunion;2104;490612;4;911;0.18568644876195445
2023-01-15;RE;Réunion;1213;491825;4;915;0.18604178315457734
2023-01-22;RE;Réunion;995;492820;1;916;0.1858690799886368
2023-01-29;RE;Réunion;1082;493902;3;919;0.18606930119740353
2023-02-05;RE;Réunion;693;494595;2;921;0.18621296212052285
2023-02-12;RE;Réunion;0;494595;0;921;0.18621296212052285
2023-02-19;RE;Réunion;0;494595;0;921;0.18621296212052285
2023-02-26;RE;Réunion;0;494595;0;921;0.18621296212052285
2023-03-05;RE;Réunion;0;494595;0;921;0.18621296212052285
2023-03-12;RE;Réunion;0;494595;0;921;0.18621296212052285
2023-03-19;RE;Réunion;0;494595;0;921;0.18621296212052285
2023-03-26;RE;Réunion;0;494595;0;921;0.18621296212052285
2023-04-02;RE;Réunion;0;494595;0;921;0.18621296212052285
2023-04-09;RE;Réunion;0;494595;0;921;0.18621296212052285
2023-04-16;RE;Réunion;0;494595;0;921;0.18621296212052285
2023-04-23;RE;Réunion;0;494595;0;921;0.18621296212052285
2023-04-30;RE;Réunion;0;494595;0;921;0.18621296212052285
2023-05-07;RE;Réunion;0;494595;0;921;0.18621296212052285
2023-05-14;RE;Réunion;0;494595;0;921;0.18621296212052285
2023-05-21;RE;Réunion;0;494595;0;921;0.18621296212052285
2023-05-28;RE;Réunion;0;494595;0;921;0.18621296212052285
2023-06-04;RE;Réunion;0;494595;0;921;0.18621296212052285
2023-06-11;RE;Réunion;0;494595;0;921;0.18621296212052285
2023-06-18;RE;Réunion;0;494595;0;921;0.18621296212052285
2023-06-25;RE;Réunion;0;494595;0;921;0.18621296212052285
2023-07-02;RE;Réunion;0;494595;0;921;0.18621296212052285
2023-07-09;RE;Réunion;0;494595;0;921;0.18621296212052285
2023-07-16;RE;Réunion;0;494595;0;921;0.18621296212052285
2023-07-23;RE;Réunion;0;494595;0;921;0.18621296212052285
2023-07-30;RE;Réunion;0;494595;0;921;0.18621296212052285
2023-08-06;RE;Réunion;0;494595;0;921;0.18621296212052285
2023-08-13;RE;Réunion;0;494595;0;921;0.18621296212052285
2023-08-20;RE;Réunion;0;494595;0;921;0.18621296212052285
2023-08-27;RE;Réunion;0;494595;0;921;0.18621296212052285
2023-09-03;RE;Réunion;0;494595;0;921;0.18621296212052285
2023-09-10;RE;Réunion;0;494595;0;921;0.18621296212052285
2023-09-17;RE;Réunion;0;494595;0;921;0.18621296212052285
2023-09-24;RE;Réunion;0;494595;0;921;0.18621296212052285
2023-10-01;RE;Réunion;0;494595;0;921;0.18621296212052285
2023-10-08;RE;Réunion;0;494595;0;921;0.18621296212052285
2023-10-15;RE;Réunion;0;494595;0;921;0.18621296212052285
2023-10-22;RE;Réunion;0;494595;0;921;0.18621296212052285
2023-10-29;RE;Réunion;0;494595;0;921;0.18621296212052285
2023-11-05;RE;Réunion;0;494595;0;921;0.18621296212052285
2023-11-12;RE;Réunion;0;494595;0;921;0.18621296212052285
2023-11-19;RE;Réunion;0;494595;0;921;0.18621296212052285
2023-11-26;RE;Réunion;0;494595;0;921;0.18621296212052285
2023-12-03;RE;Réunion;0;494595;0;921;0.18621296212052285
2023-12-10;RE;Réunion;0;494595;0;921;0.18621296212052285
2023-12-17;RE;Réunion;0;494595;0;921;0.18621296212052285
2023-12-24;RE;Réunion;0;494595;0;921;0.18621296212052285
2023-12-31;RE;Réunion;0;494595;0;921;0.18621296212052285
2024-01-07;RE;Réunion;0;494595;0;921;0.18621296212052285
2024-01-14;RE;Réunion;0;494595;0;921;0.18621296212052285
2024-01-21;RE;Réunion;0;494595;0;921;0.18621296212052285
2020-01-05;RO;Romania;0;0;0;0;0.0
2020-01-12;RO;Romania;0;0;0;0;0.0
2020-01-19;RO;Romania;0;0;0;0;0.0
2020-01-26;RO;Romania;0;0;0;0;0.0
2020-02-02;RO;Romania;0;0;0;0;0.0
2020-02-09;RO;Romania;0;0;0;0;0.0
2020-02-16;RO;Romania;0;0;0;0;0.0
2020-02-23;RO;Romania;0;0;0;0;0.0
2020-03-01;RO;Romania;4;4;0;0;0.0
2020-03-08;RO;Romania;11;15;0;0;0.0
2020-03-15;RO;Romania;124;139;0;0;0.0
2020-03-22;RO;Romania;228;367;0;0;0.0
2020-03-29;RO;Romania;1085;1452;37;37;2.5482093663911844
2020-04-05;RO;Romania;2161;3613;109;146;4.040963188486023
2020-04-12;RO;Romania;2377;5990;145;291;4.858096828046745
2020-04-19;RO;Romania;2428;8418;130;421;5.001187930624852
2020-04-26;RO;Romania;2217;10635;180;601;5.651151857075694
2020-05-03;RO;Romania;2097;12732;170;771;6.055607917059378
2020-05-10;RO;Romania;2399;15131;168;939;6.205802656797304
2020-05-17;RO;Romania;1573;16704;155;1094;6.549329501915708
2020-05-24;RO;Romania;1153;17857;82;1176;6.585652685221481
2020-05-31;RO;Romania;1276;19133;83;1259;6.580254011393927
2020-06-07;RO;Romania;1157;20290;59;1318;6.49581074420897
2020-06-14;RO;Romania;1389;21679;76;1394;6.430185894183311
2020-06-21;RO;Romania;2051;23730;106;1500;6.32111251580278
2020-06-28;RO;Romania;2292;26022;89;1589;6.106371531780801
2020-07-05;RO;Romania;2560;28582;142;1731;6.056259184101882
2020-07-12;RO;Romania;3497;32079;140;1871;5.832476074690607
2020-07-19;RO;Romania;4612;36691;138;2009;5.475457196587719
2020-07-26;RO;Romania;6987;43678;156;2165;4.956728787948166
2020-08-02;RO;Romania;8433;52111;214;2379;4.56525493657769
2020-08-09;RO;Romania;8512;60623;280;2659;4.38612407832011
2020-08-16;RO;Romania;8751;69374;295;2954;4.2580793957390375
2020-08-23;RO;Romania;8170;77544;279;3233;4.169245847518828
2020-08-30;RO;Romania;8289;85833;306;3539;4.123122808243916
2020-09-06;RO;Romania;8031;93864;311;3850;4.1016790249723005
2020-09-13;RO;Romania;8522;102386;277;4127;4.030824526790773
2020-09-20;RO;Romania;9164;111550;275;4402;3.9462124607799196
2020-09-27;RO;Romania;9685;121235;285;4687;3.8660452839526536
2020-10-04;RO;Romania;12830;134065;260;4947;3.6900011188602546
2020-10-11;RO;Romania;18338;152403;411;5358;3.515678825219976
2020-10-18;RO;Romania;24065;176468;454;5812;3.293514971552916
2020-10-25;RO;Romania;29325;205793;506;6318;3.070075269809955
2020-11-01;RO;Romania;35546;241339;650;6968;2.8872250237218187
2020-11-08;RO;Romania;55660;296999;825;7793;2.6239145586348775
2020-11-15;RO;Romania;56186;353185;1020;8813;2.495292835199683
2020-11-22;RO;Romania;59623;412808;1103;9916;2.4020852309063776
2020-11-29;RO;Romania;53174;465982;1129;11045;2.370263229051766
2020-12-06;RO;Romania;42363;508345;1141;12186;2.397190884143643
2020-12-13;RO;Romania;43555;551900;1078;13264;2.403333937307483
2020-12-20;RO;Romania;36044;587944;1032;14296;2.4315240907297295
2020-12-27;RO;Romania;25816;613760;812;15108;2.461548488008342
2021-01-03;RO;Romania;23635;637395;811;15919;2.4975093937040613
2021-01-10;RO;Romania;30807;668202;673;16592;2.483081463389813
2021-01-17;RO;Romania;23286;691488;572;17164;2.4821833495302883
2021-01-24;RO;Romania;17706;709194;558;17722;2.4988931096427773
2021-01-31;RO;Romania;17724;726918;542;18264;2.51252548430497
2021-02-07;RO;Romania;16425;743343;545;18809;2.5303258388119616
2021-02-14;RO;Romania;16748;760091;516;19325;2.5424587319149943
2021-02-21;RO;Romania;17185;777276;470;19795;2.546714423190733
2021-02-28;RO;Romania;21888;799164;492;20287;2.538527761510779
2021-03-07;RO;Romania;25831;824995;567;20854;2.5277728955933063
2021-03-14;RO;Romania;30331;855326;585;21439;2.5065296740657947
2021-03-21;RO;Romania;37522;892848;693;22132;2.478809383008082
2021-03-28;RO;Romania;39331;932179;865;22997;2.467015455186182
2021-04-04;RO;Romania;38045;970224;976;23973;2.4708727056844606
2021-04-11;RO;Romania;32641;1002865;1033;25006;2.49345624784991
2021-04-18;RO;Romania;24174;1027039;1066;26072;2.538559879420353
2021-04-25;RO;Romania;17683;1044722;1195;27267;2.6099766253606225
2021-05-02;RO;Romania;11850;1056572;927;28194;2.6684409581173836
2021-05-09;RO;Romania;8682;1065254;709;28903;2.71324960995218
2021-05-16;RO;Romania;6080;1071334;582;29485;2.752176258757773
2021-05-23;RO;Romania;3902;1075236;400;29885;2.7793898269775195
2021-05-30;RO;Romania;2190;1077426;362;30247;2.807338972699749
2021-06-06;RO;Romania;1316;1078742;478;30725;2.8482250621557332
2021-06-13;RO;Romania;915;1079657;1079;31804;2.9457503633098288
2021-06-20;RO;Romania;546;1080203;504;32308;2.990919299427978
2021-06-27;RO;Romania;381;1080584;869;33177;3.070284216682831
2021-07-04;RO;Romania;334;1080918;748;33925;3.138535948147778
2021-07-11;RO;Romania;292;1081210;291;34216;3.1646026211374294
2021-07-18;RO;Romania;378;1081588;36;34252;3.1668250757219942
2021-07-25;RO;Romania;595;1082183;15;34267;3.166469996294527
2021-08-01;RO;Romania;1006;1083189;14;34281;3.164821651623124
2021-08-08;RO;Romania;1522;1084711;32;34313;3.1633310623751396
2021-08-15;RO;Romania;2189;1086900;29;34342;3.1596283006716352
2021-08-22;RO;Romania;3508;1090408;61;34403;3.1550575564375904
2021-08-29;RO;Romania;5477;1095885;106;34509;3.1489617979988775
2021-09-05;RO;Romania;8881;1104766;169;34678;3.1389452608063606
2021-09-12;RO;Romania;13783;1118549;283;34961;3.1255671410014223
2021-09-19;RO;Romania;26344;1144893;495;35456;3.0968832895301133
2021-09-26;RO;Romania;42880;1187773;774;36230;3.0502461328890282
2021-10-03;RO;Romania;69372;1257145;1164;37394;2.9745176570721754
2021-10-10;RO;Romania;89095;1346240;1815;39209;2.912482172569527
2021-10-17;RO;Romania;99474;1445714;2273;41482;2.8693088674523453
2021-10-24;RO;Romania;104489;1550203;2808;44290;2.857045174083652
2021-10-31;RO;Romania;90404;1640607;3034;47324;2.884542123738348
2021-11-07;RO;Romania;60982;1701589;3158;50482;2.966756367136835
2021-11-14;RO;Romania;37694;1739283;2354;52836;3.0378035086872
2021-11-21;RO;Romania;21482;1760765;2002;54838;3.1144417341326074
2021-11-28;RO;Romania;14807;1775572;1331;56169;3.1634312773573816
2021-12-05;RO;Romania;9548;1785120;852;57021;3.194239042753429
2021-12-12;RO;Romania;7313;1792433;615;57636;3.215517679042954
2021-12-19;RO;Romania;5273;1797706;507;58143;3.2342885877891048
2021-12-26;RO;Romania;4690;1802396;393;58536;3.2476769810851778
2022-01-02;RO;Romania;7946;1810342;243;58779;3.246845071262778
2022-01-09;RO;Romania;29483;1839825;218;58997;3.2066636772519126
2022-01-16;RO;Romania;56008;1895833;215;59212;3.1232708788168577
2022-01-23;RO;Romania;107208;2003041;313;59525;2.9717314822811915
2022-01-30;RO;Romania;173685;2176726;407;59932;2.7533093278621195
2022-02-06;RO;Romania;208987;2385713;628;60560;2.5384444817964273
2022-02-13;RO;Romania;164635;2550348;960;61520;2.412219822549707
2022-02-20;RO;Romania;105585;2655933;951;62471;2.352130117740169
2022-02-27;RO;Romania;68547;2724480;823;63294;2.3231589147286824
2022-03-06;RO;Romania;40689;2765169;637;63931;2.312010585971418
2022-03-13;RO;Romania;25199;2790368;404;64335;2.305609869379236
2022-03-20;RO;Romania;23430;2813798;334;64669;2.298281539755164
2022-03-27;RO;Romania;25051;2838849;226;64895;2.2859616696766896
2022-04-03;RO;Romania;19816;2858665;184;65079;2.2765521668331195
2022-04-10;RO;Romania;13272;2871937;119;65198;2.2701751465996645
2022-04-17;RO;Romania;9385;2881322;133;65331;2.267396701930572
2022-04-24;RO;Romania;6502;2887824;90;65421;2.265408141216362
2022-05-01;RO;Romania;6052;2893876;65;65486;2.262916586612557
2022-05-08;RO;Romania;4972;2898848;74;65560;2.261588051529435
2022-05-15;RO;Romania;3942;2902790;46;65606;2.260101488567895
2022-05-22;RO;Romania;3069;2905859;45;65651;2.259263095697348
2022-05-29;RO;Romania;2454;2908313;26;65677;2.2582507453633776
2022-06-05;RO;Romania;2079;2910392;14;65691;2.2571186286933167
2022-06-12;RO;Romania;2145;2912537;22;65713;2.2562116807443133
2022-06-19;RO;Romania;341;2912878;1;65714;2.2559818845828765
2022-06-26;RO;Romania;2609;2915487;12;65726;2.2543746550747783
2022-07-03;RO;Romania;3974;2919461;13;65739;2.2517512650451574
2022-07-10;RO;Romania;7726;2927187;16;65755;2.2463546059749517
2022-07-17;RO;Romania;34582;2961769;57;65812;2.2220504029855133
2022-07-24;RO;Romania;40893;3002662;41;65853;2.193153941402662
2022-07-31;RO;Romania;56906;3059568;130;65983;2.156611652363994
2022-08-07;RO;Romania;52906;3112474;188;66171;2.125993662918951
2022-08-14;RO;Romania;42247;3154721;165;66336;2.1027533021145137
2022-08-21;RO;Romania;30209;3184930;147;66483;2.0874242134050043
2022-08-28;RO;Romania;23973;3208903;148;66631;2.076441699858176
2022-09-04;RO;Romania;17304;3226207;135;66766;2.069489031546953
2022-09-11;RO;Romania;13185;3239392;83;66849;2.063627989449872
2022-09-18;RO;Romania;12971;3252363;63;66912;2.0573349284812306
2022-09-25;RO;Romania;9251;3261614;60;66972;2.0533392363412712
2022-10-02;RO;Romania;7884;3269498;55;67027;2.0500700719192975
2022-10-09;RO;Romania;5778;3275276;49;67076;2.0479495468473496
2022-10-16;RO;Romania;4347;3279623;43;67119;2.0465462036337714
2022-10-23;RO;Romania;3524;3283147;42;67161;2.045628782384706
2022-10-30;RO;Romania;3038;3286185;25;67186;2.0444984077281103
2022-11-06;RO;Romania;2819;3289004;25;67211;2.043506179986403
2022-11-13;RO;Romania;2585;3291589;25;67236;2.042660854681432
2022-11-20;RO;Romania;2476;3294065;17;67253;2.041641558378478
2022-11-27;RO;Romania;382;3294447;0;67253;2.041404824542632
2022-12-04;RO;Romania;2387;3296834;23;67276;2.04062442937679
2022-12-11;RO;Romania;1904;3298738;13;67289;2.0398406905913715
2022-12-18;RO;Romania;2924;3301662;21;67310;2.0386702212400905
2022-12-25;RO;Romania;3386;3305048;31;67341;2.0375195761150824
2023-01-01;RO;Romania;3432;3308480;33;67374;2.036403423928813
2023-01-08;RO;Romania;3605;3312085;34;67408;2.035213468253381
2023-01-15;RO;Romania;4107;3316192;52;67460;2.034260983682489
2023-01-22;RO;Romania;6456;3322648;82;67542;2.0327762676034298
2023-01-29;RO;Romania;2358;3325006;34;67576;2.0323572348440875
2023-02-05;RO;Romania;2799;3327805;43;67619;2.031939972444299
2023-02-12;RO;Romania;3200;3331005;31;67650;2.030918596639753
2023-02-19;RO;Romania;4126;3335131;25;67675;2.029155676343748
2023-02-26;RO;Romania;5211;3340342;29;67704;2.0268583276802197
2023-03-05;RO;Romania;5704;3346046;32;67736;2.024359497747491
2023-03-12;RO;Romania;6310;3352356;37;67773;2.021652831620508
2023-03-19;RO;Romania;7483;3359839;48;67821;2.0185788664278257
2023-03-26;RO;Romania;8082;3367921;37;67858;2.0148334833269543
2023-04-02;RO;Romania;6904;3374825;59;67917;2.0124599053284244
2023-04-09;RO;Romania;6066;3380891;44;67961;2.0101505786492377
2023-04-16;RO;Romania;4201;3385092;40;68001;2.008837573690759
2023-04-23;RO;Romania;5032;3390124;46;68047;2.00721271552309
2023-04-30;RO;Romania;3778;3393902;42;68089;2.0062158541996795
2023-05-07;RO;Romania;3463;3397365;28;68117;2.0049950476325034
2023-05-14;RO;Romania;2612;3399977;26;68143;2.0042194403079785
2023-05-21;RO;Romania;2379;3402356;29;68172;2.0036703978066965
2023-05-28;RO;Romania;1841;3404197;12;68184;2.0029393128541035
2023-06-04;RO;Romania;1009;3405206;9;68193;2.0026101210910587
2023-06-11;RO;Romania;963;3406169;24;68217;2.0027485424240545
2023-06-18;RO;Romania;730;3406899;7;68224;2.0025248767280743
2023-06-25;RO;Romania;586;3407485;9;68233;2.0024446182448346
2023-07-02;RO;Romania;510;3407995;7;68240;2.0023503555609676
2023-07-09;RO;Romania;460;3408455;3;68243;2.0021681377632974
2023-07-16;RO;Romania;430;3408885;3;68246;2.002003587683363
2023-07-23;RO;Romania;517;3409402;3;68249;2.0017879968393286
2023-07-30;RO;Romania;595;3409997;4;68253;2.0015560130991314
2023-08-06;RO;Romania;906;3410903;6;68259;2.001200268667857
2023-08-13;RO;Romania;1054;3411957;3;68262;2.000669996720357
2023-08-20;RO;Romania;1894;3413851;4;68266;1.9996771973937937
2023-08-27;RO;Romania;3326;3417177;4;68270;1.997847931201691
2023-09-03;RO;Romania;4772;3421949;12;68282;1.9954125558271034
2023-09-10;RO;Romania;7171;3429120;14;68296;1.9916480029861887
2023-09-17;RO;Romania;11226;3440346;18;68314;1.9856723713254425
2023-09-24;RO;Romania;14861;3455207;27;68341;1.9779133348595324
2023-10-01;RO;Romania;13165;3468372;31;68372;1.9712995030521523
2023-10-08;RO;Romania;9719;3478091;37;68409;1.9668548062716014
2023-10-15;RO;Romania;7701;3485792;46;68455;1.9638291670874224
2023-10-22;RO;Romania;6404;3492196;32;68487;1.9611442198547848
2023-10-29;RO;Romania;5030;3497226;38;68525;1.9594101153314083
2023-11-05;RO;Romania;2168;3499394;22;68547;1.9588248708204907
2023-11-12;RO;Romania;1465;3500859;11;68558;1.9583193724740129
2023-11-19;RO;Romania;1239;3502098;13;68571;1.9579977487780182
2023-11-26;RO;Romania;1293;3503391;9;68580;1.9575320025655145
2023-12-03;RO;Romania;1067;3504458;2;68582;1.9569930642627191
2023-12-10;RO;Romania;1317;3505775;10;68592;1.9565431324029638
2023-12-17;RO;Romania;1668;3507443;9;68601;1.9558692757088283
2023-12-24;RO;Romania;1766;3509209;14;68615;1.955283940056007
2023-12-31;RO;Romania;1850;3511059;15;68630;1.9546809096628683
2024-01-07;RO;Romania;2096;3513155;18;68648;1.954027078224559
2024-01-14;RO;Romania;2012;3515167;12;68660;1.9532500162865662
2024-01-21;RO;Romania;2124;3517291;9;68669;1.9523263784543277
2020-01-05;RU;Russian Federation;0;0;0;0;0.0
2020-01-12;RU;Russian Federation;0;0;0;0;0.0
2020-01-19;RU;Russian Federation;0;0;0;0;0.0
2020-01-26;RU;Russian Federation;0;0;0;0;0.0
2020-02-02;RU;Russian Federation;2;2;0;0;0.0
2020-02-09;RU;Russian Federation;0;2;0;0;0.0
2020-02-16;RU;Russian Federation;0;2;0;0;0.0
2020-02-23;RU;Russian Federation;0;2;0;0;0.0
2020-03-01;RU;Russian Federation;0;2;0;0;0.0
2020-03-08;RU;Russian Federation;5;7;0;0;0.0
2020-03-15;RU;Russian Federation;27;34;0;0;0.0
2020-03-22;RU;Russian Federation;272;306;0;0;0.0
2020-03-29;RU;Russian Federation;1228;1534;8;8;0.5215123859191656
2020-04-05;RU;Russian Federation;3197;4731;35;43;0.9088987529063622
2020-04-12;RU;Russian Federation;11039;15770;87;130;0.8243500317057704
2020-04-19;RU;Russian Federation;27083;42853;231;361;0.8424147667607869
2020-04-26;RU;Russian Federation;38096;80949;386;747;0.9228032464885297
2020-05-03;RU;Russian Federation;53738;134687;533;1280;0.9503515558294416
2020-05-10;RU;Russian Federation;75001;209688;635;1915;0.9132616077219488
2020-05-17;RU;Russian Federation;72064;281752;716;2631;0.9337999375337176
2020-05-24;RU;Russian Federation;62729;344481;910;3541;1.0279231655737182
2020-05-31;RU;Russian Federation;61362;405843;1152;4693;1.156358493308989
2020-06-07;RU;Russian Federation;61830;467673;1166;5859;1.2527984296720145
2020-06-14;RU;Russian Federation;61291;528964;1089;6948;1.3135109383625352
2020-06-21;RU;Russian Federation;55716;584680;1163;8111;1.3872545666005336
2020-06-28;RU;Russian Federation;49757;634437;962;9073;1.4300868328927854
2020-07-05;RU;Russian Federation;46814;681251;1088;10161;1.491520746391565
2020-07-12;RU;Russian Federation;45911;727162;1174;11335;1.5587998272737025
2020-07-19;RU;Russian Federation;44384;771546;1007;12342;1.5996453873132648
2020-07-26;RU;Russian Federation;40939;812485;927;13269;1.6331378425447856
2020-08-02;RU;Russian Federation;38385;850870;859;14128;1.660418160235994
2020-08-09;RU;Russian Federation;36666;887536;803;14931;1.6822979574913017
2020-08-16;RU;Russian Federation;35317;922853;754;15685;1.6996206329718817
2020-08-23;RU;Russian Federation;33896;956749;698;16383;1.7123613403306406
2020-08-30;RU;Russian Federation;33577;990326;710;17093;1.7259972978594926
2020-09-06;RU;Russian Federation;35179;1025505;727;17820;1.7376804598709903
2020-09-13;RU;Russian Federation;37306;1062811;758;18578;1.7480059954215754
2020-09-20;RU;Russian Federation;40588;1103399;840;19418;1.7598348376244677
2020-09-27;RU;Russian Federation;48039;1151438;906;20324;1.765097208881416
2020-10-04;RU;Russian Federation;63563;1215001;1034;21358;1.7578586355072958
2020-10-11;RU;Russian Federation;83717;1298718;1239;22597;1.7399466242864117
2020-10-18;RU;Russian Federation;100616;1399334;1590;24187;1.7284651126893222
2020-10-25;RU;Russian Federation;114543;1513877;1863;26050;1.7207474583470124
2020-11-01;RU;Russian Federation;122904;1636781;2185;28235;1.7250322431650904
2020-11-08;RU;Russian Federation;137553;1774334;2302;30537;1.7210401198421492
2020-11-15;RU;Russian Federation;151491;1925825;2649;33186;1.7232095335765192
2020-11-22;RU;Russian Federation;163504;2089329;2993;36179;1.731608569066911
2020-11-29;RU;Russian Federation;179987;2269316;3348;39527;1.7418023756938215
2020-12-06;RU;Russian Federation;191454;2460770;3614;43141;1.7531504366519421
2020-12-13;RU;Russian Federation;193158;2653928;3800;46941;1.7687367554809323
2020-12-20;RU;Russian Federation;194449;2848377;3917;50858;1.785508027905014
2020-12-27;RU;Russian Federation;201871;3050248;3920;54778;1.795853976463553
2021-01-03;RU;Russian Federation;186539;3236787;3728;58506;1.8075332111751563
2021-01-10;RU;Russian Federation;165167;3401954;3331;61837;1.8176906566049982
2021-01-17;RU;Russian Federation;166255;3568209;3729;65566;1.8375044735328003
2021-01-24;RU;Russian Federation;151191;3719400;3896;69462;1.8675592837554444
2021-01-31;RU;Russian Federation;131039;3850439;3720;73182;1.900614449417326
2021-02-07;RU;Russian Federation;116842;3967281;3479;76661;1.9323309843693954
2021-02-14;RU;Russian Federation;104602;4071883;3465;80126;1.9677873848536414
2021-02-21;RU;Russian Federation;92843;4164726;3167;83293;1.9999635030011578
2021-02-28;RU;Russian Federation;81353;4246079;2829;86122;2.0282712592017247
2021-03-07;RU;Russian Federation;76697;4322776;2978;89100;2.0611755038891673
2021-03-14;RU;Russian Federation;67832;4390608;2990;92090;2.097431608560819
2021-03-21;RU;Russian Federation;66261;4456869;2940;95030;2.13221434150297
2021-03-28;RU;Russian Federation;62963;4519832;2710;97740;2.1624697555130368
2021-04-04;RU;Russian Federation;61062;4580894;2634;100374;2.1911443486795372
2021-04-11;RU;Russian Federation;60496;4641390;2612;102986;2.2188611601266
2021-04-18;RU;Russian Federation;60711;4702101;2596;105582;2.245421780604032
2021-04-25;RU;Russian Federation;60468;4762569;2650;108232;2.272555001302868
2021-05-02;RU;Russian Federation;60686;4823255;2630;110862;2.298489298202148
2021-05-09;RU;Russian Federation;57007;4880262;2464;113326;2.322129426657831
2021-05-16;RU;Russian Federation;59983;4940245;2545;115871;2.3454504786705925
2021-05-23;RU;Russian Federation;61260;5001505;2611;118482;2.368926952987151
2021-05-30;RU;Russian Federation;61937;5063442;2680;121162;2.392878204193906
2021-06-06;RU;Russian Federation;62995;5126437;2625;123787;2.41467904511457
2021-06-13;RU;Russian Federation;82250;5208687;2643;126430;2.427291177219902
2021-06-20;RU;Russian Federation;108139;5316826;2931;129361;2.4330493418441757
2021-06-27;RU;Russian Federation;134465;5451291;3921;133282;2.444962119982221
2021-07-04;RU;Russian Federation;159650;5610941;4643;137925;2.458143830063442
2021-07-11;RU;Russian Federation;172392;5783333;5077;143002;2.472657203034997
2021-07-18;RU;Russian Federation;174800;5958133;5417;148419;2.4910320061670324
2021-07-25;RU;Russian Federation;168408;6126541;5455;153874;2.5115966742081706
2021-08-01;RU;Russian Federation;162136;6288677;5478;159352;2.533951099730516
2021-08-08;RU;Russian Federation;159073;6447750;5529;164881;2.5571866154860223
2021-08-15;RU;Russian Federation;153086;6600836;5618;170499;2.582991002957807
2021-08-22;RU;Russian Federation;146251;6747087;5545;176044;2.6091852676569904
2021-08-29;RU;Russian Federation;135740;6882827;5593;181637;2.638988311053002
2021-09-05;RU;Russian Federation;129772;7012599;5563;187200;2.6694810297865317
2021-09-12;RU;Russian Federation;127471;7140070;5549;192749;2.699539360258373
2021-09-19;RU;Russian Federation;134858;7274928;5469;198218;2.7246730139459796
2021-09-26;RU;Russian Federation;145985;7420913;5682;203900;2.7476403509918526
2021-10-03;RU;Russian Federation;165623;7586536;6018;209918;2.7669808724297886
2021-10-10;RU;Russian Federation;188829;7775365;6497;216415;2.7833420038802035
2021-10-17;RU;Russian Federation;217322;7992687;6897;223312;2.7939540232214775
2021-10-24;RU;Russian Federation;248956;8241643;7288;230600;2.797985789969306
2021-10-31;RU;Russian Federation;272147;8513790;7938;238538;2.8017839293663576
2021-11-07;RU;Russian Federation;281305;8795095;8276;246814;2.806268721372538
2021-11-14;RU;Russian Federation;275579;9070674;8572;255386;2.8155129376273473
2021-11-21;RU;Russian Federation;260484;9331158;8709;264095;2.830248935876983
2021-11-28;RU;Russian Federation;239215;9570373;8660;272755;2.8499934119600145
2021-12-05;RU;Russian Federation;231240;9801613;8523;281278;2.869711342408642
2021-12-12;RU;Russian Federation;215283;10016896;8205;289483;2.8899471453032954
2021-12-19;RU;Russian Federation;197894;10214790;7720;297203;2.909536074652538
2021-12-26;RU;Russian Federation;177230;10392020;7015;304218;2.927419308276928
2022-01-02;RU;Russian Federation;145946;10537966;6300;310518;2.9466597254157016
2022-01-09;RU;Russian Federation;112883;10650849;5645;316163;2.968430028441864
2022-01-16;RU;Russian Federation;152685;10803534;5157;321320;2.9742119569392758
2022-01-23;RU;Russian Federation;304657;11108191;4792;326112;2.93577955222412
2022-01-30;RU;Russian Federation;628816;11737007;4616;330728;2.8178222949002243
2022-02-06;RU;Russian Federation;1073111;12810118;4686;335414;2.6183521494493647
2022-02-13;RU;Russian Federation;1323391;14133509;4834;340248;2.4073851723588247
2022-02-20;RU;Russian Federation;1236910;15370419;5252;345500;2.2478242135103796
2022-02-27;RU;Russian Federation;920697;16291116;5427;350927;2.1541004311797916
2022-03-06;RU;Russian Federation;650540;16941656;5354;356281;2.102988043199555
2022-03-13;RU;Russian Federation;393530;17335186;4530;360811;2.081379455634338
2022-03-20;RU;Russian Federation;247506;17582692;3681;364492;2.0730158954044122
2022-03-27;RU;Russian Federation;180050;17762742;2859;367351;2.068098495153507
2022-04-03;RU;Russian Federation;134124;17896866;2357;369708;2.065769504001427
2022-04-10;RU;Russian Federation;99194;17996060;2008;371716;2.0655410128661496
2022-04-17;RU;Russian Federation;78657;18074717;1784;373500;2.066422395437782
2022-04-24;RU;Russian Federation;62420;18137137;1402;374902;2.0670406801249834
2022-05-01;RU;Russian Federation;52264;18189401;1129;376031;2.067308318729132
2022-05-08;RU;Russian Federation;38265;18227666;915;376946;2.0679882986664335
2022-05-15;RU;Russian Federation;32627;18260293;724;377670;2.068258159932045
2022-05-22;RU;Russian Federation;33157;18293450;680;378350;2.0682266056976677
2022-05-29;RU;Russian Federation;30586;18324036;605;378955;2.0680760504945526
2022-06-05;RU;Russian Federation;27815;18351851;565;379520;2.068020277627581
2022-06-12;RU;Russian Federation;24736;18376587;500;380020;2.0679574504231932
2022-06-19;RU;Russian Federation;21673;18398260;443;380463;2.0679292498312343
2022-06-26;RU;Russian Federation;20621;18418881;429;380892;2.0679432154428925
2022-07-03;RU;Russian Federation;20878;18439759;371;381263;2.067613790397152
2022-07-10;RU;Russian Federation;22452;18462211;320;381583;2.0668326236765466
2022-07-17;RU;Russian Federation;28085;18490296;298;381881;2.0653049578005676
2022-07-24;RU;Russian Federation;41959;18532255;274;382155;2.062107390600874
2022-07-31;RU;Russian Federation;69464;18601719;278;382433;2.0559013927691305
2022-08-07;RU;Russian Federation;110980;18712699;308;382741;2.04535433397395
2022-08-14;RU;Russian Federation;169259;18881958;384;383125;2.0290533428789534
2022-08-21;RU;Russian Federation;235385;19117343;435;383560;2.0063457563114286
2022-08-28;RU;Russian Federation;288580;19405923;523;384083;1.9792050086976023
2022-09-04;RU;Russian Federation;323500;19729423;628;384711;1.9499353833105002
2022-09-11;RU;Russian Federation;337187;20066610;637;385348;1.920344293331061
2022-09-18;RU;Russian Federation;372485;20439095;697;386045;1.8887577948045156
2022-09-25;RU;Russian Federation;353826;20792921;712;386757;1.8600416939976832
2022-10-02;RU;Russian Federation;256106;21049027;711;387468;1.8407881751493784
2022-10-09;RU;Russian Federation;154305;21203332;731;388199;1.830839605775168
2022-10-16;RU;Russian Federation;101222;21304554;702;388901;1.8254360077192884
2022-10-23;RU;Russian Federation;68381;21372935;636;389537;1.82257139695601
2022-10-30;RU;Russian Federation;50790;21423725;567;390104;1.8208971595742571
2022-11-06;RU;Russian Federation;40125;21463850;484;390588;1.8197480880643502
2022-11-13;RU;Russian Federation;36102;21499952;436;391024;1.8187203394686646
2022-11-20;RU;Russian Federation;36277;21536229;430;391454;1.817653406267179
2022-11-27;RU;Russian Federation;38535;21574764;386;391840;1.8161959963965306
2022-12-04;RU;Russian Federation;42837;21617601;391;392231;1.8144057705570569
2022-12-11;RU;Russian Federation;47551;21665152;380;392611;1.8121774543746565
2022-12-18;RU;Russian Federation;50922;21716074;389;393000;1.809719381136756
2022-12-25;RU;Russian Federation;48218;21764292;383;393383;1.8074697766414825
2023-01-01;RU;Russian Federation;39255;21803547;379;393762;1.8059538661301302
2023-01-08;RU;Russian Federation;23435;21826982;318;394080;1.8054717780039402
2023-01-15;RU;Russian Federation;29631;21856613;318;394398;1.8044790379918425
2023-01-22;RU;Russian Federation;37544;21894157;296;394694;1.80273668449532
2023-01-29;RU;Russian Federation;44264;21938421;290;394984;1.8004212791795728
2023-02-05;RU;Russian Federation;58323;21996744;295;395279;1.7969886815976037
2023-02-12;RU;Russian Federation;75973;22072717;272;395551;1.7920358422572082
2023-02-19;RU;Russian Federation;93918;22166635;248;395799;1.7855619492990253
2023-02-26;RU;Russian Federation;86502;22253137;236;396035;1.7796816691507358
2023-03-05;RU;Russian Federation;88991;22342128;263;396298;1.7737701619111663
2023-03-12;RU;Russian Federation;80965;22423093;288;396586;1.7686498468342435
2023-03-19;RU;Russian Federation;83106;22506199;248;396834;1.7632208797229598
2023-03-26;RU;Russian Federation;80011;22586210;244;397078;1.7580550256107597
2023-04-02;RU;Russian Federation;69916;22656126;234;397312;1.7536625634938647
2023-04-09;RU;Russian Federation;58862;22714988;258;397570;1.750254061327261
2023-04-16;RU;Russian Federation;50349;22765337;258;397828;1.7475164105850927
2023-04-23;RU;Russian Federation;44927;22810264;245;398073;1.745148587495524
2023-04-30;RU;Russian Federation;40945;22851209;232;398305;1.7430368782675787
2023-05-07;RU;Russian Federation;27440;22878649;220;398525;1.741907924720555
2023-05-14;RU;Russian Federation;19727;22898376;185;398710;1.7412151848672588
2023-05-21;RU;Russian Federation;2379;22900755;26;398736;1.74114783551896
2023-05-28;RU;Russian Federation;17118;22917873;183;398919;1.7406458269491238
2023-06-04;RU;Russian Federation;11276;22929149;138;399057;1.7403916734982185
2023-06-11;RU;Russian Federation;13309;22942458;169;399226;1.7401186917286717
2023-06-18;RU;Russian Federation;4406;22946864;87;399313;1.7401637103876155
2023-06-25;RU;Russian Federation;6545;22953409;123;399436;1.7402033832970083
2023-07-02;RU;Russian Federation;5789;22959198;127;399563;1.740317758486163
2023-07-09;RU;Russian Federation;4490;22963688;86;399649;1.7403519852734455
2023-07-16;RU;Russian Federation;4030;22967718;66;399715;1.7403339765840038
2023-07-23;RU;Russian Federation;3389;22971107;57;399772;1.740325357415296
2023-07-30;RU;Russian Federation;3182;22974289;42;399814;1.7402671307912947
2023-08-06;RU;Russian Federation;2985;22977274;40;399854;1.740215136051387
2023-08-13;RU;Russian Federation;2932;22980206;43;399897;1.7401802229275054
2023-08-20;RU;Russian Federation;2944;22983150;41;399938;1.7401357081165987
2023-08-27;RU;Russian Federation;3378;22986528;34;399972;1.7400278980801276
2023-09-03;RU;Russian Federation;4020;22990548;11;399983;1.7397714921801775
2023-09-10;RU;Russian Federation;5217;22995765;16;399999;1.739446371973274
2023-09-17;RU;Russian Federation;7688;23003453;10;400009;1.7389085021279196
2023-09-24;RU;Russian Federation;11516;23014969;14;400023;1.7380992344591033
2023-10-01;RU;Russian Federation;14435;23029404;24;400047;1.7371139956552935
2023-10-08;RU;Russian Federation;16429;23045833;30;400077;1.7360058106816967
2023-10-15;RU;Russian Federation;16127;23061960;25;400102;1.734900242650668
2023-10-22;RU;Russian Federation;16852;23078812;43;400145;1.733819747740915
2023-10-29;RU;Russian Federation;19922;23098734;50;400195;1.7325408396841144
2023-11-05;RU;Russian Federation;34191;23132925;63;400258;1.7302524432167572
2023-11-12;RU;Russian Federation;41386;23174311;76;400334;1.7274904095314851
2023-11-19;RU;Russian Federation;58150;23232461;93;400427;1.7235668662050052
2023-11-26;RU;Russian Federation;77106;23309567;90;400517;1.7182515659771802
2023-12-03;RU;Russian Federation;95079;23404646;138;400655;1.7118609698262472
2023-12-10;RU;Russian Federation;107174;23511820;148;400803;1.7046872594295124
2023-12-17;RU;Russian Federation;96903;23608723;164;400967;1.6983849571194511
2023-12-24;RU;Russian Federation;79032;23687755;186;401153;1.6935036688787097
2023-12-31;RU;Russian Federation;58797;23746552;206;401359;1.6901780098432815
2024-01-07;RU;Russian Federation;25922;23772474;123;401482;1.6888524097239521
2024-01-14;RU;Russian Federation;623;23773097;150;401632;1.6894391168302558
2024-01-21;RU;Russian Federation;613;23773710;141;401773;1.68998864712323
2020-01-05;RW;Rwanda;0;0;0;0;0.0
2020-01-12;RW;Rwanda;0;0;0;0;0.0
2020-01-19;RW;Rwanda;0;0;0;0;0.0
2020-01-26;RW;Rwanda;0;0;0;0;0.0
2020-02-02;RW;Rwanda;0;0;0;0;0.0
2020-02-09;RW;Rwanda;0;0;0;0;0.0
2020-02-16;RW;Rwanda;0;0;0;0;0.0
2020-02-23;RW;Rwanda;0;0;0;0;0.0
2020-03-01;RW;Rwanda;0;0;0;0;0.0
2020-03-08;RW;Rwanda;0;0;0;0;0.0
2020-03-15;RW;Rwanda;1;1;0;0;0.0
2020-03-22;RW;Rwanda;16;17;0;0;0.0
2020-03-29;RW;Rwanda;41;58;0;0;0.0
2020-04-05;RW;Rwanda;44;102;0;0;0.0
2020-04-12;RW;Rwanda;18;120;0;0;0.0
2020-04-19;RW;Rwanda;24;144;0;0;0.0
2020-04-26;RW;Rwanda;39;183;0;0;0.0
2020-05-03;RW;Rwanda;72;255;0;0;0.0
2020-05-10;RW;Rwanda;26;281;0;0;0.0
2020-05-17;RW;Rwanda;8;289;0;0;0.0
2020-05-24;RW;Rwanda;36;325;0;0;0.0
2020-05-31;RW;Rwanda;34;359;1;1;0.2785515320334262
2020-06-07;RW;Rwanda;72;431;1;2;0.46403712296983757
2020-06-14;RW;Rwanda;110;541;0;2;0.36968576709796674
2020-06-21;RW;Rwanda;161;702;0;2;0.2849002849002849
2020-06-28;RW;Rwanda;176;878;0;2;0.22779043280182232
2020-07-05;RW;Rwanda;214;1092;1;3;0.27472527472527475
2020-07-12;RW;Rwanda;207;1299;1;4;0.30792917628945343
2020-07-19;RW;Rwanda;240;1539;1;5;0.3248862897985705
2020-07-26;RW;Rwanda;213;1752;0;5;0.28538812785388123
2020-08-02;RW;Rwanda;290;2042;0;5;0.2448579823702253
2020-08-09;RW;Rwanda;93;2135;1;6;0.2810304449648712
2020-08-16;RW;Rwanda;217;2352;2;8;0.3401360544217687
2020-08-23;RW;Rwanda;537;2889;3;11;0.380754586362063
2020-08-30;RW;Rwanda;954;3843;5;16;0.4163413999479573
2020-09-06;RW;Rwanda;506;4349;2;18;0.41388825017245345
2020-09-13;RW;Rwanda;216;4565;4;22;0.48192771084337355
2020-09-20;RW;Rwanda;124;4689;4;26;0.5544892301130305
2020-09-27;RW;Rwanda;122;4811;3;29;0.6027852837247973
2020-10-04;RW;Rwanda;40;4851;0;29;0.5978148835291692
2020-10-11;RW;Rwanda;41;4892;1;30;0.6132461161079313
2020-10-18;RW;Rwanda;79;4971;4;34;0.683967008650171
2020-10-25;RW;Rwanda;89;5060;0;34;0.6719367588932806
2020-11-01;RW;Rwanda;77;5137;1;35;0.6813315164492895
2020-11-08;RW;Rwanda;76;5213;1;36;0.6905812392096682
2020-11-15;RW;Rwanda;181;5394;6;42;0.778642936596218
2020-11-22;RW;Rwanda;226;5620;4;46;0.8185053380782918
2020-11-29;RW;Rwanda;271;5891;1;47;0.7978271940247836
2020-12-06;RW;Rwanda;193;6084;4;51;0.8382642998027613
2020-12-13;RW;Rwanda;444;6528;5;56;0.857843137254902
2020-12-20;RW;Rwanda;704;7232;3;59;0.8158185840707965
2020-12-27;RW;Rwanda;585;7817;14;73;0.9338620954330307
2021-01-03;RW;Rwanda;750;8567;25;98;1.1439243609198086
2021-01-10;RW;Rwanda;894;9461;20;118;1.2472254518549835
2021-01-17;RW;Rwanda;1389;10850;22;140;1.2903225806451613
2021-01-24;RW;Rwanda;1797;12647;32;172;1.3600063256108168
2021-01-31;RW;Rwanda;2471;15118;21;193;1.2766238920492128
2021-02-07;RW;Rwanda;1219;16337;24;217;1.3282732447817838
2021-02-14;RW;Rwanda;930;17267;19;236;1.3667689812937973
2021-02-21;RW;Rwanda;721;17988;11;247;1.3731376473204358
2021-02-28;RW;Rwanda;802;18790;14;261;1.3890367216604578
2021-03-07;RW;Rwanda;636;19426;6;267;1.3744466179347266
2021-03-14;RW;Rwanda;717;20143;9;276;1.370203048205332
2021-03-21;RW;Rwanda;618;20761;11;287;1.3823996917296855
2021-03-28;RW;Rwanda;609;21370;14;301;1.4085166120729995
2021-04-04;RW;Rwanda;873;22243;10;311;1.3981926898350043
2021-04-11;RW;Rwanda;1100;23343;3;314;1.3451570063830698
2021-04-18;RW;Rwanda;523;23866;8;322;1.3491996983155954
2021-04-25;RW;Rwanda;669;24535;6;328;1.336865702058284
2021-05-02;RW;Rwanda;690;25225;7;335;1.3280475718533202
2021-05-09;RW;Rwanda;361;25586;3;338;1.3210349409833502
2021-05-16;RW;Rwanda;348;25934;4;342;1.3187321662682194
2021-05-23;RW;Rwanda;490;26424;6;348;1.3169845594913716
2021-05-30;RW;Rwanda;356;26780;1;349;1.303211351755041
2021-06-06;RW;Rwanda;382;27162;10;359;1.321699433031441
2021-06-13;RW;Rwanda;498;27660;7;366;1.3232104121475055
2021-06-20;RW;Rwanda;2388;30048;12;378;1.2579872204472844
2021-06-27;RW;Rwanda;4970;35018;26;404;1.153692386772517
2021-07-04;RW;Rwanda;6678;41696;61;465;1.1152148887183422
2021-07-11;RW;Rwanda;5971;47667;86;551;1.155935972475717
2021-07-18;RW;Rwanda;6882;54549;87;638;1.1695906432748537
2021-07-25;RW;Rwanda;10060;64609;89;727;1.125230231082357
2021-08-01;RW;Rwanda;6089;70698;81;808;1.1428894735353192
2021-08-08;RW;Rwanda;4945;75643;73;881;1.1646814642465264
2021-08-15;RW;Rwanda;3651;79294;68;949;1.1968118647060308
2021-08-22;RW;Rwanda;3336;82630;61;1010;1.222316349993949
2021-08-29;RW;Rwanda;3612;86242;64;1074;1.2453329004429396
2021-09-05;RW;Rwanda;3282;89524;43;1117;1.2477101112550824
2021-09-12;RW;Rwanda;2869;92393;47;1164;1.259835701838884
2021-09-19;RW;Rwanda;2724;95117;42;1206;1.2679121502991053
2021-09-26;RW;Rwanda;1610;96727;42;1248;1.290229201774065
2021-10-03;RW;Rwanda;1054;97781;33;1281;1.3100704635869955
2021-10-10;RW;Rwanda;818;98599;23;1304;1.322528626050974
2021-10-17;RW;Rwanda;527;99126;9;1313;1.3245768012428625
2021-10-24;RW;Rwanda;226;99352;7;1320;1.328609388839681
2021-10-31;RW;Rwanda;329;99681;8;1328;1.3322498771079743
2021-11-07;RW;Rwanda;250;99931;4;1332;1.3329197146030762
2021-11-14;RW;Rwanda;194;100125;6;1338;1.3363295880149813
2021-11-21;RW;Rwanda;82;100207;2;1340;1.3372319299050965
2021-11-28;RW;Rwanda;118;100325;2;1342;1.3376526289558934
2021-12-05;RW;Rwanda;79;100404;1;1343;1.337596111708697
2021-12-12;RW;Rwanda;180;100584;1;1344;1.336196611787163
2021-12-19;RW;Rwanda;829;101413;0;1344;1.3252738800745467
2021-12-26;RW;Rwanda;3099;104512;2;1346;1.2878903857930188
2022-01-02;RW;Rwanda;8142;112654;5;1351;1.1992472526497062
2022-01-09;RW;Rwanda;7720;120374;22;1373;1.140611760014621
2022-01-16;RW;Rwanda;4428;124802;30;1403;1.124180702232336
2022-01-23;RW;Rwanda;3100;127902;29;1432;1.119607199261935
2022-01-30;RW;Rwanda;900;128802;6;1438;1.116442291268769
2022-02-06;RW;Rwanda;323;129125;8;1446;1.1198451113262342
2022-02-13;RW;Rwanda;170;129295;4;1450;1.121466414014463
2022-02-20;RW;Rwanda;74;129369;5;1455;1.124689840688264
2022-02-27;RW;Rwanda;116;129485;2;1457;1.1252268602540834
2022-03-06;RW;Rwanda;66;129551;1;1458;1.1254255081010567
2022-03-13;RW;Rwanda;38;129589;1;1459;1.1258671646513208
2022-03-20;RW;Rwanda;48;129637;0;1459;1.1254502958260373
2022-03-27;RW;Rwanda;71;129708;0;1459;1.1248342430690474
2022-04-03;RW;Rwanda;21;129729;0;1459;1.1246521595017305
2022-04-10;RW;Rwanda;18;129747;0;1459;1.12449613478539
2022-04-17;RW;Rwanda;20;129767;0;1459;1.1243228247551382
2022-04-24;RW;Rwanda;18;129785;0;1459;1.1241668913973109
2022-05-01;RW;Rwanda;45;129830;0;1459;1.1237772471693754
2022-05-08;RW;Rwanda;41;129871;0;1459;1.1234224730694304
2022-05-15;RW;Rwanda;48;129919;0;1459;1.1230074123107476
2022-05-22;RW;Rwanda;62;129981;0;1459;1.1224717458705502
2022-05-29;RW;Rwanda;64;130045;0;1459;1.1219193356145951
2022-06-05;RW;Rwanda;134;130179;0;1459;1.1207644858233663
2022-06-12;RW;Rwanda;178;130357;0;1459;1.1192341032702502
2022-06-19;RW;Rwanda;212;130569;0;1459;1.117416844733436
2022-06-26;RW;Rwanda;256;130825;0;1459;1.1152302694439136
2022-07-03;RW;Rwanda;367;131192;0;1459;1.1121104945423501
2022-07-10;RW;Rwanda;476;131668;2;1461;1.1096090166175532
2022-07-17;RW;Rwanda;227;131895;4;1465;1.1107320216839154
2022-07-24;RW;Rwanda;49;131944;1;1466;1.111077426787122
2022-07-31;RW;Rwanda;323;132267;0;1466;1.1083641422274642
2022-08-07;RW;Rwanda;58;132325;0;1466;1.1078783298696393
2022-08-14;RW;Rwanda;30;132355;0;1466;1.1076272146877715
2022-08-21;RW;Rwanda;22;132377;0;1466;1.1074431358921868
2022-08-28;RW;Rwanda;38;132415;0;1466;1.1071253256806253
2022-09-04;RW;Rwanda;34;132449;0;1466;1.1068411237532938
2022-09-11;RW;Rwanda;25;132474;0;1466;1.106632244817851
2022-09-18;RW;Rwanda;11;132485;0;1466;1.106540363059969
2022-09-25;RW;Rwanda;3;132488;0;1466;1.1065153070466758
2022-10-02;RW;Rwanda;16;132504;0;1466;1.1063816941375355
2022-10-09;RW;Rwanda;11;132515;1;1467;1.10704448552994
2022-10-16;RW;Rwanda;2;132517;0;1467;1.1070277775681612
2022-10-23;RW;Rwanda;16;132533;0;1467;1.1068941320274952
2022-10-30;RW;Rwanda;23;132556;0;1467;1.106702073086092
2022-11-06;RW;Rwanda;29;132585;0;1467;1.106460006788098
2022-11-13;RW;Rwanda;26;132611;0;1467;1.1062430718417025
2022-11-20;RW;Rwanda;32;132643;0;1467;1.105976191732696
2022-11-27;RW;Rwanda;38;132681;0;1467;1.1056594388043504
2022-12-04;RW;Rwanda;81;132762;0;1467;1.1049848601256385
2022-12-11;RW;Rwanda;49;132811;0;1467;1.1045771811069867
2022-12-18;RW;Rwanda;29;132840;0;1467;1.1043360433604337
2022-12-25;RW;Rwanda;80;132920;0;1467;1.103671381281974
2023-01-01;RW;Rwanda;59;132979;0;1467;1.1031817053820527
2023-01-08;RW;Rwanda;54;133033;1;1468;1.1034856013169665
2023-01-15;RW;Rwanda;25;133058;0;1468;1.1032782696267793
2023-01-22;RW;Rwanda;20;133078;0;1468;1.1031124603615925
2023-01-29;RW;Rwanda;12;133090;0;1468;1.103012998722669
2023-02-05;RW;Rwanda;13;133103;0;1468;1.1029052688519418
2023-02-12;RW;Rwanda;45;133148;0;1468;1.1025325202030822
2023-02-19;RW;Rwanda;22;133170;0;1468;1.1023503792145377
2023-02-26;RW;Rwanda;14;133184;0;1468;1.10223450264296
2023-03-05;RW;Rwanda;10;133194;0;1468;1.1021517485772632
2023-03-12;RW;Rwanda;0;133194;0;1468;1.1021517485772632
2023-03-19;RW;Rwanda;0;133194;0;1468;1.1021517485772632
2023-03-26;RW;Rwanda;0;133194;0;1468;1.1021517485772632
2023-04-02;RW;Rwanda;0;133194;0;1468;1.1021517485772632
2023-04-09;RW;Rwanda;0;133194;0;1468;1.1021517485772632
2023-04-16;RW;Rwanda;0;133194;0;1468;1.1021517485772632
2023-04-23;RW;Rwanda;0;133194;0;1468;1.1021517485772632
2023-04-30;RW;Rwanda;0;133194;0;1468;1.1021517485772632
2023-05-07;RW;Rwanda;0;133194;0;1468;1.1021517485772632
2023-05-14;RW;Rwanda;0;133194;0;1468;1.1021517485772632
2023-05-21;RW;Rwanda;0;133194;0;1468;1.1021517485772632
2023-05-28;RW;Rwanda;0;133194;0;1468;1.1021517485772632
2023-06-04;RW;Rwanda;0;133194;0;1468;1.1021517485772632
2023-06-11;RW;Rwanda;0;133194;0;1468;1.1021517485772632
2023-06-18;RW;Rwanda;0;133194;0;1468;1.1021517485772632
2023-06-25;RW;Rwanda;0;133194;0;1468;1.1021517485772632
2023-07-02;RW;Rwanda;0;133194;0;1468;1.1021517485772632
2023-07-09;RW;Rwanda;0;133194;0;1468;1.1021517485772632
2023-07-16;RW;Rwanda;0;133194;0;1468;1.1021517485772632
2023-07-23;RW;Rwanda;0;133194;0;1468;1.1021517485772632
2023-07-30;RW;Rwanda;0;133194;0;1468;1.1021517485772632
2023-08-06;RW;Rwanda;0;133194;0;1468;1.1021517485772632
2023-08-13;RW;Rwanda;0;133194;0;1468;1.1021517485772632
2023-08-20;RW;Rwanda;0;133194;0;1468;1.1021517485772632
2023-08-27;RW;Rwanda;0;133194;0;1468;1.1021517485772632
2023-09-03;RW;Rwanda;0;133194;0;1468;1.1021517485772632
2023-09-10;RW;Rwanda;0;133194;0;1468;1.1021517485772632
2023-09-17;RW;Rwanda;0;133194;0;1468;1.1021517485772632
2023-09-24;RW;Rwanda;0;133194;0;1468;1.1021517485772632
2023-10-01;RW;Rwanda;0;133194;0;1468;1.1021517485772632
2023-10-08;RW;Rwanda;0;133194;0;1468;1.1021517485772632
2023-10-15;RW;Rwanda;0;133194;0;1468;1.1021517485772632
2023-10-22;RW;Rwanda;0;133194;0;1468;1.1021517485772632
2023-10-29;RW;Rwanda;0;133194;0;1468;1.1021517485772632
2023-11-05;RW;Rwanda;0;133194;0;1468;1.1021517485772632
2023-11-12;RW;Rwanda;0;133194;0;1468;1.1021517485772632
2023-11-19;RW;Rwanda;14;133208;0;1468;1.1020359137589335
2023-11-26;RW;Rwanda;0;133208;0;1468;1.1020359137589335
2023-12-03;RW;Rwanda;0;133208;0;1468;1.1020359137589335
2023-12-10;RW;Rwanda;0;133208;0;1468;1.1020359137589335
2023-12-17;RW;Rwanda;0;133208;0;1468;1.1020359137589335
2023-12-24;RW;Rwanda;0;133208;0;1468;1.1020359137589335
2023-12-31;RW;Rwanda;0;133208;0;1468;1.1020359137589335
2024-01-07;RW;Rwanda;0;133208;0;1468;1.1020359137589335
2024-01-14;RW;Rwanda;0;133208;0;1468;1.1020359137589335
2024-01-21;RW;Rwanda;0;133208;0;1468;1.1020359137589335
2020-01-05;BL;Saint Barthélemy;0;0;0;0;0.0
2020-01-12;BL;Saint Barthélemy;0;0;0;0;0.0
2020-01-19;BL;Saint Barthélemy;0;0;0;0;0.0
2020-01-26;BL;Saint Barthélemy;0;0;0;0;0.0
2020-02-02;BL;Saint Barthélemy;0;0;0;0;0.0
2020-02-09;BL;Saint Barthélemy;0;0;0;0;0.0
2020-02-16;BL;Saint Barthélemy;0;0;0;0;0.0
2020-02-23;BL;Saint Barthélemy;0;0;0;0;0.0
2020-03-01;BL;Saint Barthélemy;0;0;0;0;0.0
2020-03-08;BL;Saint Barthélemy;1;1;0;0;0.0
2020-03-15;BL;Saint Barthélemy;0;1;0;0;0.0
2020-03-22;BL;Saint Barthélemy;2;3;0;0;0.0
2020-03-29;BL;Saint Barthélemy;2;5;0;0;0.0
2020-04-05;BL;Saint Barthélemy;1;6;0;0;0.0
2020-04-12;BL;Saint Barthélemy;0;6;0;0;0.0
2020-04-19;BL;Saint Barthélemy;0;6;0;0;0.0
2020-04-26;BL;Saint Barthélemy;0;6;0;0;0.0
2020-05-03;BL;Saint Barthélemy;0;6;0;0;0.0
2020-05-10;BL;Saint Barthélemy;0;6;0;0;0.0
2020-05-17;BL;Saint Barthélemy;0;6;0;0;0.0
2020-05-24;BL;Saint Barthélemy;0;6;0;0;0.0
2020-05-31;BL;Saint Barthélemy;0;6;0;0;0.0
2020-06-07;BL;Saint Barthélemy;0;6;0;0;0.0
2020-06-14;BL;Saint Barthélemy;0;6;0;0;0.0
2020-06-21;BL;Saint Barthélemy;0;6;0;0;0.0
2020-06-28;BL;Saint Barthélemy;0;6;0;0;0.0
2020-07-05;BL;Saint Barthélemy;0;6;0;0;0.0
2020-07-12;BL;Saint Barthélemy;0;6;0;0;0.0
2020-07-19;BL;Saint Barthélemy;0;6;0;0;0.0
2020-07-26;BL;Saint Barthélemy;1;7;0;0;0.0
2020-08-02;BL;Saint Barthélemy;1;8;0;0;0.0
2020-08-09;BL;Saint Barthélemy;1;9;0;0;0.0
2020-08-16;BL;Saint Barthélemy;4;13;0;0;0.0
2020-08-23;BL;Saint Barthélemy;3;16;0;0;0.0
2020-08-30;BL;Saint Barthélemy;2;18;0;0;0.0
2020-09-06;BL;Saint Barthélemy;0;18;0;0;0.0
2020-09-13;BL;Saint Barthélemy;3;21;0;0;0.0
2020-09-20;BL;Saint Barthélemy;2;23;0;0;0.0
2020-09-27;BL;Saint Barthélemy;25;48;0;0;0.0
2020-10-04;BL;Saint Barthélemy;14;62;0;0;0.0
2020-10-11;BL;Saint Barthélemy;3;65;0;0;0.0
2020-10-18;BL;Saint Barthélemy;7;72;0;0;0.0
2020-10-25;BL;Saint Barthélemy;11;83;0;0;0.0
2020-11-01;BL;Saint Barthélemy;6;89;0;0;0.0
2020-11-08;BL;Saint Barthélemy;1;90;0;0;0.0
2020-11-15;BL;Saint Barthélemy;19;109;0;0;0.0
2020-11-22;BL;Saint Barthélemy;18;127;0;0;0.0
2020-11-29;BL;Saint Barthélemy;0;127;0;0;0.0
2020-12-06;BL;Saint Barthélemy;25;152;0;0;0.0
2020-12-13;BL;Saint Barthélemy;12;164;0;0;0.0
2020-12-20;BL;Saint Barthélemy;18;182;0;0;0.0
2020-12-27;BL;Saint Barthélemy;7;189;0;0;0.0
2021-01-03;BL;Saint Barthélemy;1;190;0;0;0.0
2021-01-10;BL;Saint Barthélemy;1;191;0;0;0.0
2021-01-17;BL;Saint Barthélemy;33;224;0;0;0.0
2021-01-24;BL;Saint Barthélemy;152;376;0;0;0.0
2021-01-31;BL;Saint Barthélemy;3;379;0;0;0.0
2021-02-07;BL;Saint Barthélemy;0;379;0;0;0.0
2021-02-14;BL;Saint Barthélemy;96;475;0;0;0.0
2021-02-21;BL;Saint Barthélemy;0;475;0;0;0.0
2021-02-28;BL;Saint Barthélemy;137;612;0;0;0.0
2021-03-07;BL;Saint Barthélemy;59;671;0;0;0.0
2021-03-14;BL;Saint Barthélemy;54;725;1;1;0.13793103448275862
2021-03-21;BL;Saint Barthélemy;51;776;0;1;0.12886597938144329
2021-03-28;BL;Saint Barthélemy;81;857;0;1;0.11668611435239205
2021-04-04;BL;Saint Barthélemy;53;910;0;1;0.10989010989010989
2021-04-11;BL;Saint Barthélemy;18;928;0;1;0.10775862068965517
2021-04-18;BL;Saint Barthélemy;26;954;0;1;0.10482180293501049
2021-04-25;BL;Saint Barthélemy;22;976;0;1;0.10245901639344263
2021-05-02;BL;Saint Barthélemy;12;988;0;1;0.10121457489878542
2021-05-09;BL;Saint Barthélemy;6;994;0;1;0.1006036217303823
2021-05-16;BL;Saint Barthélemy;16;1010;0;1;0.09900990099009901
2021-05-23;BL;Saint Barthélemy;6;1016;0;1;0.09842519685039369
2021-05-30;BL;Saint Barthélemy;7;1023;0;1;0.09775171065493646
2021-06-06;BL;Saint Barthélemy;6;1029;0;1;0.09718172983479105
2021-06-13;BL;Saint Barthélemy;3;1032;0;1;0.09689922480620156
2021-06-20;BL;Saint Barthélemy;8;1040;0;1;0.09615384615384616
2021-06-27;BL;Saint Barthélemy;3;1043;0;1;0.09587727708533077
2021-07-04;BL;Saint Barthélemy;3;1046;0;1;0.09560229445506692
2021-07-11;BL;Saint Barthélemy;6;1052;0;1;0.09505703422053231
2021-07-18;BL;Saint Barthélemy;5;1057;0;1;0.0946073793755913
2021-07-25;BL;Saint Barthélemy;8;1065;0;1;0.09389671361502347
2021-08-01;BL;Saint Barthélemy;270;1335;0;1;0.0749063670411985
2021-08-08;BL;Saint Barthélemy;64;1399;0;1;0.07147962830593281
2021-08-15;BL;Saint Barthélemy;80;1479;0;1;0.0676132521974307
2021-08-22;BL;Saint Barthélemy;74;1553;0;1;0.0643915003219575
2021-08-29;BL;Saint Barthélemy;39;1592;0;1;0.06281407035175879
2021-09-05;BL;Saint Barthélemy;15;1607;1;2;0.12445550715619166
2021-09-12;BL;Saint Barthélemy;6;1613;0;2;0.12399256044637322
2021-09-19;BL;Saint Barthélemy;11;1624;0;2;0.12315270935960591
2021-09-26;BL;Saint Barthélemy;10;1634;0;2;0.12239902080783352
2021-10-03;BL;Saint Barthélemy;15;1649;2;4;0.2425712553062462
2021-10-10;BL;Saint Barthélemy;9;1658;0;4;0.24125452352231602
2021-10-17;BL;Saint Barthélemy;1;1659;0;4;0.24110910186859552
2021-10-24;BL;Saint Barthélemy;0;1659;0;4;0.24110910186859552
2021-10-31;BL;Saint Barthélemy;1;1660;0;4;0.24096385542168677
2021-11-07;BL;Saint Barthélemy;1;1661;0;4;0.2408187838651415
2021-11-14;BL;Saint Barthélemy;0;1661;0;4;0.2408187838651415
2021-11-21;BL;Saint Barthélemy;5;1666;0;4;0.24009603841536614
2021-11-28;BL;Saint Barthélemy;6;1672;0;4;0.23923444976076555
2021-12-05;BL;Saint Barthélemy;2;1674;0;4;0.23894862604540024
2021-12-12;BL;Saint Barthélemy;9;1683;0;4;0.23767082590612004
2021-12-19;BL;Saint Barthélemy;9;1692;0;4;0.2364066193853428
2021-12-26;BL;Saint Barthélemy;34;1726;0;4;0.2317497103128621
2022-01-02;BL;Saint Barthélemy;229;1955;0;4;0.20460358056265981
2022-01-09;BL;Saint Barthélemy;495;2450;0;4;0.163265306122449
2022-01-16;BL;Saint Barthélemy;502;2952;0;4;0.13550135501355012
2022-01-23;BL;Saint Barthélemy;266;3218;0;4;0.1243008079552517
2022-01-30;BL;Saint Barthélemy;209;3427;0;4;0.11672016340822876
2022-02-06;BL;Saint Barthélemy;115;3542;0;4;0.1129305477131564
2022-02-13;BL;Saint Barthélemy;91;3633;0;4;0.11010184420589045
2022-02-20;BL;Saint Barthélemy;51;3684;0;4;0.10857763300760044
2022-02-27;BL;Saint Barthélemy;27;3711;0;4;0.10778765831312315
2022-03-06;BL;Saint Barthélemy;15;3726;0;4;0.10735373054213634
2022-03-13;BL;Saint Barthélemy;37;3763;0;4;0.10629816635663034
2022-03-20;BL;Saint Barthélemy;42;3805;0;4;0.10512483574244415
2022-03-27;BL;Saint Barthélemy;78;3883;0;4;0.10301313417460728
2022-04-03;BL;Saint Barthélemy;186;4069;0;4;0.09830425165888423
2022-04-10;BL;Saint Barthélemy;164;4233;0;4;0.09449562957713206
2022-04-17;BL;Saint Barthélemy;135;4368;0;4;0.09157509157509157
2022-04-24;BL;Saint Barthélemy;75;4443;0;4;0.09002925950934053
2022-05-01;BL;Saint Barthélemy;44;4487;0;4;0.08914642299977714
2022-05-08;BL;Saint Barthélemy;31;4518;0;4;0.08853474988933156
2022-05-15;BL;Saint Barthélemy;32;4550;0;4;0.0879120879120879
2022-05-22;BL;Saint Barthélemy;21;4571;0;4;0.08750820389411508
2022-05-29;BL;Saint Barthélemy;23;4594;0;4;0.087070091423596
2022-06-05;BL;Saint Barthélemy;20;4614;0;4;0.08669267446900737
2022-06-12;BL;Saint Barthélemy;32;4646;0;4;0.08609556607834697
2022-06-19;BL;Saint Barthélemy;25;4671;0;4;0.08563476771569258
2022-06-26;BL;Saint Barthélemy;26;4697;0;4;0.08516074089844582
2022-07-03;BL;Saint Barthélemy;43;4740;1;5;0.10548523206751054
2022-07-10;BL;Saint Barthélemy;105;4845;0;5;0.10319917440660474
2022-07-17;BL;Saint Barthélemy;109;4954;0;5;0.10092854259184497
2022-07-24;BL;Saint Barthélemy;101;5055;0;5;0.09891196834817012
2022-07-31;BL;Saint Barthélemy;83;5138;0;5;0.0973141300116777
2022-08-07;BL;Saint Barthélemy;39;5177;0;5;0.09658103148541626
2022-08-14;BL;Saint Barthélemy;31;5208;0;5;0.09600614439324116
2022-08-21;BL;Saint Barthélemy;23;5231;0;5;0.09558401835213153
2022-08-28;BL;Saint Barthélemy;32;5263;0;5;0.09500285008550256
2022-09-04;BL;Saint Barthélemy;0;5263;0;5;0.09500285008550256
2022-09-11;BL;Saint Barthélemy;0;5263;0;5;0.09500285008550256
2022-09-18;BL;Saint Barthélemy;0;5263;0;5;0.09500285008550256
2022-09-25;BL;Saint Barthélemy;22;5285;0;5;0.0946073793755913
2022-10-02;BL;Saint Barthélemy;0;5285;0;5;0.0946073793755913
2022-10-09;BL;Saint Barthélemy;17;5302;0;5;0.09430403621274991
2022-10-16;BL;Saint Barthélemy;11;5313;0;5;0.09410878976096368
2022-10-23;BL;Saint Barthélemy;10;5323;0;5;0.0939319932368965
2022-10-30;BL;Saint Barthélemy;0;5323;0;5;0.0939319932368965
2022-11-06;BL;Saint Barthélemy;9;5332;0;5;0.0937734433608402
2022-11-13;BL;Saint Barthélemy;4;5336;0;5;0.0937031484257871
2022-11-20;BL;Saint Barthélemy;5;5341;0;5;0.09361542782250515
2022-11-27;BL;Saint Barthélemy;7;5348;0;5;0.09349289454001496
2022-12-04;BL;Saint Barthélemy;12;5360;0;5;0.09328358208955223
2022-12-11;BL;Saint Barthélemy;22;5382;0;5;0.09290226681531029
2022-12-18;BL;Saint Barthélemy;9;5391;0;5;0.09274717121127805
2022-12-25;BL;Saint Barthélemy;11;5402;0;5;0.09255831173639394
2023-01-01;BL;Saint Barthélemy;6;5408;0;5;0.09245562130177515
2023-01-08;BL;Saint Barthélemy;10;5418;0;5;0.09228497600590624
2023-01-15;BL;Saint Barthélemy;0;5418;0;5;0.09228497600590624
2023-01-22;BL;Saint Barthélemy;2;5420;0;5;0.09225092250922509
2023-01-29;BL;Saint Barthélemy;6;5426;0;5;0.09214891264283082
2023-02-05;BL;Saint Barthélemy;5;5431;0;5;0.09206407659731174
2023-02-12;BL;Saint Barthélemy;4;5435;0;5;0.09199632014719411
2023-02-19;BL;Saint Barthélemy;4;5439;0;5;0.09192866335723479
2023-02-26;BL;Saint Barthélemy;1;5440;0;5;0.09191176470588235
2023-03-05;BL;Saint Barthélemy;1;5441;0;5;0.09189487226612755
2023-03-12;BL;Saint Barthélemy;8;5449;0;5;0.09175995595522114
2023-03-19;BL;Saint Barthélemy;18;5467;0;5;0.09145783793671117
2023-03-26;BL;Saint Barthélemy;11;5478;0;5;0.09127418765972983
2023-04-02;BL;Saint Barthélemy;0;5478;0;5;0.09127418765972983
2023-04-09;BL;Saint Barthélemy;0;5478;0;5;0.09127418765972983
2023-04-16;BL;Saint Barthélemy;6;5484;0;5;0.09117432530999271
2023-04-23;BL;Saint Barthélemy;1;5485;0;5;0.09115770282588878
2023-04-30;BL;Saint Barthélemy;1;5486;0;5;0.09114108640174991
2023-05-07;BL;Saint Barthélemy;0;5486;0;5;0.09114108640174991
2023-05-14;BL;Saint Barthélemy;0;5486;0;5;0.09114108640174991
2023-05-21;BL;Saint Barthélemy;8;5494;0;5;0.09100837277029487
2023-05-28;BL;Saint Barthélemy;0;5494;0;5;0.09100837277029487
2023-06-04;BL;Saint Barthélemy;0;5494;0;5;0.09100837277029487
2023-06-11;BL;Saint Barthélemy;0;5494;0;5;0.09100837277029487
2023-06-18;BL;Saint Barthélemy;0;5494;0;5;0.09100837277029487
2023-06-25;BL;Saint Barthélemy;13;5507;0;5;0.09079353550027239
2023-07-02;BL;Saint Barthélemy;0;5507;0;5;0.09079353550027239
2023-07-09;BL;Saint Barthélemy;0;5507;0;5;0.09079353550027239
2023-07-16;BL;Saint Barthélemy;0;5507;0;5;0.09079353550027239
2023-07-23;BL;Saint Barthélemy;0;5507;0;5;0.09079353550027239
2023-07-30;BL;Saint Barthélemy;0;5507;0;5;0.09079353550027239
2023-08-06;BL;Saint Barthélemy;0;5507;0;5;0.09079353550027239
2023-08-13;BL;Saint Barthélemy;0;5507;0;5;0.09079353550027239
2023-08-20;BL;Saint Barthélemy;0;5507;0;5;0.09079353550027239
2023-08-27;BL;Saint Barthélemy;0;5507;0;5;0.09079353550027239
2023-09-03;BL;Saint Barthélemy;0;5507;0;5;0.09079353550027239
2023-09-10;BL;Saint Barthélemy;0;5507;0;5;0.09079353550027239
2023-09-17;BL;Saint Barthélemy;0;5507;0;5;0.09079353550027239
2023-09-24;BL;Saint Barthélemy;0;5507;0;5;0.09079353550027239
2023-10-01;BL;Saint Barthélemy;0;5507;0;5;0.09079353550027239
2023-10-08;BL;Saint Barthélemy;0;5507;0;5;0.09079353550027239
2023-10-15;BL;Saint Barthélemy;0;5507;0;5;0.09079353550027239
2023-10-22;BL;Saint Barthélemy;0;5507;0;5;0.09079353550027239
2023-10-29;BL;Saint Barthélemy;0;5507;0;5;0.09079353550027239
2023-11-05;BL;Saint Barthélemy;0;5507;0;5;0.09079353550027239
2023-11-12;BL;Saint Barthélemy;0;5507;0;5;0.09079353550027239
2023-11-19;BL;Saint Barthélemy;0;5507;0;5;0.09079353550027239
2023-11-26;BL;Saint Barthélemy;0;5507;0;5;0.09079353550027239
2023-12-03;BL;Saint Barthélemy;0;5507;0;5;0.09079353550027239
2023-12-10;BL;Saint Barthélemy;0;5507;0;5;0.09079353550027239
2023-12-17;BL;Saint Barthélemy;0;5507;0;5;0.09079353550027239
2023-12-24;BL;Saint Barthélemy;0;5507;0;5;0.09079353550027239
2023-12-31;BL;Saint Barthélemy;0;5507;0;5;0.09079353550027239
2024-01-07;BL;Saint Barthélemy;0;5507;0;5;0.09079353550027239
2024-01-14;BL;Saint Barthélemy;0;5507;0;5;0.09079353550027239
2024-01-21;BL;Saint Barthélemy;0;5507;0;5;0.09079353550027239
2020-01-05;SH;Saint Helena;0;0;0;0;0.0
2020-01-12;SH;Saint Helena;0;0;0;0;0.0
2020-01-19;SH;Saint Helena;0;0;0;0;0.0
2020-01-26;SH;Saint Helena;0;0;0;0;0.0
2020-02-02;SH;Saint Helena;0;0;0;0;0.0
2020-02-09;SH;Saint Helena;0;0;0;0;0.0
2020-02-16;SH;Saint Helena;0;0;0;0;0.0
2020-02-23;SH;Saint Helena;0;0;0;0;0.0
2020-03-01;SH;Saint Helena;0;0;0;0;0.0
2020-03-08;SH;Saint Helena;0;0;0;0;0.0
2020-03-15;SH;Saint Helena;0;0;0;0;0.0
2020-03-22;SH;Saint Helena;0;0;0;0;0.0
2020-03-29;SH;Saint Helena;0;0;0;0;0.0
2020-04-05;SH;Saint Helena;0;0;0;0;0.0
2020-04-12;SH;Saint Helena;0;0;0;0;0.0
2020-04-19;SH;Saint Helena;0;0;0;0;0.0
2020-04-26;SH;Saint Helena;0;0;0;0;0.0
2020-05-03;SH;Saint Helena;0;0;0;0;0.0
2020-05-10;SH;Saint Helena;0;0;0;0;0.0
2020-05-17;SH;Saint Helena;0;0;0;0;0.0
2020-05-24;SH;Saint Helena;0;0;0;0;0.0
2020-05-31;SH;Saint Helena;0;0;0;0;0.0
2020-06-07;SH;Saint Helena;0;0;0;0;0.0
2020-06-14;SH;Saint Helena;0;0;0;0;0.0
2020-06-21;SH;Saint Helena;0;0;0;0;0.0
2020-06-28;SH;Saint Helena;0;0;0;0;0.0
2020-07-05;SH;Saint Helena;0;0;0;0;0.0
2020-07-12;SH;Saint Helena;0;0;0;0;0.0
2020-07-19;SH;Saint Helena;0;0;0;0;0.0
2020-07-26;SH;Saint Helena;0;0;0;0;0.0
2020-08-02;SH;Saint Helena;0;0;0;0;0.0
2020-08-09;SH;Saint Helena;0;0;0;0;0.0
2020-08-16;SH;Saint Helena;0;0;0;0;0.0
2020-08-23;SH;Saint Helena;0;0;0;0;0.0
2020-08-30;SH;Saint Helena;0;0;0;0;0.0
2020-09-06;SH;Saint Helena;0;0;0;0;0.0
2020-09-13;SH;Saint Helena;0;0;0;0;0.0
2020-09-20;SH;Saint Helena;0;0;0;0;0.0
2020-09-27;SH;Saint Helena;0;0;0;0;0.0
2020-10-04;SH;Saint Helena;0;0;0;0;0.0
2020-10-11;SH;Saint Helena;0;0;0;0;0.0
2020-10-18;SH;Saint Helena;0;0;0;0;0.0
2020-10-25;SH;Saint Helena;0;0;0;0;0.0
2020-11-01;SH;Saint Helena;0;0;0;0;0.0
2020-11-08;SH;Saint Helena;0;0;0;0;0.0
2020-11-15;SH;Saint Helena;0;0;0;0;0.0
2020-11-22;SH;Saint Helena;0;0;0;0;0.0
2020-11-29;SH;Saint Helena;0;0;0;0;0.0
2020-12-06;SH;Saint Helena;0;0;0;0;0.0
2020-12-13;SH;Saint Helena;0;0;0;0;0.0
2020-12-20;SH;Saint Helena;0;0;0;0;0.0
2020-12-27;SH;Saint Helena;0;0;0;0;0.0
2021-01-03;SH;Saint Helena;0;0;0;0;0.0
2021-01-10;SH;Saint Helena;0;0;0;0;0.0
2021-01-17;SH;Saint Helena;0;0;0;0;0.0
2021-01-24;SH;Saint Helena;0;0;0;0;0.0
2021-01-31;SH;Saint Helena;0;0;0;0;0.0
2021-02-07;SH;Saint Helena;0;0;0;0;0.0
2021-02-14;SH;Saint Helena;0;0;0;0;0.0
2021-02-21;SH;Saint Helena;0;0;0;0;0.0
2021-02-28;SH;Saint Helena;0;0;0;0;0.0
2021-03-07;SH;Saint Helena;0;0;0;0;0.0
2021-03-14;SH;Saint Helena;0;0;0;0;0.0
2021-03-21;SH;Saint Helena;0;0;0;0;0.0
2021-03-28;SH;Saint Helena;0;0;0;0;0.0
2021-04-04;SH;Saint Helena;0;0;0;0;0.0
2021-04-11;SH;Saint Helena;0;0;0;0;0.0
2021-04-18;SH;Saint Helena;0;0;0;0;0.0
2021-04-25;SH;Saint Helena;0;0;0;0;0.0
2021-05-02;SH;Saint Helena;0;0;0;0;0.0
2021-05-09;SH;Saint Helena;0;0;0;0;0.0
2021-05-16;SH;Saint Helena;0;0;0;0;0.0
2021-05-23;SH;Saint Helena;0;0;0;0;0.0
2021-05-30;SH;Saint Helena;0;0;0;0;0.0
2021-06-06;SH;Saint Helena;0;0;0;0;0.0
2021-06-13;SH;Saint Helena;0;0;0;0;0.0
2021-06-20;SH;Saint Helena;0;0;0;0;0.0
2021-06-27;SH;Saint Helena;0;0;0;0;0.0
2021-07-04;SH;Saint Helena;0;0;0;0;0.0
2021-07-11;SH;Saint Helena;0;0;0;0;0.0
2021-07-18;SH;Saint Helena;0;0;0;0;0.0
2021-07-25;SH;Saint Helena;0;0;0;0;0.0
2021-08-01;SH;Saint Helena;0;0;0;0;0.0
2021-08-08;SH;Saint Helena;0;0;0;0;0.0
2021-08-15;SH;Saint Helena;0;0;0;0;0.0
2021-08-22;SH;Saint Helena;0;0;0;0;0.0
2021-08-29;SH;Saint Helena;0;0;0;0;0.0
2021-09-05;SH;Saint Helena;0;0;0;0;0.0
2021-09-12;SH;Saint Helena;0;0;0;0;0.0
2021-09-19;SH;Saint Helena;0;0;0;0;0.0
2021-09-26;SH;Saint Helena;0;0;0;0;0.0
2021-10-03;SH;Saint Helena;0;0;0;0;0.0
2021-10-10;SH;Saint Helena;0;0;0;0;0.0
2021-10-17;SH;Saint Helena;0;0;0;0;0.0
2021-10-24;SH;Saint Helena;0;0;0;0;0.0
2021-10-31;SH;Saint Helena;0;0;0;0;0.0
2021-11-07;SH;Saint Helena;0;0;0;0;0.0
2021-11-14;SH;Saint Helena;0;0;0;0;0.0
2021-11-21;SH;Saint Helena;0;0;0;0;0.0
2021-11-28;SH;Saint Helena;0;0;0;0;0.0
2021-12-05;SH;Saint Helena;0;0;0;0;0.0
2021-12-12;SH;Saint Helena;0;0;0;0;0.0
2021-12-19;SH;Saint Helena;0;0;0;0;0.0
2021-12-26;SH;Saint Helena;0;0;0;0;0.0
2022-01-02;SH;Saint Helena;0;0;0;0;0.0
2022-01-09;SH;Saint Helena;0;0;0;0;0.0
2022-01-16;SH;Saint Helena;0;0;0;0;0.0
2022-01-23;SH;Saint Helena;0;0;0;0;0.0
2022-01-30;SH;Saint Helena;0;0;0;0;0.0
2022-02-06;SH;Saint Helena;0;0;0;0;0.0
2022-02-13;SH;Saint Helena;0;0;0;0;0.0
2022-02-20;SH;Saint Helena;0;0;0;0;0.0
2022-02-27;SH;Saint Helena;0;0;0;0;0.0
2022-03-06;SH;Saint Helena;0;0;0;0;0.0
2022-03-13;SH;Saint Helena;0;0;0;0;0.0
2022-03-20;SH;Saint Helena;0;0;0;0;0.0
2022-03-27;SH;Saint Helena;0;0;0;0;0.0
2022-04-03;SH;Saint Helena;0;0;0;0;0.0
2022-04-10;SH;Saint Helena;0;0;0;0;0.0
2022-04-17;SH;Saint Helena;0;0;0;0;0.0
2022-04-24;SH;Saint Helena;0;0;0;0;0.0
2022-05-01;SH;Saint Helena;0;0;0;0;0.0
2022-05-08;SH;Saint Helena;0;0;0;0;0.0
2022-05-15;SH;Saint Helena;0;0;0;0;0.0
2022-05-22;SH;Saint Helena;0;0;0;0;0.0
2022-05-29;SH;Saint Helena;0;0;0;0;0.0
2022-06-05;SH;Saint Helena;0;0;0;0;0.0
2022-06-12;SH;Saint Helena;0;0;0;0;0.0
2022-06-19;SH;Saint Helena;0;0;0;0;0.0
2022-06-26;SH;Saint Helena;0;0;0;0;0.0
2022-07-03;SH;Saint Helena;0;0;0;0;0.0
2022-07-10;SH;Saint Helena;0;0;0;0;0.0
2022-07-17;SH;Saint Helena;0;0;0;0;0.0
2022-07-24;SH;Saint Helena;0;0;0;0;0.0
2022-07-31;SH;Saint Helena;0;0;0;0;0.0
2022-08-07;SH;Saint Helena;0;0;0;0;0.0
2022-08-14;SH;Saint Helena;2;2;0;0;0.0
2022-08-21;SH;Saint Helena;15;17;0;0;0.0
2022-08-28;SH;Saint Helena;11;28;0;0;0.0
2022-09-04;SH;Saint Helena;8;36;0;0;0.0
2022-09-11;SH;Saint Helena;52;88;0;0;0.0
2022-09-18;SH;Saint Helena;29;117;0;0;0.0
2022-09-25;SH;Saint Helena;1298;1415;0;0;0.0
2022-10-02;SH;Saint Helena;459;1874;0;0;0.0
2022-10-09;SH;Saint Helena;99;1973;0;0;0.0
2022-10-16;SH;Saint Helena;40;2013;0;0;0.0
2022-10-23;SH;Saint Helena;19;2032;0;0;0.0
2022-10-30;SH;Saint Helena;13;2045;0;0;0.0
2022-11-06;SH;Saint Helena;0;2045;0;0;0.0
2022-11-13;SH;Saint Helena;70;2115;0;0;0.0
2022-11-20;SH;Saint Helena;47;2162;0;0;0.0
2022-11-27;SH;Saint Helena;4;2166;0;0;0.0
2022-12-04;SH;Saint Helena;0;2166;0;0;0.0
2022-12-11;SH;Saint Helena;0;2166;0;0;0.0
2022-12-18;SH;Saint Helena;0;2166;0;0;0.0
2022-12-25;SH;Saint Helena;0;2166;0;0;0.0
2023-01-01;SH;Saint Helena;0;2166;0;0;0.0
2023-01-08;SH;Saint Helena;0;2166;0;0;0.0
2023-01-15;SH;Saint Helena;0;2166;0;0;0.0
2023-01-22;SH;Saint Helena;0;2166;0;0;0.0
2023-01-29;SH;Saint Helena;0;2166;0;0;0.0
2023-02-05;SH;Saint Helena;0;2166;0;0;0.0
2023-02-12;SH;Saint Helena;0;2166;0;0;0.0
2023-02-19;SH;Saint Helena;0;2166;0;0;0.0
2023-02-26;SH;Saint Helena;0;2166;0;0;0.0
2023-03-05;SH;Saint Helena;0;2166;0;0;0.0
2023-03-12;SH;Saint Helena;0;2166;0;0;0.0
2023-03-19;SH;Saint Helena;0;2166;0;0;0.0
2023-03-26;SH;Saint Helena;0;2166;0;0;0.0
2023-04-02;SH;Saint Helena;0;2166;0;0;0.0
2023-04-09;SH;Saint Helena;0;2166;0;0;0.0
2023-04-16;SH;Saint Helena;0;2166;0;0;0.0
2023-04-23;SH;Saint Helena;0;2166;0;0;0.0
2023-04-30;SH;Saint Helena;0;2166;0;0;0.0
2023-05-07;SH;Saint Helena;0;2166;0;0;0.0
2023-05-14;SH;Saint Helena;0;2166;0;0;0.0
2023-05-21;SH;Saint Helena;0;2166;0;0;0.0
2023-05-28;SH;Saint Helena;0;2166;0;0;0.0
2023-06-04;SH;Saint Helena;0;2166;0;0;0.0
2023-06-11;SH;Saint Helena;0;2166;0;0;0.0
2023-06-18;SH;Saint Helena;0;2166;0;0;0.0
2023-06-25;SH;Saint Helena;0;2166;0;0;0.0
2023-07-02;SH;Saint Helena;0;2166;0;0;0.0
2023-07-09;SH;Saint Helena;0;2166;0;0;0.0
2023-07-16;SH;Saint Helena;0;2166;0;0;0.0
2023-07-23;SH;Saint Helena;0;2166;0;0;0.0
2023-07-30;SH;Saint Helena;0;2166;0;0;0.0
2023-08-06;SH;Saint Helena;0;2166;0;0;0.0
2023-08-13;SH;Saint Helena;0;2166;0;0;0.0
2023-08-20;SH;Saint Helena;0;2166;0;0;0.0
2023-08-27;SH;Saint Helena;0;2166;0;0;0.0
2023-09-03;SH;Saint Helena;0;2166;0;0;0.0
2023-09-10;SH;Saint Helena;0;2166;0;0;0.0
2023-09-17;SH;Saint Helena;0;2166;0;0;0.0
2023-09-24;SH;Saint Helena;0;2166;0;0;0.0
2023-10-01;SH;Saint Helena;0;2166;0;0;0.0
2023-10-08;SH;Saint Helena;0;2166;0;0;0.0
2023-10-15;SH;Saint Helena;0;2166;0;0;0.0
2023-10-22;SH;Saint Helena;0;2166;0;0;0.0
2023-10-29;SH;Saint Helena;0;2166;0;0;0.0
2023-11-05;SH;Saint Helena;0;2166;0;0;0.0
2023-11-12;SH;Saint Helena;0;2166;0;0;0.0
2023-11-19;SH;Saint Helena;0;2166;0;0;0.0
2023-11-26;SH;Saint Helena;0;2166;0;0;0.0
2023-12-03;SH;Saint Helena;0;2166;0;0;0.0
2023-12-10;SH;Saint Helena;0;2166;0;0;0.0
2023-12-17;SH;Saint Helena;0;2166;0;0;0.0
2023-12-24;SH;Saint Helena;0;2166;0;0;0.0
2023-12-31;SH;Saint Helena;0;2166;0;0;0.0
2024-01-07;SH;Saint Helena;0;2166;0;0;0.0
2024-01-14;SH;Saint Helena;0;2166;0;0;0.0
2024-01-21;SH;Saint Helena;0;2166;0;0;0.0
2020-01-05;KN;Saint Kitts and Nevis;0;0;0;0;0.0
2020-01-12;KN;Saint Kitts and Nevis;0;0;0;0;0.0
2020-01-19;KN;Saint Kitts and Nevis;0;0;0;0;0.0
2020-01-26;KN;Saint Kitts and Nevis;0;0;0;0;0.0
2020-02-02;KN;Saint Kitts and Nevis;0;0;0;0;0.0
2020-02-09;KN;Saint Kitts and Nevis;0;0;0;0;0.0
2020-02-16;KN;Saint Kitts and Nevis;0;0;0;0;0.0
2020-02-23;KN;Saint Kitts and Nevis;0;0;0;0;0.0
2020-03-01;KN;Saint Kitts and Nevis;0;0;0;0;0.0
2020-03-08;KN;Saint Kitts and Nevis;0;0;0;0;0.0
2020-03-15;KN;Saint Kitts and Nevis;0;0;0;0;0.0
2020-03-22;KN;Saint Kitts and Nevis;0;0;0;0;0.0
2020-03-29;KN;Saint Kitts and Nevis;2;2;0;0;0.0
2020-04-05;KN;Saint Kitts and Nevis;7;9;0;0;0.0
2020-04-12;KN;Saint Kitts and Nevis;3;12;0;0;0.0
2020-04-19;KN;Saint Kitts and Nevis;2;14;0;0;0.0
2020-04-26;KN;Saint Kitts and Nevis;1;15;0;0;0.0
2020-05-03;KN;Saint Kitts and Nevis;0;15;0;0;0.0
2020-05-10;KN;Saint Kitts and Nevis;0;15;0;0;0.0
2020-05-17;KN;Saint Kitts and Nevis;0;15;0;0;0.0
2020-05-24;KN;Saint Kitts and Nevis;0;15;0;0;0.0
2020-05-31;KN;Saint Kitts and Nevis;0;15;0;0;0.0
2020-06-07;KN;Saint Kitts and Nevis;0;15;0;0;0.0
2020-06-14;KN;Saint Kitts and Nevis;0;15;0;0;0.0
2020-06-21;KN;Saint Kitts and Nevis;0;15;0;0;0.0
2020-06-28;KN;Saint Kitts and Nevis;0;15;0;0;0.0
2020-07-05;KN;Saint Kitts and Nevis;0;15;0;0;0.0
2020-07-12;KN;Saint Kitts and Nevis;2;17;0;0;0.0
2020-07-19;KN;Saint Kitts and Nevis;0;17;0;0;0.0
2020-07-26;KN;Saint Kitts and Nevis;0;17;0;0;0.0
2020-08-02;KN;Saint Kitts and Nevis;0;17;0;0;0.0
2020-08-09;KN;Saint Kitts and Nevis;0;17;0;0;0.0
2020-08-16;KN;Saint Kitts and Nevis;0;17;0;0;0.0
2020-08-23;KN;Saint Kitts and Nevis;0;17;0;0;0.0
2020-08-30;KN;Saint Kitts and Nevis;0;17;0;0;0.0
2020-09-06;KN;Saint Kitts and Nevis;0;17;0;0;0.0
2020-09-13;KN;Saint Kitts and Nevis;0;17;0;0;0.0
2020-09-20;KN;Saint Kitts and Nevis;0;17;0;0;0.0
2020-09-27;KN;Saint Kitts and Nevis;2;19;0;0;0.0
2020-10-04;KN;Saint Kitts and Nevis;0;19;0;0;0.0
2020-10-11;KN;Saint Kitts and Nevis;0;19;0;0;0.0
2020-10-18;KN;Saint Kitts and Nevis;0;19;0;0;0.0
2020-10-25;KN;Saint Kitts and Nevis;0;19;0;0;0.0
2020-11-01;KN;Saint Kitts and Nevis;0;19;0;0;0.0
2020-11-08;KN;Saint Kitts and Nevis;0;19;0;0;0.0
2020-11-15;KN;Saint Kitts and Nevis;0;19;0;0;0.0
2020-11-22;KN;Saint Kitts and Nevis;0;19;0;0;0.0
2020-11-29;KN;Saint Kitts and Nevis;3;22;0;0;0.0
2020-12-06;KN;Saint Kitts and Nevis;0;22;0;0;0.0
2020-12-13;KN;Saint Kitts and Nevis;5;27;0;0;0.0
2020-12-20;KN;Saint Kitts and Nevis;3;30;0;0;0.0
2020-12-27;KN;Saint Kitts and Nevis;0;30;0;0;0.0
2021-01-03;KN;Saint Kitts and Nevis;3;33;0;0;0.0
2021-01-10;KN;Saint Kitts and Nevis;1;34;0;0;0.0
2021-01-17;KN;Saint Kitts and Nevis;0;34;0;0;0.0
2021-01-24;KN;Saint Kitts and Nevis;1;35;0;0;0.0
2021-01-31;KN;Saint Kitts and Nevis;2;37;0;0;0.0
2021-02-07;KN;Saint Kitts and Nevis;3;40;0;0;0.0
2021-02-14;KN;Saint Kitts and Nevis;0;40;0;0;0.0
2021-02-21;KN;Saint Kitts and Nevis;1;41;0;0;0.0
2021-02-28;KN;Saint Kitts and Nevis;0;41;0;0;0.0
2021-03-07;KN;Saint Kitts and Nevis;0;41;0;0;0.0
2021-03-14;KN;Saint Kitts and Nevis;2;43;0;0;0.0
2021-03-21;KN;Saint Kitts and Nevis;1;44;0;0;0.0
2021-03-28;KN;Saint Kitts and Nevis;0;44;0;0;0.0
2021-04-04;KN;Saint Kitts and Nevis;0;44;0;0;0.0
2021-04-11;KN;Saint Kitts and Nevis;0;44;0;0;0.0
2021-04-18;KN;Saint Kitts and Nevis;0;44;0;0;0.0
2021-04-25;KN;Saint Kitts and Nevis;0;44;0;0;0.0
2021-05-02;KN;Saint Kitts and Nevis;1;45;0;0;0.0
2021-05-09;KN;Saint Kitts and Nevis;0;45;0;0;0.0
2021-05-16;KN;Saint Kitts and Nevis;0;45;0;0;0.0
2021-05-23;KN;Saint Kitts and Nevis;1;46;0;0;0.0
2021-05-30;KN;Saint Kitts and Nevis;22;68;0;0;0.0
2021-06-06;KN;Saint Kitts and Nevis;10;78;0;0;0.0
2021-06-13;KN;Saint Kitts and Nevis;77;155;0;0;0.0
2021-06-20;KN;Saint Kitts and Nevis;149;304;1;1;0.3289473684210526
2021-06-27;KN;Saint Kitts and Nevis;124;428;2;3;0.7009345794392523
2021-07-04;KN;Saint Kitts and Nevis;48;476;0;3;0.6302521008403361
2021-07-11;KN;Saint Kitts and Nevis;49;525;0;3;0.5714285714285714
2021-07-18;KN;Saint Kitts and Nevis;23;548;0;3;0.5474452554744526
2021-07-25;KN;Saint Kitts and Nevis;15;563;0;3;0.5328596802841918
2021-08-01;KN;Saint Kitts and Nevis;30;593;0;3;0.5059021922428331
2021-08-08;KN;Saint Kitts and Nevis;18;611;0;3;0.4909983633387889
2021-08-15;KN;Saint Kitts and Nevis;31;642;0;3;0.46728971962616817
2021-08-22;KN;Saint Kitts and Nevis;150;792;0;3;0.3787878787878788
2021-08-29;KN;Saint Kitts and Nevis;232;1024;0;3;0.29296875
2021-09-05;KN;Saint Kitts and Nevis;173;1197;2;5;0.4177109440267335
2021-09-12;KN;Saint Kitts and Nevis;242;1439;2;7;0.4864489228630994
2021-09-19;KN;Saint Kitts and Nevis;193;1632;2;9;0.5514705882352942
2021-09-26;KN;Saint Kitts and Nevis;203;1835;1;10;0.544959128065395
2021-10-03;KN;Saint Kitts and Nevis;130;1965;3;13;0.6615776081424937
2021-10-10;KN;Saint Kitts and Nevis;396;2361;4;17;0.7200338839474798
2021-10-17;KN;Saint Kitts and Nevis;185;2546;4;21;0.8248232521602514
2021-10-24;KN;Saint Kitts and Nevis;77;2623;0;21;0.8006099885627144
2021-10-31;KN;Saint Kitts and Nevis;45;2668;2;23;0.8620689655172413
2021-11-07;KN;Saint Kitts and Nevis;40;2708;2;25;0.9231905465288036
2021-11-14;KN;Saint Kitts and Nevis;37;2745;2;27;0.9836065573770493
2021-11-21;KN;Saint Kitts and Nevis;19;2764;1;28;1.0130246020260492
2021-11-28;KN;Saint Kitts and Nevis;15;2779;0;28;1.0075566750629723
2021-12-05;KN;Saint Kitts and Nevis;10;2789;0;28;1.003944065973467
2021-12-12;KN;Saint Kitts and Nevis;6;2795;0;28;1.001788908765653
2021-12-19;KN;Saint Kitts and Nevis;6;2801;0;28;0.9996429846483399
2021-12-26;KN;Saint Kitts and Nevis;35;2836;0;28;0.9873060648801129
2022-01-02;KN;Saint Kitts and Nevis;207;3043;0;28;0.9201445941505093
2022-01-09;KN;Saint Kitts and Nevis;1013;4056;0;28;0.6903353057199211
2022-01-16;KN;Saint Kitts and Nevis;826;4882;0;28;0.5735354362965998
2022-01-23;KN;Saint Kitts and Nevis;348;5230;0;28;0.5353728489483747
2022-01-30;KN;Saint Kitts and Nevis;173;5403;5;33;0.6107717934480844
2022-02-06;KN;Saint Kitts and Nevis;66;5469;4;37;0.6765405010056683
2022-02-13;KN;Saint Kitts and Nevis;26;5495;2;39;0.7097361237488626
2022-02-20;KN;Saint Kitts and Nevis;16;5511;1;40;0.7258210851025223
2022-02-27;KN;Saint Kitts and Nevis;15;5526;2;42;0.760043431053203
2022-03-06;KN;Saint Kitts and Nevis;7;5533;0;42;0.7590818724019519
2022-03-13;KN;Saint Kitts and Nevis;5;5538;0;42;0.7583965330444203
2022-03-20;KN;Saint Kitts and Nevis;6;5544;0;42;0.7575757575757576
2022-03-27;KN;Saint Kitts and Nevis;4;5548;0;42;0.7570295602018745
2022-04-03;KN;Saint Kitts and Nevis;1;5549;1;43;0.7749143989908092
2022-04-10;KN;Saint Kitts and Nevis;3;5552;0;43;0.7744956772334294
2022-04-17;KN;Saint Kitts and Nevis;5;5557;0;43;0.7737988123087997
2022-04-24;KN;Saint Kitts and Nevis;5;5562;0;43;0.7731032002876663
2022-05-01;KN;Saint Kitts and Nevis;1;5563;0;43;0.7729642279345676
2022-05-08;KN;Saint Kitts and Nevis;20;5583;0;43;0.77019523553645
2022-05-15;KN;Saint Kitts and Nevis;22;5605;0;43;0.7671721677074042
2022-05-22;KN;Saint Kitts and Nevis;49;5654;0;43;0.7605235231694376
2022-05-29;KN;Saint Kitts and Nevis;53;5707;0;43;0.7534606623444893
2022-06-05;KN;Saint Kitts and Nevis;91;5798;0;43;0.741635046567782
2022-06-12;KN;Saint Kitts and Nevis;39;5837;0;43;0.7366798012677745
2022-06-19;KN;Saint Kitts and Nevis;73;5910;0;43;0.727580372250423
2022-06-26;KN;Saint Kitts and Nevis;37;5947;0;43;0.7230536404910038
2022-07-03;KN;Saint Kitts and Nevis;193;6140;0;43;0.7003257328990228
2022-07-10;KN;Saint Kitts and Nevis;153;6293;0;43;0.6832989035436199
2022-07-17;KN;Saint Kitts and Nevis;84;6377;2;45;0.7056609691077309
2022-07-24;KN;Saint Kitts and Nevis;45;6422;1;46;0.7162877608221737
2022-07-31;KN;Saint Kitts and Nevis;34;6456;0;46;0.7125154894671624
2022-08-07;KN;Saint Kitts and Nevis;21;6477;0;46;0.7102053419793114
2022-08-14;KN;Saint Kitts and Nevis;15;6492;0;46;0.7085643869377696
2022-08-21;KN;Saint Kitts and Nevis;6;6498;0;46;0.7079101261926747
2022-08-28;KN;Saint Kitts and Nevis;11;6509;0;46;0.7067137809187279
2022-09-04;KN;Saint Kitts and Nevis;10;6519;0;46;0.705629697806412
2022-09-11;KN;Saint Kitts and Nevis;10;6529;0;46;0.7045489355184561
2022-09-18;KN;Saint Kitts and Nevis;12;6541;0;46;0.7032563828160832
2022-09-25;KN;Saint Kitts and Nevis;2;6543;0;46;0.7030414183096438
2022-10-02;KN;Saint Kitts and Nevis;2;6545;0;46;0.7028265851795263
2022-10-09;KN;Saint Kitts and Nevis;1;6546;0;46;0.7027192178429575
2022-10-16;KN;Saint Kitts and Nevis;1;6547;0;46;0.7026118833053306
2022-10-23;KN;Saint Kitts and Nevis;1;6548;0;46;0.7025045815516188
2022-10-30;KN;Saint Kitts and Nevis;0;6548;0;46;0.7025045815516188
2022-11-06;KN;Saint Kitts and Nevis;1;6549;0;46;0.7023973125668042
2022-11-13;KN;Saint Kitts and Nevis;3;6552;0;46;0.7020757020757021
2022-11-20;KN;Saint Kitts and Nevis;0;6552;0;46;0.7020757020757021
2022-11-27;KN;Saint Kitts and Nevis;4;6556;0;46;0.7016473459426479
2022-12-04;KN;Saint Kitts and Nevis;3;6559;0;46;0.7013264217106266
2022-12-11;KN;Saint Kitts and Nevis;0;6559;0;46;0.7013264217106266
2022-12-18;KN;Saint Kitts and Nevis;1;6560;0;46;0.701219512195122
2022-12-25;KN;Saint Kitts and Nevis;2;6562;0;46;0.7010057909174032
2023-01-01;KN;Saint Kitts and Nevis;0;6562;0;46;0.7010057909174032
2023-01-08;KN;Saint Kitts and Nevis;9;6571;0;46;0.7000456551514229
2023-01-15;KN;Saint Kitts and Nevis;8;6579;0;46;0.6991944064447485
2023-01-22;KN;Saint Kitts and Nevis;6;6585;0;46;0.6985573272589218
2023-01-29;KN;Saint Kitts and Nevis;6;6591;0;46;0.6979214079805796
2023-02-05;KN;Saint Kitts and Nevis;1;6592;0;46;0.6978155339805826
2023-02-12;KN;Saint Kitts and Nevis;1;6593;0;46;0.6977096920976793
2023-02-19;KN;Saint Kitts and Nevis;3;6596;0;46;0.6973923590054579
2023-02-26;KN;Saint Kitts and Nevis;0;6596;0;46;0.6973923590054579
2023-03-05;KN;Saint Kitts and Nevis;1;6597;0;46;0.6972866454448992
2023-03-12;KN;Saint Kitts and Nevis;0;6597;0;46;0.6972866454448992
2023-03-19;KN;Saint Kitts and Nevis;0;6597;0;46;0.6972866454448992
2023-03-26;KN;Saint Kitts and Nevis;0;6597;0;46;0.6972866454448992
2023-04-02;KN;Saint Kitts and Nevis;1;6598;0;46;0.6971809639284632
2023-04-09;KN;Saint Kitts and Nevis;0;6598;0;46;0.6971809639284632
2023-04-16;KN;Saint Kitts and Nevis;0;6598;0;46;0.6971809639284632
2023-04-23;KN;Saint Kitts and Nevis;0;6598;0;46;0.6971809639284632
2023-04-30;KN;Saint Kitts and Nevis;0;6598;0;46;0.6971809639284632
2023-05-07;KN;Saint Kitts and Nevis;1;6599;0;46;0.6970753144415821
2023-05-14;KN;Saint Kitts and Nevis;1;6600;0;46;0.6969696969696969
2023-05-21;KN;Saint Kitts and Nevis;0;6600;0;46;0.6969696969696969
2023-05-28;KN;Saint Kitts and Nevis;2;6602;0;46;0.6967585580127235
2023-06-04;KN;Saint Kitts and Nevis;0;6602;0;46;0.6967585580127235
2023-06-11;KN;Saint Kitts and Nevis;0;6602;0;46;0.6967585580127235
2023-06-18;KN;Saint Kitts and Nevis;4;6606;0;46;0.696336663639116
2023-06-25;KN;Saint Kitts and Nevis;0;6606;0;46;0.696336663639116
2023-07-02;KN;Saint Kitts and Nevis;1;6607;0;46;0.6962312698652944
2023-07-09;KN;Saint Kitts and Nevis;0;6607;0;46;0.6962312698652944
2023-07-16;KN;Saint Kitts and Nevis;0;6607;0;46;0.6962312698652944
2023-07-23;KN;Saint Kitts and Nevis;0;6607;0;46;0.6962312698652944
2023-07-30;KN;Saint Kitts and Nevis;0;6607;0;46;0.6962312698652944
2023-08-06;KN;Saint Kitts and Nevis;0;6607;0;46;0.6962312698652944
2023-08-13;KN;Saint Kitts and Nevis;0;6607;0;46;0.6962312698652944
2023-08-20;KN;Saint Kitts and Nevis;0;6607;0;46;0.6962312698652944
2023-08-27;KN;Saint Kitts and Nevis;0;6607;0;46;0.6962312698652944
2023-09-03;KN;Saint Kitts and Nevis;0;6607;0;46;0.6962312698652944
2023-09-10;KN;Saint Kitts and Nevis;0;6607;0;46;0.6962312698652944
2023-09-17;KN;Saint Kitts and Nevis;0;6607;0;46;0.6962312698652944
2023-09-24;KN;Saint Kitts and Nevis;0;6607;0;46;0.6962312698652944
2023-10-01;KN;Saint Kitts and Nevis;0;6607;0;46;0.6962312698652944
2023-10-08;KN;Saint Kitts and Nevis;0;6607;0;46;0.6962312698652944
2023-10-15;KN;Saint Kitts and Nevis;0;6607;0;46;0.6962312698652944
2023-10-22;KN;Saint Kitts and Nevis;0;6607;0;46;0.6962312698652944
2023-10-29;KN;Saint Kitts and Nevis;0;6607;0;46;0.6962312698652944
2023-11-05;KN;Saint Kitts and Nevis;0;6607;0;46;0.6962312698652944
2023-11-12;KN;Saint Kitts and Nevis;0;6607;0;46;0.6962312698652944
2023-11-19;KN;Saint Kitts and Nevis;0;6607;0;46;0.6962312698652944
2023-11-26;KN;Saint Kitts and Nevis;0;6607;0;46;0.6962312698652944
2023-12-03;KN;Saint Kitts and Nevis;0;6607;0;46;0.6962312698652944
2023-12-10;KN;Saint Kitts and Nevis;0;6607;0;46;0.6962312698652944
2023-12-17;KN;Saint Kitts and Nevis;0;6607;0;46;0.6962312698652944
2023-12-24;KN;Saint Kitts and Nevis;0;6607;0;46;0.6962312698652944
2023-12-31;KN;Saint Kitts and Nevis;0;6607;0;46;0.6962312698652944
2024-01-07;KN;Saint Kitts and Nevis;0;6607;0;46;0.6962312698652944
2024-01-14;KN;Saint Kitts and Nevis;0;6607;0;46;0.6962312698652944
2024-01-21;KN;Saint Kitts and Nevis;0;6607;0;46;0.6962312698652944
2020-01-05;LC;Saint Lucia;0;0;0;0;0.0
2020-01-12;LC;Saint Lucia;0;0;0;0;0.0
2020-01-19;LC;Saint Lucia;0;0;0;0;0.0
2020-01-26;LC;Saint Lucia;0;0;0;0;0.0
2020-02-02;LC;Saint Lucia;0;0;0;0;0.0
2020-02-09;LC;Saint Lucia;0;0;0;0;0.0
2020-02-16;LC;Saint Lucia;0;0;0;0;0.0
2020-02-23;LC;Saint Lucia;0;0;0;0;0.0
2020-03-01;LC;Saint Lucia;0;0;0;0;0.0
2020-03-08;LC;Saint Lucia;0;0;0;0;0.0
2020-03-15;LC;Saint Lucia;1;1;0;0;0.0
2020-03-22;LC;Saint Lucia;1;2;0;0;0.0
2020-03-29;LC;Saint Lucia;1;3;0;0;0.0
2020-04-05;LC;Saint Lucia;10;13;0;0;0.0
2020-04-12;LC;Saint Lucia;2;15;0;0;0.0
2020-04-19;LC;Saint Lucia;0;15;0;0;0.0
2020-04-26;LC;Saint Lucia;0;15;0;0;0.0
2020-05-03;LC;Saint Lucia;2;17;0;0;0.0
2020-05-10;LC;Saint Lucia;1;18;0;0;0.0
2020-05-17;LC;Saint Lucia;0;18;0;0;0.0
2020-05-24;LC;Saint Lucia;0;18;0;0;0.0
2020-05-31;LC;Saint Lucia;0;18;0;0;0.0
2020-06-07;LC;Saint Lucia;1;19;0;0;0.0
2020-06-14;LC;Saint Lucia;0;19;0;0;0.0
2020-06-21;LC;Saint Lucia;0;19;0;0;0.0
2020-06-28;LC;Saint Lucia;0;19;0;0;0.0
2020-07-05;LC;Saint Lucia;3;22;0;0;0.0
2020-07-12;LC;Saint Lucia;0;22;0;0;0.0
2020-07-19;LC;Saint Lucia;1;23;0;0;0.0
2020-07-26;LC;Saint Lucia;1;24;0;0;0.0
2020-08-02;LC;Saint Lucia;1;25;0;0;0.0
2020-08-09;LC;Saint Lucia;0;25;0;0;0.0
2020-08-16;LC;Saint Lucia;0;25;0;0;0.0
2020-08-23;LC;Saint Lucia;1;26;0;0;0.0
2020-08-30;LC;Saint Lucia;0;26;0;0;0.0
2020-09-06;LC;Saint Lucia;0;26;0;0;0.0
2020-09-13;LC;Saint Lucia;1;27;0;0;0.0
2020-09-20;LC;Saint Lucia;0;27;0;0;0.0
2020-09-27;LC;Saint Lucia;0;27;0;0;0.0
2020-10-04;LC;Saint Lucia;0;27;0;0;0.0
2020-10-11;LC;Saint Lucia;2;29;0;0;0.0
2020-10-18;LC;Saint Lucia;4;33;0;0;0.0
2020-10-25;LC;Saint Lucia;19;52;0;0;0.0
2020-11-01;LC;Saint Lucia;26;78;0;0;0.0
2020-11-08;LC;Saint Lucia;32;110;0;0;0.0
2020-11-15;LC;Saint Lucia;50;160;2;2;1.25
2020-11-22;LC;Saint Lucia;43;203;0;2;0.9852216748768473
2020-11-29;LC;Saint Lucia;43;246;0;2;0.8130081300813009
2020-12-06;LC;Saint Lucia;19;265;0;2;0.7547169811320755
2020-12-13;LC;Saint Lucia;9;274;2;4;1.4598540145985401
2020-12-20;LC;Saint Lucia;6;280;1;5;1.7857142857142856
2020-12-27;LC;Saint Lucia;25;305;0;5;1.639344262295082
2021-01-03;LC;Saint Lucia;48;353;0;5;1.41643059490085
2021-01-10;LC;Saint Lucia;42;395;0;5;1.2658227848101267
2021-01-17;LC;Saint Lucia;181;576;1;6;1.0416666666666665
2021-01-24;LC;Saint Lucia;194;770;4;10;1.2987012987012987
2021-01-31;LC;Saint Lucia;425;1195;3;13;1.0878661087866108
2021-02-07;LC;Saint Lucia;618;1813;5;18;0.9928295642581356
2021-02-14;LC;Saint Lucia;674;2487;5;23;0.9248090068355449
2021-02-21;LC;Saint Lucia;373;2860;5;28;0.9790209790209791
2021-02-28;LC;Saint Lucia;496;3356;7;35;1.0429082240762813
2021-03-07;LC;Saint Lucia;487;3843;8;43;1.1189175123601354
2021-03-14;LC;Saint Lucia;146;3989;5;48;1.2033091000250689
2021-03-21;LC;Saint Lucia;124;4113;7;55;1.337223437879893
2021-03-28;LC;Saint Lucia;78;4191;3;58;1.3839179193509903
2021-04-04;LC;Saint Lucia;98;4289;3;61;1.42224294707391
2021-04-11;LC;Saint Lucia;40;4329;3;64;1.4784014784014783
2021-04-18;LC;Saint Lucia;69;4398;1;65;1.4779445202364712
2021-04-25;LC;Saint Lucia;65;4463;5;70;1.5684517140936591
2021-05-02;LC;Saint Lucia;89;4552;4;74;1.6256590509666082
2021-05-09;LC;Saint Lucia;102;4654;1;75;1.6115169746454665
2021-05-16;LC;Saint Lucia;134;4788;0;75;1.5664160401002505
2021-05-23;LC;Saint Lucia;147;4935;2;77;1.5602836879432624
2021-05-30;LC;Saint Lucia;100;5035;0;77;1.529294935451837
2021-06-06;LC;Saint Lucia;73;5108;3;80;1.5661707126076743
2021-06-13;LC;Saint Lucia;60;5168;0;80;1.5479876160990713
2021-06-20;LC;Saint Lucia;38;5206;0;80;1.536688436419516
2021-06-27;LC;Saint Lucia;56;5262;4;84;1.596351197263398
2021-07-04;LC;Saint Lucia;40;5302;0;84;1.5843078083741986
2021-07-11;LC;Saint Lucia;78;5380;2;86;1.5985130111524164
2021-07-18;LC;Saint Lucia;82;5462;1;87;1.5928231417063348
2021-07-25;LC;Saint Lucia;54;5516;1;88;1.5953589557650472
2021-08-01;LC;Saint Lucia;65;5581;1;89;1.5946962909872784
2021-08-08;LC;Saint Lucia;132;5713;1;90;1.575354454752319
2021-08-15;LC;Saint Lucia;481;6194;5;95;1.5337423312883436
2021-08-22;LC;Saint Lucia;761;6955;2;97;1.3946800862688713
2021-08-29;LC;Saint Lucia;914;7869;5;102;1.2962256957682043
2021-09-05;LC;Saint Lucia;1018;8887;14;116;1.3052773714414312
2021-09-12;LC;Saint Lucia;640;9527;16;132;1.3855358454917601
2021-09-19;LC;Saint Lucia;872;10399;18;150;1.4424463890758727
2021-09-26;LC;Saint Lucia;654;11053;33;183;1.6556590970777163
2021-10-03;LC;Saint Lucia;520;11573;24;207;1.788645986347533
2021-10-10;LC;Saint Lucia;369;11942;15;222;1.858985094624016
2021-10-17;LC;Saint Lucia;233;12175;11;233;1.9137577002053388
2021-10-24;LC;Saint Lucia;210;12385;6;239;1.929753734356076
2021-10-31;LC;Saint Lucia;151;12536;15;254;2.026164645820038
2021-11-07;LC;Saint Lucia;152;12688;6;260;2.0491803278688523
2021-11-14;LC;Saint Lucia;139;12827;9;269;2.0971388477430417
2021-11-21;LC;Saint Lucia;67;12894;9;278;2.1560415697223516
2021-11-28;LC;Saint Lucia;50;12944;2;280;2.1631644004944377
2021-12-05;LC;Saint Lucia;83;13027;2;282;2.1647347816074305
2021-12-12;LC;Saint Lucia;59;13086;1;283;2.1626165367568397
2021-12-19;LC;Saint Lucia;50;13136;8;291;2.2152862362971986
2021-12-26;LC;Saint Lucia;139;13275;4;295;2.2222222222222223
2022-01-02;LC;Saint Lucia;365;13640;6;301;2.206744868035191
2022-01-09;LC;Saint Lucia;1014;14654;5;306;2.088167053364269
2022-01-16;LC;Saint Lucia;2315;16969;8;314;1.850433142789793
2022-01-23;LC;Saint Lucia;2216;19185;2;316;1.6471201459473548
2022-01-30;LC;Saint Lucia;1232;20417;10;326;1.5967086251653033
2022-02-06;LC;Saint Lucia;1096;21513;15;341;1.585088086273416
2022-02-13;LC;Saint Lucia;419;21932;6;347;1.582163049425497
2022-02-20;LC;Saint Lucia;536;22468;9;356;1.5844756987715862
2022-02-27;LC;Saint Lucia;181;22649;2;358;1.5806437370303326
2022-03-06;LC;Saint Lucia;84;22733;2;360;1.5836009325649936
2022-03-13;LC;Saint Lucia;100;22833;5;365;1.598563482678579
2022-03-20;LC;Saint Lucia;45;22878;0;365;1.5954191799982518
2022-03-27;LC;Saint Lucia;41;22919;0;365;1.5925651206422617
2022-04-03;LC;Saint Lucia;40;22959;0;365;1.5897904961017464
2022-04-10;LC;Saint Lucia;51;23010;0;365;1.5862668405041285
2022-04-17;LC;Saint Lucia;101;23111;2;367;1.5879884037904028
2022-04-24;LC;Saint Lucia;114;23225;1;368;1.5844994617868677
2022-05-01;LC;Saint Lucia;169;23394;0;368;1.5730529195520218
2022-05-08;LC;Saint Lucia;241;23635;0;368;1.5570129045906493
2022-05-15;LC;Saint Lucia;529;24164;0;368;1.5229266677702367
2022-05-22;LC;Saint Lucia;709;24873;2;370;1.4875567884855063
2022-05-29;LC;Saint Lucia;665;25538;1;371;1.4527370976583913
2022-06-05;LC;Saint Lucia;554;26092;0;371;1.421891767591599
2022-06-12;LC;Saint Lucia;361;26453;0;371;1.4024874305371793
2022-06-19;LC;Saint Lucia;269;26722;5;376;1.4070803083601526
2022-06-26;LC;Saint Lucia;189;26911;4;380;1.4120619820891085
2022-07-03;LC;Saint Lucia;183;27094;3;383;1.4135971063704142
2022-07-10;LC;Saint Lucia;160;27254;2;385;1.4126366771850003
2022-07-17;LC;Saint Lucia;210;27464;0;385;1.4018351296242353
2022-07-24;LC;Saint Lucia;190;27654;0;385;1.3922036595067622
2022-07-31;LC;Saint Lucia;312;27966;0;385;1.3766716727454766
2022-08-07;LC;Saint Lucia;195;28161;2;387;1.3742409715564077
2022-08-14;LC;Saint Lucia;180;28341;1;388;1.3690413182315373
2022-08-21;LC;Saint Lucia;201;28542;0;388;1.3594001821876533
2022-08-28;LC;Saint Lucia;188;28730;1;389;1.3539853811347025
2022-09-04;LC;Saint Lucia;164;28894;2;391;1.3532221222399115
2022-09-11;LC;Saint Lucia;0;28894;0;391;1.3532221222399115
2022-09-18;LC;Saint Lucia;65;28959;2;393;1.3570910597741634
2022-09-25;LC;Saint Lucia;0;28959;0;393;1.3570910597741634
2022-10-02;LC;Saint Lucia;449;29408;0;393;1.3363710554951034
2022-10-09;LC;Saint Lucia;142;29550;12;405;1.3705583756345179
2022-10-16;LC;Saint Lucia;0;29550;0;405;1.3705583756345179
2022-10-23;LC;Saint Lucia;86;29636;1;406;1.3699554595761911
2022-10-30;LC;Saint Lucia;3;29639;1;407;1.3731907284321334
2022-11-06;LC;Saint Lucia;15;29654;0;407;1.3724961219397047
2022-11-13;LC;Saint Lucia;22;29676;1;408;1.3748483623129801
2022-11-20;LC;Saint Lucia;16;29692;0;408;1.3741075037047017
2022-11-27;LC;Saint Lucia;19;29711;0;408;1.3732287704890445
2022-12-04;LC;Saint Lucia;12;29723;1;409;1.3760387578642803
2022-12-11;LC;Saint Lucia;13;29736;0;409;1.3754371805219263
2022-12-18;LC;Saint Lucia;5;29741;0;409;1.375205944655526
2022-12-25;LC;Saint Lucia;7;29748;0;409;1.3748823450315988
2023-01-01;LC;Saint Lucia;11;29759;0;409;1.374374138915958
2023-01-08;LC;Saint Lucia;2;29761;0;409;1.3742817781660561
2023-01-15;LC;Saint Lucia;0;29761;0;409;1.3742817781660561
2023-01-22;LC;Saint Lucia;42;29803;0;409;1.3723450659329597
2023-01-29;LC;Saint Lucia;0;29803;0;409;1.3723450659329597
2023-02-05;LC;Saint Lucia;79;29882;0;409;1.3687169533498427
2023-02-12;LC;Saint Lucia;53;29935;0;409;1.3662936362117923
2023-02-19;LC;Saint Lucia;46;29981;0;409;1.3641973249724826
2023-02-26;LC;Saint Lucia;23;30004;0;409;1.3631515797893614
2023-03-05;LC;Saint Lucia;0;30004;0;409;1.3631515797893614
2023-03-12;LC;Saint Lucia;22;30026;0;409;1.3621528009058814
2023-03-19;LC;Saint Lucia;2;30028;0;409;1.3620620753962969
2023-03-26;LC;Saint Lucia;0;30028;0;409;1.3620620753962969
2023-04-02;LC;Saint Lucia;0;30028;0;409;1.3620620753962969
2023-04-09;LC;Saint Lucia;0;30028;0;409;1.3620620753962969
2023-04-16;LC;Saint Lucia;24;30052;0;409;1.3609743111939305
2023-04-23;LC;Saint Lucia;0;30052;0;409;1.3609743111939305
2023-04-30;LC;Saint Lucia;0;30052;0;409;1.3609743111939305
2023-05-07;LC;Saint Lucia;0;30052;0;409;1.3609743111939305
2023-05-14;LC;Saint Lucia;0;30052;0;409;1.3609743111939305
2023-05-21;LC;Saint Lucia;0;30052;0;409;1.3609743111939305
2023-05-28;LC;Saint Lucia;6;30058;0;409;1.3607026415596513
2023-06-04;LC;Saint Lucia;15;30073;0;409;1.3600239417417619
2023-06-11;LC;Saint Lucia;4;30077;0;409;1.3598430694550654
2023-06-18;LC;Saint Lucia;2;30079;0;409;1.3597526513514413
2023-06-25;LC;Saint Lucia;3;30082;0;409;1.3596170467389135
2023-07-02;LC;Saint Lucia;10;30092;0;409;1.3591652266383092
2023-07-09;LC;Saint Lucia;2;30094;0;409;1.3590748986508938
2023-07-16;LC;Saint Lucia;2;30096;0;409;1.3589845826687932
2023-07-23;LC;Saint Lucia;7;30103;0;409;1.358668571238747
2023-07-30;LC;Saint Lucia;22;30125;0;409;1.357676348547718
2023-08-06;LC;Saint Lucia;12;30137;0;409;1.3571357467564789
2023-08-13;LC;Saint Lucia;13;30150;0;409;1.3565505804311773
2023-08-20;LC;Saint Lucia;14;30164;0;409;1.3559209653892057
2023-08-27;LC;Saint Lucia;16;30180;0;409;1.3552021206096754
2023-09-03;LC;Saint Lucia;4;30184;0;409;1.3550225284919162
2023-09-10;LC;Saint Lucia;9;30193;1;410;1.3579306461762661
2023-09-17;LC;Saint Lucia;6;30199;0;410;1.35766084969701
2023-09-24;LC;Saint Lucia;3;30202;0;410;1.3575259916561817
2023-10-01;LC;Saint Lucia;0;30202;0;410;1.3575259916561817
2023-10-08;LC;Saint Lucia;2;30204;0;410;1.3574361011786518
2023-10-15;LC;Saint Lucia;2;30206;0;410;1.3573462226047806
2023-10-22;LC;Saint Lucia;1;30207;0;410;1.3573012877809778
2023-10-29;LC;Saint Lucia;0;30207;0;410;1.3573012877809778
2023-11-05;LC;Saint Lucia;1;30208;0;410;1.3572563559322035
2023-11-12;LC;Saint Lucia;0;30208;0;410;1.3572563559322035
2023-11-19;LC;Saint Lucia;1;30209;0;410;1.3572114270581614
2023-11-26;LC;Saint Lucia;0;30209;0;410;1.3572114270581614
2023-12-03;LC;Saint Lucia;0;30209;0;410;1.3572114270581614
2023-12-10;LC;Saint Lucia;0;30209;0;410;1.3572114270581614
2023-12-17;LC;Saint Lucia;0;30209;0;410;1.3572114270581614
2023-12-24;LC;Saint Lucia;0;30209;0;410;1.3572114270581614
2023-12-31;LC;Saint Lucia;0;30209;0;410;1.3572114270581614
2024-01-07;LC;Saint Lucia;0;30209;0;410;1.3572114270581614
2024-01-14;LC;Saint Lucia;0;30209;0;410;1.3572114270581614
2024-01-21;LC;Saint Lucia;0;30209;0;410;1.3572114270581614
2020-01-05;MF;Saint Martin (French part);0;0;0;0;0.0
2020-01-12;MF;Saint Martin (French part);0;0;0;0;0.0
2020-01-19;MF;Saint Martin (French part);0;0;0;0;0.0
2020-01-26;MF;Saint Martin (French part);0;0;0;0;0.0
2020-02-02;MF;Saint Martin (French part);0;0;0;0;0.0
2020-02-09;MF;Saint Martin (French part);0;0;0;0;0.0
2020-02-16;MF;Saint Martin (French part);0;0;0;0;0.0
2020-02-23;MF;Saint Martin (French part);0;0;0;0;0.0
2020-03-01;MF;Saint Martin (French part);0;0;0;0;0.0
2020-03-08;MF;Saint Martin (French part);2;2;0;0;0.0
2020-03-15;MF;Saint Martin (French part);0;2;0;0;0.0
2020-03-22;MF;Saint Martin (French part);2;4;0;0;0.0
2020-03-29;MF;Saint Martin (French part);8;12;0;0;0.0
2020-04-05;MF;Saint Martin (French part);12;24;2;2;8.333333333333332
2020-04-12;MF;Saint Martin (French part);9;33;0;2;6.0606060606060606
2020-04-19;MF;Saint Martin (French part);4;37;0;2;5.405405405405405
2020-04-26;MF;Saint Martin (French part);1;38;1;3;7.894736842105263
2020-05-03;MF;Saint Martin (French part);0;38;0;3;7.894736842105263
2020-05-10;MF;Saint Martin (French part);0;38;0;3;7.894736842105263
2020-05-17;MF;Saint Martin (French part);1;39;0;3;7.6923076923076925
2020-05-24;MF;Saint Martin (French part);0;39;0;3;7.6923076923076925
2020-05-31;MF;Saint Martin (French part);2;41;0;3;7.317073170731707
2020-06-07;MF;Saint Martin (French part);0;41;0;3;7.317073170731707
2020-06-14;MF;Saint Martin (French part);0;41;0;3;7.317073170731707
2020-06-21;MF;Saint Martin (French part);1;42;0;3;7.142857142857142
2020-06-28;MF;Saint Martin (French part);0;42;0;3;7.142857142857142
2020-07-05;MF;Saint Martin (French part);2;44;0;3;6.8181818181818175
2020-07-12;MF;Saint Martin (French part);0;44;0;3;6.8181818181818175
2020-07-19;MF;Saint Martin (French part);2;46;0;3;6.521739130434782
2020-07-26;MF;Saint Martin (French part);3;49;0;3;6.122448979591836
2020-08-02;MF;Saint Martin (French part);4;53;0;3;5.660377358490567
2020-08-09;MF;Saint Martin (French part);0;53;0;3;5.660377358490567
2020-08-16;MF;Saint Martin (French part);56;109;2;5;4.587155963302752
2020-08-23;MF;Saint Martin (French part);67;176;0;5;2.840909090909091
2020-08-30;MF;Saint Martin (French part);37;213;0;5;2.3474178403755865
2020-09-06;MF;Saint Martin (French part);26;239;1;6;2.510460251046025
2020-09-13;MF;Saint Martin (French part);17;256;0;6;2.34375
2020-09-20;MF;Saint Martin (French part);74;330;0;6;1.8181818181818181
2020-09-27;MF;Saint Martin (French part);53;383;2;8;2.088772845953003
2020-10-04;MF;Saint Martin (French part);29;412;0;8;1.9417475728155338
2020-10-11;MF;Saint Martin (French part);54;466;0;8;1.7167381974248928
2020-10-18;MF;Saint Martin (French part);65;531;0;8;1.5065913370998116
2020-10-25;MF;Saint Martin (French part);11;542;0;8;1.4760147601476015
2020-11-01;MF;Saint Martin (French part);49;591;1;9;1.5228426395939088
2020-11-08;MF;Saint Martin (French part);13;604;3;12;1.9867549668874174
2020-11-15;MF;Saint Martin (French part);51;655;0;12;1.8320610687022902
2020-11-22;MF;Saint Martin (French part);35;690;0;12;1.7391304347826086
2020-11-29;MF;Saint Martin (French part);0;690;0;12;1.7391304347826086
2020-12-06;MF;Saint Martin (French part);54;744;0;12;1.6129032258064515
2020-12-13;MF;Saint Martin (French part);94;838;0;12;1.431980906921241
2020-12-20;MF;Saint Martin (French part);110;948;0;12;1.2658227848101267
2020-12-27;MF;Saint Martin (French part);38;986;0;12;1.2170385395537524
2021-01-03;MF;Saint Martin (French part);9;995;0;12;1.2060301507537687
2021-01-10;MF;Saint Martin (French part);7;1002;0;12;1.1976047904191618
2021-01-17;MF;Saint Martin (French part);44;1046;0;12;1.147227533460803
2021-01-24;MF;Saint Martin (French part);145;1191;0;12;1.0075566750629723
2021-01-31;MF;Saint Martin (French part);98;1289;0;12;0.9309542280837859
2021-02-07;MF;Saint Martin (French part);0;1289;0;12;0.9309542280837859
2021-02-14;MF;Saint Martin (French part);167;1456;0;12;0.8241758241758242
2021-02-21;MF;Saint Martin (French part);0;1456;0;12;0.8241758241758242
2021-02-28;MF;Saint Martin (French part);98;1554;0;12;0.7722007722007722
2021-03-07;MF;Saint Martin (French part);27;1581;0;12;0.7590132827324478
2021-03-14;MF;Saint Martin (French part);31;1612;0;12;0.7444168734491315
2021-03-21;MF;Saint Martin (French part);21;1633;0;12;0.7348438456827924
2021-03-28;MF;Saint Martin (French part);24;1657;0;12;0.724200362100181
2021-04-04;MF;Saint Martin (French part);30;1687;1;13;0.7705986959098993
2021-04-11;MF;Saint Martin (French part);16;1703;0;13;0.7633587786259541
2021-04-18;MF;Saint Martin (French part);7;1710;0;13;0.7602339181286549
2021-04-25;MF;Saint Martin (French part);18;1728;0;13;0.7523148148148148
2021-05-02;MF;Saint Martin (French part);21;1749;1;14;0.8004574042309892
2021-05-09;MF;Saint Martin (French part);28;1777;0;14;0.7878446820483961
2021-05-16;MF;Saint Martin (French part);62;1839;0;14;0.7612833061446439
2021-05-23;MF;Saint Martin (French part);56;1895;1;15;0.79155672823219
2021-05-30;MF;Saint Martin (French part);114;2009;0;15;0.7466401194624191
2021-06-06;MF;Saint Martin (French part);104;2113;7;22;1.0411736867013723
2021-06-13;MF;Saint Martin (French part);115;2228;3;25;1.1220825852782765
2021-06-20;MF;Saint Martin (French part);86;2314;1;26;1.1235955056179776
2021-06-27;MF;Saint Martin (French part);53;2367;1;27;1.1406844106463878
2021-07-04;MF;Saint Martin (French part);53;2420;2;29;1.1983471074380165
2021-07-11;MF;Saint Martin (French part);52;2472;1;30;1.2135922330097086
2021-07-18;MF;Saint Martin (French part);51;2523;0;30;1.1890606420927468
2021-07-25;MF;Saint Martin (French part);56;2579;0;30;1.1632415664986429
2021-08-01;MF;Saint Martin (French part);62;2641;0;30;1.135933358576297
2021-08-08;MF;Saint Martin (French part);114;2755;3;33;1.1978221415607986
2021-08-15;MF;Saint Martin (French part);188;2943;0;33;1.1213047910295617
2021-08-22;MF;Saint Martin (French part);204;3147;0;33;1.0486177311725453
2021-08-29;MF;Saint Martin (French part);209;3356;0;33;0.9833134684147794
2021-09-05;MF;Saint Martin (French part);188;3544;0;33;0.9311512415349887
2021-09-12;MF;Saint Martin (French part);115;3659;0;33;0.9018857611369226
2021-09-19;MF;Saint Martin (French part);81;3740;2;35;0.9358288770053476
2021-09-26;MF;Saint Martin (French part);55;3795;0;35;0.922266139657444
2021-10-03;MF;Saint Martin (French part);24;3819;1;36;0.9426551453260016
2021-10-10;MF;Saint Martin (French part);39;3858;1;37;0.9590461378952826
2021-10-17;MF;Saint Martin (French part);30;3888;0;37;0.9516460905349794
2021-10-24;MF;Saint Martin (French part);32;3920;0;37;0.9438775510204082
2021-10-31;MF;Saint Martin (French part);21;3941;0;37;0.9388480081197667
2021-11-07;MF;Saint Martin (French part);34;3975;1;38;0.9559748427672956
2021-11-14;MF;Saint Martin (French part);18;3993;0;38;0.9516654144753318
2021-11-21;MF;Saint Martin (French part);20;4013;0;38;0.946922501868926
2021-11-28;MF;Saint Martin (French part);18;4031;0;38;0.9426941205656165
2021-12-05;MF;Saint Martin (French part);9;4040;0;38;0.9405940594059405
2021-12-12;MF;Saint Martin (French part);19;4059;0;38;0.9361911800936191
2021-12-19;MF;Saint Martin (French part);16;4075;0;38;0.9325153374233128
2021-12-26;MF;Saint Martin (French part);43;4118;1;39;0.9470616804273919
2022-01-02;MF;Saint Martin (French part);129;4247;1;40;0.9418412997409937
2022-01-09;MF;Saint Martin (French part);975;5222;0;40;0.7659900421294523
2022-01-16;MF;Saint Martin (French part);2295;7517;0;40;0.5321271783956366
2022-01-23;MF;Saint Martin (French part);1396;8913;1;41;0.46000224391338496
2022-01-30;MF;Saint Martin (French part);520;9433;1;42;0.4452454150323333
2022-02-06;MF;Saint Martin (French part);173;9606;1;43;0.44763689360816156
2022-02-13;MF;Saint Martin (French part);126;9732;1;44;0.45211672831894784
2022-02-20;MF;Saint Martin (French part);58;9790;0;44;0.44943820224719105
2022-02-27;MF;Saint Martin (French part);52;9842;0;44;0.4470636049583418
2022-03-06;MF;Saint Martin (French part);28;9870;0;44;0.44579533941236066
2022-03-13;MF;Saint Martin (French part);38;9908;0;44;0.44408558740411785
2022-03-20;MF;Saint Martin (French part);31;9939;0;44;0.442700472884596
2022-03-27;MF;Saint Martin (French part);49;9988;0;44;0.4405286343612335
2022-04-03;MF;Saint Martin (French part);81;10069;0;44;0.4369848048465587
2022-04-10;MF;Saint Martin (French part);60;10129;0;44;0.43439628788626716
2022-04-17;MF;Saint Martin (French part);93;10222;0;44;0.430444140090002
2022-04-24;MF;Saint Martin (French part);94;10316;0;44;0.4265219077161691
2022-05-01;MF;Saint Martin (French part);102;10418;0;44;0.42234593971971585
2022-05-08;MF;Saint Martin (French part);69;10487;0;44;0.4195670830552112
2022-05-15;MF;Saint Martin (French part);65;10552;0;44;0.4169825625473844
2022-05-22;MF;Saint Martin (French part);66;10618;0;44;0.4143906573742701
2022-05-29;MF;Saint Martin (French part);70;10688;0;44;0.4116766467065869
2022-06-05;MF;Saint Martin (French part);38;10726;0;44;0.41021816147678536
2022-06-12;MF;Saint Martin (French part);74;10800;0;44;0.4074074074074074
2022-06-19;MF;Saint Martin (French part);75;10875;1;45;0.41379310344827586
2022-06-26;MF;Saint Martin (French part);77;10952;0;45;0.4108838568298028
2022-07-03;MF;Saint Martin (French part);109;11061;1;46;0.4158755989512702
2022-07-10;MF;Saint Martin (French part);163;11224;0;46;0.4098360655737705
2022-07-17;MF;Saint Martin (French part);186;11410;0;46;0.40315512708150747
2022-07-24;MF;Saint Martin (French part);125;11535;0;46;0.3987863025574339
2022-07-31;MF;Saint Martin (French part);132;11667;0;46;0.3942744493014485
2022-08-07;MF;Saint Martin (French part);107;11774;0;46;0.39069135383047393
2022-08-14;MF;Saint Martin (French part);83;11857;0;46;0.3879564814033904
2022-08-21;MF;Saint Martin (French part);54;11911;0;46;0.3861976324406011
2022-08-28;MF;Saint Martin (French part);30;11941;0;46;0.38522736789213635
2022-09-04;MF;Saint Martin (French part);0;11941;0;46;0.38522736789213635
2022-09-11;MF;Saint Martin (French part);0;11941;0;46;0.38522736789213635
2022-09-18;MF;Saint Martin (French part);0;11941;0;46;0.38522736789213635
2022-09-25;MF;Saint Martin (French part);37;11978;0;46;0.38403740190348973
2022-10-02;MF;Saint Martin (French part);0;11978;0;46;0.38403740190348973
2022-10-09;MF;Saint Martin (French part);14;11992;0;46;0.38358905937291526
2022-10-16;MF;Saint Martin (French part);17;12009;0;46;0.38304604879673576
2022-10-23;MF;Saint Martin (French part);17;12026;0;46;0.38250457342424743
2022-10-30;MF;Saint Martin (French part);0;12026;0;46;0.38250457342424743
2022-11-06;MF;Saint Martin (French part);6;12032;0;46;0.38231382978723405
2022-11-13;MF;Saint Martin (French part);2;12034;0;46;0.38225029084261264
2022-11-20;MF;Saint Martin (French part);7;12041;0;46;0.3820280707582427
2022-11-27;MF;Saint Martin (French part);17;12058;0;46;0.38148946757339525
2022-12-04;MF;Saint Martin (French part);17;12075;0;46;0.38095238095238093
2022-12-11;MF;Saint Martin (French part);29;12104;0;46;0.380039656311963
2022-12-18;MF;Saint Martin (French part);36;12140;0;46;0.37891268533772654
2022-12-25;MF;Saint Martin (French part);40;12180;0;46;0.37766830870279144
2023-01-01;MF;Saint Martin (French part);26;12206;0;46;0.37686383745698837
2023-01-08;MF;Saint Martin (French part);16;12222;0;46;0.37637047946326296
2023-01-15;MF;Saint Martin (French part);7;12229;0;46;0.3761550412952817
2023-01-22;MF;Saint Martin (French part);4;12233;0;46;0.3760320444698766
2023-01-29;MF;Saint Martin (French part);11;12244;0;46;0.3756942175759556
2023-02-05;MF;Saint Martin (French part);3;12247;0;46;0.37560218829101005
2023-02-12;MF;Saint Martin (French part);6;12253;0;46;0.37541826491471475
2023-02-19;MF;Saint Martin (French part);4;12257;0;46;0.37529574936770826
2023-02-26;MF;Saint Martin (French part);7;12264;0;46;0.3750815394651011
2023-03-05;MF;Saint Martin (French part);7;12271;0;46;0.37486757395485293
2023-03-12;MF;Saint Martin (French part);2;12273;0;46;0.3748064857817974
2023-03-19;MF;Saint Martin (French part);5;12278;0;46;0.3746538524189607
2023-03-26;MF;Saint Martin (French part);2;12280;0;46;0.3745928338762215
2023-04-02;MF;Saint Martin (French part);0;12280;0;46;0.3745928338762215
2023-04-09;MF;Saint Martin (French part);0;12280;0;46;0.3745928338762215
2023-04-16;MF;Saint Martin (French part);7;12287;0;46;0.37437942540896885
2023-04-23;MF;Saint Martin (French part);6;12293;0;46;0.37419669730741073
2023-04-30;MF;Saint Martin (French part);7;12300;0;46;0.37398373983739835
2023-05-07;MF;Saint Martin (French part);0;12300;0;46;0.37398373983739835
2023-05-14;MF;Saint Martin (French part);0;12300;0;46;0.37398373983739835
2023-05-21;MF;Saint Martin (French part);3;12303;0;46;0.37389254653336584
2023-05-28;MF;Saint Martin (French part);0;12303;0;46;0.37389254653336584
2023-06-04;MF;Saint Martin (French part);0;12303;0;46;0.37389254653336584
2023-06-11;MF;Saint Martin (French part);0;12303;0;46;0.37389254653336584
2023-06-18;MF;Saint Martin (French part);0;12303;0;46;0.37389254653336584
2023-06-25;MF;Saint Martin (French part);21;12324;0;46;0.3732554365465758
2023-07-02;MF;Saint Martin (French part);0;12324;0;46;0.3732554365465758
2023-07-09;MF;Saint Martin (French part);0;12324;0;46;0.3732554365465758
2023-07-16;MF;Saint Martin (French part);0;12324;0;46;0.3732554365465758
2023-07-23;MF;Saint Martin (French part);0;12324;0;46;0.3732554365465758
2023-07-30;MF;Saint Martin (French part);0;12324;0;46;0.3732554365465758
2023-08-06;MF;Saint Martin (French part);0;12324;0;46;0.3732554365465758
2023-08-13;MF;Saint Martin (French part);0;12324;0;46;0.3732554365465758
2023-08-20;MF;Saint Martin (French part);0;12324;0;46;0.3732554365465758
2023-08-27;MF;Saint Martin (French part);0;12324;0;46;0.3732554365465758
2023-09-03;MF;Saint Martin (French part);0;12324;0;46;0.3732554365465758
2023-09-10;MF;Saint Martin (French part);0;12324;0;46;0.3732554365465758
2023-09-17;MF;Saint Martin (French part);0;12324;0;46;0.3732554365465758
2023-09-24;MF;Saint Martin (French part);0;12324;0;46;0.3732554365465758
2023-10-01;MF;Saint Martin (French part);0;12324;0;46;0.3732554365465758
2023-10-08;MF;Saint Martin (French part);0;12324;0;46;0.3732554365465758
2023-10-15;MF;Saint Martin (French part);0;12324;0;46;0.3732554365465758
2023-10-22;MF;Saint Martin (French part);0;12324;0;46;0.3732554365465758
2023-10-29;MF;Saint Martin (French part);0;12324;0;46;0.3732554365465758
2023-11-05;MF;Saint Martin (French part);0;12324;0;46;0.3732554365465758
2023-11-12;MF;Saint Martin (French part);0;12324;0;46;0.3732554365465758
2023-11-19;MF;Saint Martin (French part);0;12324;0;46;0.3732554365465758
2023-11-26;MF;Saint Martin (French part);0;12324;0;46;0.3732554365465758
2023-12-03;MF;Saint Martin (French part);0;12324;0;46;0.3732554365465758
2023-12-10;MF;Saint Martin (French part);0;12324;0;46;0.3732554365465758
2023-12-17;MF;Saint Martin (French part);0;12324;0;46;0.3732554365465758
2023-12-24;MF;Saint Martin (French part);0;12324;0;46;0.3732554365465758
2023-12-31;MF;Saint Martin (French part);0;12324;0;46;0.3732554365465758
2024-01-07;MF;Saint Martin (French part);0;12324;0;46;0.3732554365465758
2024-01-14;MF;Saint Martin (French part);0;12324;0;46;0.3732554365465758
2024-01-21;MF;Saint Martin (French part);0;12324;0;46;0.3732554365465758
2020-01-05;PM;Saint Pierre and Miquelon;0;0;0;0;0.0
2020-01-12;PM;Saint Pierre and Miquelon;0;0;0;0;0.0
2020-01-19;PM;Saint Pierre and Miquelon;0;0;0;0;0.0
2020-01-26;PM;Saint Pierre and Miquelon;0;0;0;0;0.0
2020-02-02;PM;Saint Pierre and Miquelon;0;0;0;0;0.0
2020-02-09;PM;Saint Pierre and Miquelon;0;0;0;0;0.0
2020-02-16;PM;Saint Pierre and Miquelon;0;0;0;0;0.0
2020-02-23;PM;Saint Pierre and Miquelon;0;0;0;0;0.0
2020-03-01;PM;Saint Pierre and Miquelon;0;0;0;0;0.0
2020-03-08;PM;Saint Pierre and Miquelon;0;0;0;0;0.0
2020-03-15;PM;Saint Pierre and Miquelon;0;0;0;0;0.0
2020-03-22;PM;Saint Pierre and Miquelon;0;0;0;0;0.0
2020-03-29;PM;Saint Pierre and Miquelon;0;0;0;0;0.0
2020-04-05;PM;Saint Pierre and Miquelon;0;0;0;0;0.0
2020-04-12;PM;Saint Pierre and Miquelon;1;1;0;0;0.0
2020-04-19;PM;Saint Pierre and Miquelon;0;1;0;0;0.0
2020-04-26;PM;Saint Pierre and Miquelon;0;1;0;0;0.0
2020-05-03;PM;Saint Pierre and Miquelon;0;1;0;0;0.0
2020-05-10;PM;Saint Pierre and Miquelon;0;1;0;0;0.0
2020-05-17;PM;Saint Pierre and Miquelon;0;1;0;0;0.0
2020-05-24;PM;Saint Pierre and Miquelon;0;1;0;0;0.0
2020-05-31;PM;Saint Pierre and Miquelon;0;1;0;0;0.0
2020-06-07;PM;Saint Pierre and Miquelon;0;1;0;0;0.0
2020-06-14;PM;Saint Pierre and Miquelon;0;1;0;0;0.0
2020-06-21;PM;Saint Pierre and Miquelon;0;1;0;0;0.0
2020-06-28;PM;Saint Pierre and Miquelon;0;1;0;0;0.0
2020-07-05;PM;Saint Pierre and Miquelon;0;1;0;0;0.0
2020-07-12;PM;Saint Pierre and Miquelon;1;2;0;0;0.0
2020-07-19;PM;Saint Pierre and Miquelon;2;4;0;0;0.0
2020-07-26;PM;Saint Pierre and Miquelon;0;4;0;0;0.0
2020-08-02;PM;Saint Pierre and Miquelon;0;4;0;0;0.0
2020-08-09;PM;Saint Pierre and Miquelon;1;5;0;0;0.0
2020-08-16;PM;Saint Pierre and Miquelon;0;5;0;0;0.0
2020-08-23;PM;Saint Pierre and Miquelon;0;5;0;0;0.0
2020-08-30;PM;Saint Pierre and Miquelon;0;5;0;0;0.0
2020-09-06;PM;Saint Pierre and Miquelon;2;7;0;0;0.0
2020-09-13;PM;Saint Pierre and Miquelon;4;11;0;0;0.0
2020-09-20;PM;Saint Pierre and Miquelon;0;11;0;0;0.0
2020-09-27;PM;Saint Pierre and Miquelon;1;12;0;0;0.0
2020-10-04;PM;Saint Pierre and Miquelon;0;12;0;0;0.0
2020-10-11;PM;Saint Pierre and Miquelon;0;12;0;0;0.0
2020-10-18;PM;Saint Pierre and Miquelon;0;12;0;0;0.0
2020-10-25;PM;Saint Pierre and Miquelon;0;12;0;0;0.0
2020-11-01;PM;Saint Pierre and Miquelon;0;12;0;0;0.0
2020-11-08;PM;Saint Pierre and Miquelon;2;14;0;0;0.0
2020-11-15;PM;Saint Pierre and Miquelon;0;14;0;0;0.0
2020-11-22;PM;Saint Pierre and Miquelon;0;14;0;0;0.0
2020-11-29;PM;Saint Pierre and Miquelon;0;14;0;0;0.0
2020-12-06;PM;Saint Pierre and Miquelon;0;14;0;0;0.0
2020-12-13;PM;Saint Pierre and Miquelon;0;14;0;0;0.0
2020-12-20;PM;Saint Pierre and Miquelon;0;14;0;0;0.0
2020-12-27;PM;Saint Pierre and Miquelon;2;16;0;0;0.0
2021-01-03;PM;Saint Pierre and Miquelon;0;16;0;0;0.0
2021-01-10;PM;Saint Pierre and Miquelon;0;16;0;0;0.0
2021-01-17;PM;Saint Pierre and Miquelon;0;16;0;0;0.0
2021-01-24;PM;Saint Pierre and Miquelon;4;20;0;0;0.0
2021-01-31;PM;Saint Pierre and Miquelon;4;24;0;0;0.0
2021-02-07;PM;Saint Pierre and Miquelon;0;24;0;0;0.0
2021-02-14;PM;Saint Pierre and Miquelon;0;24;0;0;0.0
2021-02-21;PM;Saint Pierre and Miquelon;0;24;0;0;0.0
2021-02-28;PM;Saint Pierre and Miquelon;0;24;0;0;0.0
2021-03-07;PM;Saint Pierre and Miquelon;0;24;0;0;0.0
2021-03-14;PM;Saint Pierre and Miquelon;0;24;0;0;0.0
2021-03-21;PM;Saint Pierre and Miquelon;0;24;0;0;0.0
2021-03-28;PM;Saint Pierre and Miquelon;0;24;0;0;0.0
2021-04-04;PM;Saint Pierre and Miquelon;0;24;0;0;0.0
2021-04-11;PM;Saint Pierre and Miquelon;1;25;0;0;0.0
2021-04-18;PM;Saint Pierre and Miquelon;0;25;0;0;0.0
2021-04-25;PM;Saint Pierre and Miquelon;0;25;0;0;0.0
2021-05-02;PM;Saint Pierre and Miquelon;0;25;0;0;0.0
2021-05-09;PM;Saint Pierre and Miquelon;0;25;0;0;0.0
2021-05-16;PM;Saint Pierre and Miquelon;0;25;0;0;0.0
2021-05-23;PM;Saint Pierre and Miquelon;0;25;0;0;0.0
2021-05-30;PM;Saint Pierre and Miquelon;0;25;0;0;0.0
2021-06-06;PM;Saint Pierre and Miquelon;0;25;0;0;0.0
2021-06-13;PM;Saint Pierre and Miquelon;1;26;0;0;0.0
2021-06-20;PM;Saint Pierre and Miquelon;0;26;0;0;0.0
2021-06-27;PM;Saint Pierre and Miquelon;0;26;0;0;0.0
2021-07-04;PM;Saint Pierre and Miquelon;0;26;0;0;0.0
2021-07-11;PM;Saint Pierre and Miquelon;0;26;0;0;0.0
2021-07-18;PM;Saint Pierre and Miquelon;0;26;0;0;0.0
2021-07-25;PM;Saint Pierre and Miquelon;2;28;0;0;0.0
2021-08-01;PM;Saint Pierre and Miquelon;0;28;0;0;0.0
2021-08-08;PM;Saint Pierre and Miquelon;2;30;0;0;0.0
2021-08-15;PM;Saint Pierre and Miquelon;0;30;0;0;0.0
2021-08-22;PM;Saint Pierre and Miquelon;0;30;0;0;0.0
2021-08-29;PM;Saint Pierre and Miquelon;0;30;0;0;0.0
2021-09-05;PM;Saint Pierre and Miquelon;1;31;0;0;0.0
2021-09-12;PM;Saint Pierre and Miquelon;0;31;0;0;0.0
2021-09-19;PM;Saint Pierre and Miquelon;0;31;0;0;0.0
2021-09-26;PM;Saint Pierre and Miquelon;0;31;0;0;0.0
2021-10-03;PM;Saint Pierre and Miquelon;0;31;0;0;0.0
2021-10-10;PM;Saint Pierre and Miquelon;1;32;0;0;0.0
2021-10-17;PM;Saint Pierre and Miquelon;0;32;0;0;0.0
2021-10-24;PM;Saint Pierre and Miquelon;0;32;0;0;0.0
2021-10-31;PM;Saint Pierre and Miquelon;0;32;0;0;0.0
2021-11-07;PM;Saint Pierre and Miquelon;0;32;0;0;0.0
2021-11-14;PM;Saint Pierre and Miquelon;1;33;0;0;0.0
2021-11-21;PM;Saint Pierre and Miquelon;11;44;0;0;0.0
2021-11-28;PM;Saint Pierre and Miquelon;31;75;0;0;0.0
2021-12-05;PM;Saint Pierre and Miquelon;13;88;0;0;0.0
2021-12-12;PM;Saint Pierre and Miquelon;7;95;0;0;0.0
2021-12-19;PM;Saint Pierre and Miquelon;1;96;0;0;0.0
2021-12-26;PM;Saint Pierre and Miquelon;2;98;0;0;0.0
2022-01-02;PM;Saint Pierre and Miquelon;0;98;0;0;0.0
2022-01-09;PM;Saint Pierre and Miquelon;15;113;0;0;0.0
2022-01-16;PM;Saint Pierre and Miquelon;142;255;0;0;0.0
2022-01-23;PM;Saint Pierre and Miquelon;183;438;0;0;0.0
2022-01-30;PM;Saint Pierre and Miquelon;190;628;0;0;0.0
2022-02-06;PM;Saint Pierre and Miquelon;200;828;1;1;0.12077294685990338
2022-02-13;PM;Saint Pierre and Miquelon;93;921;0;1;0.10857763300760044
2022-02-20;PM;Saint Pierre and Miquelon;44;965;0;1;0.10362694300518134
2022-02-27;PM;Saint Pierre and Miquelon;30;995;0;1;0.10050251256281408
2022-03-06;PM;Saint Pierre and Miquelon;8;1003;0;1;0.09970089730807577
2022-03-13;PM;Saint Pierre and Miquelon;52;1055;0;1;0.09478672985781991
2022-03-20;PM;Saint Pierre and Miquelon;298;1353;0;1;0.07390983000739099
2022-03-27;PM;Saint Pierre and Miquelon;577;1930;0;1;0.05181347150259067
2022-04-03;PM;Saint Pierre and Miquelon;306;2236;0;1;0.044722719141323794
2022-04-10;PM;Saint Pierre and Miquelon;182;2418;0;1;0.0413564929693962
2022-04-17;PM;Saint Pierre and Miquelon;119;2537;0;1;0.039416633819471816
2022-04-24;PM;Saint Pierre and Miquelon;104;2641;0;1;0.03786444528587656
2022-05-01;PM;Saint Pierre and Miquelon;60;2701;0;1;0.037023324694557574
2022-05-08;PM;Saint Pierre and Miquelon;26;2727;0;1;0.03667033370003667
2022-05-15;PM;Saint Pierre and Miquelon;12;2739;0;1;0.03650967506389193
2022-05-22;PM;Saint Pierre and Miquelon;9;2748;0;1;0.0363901018922853
2022-05-29;PM;Saint Pierre and Miquelon;2;2750;0;1;0.03636363636363636
2022-06-05;PM;Saint Pierre and Miquelon;12;2762;0;1;0.03620564808110065
2022-06-12;PM;Saint Pierre and Miquelon;3;2765;0;1;0.03616636528028933
2022-06-19;PM;Saint Pierre and Miquelon;0;2765;0;1;0.03616636528028933
2022-06-26;PM;Saint Pierre and Miquelon;2;2767;0;1;0.03614022406938923
2022-07-03;PM;Saint Pierre and Miquelon;12;2779;0;1;0.035984166966534725
2022-07-10;PM;Saint Pierre and Miquelon;78;2857;0;1;0.03500175008750438
2022-07-17;PM;Saint Pierre and Miquelon;113;2970;0;1;0.03367003367003367
2022-07-24;PM;Saint Pierre and Miquelon;56;3026;0;1;0.033046926635822864
2022-07-31;PM;Saint Pierre and Miquelon;57;3083;0;1;0.03243593902043464
2022-08-07;PM;Saint Pierre and Miquelon;29;3112;0;1;0.032133676092544985
2022-08-14;PM;Saint Pierre and Miquelon;19;3131;0;1;0.031938677738741615
2022-08-21;PM;Saint Pierre and Miquelon;6;3137;0;1;0.0318775900541919
2022-08-28;PM;Saint Pierre and Miquelon;9;3146;0;1;0.03178639542275906
2022-09-04;PM;Saint Pierre and Miquelon;12;3158;0;1;0.031665611146295125
2022-09-11;PM;Saint Pierre and Miquelon;8;3166;0;1;0.03158559696778269
2022-09-18;PM;Saint Pierre and Miquelon;14;3180;0;1;0.031446540880503145
2022-09-25;PM;Saint Pierre and Miquelon;8;3188;0;1;0.031367628607277286
2022-10-02;PM;Saint Pierre and Miquelon;11;3199;0;1;0.03125976867771178
2022-10-09;PM;Saint Pierre and Miquelon;2;3201;0;1;0.031240237425804434
2022-10-16;PM;Saint Pierre and Miquelon;6;3207;0;1;0.031181789834736514
2022-10-23;PM;Saint Pierre and Miquelon;5;3212;0;1;0.031133250311332503
2022-10-30;PM;Saint Pierre and Miquelon;2;3214;0;1;0.031113876789047916
2022-11-06;PM;Saint Pierre and Miquelon;1;3215;0;1;0.031104199066874026
2022-11-13;PM;Saint Pierre and Miquelon;3;3218;0;1;0.031075201988812924
2022-11-20;PM;Saint Pierre and Miquelon;17;3235;0;1;0.030911901081916538
2022-11-27;PM;Saint Pierre and Miquelon;35;3270;0;1;0.03058103975535168
2022-12-04;PM;Saint Pierre and Miquelon;24;3294;1;2;0.060716454159077116
2022-12-11;PM;Saint Pierre and Miquelon;26;3320;0;2;0.06024096385542169
2022-12-18;PM;Saint Pierre and Miquelon;16;3336;0;2;0.05995203836930455
2022-12-25;PM;Saint Pierre and Miquelon;12;3348;0;2;0.05973715651135006
2023-01-01;PM;Saint Pierre and Miquelon;19;3367;0;2;0.05940005940005939
2023-01-08;PM;Saint Pierre and Miquelon;28;3395;0;2;0.05891016200294551
2023-01-15;PM;Saint Pierre and Miquelon;5;3400;0;2;0.0588235294117647
2023-01-22;PM;Saint Pierre and Miquelon;5;3405;0;2;0.05873715124816446
2023-01-29;PM;Saint Pierre and Miquelon;5;3410;0;2;0.05865102639296188
2023-02-05;PM;Saint Pierre and Miquelon;2;3412;0;2;0.058616647127784284
2023-02-12;PM;Saint Pierre and Miquelon;1;3413;0;2;0.05859947260474656
2023-02-19;PM;Saint Pierre and Miquelon;2;3415;0;2;0.05856515373352855
2023-02-26;PM;Saint Pierre and Miquelon;2;3417;0;2;0.058530875036581796
2023-03-05;PM;Saint Pierre and Miquelon;1;3418;0;2;0.058513750731421885
2023-03-12;PM;Saint Pierre and Miquelon;5;3423;0;2;0.05842827928717499
2023-03-19;PM;Saint Pierre and Miquelon;1;3424;0;2;0.05841121495327102
2023-03-26;PM;Saint Pierre and Miquelon;2;3426;0;2;0.05837711617046118
2023-04-02;PM;Saint Pierre and Miquelon;0;3426;0;2;0.05837711617046118
2023-04-09;PM;Saint Pierre and Miquelon;0;3426;0;2;0.05837711617046118
2023-04-16;PM;Saint Pierre and Miquelon;0;3426;0;2;0.05837711617046118
2023-04-23;PM;Saint Pierre and Miquelon;0;3426;0;2;0.05837711617046118
2023-04-30;PM;Saint Pierre and Miquelon;0;3426;0;2;0.05837711617046118
2023-05-07;PM;Saint Pierre and Miquelon;0;3426;0;2;0.05837711617046118
2023-05-14;PM;Saint Pierre and Miquelon;0;3426;0;2;0.05837711617046118
2023-05-21;PM;Saint Pierre and Miquelon;0;3426;0;2;0.05837711617046118
2023-05-28;PM;Saint Pierre and Miquelon;0;3426;0;2;0.05837711617046118
2023-06-04;PM;Saint Pierre and Miquelon;0;3426;0;2;0.05837711617046118
2023-06-11;PM;Saint Pierre and Miquelon;0;3426;0;2;0.05837711617046118
2023-06-18;PM;Saint Pierre and Miquelon;0;3426;0;2;0.05837711617046118
2023-06-25;PM;Saint Pierre and Miquelon;0;3426;0;2;0.05837711617046118
2023-07-02;PM;Saint Pierre and Miquelon;0;3426;0;2;0.05837711617046118
2023-07-09;PM;Saint Pierre and Miquelon;0;3426;0;2;0.05837711617046118
2023-07-16;PM;Saint Pierre and Miquelon;0;3426;0;2;0.05837711617046118
2023-07-23;PM;Saint Pierre and Miquelon;0;3426;0;2;0.05837711617046118
2023-07-30;PM;Saint Pierre and Miquelon;0;3426;0;2;0.05837711617046118
2023-08-06;PM;Saint Pierre and Miquelon;0;3426;0;2;0.05837711617046118
2023-08-13;PM;Saint Pierre and Miquelon;0;3426;0;2;0.05837711617046118
2023-08-20;PM;Saint Pierre and Miquelon;0;3426;0;2;0.05837711617046118
2023-08-27;PM;Saint Pierre and Miquelon;0;3426;0;2;0.05837711617046118
2023-09-03;PM;Saint Pierre and Miquelon;0;3426;0;2;0.05837711617046118
2023-09-10;PM;Saint Pierre and Miquelon;0;3426;0;2;0.05837711617046118
2023-09-17;PM;Saint Pierre and Miquelon;0;3426;0;2;0.05837711617046118
2023-09-24;PM;Saint Pierre and Miquelon;0;3426;0;2;0.05837711617046118
2023-10-01;PM;Saint Pierre and Miquelon;0;3426;0;2;0.05837711617046118
2023-10-08;PM;Saint Pierre and Miquelon;0;3426;0;2;0.05837711617046118
2023-10-15;PM;Saint Pierre and Miquelon;0;3426;0;2;0.05837711617046118
2023-10-22;PM;Saint Pierre and Miquelon;0;3426;0;2;0.05837711617046118
2023-10-29;PM;Saint Pierre and Miquelon;0;3426;0;2;0.05837711617046118
2023-11-05;PM;Saint Pierre and Miquelon;0;3426;0;2;0.05837711617046118
2023-11-12;PM;Saint Pierre and Miquelon;0;3426;0;2;0.05837711617046118
2023-11-19;PM;Saint Pierre and Miquelon;0;3426;0;2;0.05837711617046118
2023-11-26;PM;Saint Pierre and Miquelon;0;3426;0;2;0.05837711617046118
2023-12-03;PM;Saint Pierre and Miquelon;0;3426;0;2;0.05837711617046118
2023-12-10;PM;Saint Pierre and Miquelon;0;3426;0;2;0.05837711617046118
2023-12-17;PM;Saint Pierre and Miquelon;0;3426;0;2;0.05837711617046118
2023-12-24;PM;Saint Pierre and Miquelon;0;3426;0;2;0.05837711617046118
2023-12-31;PM;Saint Pierre and Miquelon;0;3426;0;2;0.05837711617046118
2024-01-07;PM;Saint Pierre and Miquelon;0;3426;0;2;0.05837711617046118
2024-01-14;PM;Saint Pierre and Miquelon;0;3426;0;2;0.05837711617046118
2024-01-21;PM;Saint Pierre and Miquelon;0;3426;0;2;0.05837711617046118
2020-01-05;VC;Saint Vincent and the Grenadines;0;0;0;0;0.0
2020-01-12;VC;Saint Vincent and the Grenadines;0;0;0;0;0.0
2020-01-19;VC;Saint Vincent and the Grenadines;0;0;0;0;0.0
2020-01-26;VC;Saint Vincent and the Grenadines;0;0;0;0;0.0
2020-02-02;VC;Saint Vincent and the Grenadines;0;0;0;0;0.0
2020-02-09;VC;Saint Vincent and the Grenadines;0;0;0;0;0.0
2020-02-16;VC;Saint Vincent and the Grenadines;0;0;0;0;0.0
2020-02-23;VC;Saint Vincent and the Grenadines;0;0;0;0;0.0
2020-03-01;VC;Saint Vincent and the Grenadines;0;0;0;0;0.0
2020-03-08;VC;Saint Vincent and the Grenadines;0;0;0;0;0.0
2020-03-15;VC;Saint Vincent and the Grenadines;1;1;0;0;0.0
2020-03-22;VC;Saint Vincent and the Grenadines;0;1;0;0;0.0
2020-03-29;VC;Saint Vincent and the Grenadines;0;1;0;0;0.0
2020-04-05;VC;Saint Vincent and the Grenadines;2;3;0;0;0.0
2020-04-12;VC;Saint Vincent and the Grenadines;9;12;0;0;0.0
2020-04-19;VC;Saint Vincent and the Grenadines;0;12;0;0;0.0
2020-04-26;VC;Saint Vincent and the Grenadines;2;14;0;0;0.0
2020-05-03;VC;Saint Vincent and the Grenadines;2;16;0;0;0.0
2020-05-10;VC;Saint Vincent and the Grenadines;1;17;0;0;0.0
2020-05-17;VC;Saint Vincent and the Grenadines;0;17;0;0;0.0
2020-05-24;VC;Saint Vincent and the Grenadines;1;18;0;0;0.0
2020-05-31;VC;Saint Vincent and the Grenadines;7;25;0;0;0.0
2020-06-07;VC;Saint Vincent and the Grenadines;1;26;0;0;0.0
2020-06-14;VC;Saint Vincent and the Grenadines;1;27;0;0;0.0
2020-06-21;VC;Saint Vincent and the Grenadines;2;29;0;0;0.0
2020-06-28;VC;Saint Vincent and the Grenadines;0;29;0;0;0.0
2020-07-05;VC;Saint Vincent and the Grenadines;0;29;0;0;0.0
2020-07-12;VC;Saint Vincent and the Grenadines;0;29;0;0;0.0
2020-07-19;VC;Saint Vincent and the Grenadines;6;35;0;0;0.0
2020-07-26;VC;Saint Vincent and the Grenadines;17;52;0;0;0.0
2020-08-02;VC;Saint Vincent and the Grenadines;2;54;0;0;0.0
2020-08-09;VC;Saint Vincent and the Grenadines;2;56;0;0;0.0
2020-08-16;VC;Saint Vincent and the Grenadines;1;57;0;0;0.0
2020-08-23;VC;Saint Vincent and the Grenadines;1;58;0;0;0.0
2020-08-30;VC;Saint Vincent and the Grenadines;2;60;0;0;0.0
2020-09-06;VC;Saint Vincent and the Grenadines;1;61;0;0;0.0
2020-09-13;VC;Saint Vincent and the Grenadines;3;64;0;0;0.0
2020-09-20;VC;Saint Vincent and the Grenadines;0;64;0;0;0.0
2020-09-27;VC;Saint Vincent and the Grenadines;0;64;0;0;0.0
2020-10-04;VC;Saint Vincent and the Grenadines;0;64;0;0;0.0
2020-10-11;VC;Saint Vincent and the Grenadines;0;64;0;0;0.0
2020-10-18;VC;Saint Vincent and the Grenadines;3;67;0;0;0.0
2020-10-25;VC;Saint Vincent and the Grenadines;6;73;0;0;0.0
2020-11-01;VC;Saint Vincent and the Grenadines;1;74;0;0;0.0
2020-11-08;VC;Saint Vincent and the Grenadines;2;76;0;0;0.0
2020-11-15;VC;Saint Vincent and the Grenadines;2;78;0;0;0.0
2020-11-22;VC;Saint Vincent and the Grenadines;6;84;0;0;0.0
2020-11-29;VC;Saint Vincent and the Grenadines;1;85;0;0;0.0
2020-12-06;VC;Saint Vincent and the Grenadines;2;87;0;0;0.0
2020-12-13;VC;Saint Vincent and the Grenadines;7;94;0;0;0.0
2020-12-20;VC;Saint Vincent and the Grenadines;6;100;0;0;0.0
2020-12-27;VC;Saint Vincent and the Grenadines;8;108;0;0;0.0
2021-01-03;VC;Saint Vincent and the Grenadines;14;122;0;0;0.0
2021-01-10;VC;Saint Vincent and the Grenadines;82;204;0;0;0.0
2021-01-17;VC;Saint Vincent and the Grenadines;246;450;1;1;0.2222222222222222
2021-01-24;VC;Saint Vincent and the Grenadines;270;720;1;2;0.2777777777777778
2021-01-31;VC;Saint Vincent and the Grenadines;176;896;0;2;0.2232142857142857
2021-02-07;VC;Saint Vincent and the Grenadines;274;1170;1;3;0.2564102564102564
2021-02-14;VC;Saint Vincent and the Grenadines;248;1418;3;6;0.4231311706629055
2021-02-21;VC;Saint Vincent and the Grenadines;80;1498;0;6;0.4005340453938585
2021-02-28;VC;Saint Vincent and the Grenadines;58;1556;2;8;0.5141388174807198
2021-03-07;VC;Saint Vincent and the Grenadines;102;1658;0;8;0.48250904704463204
2021-03-14;VC;Saint Vincent and the Grenadines;22;1680;0;8;0.4761904761904762
2021-03-21;VC;Saint Vincent and the Grenadines;14;1694;1;9;0.5312868949232585
2021-03-28;VC;Saint Vincent and the Grenadines;27;1721;1;10;0.5810575246949448
2021-04-04;VC;Saint Vincent and the Grenadines;34;1755;0;10;0.5698005698005698
2021-04-11;VC;Saint Vincent and the Grenadines;35;1790;0;10;0.5586592178770949
2021-04-18;VC;Saint Vincent and the Grenadines;29;1819;0;10;0.5497526113249038
2021-04-25;VC;Saint Vincent and the Grenadines;11;1830;0;10;0.546448087431694
2021-05-02;VC;Saint Vincent and the Grenadines;34;1864;1;11;0.5901287553648069
2021-05-09;VC;Saint Vincent and the Grenadines;48;1912;1;12;0.6276150627615062
2021-05-16;VC;Saint Vincent and the Grenadines;20;1932;0;12;0.6211180124223602
2021-05-23;VC;Saint Vincent and the Grenadines;41;1973;0;12;0.6082108464267613
2021-05-30;VC;Saint Vincent and the Grenadines;54;2027;0;12;0.5920078934385792
2021-06-06;VC;Saint Vincent and the Grenadines;41;2068;0;12;0.5802707930367506
2021-06-13;VC;Saint Vincent and the Grenadines;33;2101;0;12;0.5711565920990005
2021-06-20;VC;Saint Vincent and the Grenadines;91;2192;0;12;0.5474452554744526
2021-06-27;VC;Saint Vincent and the Grenadines;26;2218;0;12;0.5410279531109108
2021-07-04;VC;Saint Vincent and the Grenadines;11;2229;0;12;0.5383580080753702
2021-07-11;VC;Saint Vincent and the Grenadines;12;2241;0;12;0.535475234270415
2021-07-18;VC;Saint Vincent and the Grenadines;19;2260;0;12;0.5309734513274336
2021-07-25;VC;Saint Vincent and the Grenadines;11;2271;0;12;0.5284015852047557
2021-08-01;VC;Saint Vincent and the Grenadines;25;2296;0;12;0.5226480836236934
2021-08-08;VC;Saint Vincent and the Grenadines;2;2298;0;12;0.5221932114882507
2021-08-15;VC;Saint Vincent and the Grenadines;10;2308;0;12;0.5199306759098787
2021-08-22;VC;Saint Vincent and the Grenadines;12;2320;0;12;0.5172413793103449
2021-08-29;VC;Saint Vincent and the Grenadines;17;2337;0;12;0.5134788189987163
2021-09-05;VC;Saint Vincent and the Grenadines;42;2379;0;12;0.5044136191677175
2021-09-12;VC;Saint Vincent and the Grenadines;134;2513;0;12;0.47751691205730207
2021-09-19;VC;Saint Vincent and the Grenadines;317;2830;2;14;0.49469964664310956
2021-09-26;VC;Saint Vincent and the Grenadines;529;3359;3;17;0.5061030068472759
2021-10-03;VC;Saint Vincent and the Grenadines;479;3838;11;28;0.7295466388744137
2021-10-10;VC;Saint Vincent and the Grenadines;612;4450;5;33;0.7415730337078652
2021-10-17;VC;Saint Vincent and the Grenadines;177;4627;14;47;1.0157769613140264
2021-10-24;VC;Saint Vincent and the Grenadines;228;4855;13;60;1.235839340885685
2021-10-31;VC;Saint Vincent and the Grenadines;153;5008;6;66;1.317891373801917
2021-11-07;VC;Saint Vincent and the Grenadines;110;5118;3;69;1.3481828839390386
2021-11-14;VC;Saint Vincent and the Grenadines;207;5325;2;71;1.3333333333333335
2021-11-21;VC;Saint Vincent and the Grenadines;88;5413;2;73;1.348605209680399
2021-11-28;VC;Saint Vincent and the Grenadines;109;5522;1;74;1.3400941687794277
2021-12-05;VC;Saint Vincent and the Grenadines;120;5642;0;74;1.3115916341722795
2021-12-12;VC;Saint Vincent and the Grenadines;80;5722;3;77;1.3456833275078643
2021-12-19;VC;Saint Vincent and the Grenadines;36;5758;0;77;1.337269885376867
2021-12-26;VC;Saint Vincent and the Grenadines;85;5843;4;81;1.386274174225569
2022-01-02;VC;Saint Vincent and the Grenadines;148;5991;2;83;1.385411450509097
2022-01-09;VC;Saint Vincent and the Grenadines;760;6751;1;84;1.2442601096133905
2022-01-16;VC;Saint Vincent and the Grenadines;547;7298;3;87;1.1921074266922445
2022-01-23;VC;Saint Vincent and the Grenadines;431;7729;4;91;1.1773838788976583
2022-01-30;VC;Saint Vincent and the Grenadines;174;7903;2;93;1.1767683158294318
2022-02-06;VC;Saint Vincent and the Grenadines;211;8114;2;95;1.1708158737983732
2022-02-13;VC;Saint Vincent and the Grenadines;116;8230;7;102;1.2393681652490889
2022-02-20;VC;Saint Vincent and the Grenadines;49;8279;2;104;1.2561903611547287
2022-02-27;VC;Saint Vincent and the Grenadines;30;8309;2;106;1.2757251173426405
2022-03-06;VC;Saint Vincent and the Grenadines;11;8320;0;106;1.2740384615384615
2022-03-13;VC;Saint Vincent and the Grenadines;3;8323;0;106;1.2735792382554367
2022-03-20;VC;Saint Vincent and the Grenadines;7;8330;0;106;1.2725090036014406
2022-03-27;VC;Saint Vincent and the Grenadines;3;8333;0;106;1.2720508820352814
2022-04-03;VC;Saint Vincent and the Grenadines;4;8337;0;106;1.2714405661508936
2022-04-10;VC;Saint Vincent and the Grenadines;6;8343;0;106;1.2705261896200408
2022-04-17;VC;Saint Vincent and the Grenadines;9;8352;0;106;1.2691570881226053
2022-04-24;VC;Saint Vincent and the Grenadines;45;8397;0;106;1.262355603191616
2022-05-01;VC;Saint Vincent and the Grenadines;27;8424;0;106;1.258309591642925
2022-05-08;VC;Saint Vincent and the Grenadines;32;8456;0;106;1.2535477767265846
2022-05-15;VC;Saint Vincent and the Grenadines;60;8516;0;106;1.2447158290277125
2022-05-22;VC;Saint Vincent and the Grenadines;102;8618;0;106;1.2299837549315387
2022-05-29;VC;Saint Vincent and the Grenadines;69;8687;0;106;1.2202141130424773
2022-06-05;VC;Saint Vincent and the Grenadines;120;8807;2;108;1.2262972635403655
2022-06-12;VC;Saint Vincent and the Grenadines;104;8911;0;108;1.2119851868477163
2022-06-19;VC;Saint Vincent and the Grenadines;74;8985;2;110;1.2242626599888704
2022-06-26;VC;Saint Vincent and the Grenadines;47;9032;1;111;1.228963684676705
2022-07-03;VC;Saint Vincent and the Grenadines;30;9062;1;112;1.2359302582211433
2022-07-10;VC;Saint Vincent and the Grenadines;56;9118;2;114;1.250274182934854
2022-07-17;VC;Saint Vincent and the Grenadines;114;9232;1;115;1.2456672443674177
2022-07-24;VC;Saint Vincent and the Grenadines;77;9309;0;115;1.235363626597916
2022-07-31;VC;Saint Vincent and the Grenadines;54;9363;0;115;1.2282388123464703
2022-08-07;VC;Saint Vincent and the Grenadines;32;9395;0;115;1.2240553485896752
2022-08-14;VC;Saint Vincent and the Grenadines;10;9405;0;115;1.2227538543328018
2022-08-21;VC;Saint Vincent and the Grenadines;9;9414;0;115;1.2215848735925219
2022-08-28;VC;Saint Vincent and the Grenadines;8;9422;0;115;1.220547654425812
2022-09-04;VC;Saint Vincent and the Grenadines;8;9430;0;115;1.2195121951219512
2022-09-11;VC;Saint Vincent and the Grenadines;16;9446;1;116;1.2280330298539064
2022-09-18;VC;Saint Vincent and the Grenadines;0;9446;0;116;1.2280330298539064
2022-09-25;VC;Saint Vincent and the Grenadines;2;9448;0;116;1.2277730736663843
2022-10-02;VC;Saint Vincent and the Grenadines;0;9448;0;116;1.2277730736663843
2022-10-09;VC;Saint Vincent and the Grenadines;0;9448;0;116;1.2277730736663843
2022-10-16;VC;Saint Vincent and the Grenadines;2;9450;0;116;1.2275132275132277
2022-10-23;VC;Saint Vincent and the Grenadines;2;9452;0;116;1.2272534913245874
2022-10-30;VC;Saint Vincent and the Grenadines;5;9457;0;116;1.2266046314899015
2022-11-06;VC;Saint Vincent and the Grenadines;2;9459;0;116;1.2263452796278675
2022-11-13;VC;Saint Vincent and the Grenadines;3;9462;0;116;1.2259564574085817
2022-11-20;VC;Saint Vincent and the Grenadines;0;9462;0;116;1.2259564574085817
2022-11-27;VC;Saint Vincent and the Grenadines;6;9468;0;116;1.22517955217575
2022-12-04;VC;Saint Vincent and the Grenadines;6;9474;0;116;1.224403630990078
2022-12-11;VC;Saint Vincent and the Grenadines;8;9482;0;116;1.223370596920481
2022-12-18;VC;Saint Vincent and the Grenadines;18;9500;0;116;1.2210526315789474
2022-12-25;VC;Saint Vincent and the Grenadines;21;9521;2;118;1.2393656128557924
2023-01-01;VC;Saint Vincent and the Grenadines;17;9538;1;119;1.2476410148878172
2023-01-08;VC;Saint Vincent and the Grenadines;0;9538;0;119;1.2476410148878172
2023-01-15;VC;Saint Vincent and the Grenadines;25;9563;2;121;1.2652933179964445
2023-01-22;VC;Saint Vincent and the Grenadines;14;9577;2;123;1.2843270335178032
2023-01-29;VC;Saint Vincent and the Grenadines;4;9581;0;123;1.283790836029642
2023-02-05;VC;Saint Vincent and the Grenadines;4;9585;0;123;1.2832550860719876
2023-02-12;VC;Saint Vincent and the Grenadines;2;9587;0;123;1.2829873787420465
2023-02-19;VC;Saint Vincent and the Grenadines;2;9589;0;123;1.2827197830847845
2023-02-26;VC;Saint Vincent and the Grenadines;0;9589;0;123;1.2827197830847845
2023-03-05;VC;Saint Vincent and the Grenadines;1;9590;1;124;1.2930135557872786
2023-03-12;VC;Saint Vincent and the Grenadines;3;9593;0;124;1.2926091942041071
2023-03-19;VC;Saint Vincent and the Grenadines;2;9595;0;124;1.2923397602918187
2023-03-26;VC;Saint Vincent and the Grenadines;1;9596;0;124;1.2922050854522718
2023-04-02;VC;Saint Vincent and the Grenadines;5;9601;0;124;1.291532132069576
2023-04-09;VC;Saint Vincent and the Grenadines;0;9601;0;124;1.291532132069576
2023-04-16;VC;Saint Vincent and the Grenadines;1;9602;0;124;1.2913976254946886
2023-04-23;VC;Saint Vincent and the Grenadines;9;9611;0;124;1.2901883258765998
2023-04-30;VC;Saint Vincent and the Grenadines;0;9611;0;124;1.2901883258765998
2023-05-07;VC;Saint Vincent and the Grenadines;8;9619;0;124;1.2891152926499636
2023-05-14;VC;Saint Vincent and the Grenadines;12;9631;0;124;1.2875090852455613
2023-05-21;VC;Saint Vincent and the Grenadines;0;9631;0;124;1.2875090852455613
2023-05-28;VC;Saint Vincent and the Grenadines;2;9633;0;124;1.2872417730717325
2023-06-04;VC;Saint Vincent and the Grenadines;1;9634;0;124;1.2871081586049409
2023-06-11;VC;Saint Vincent and the Grenadines;2;9636;0;124;1.2868410128684102
2023-06-18;VC;Saint Vincent and the Grenadines;1;9637;0;124;1.286707481581405
2023-06-25;VC;Saint Vincent and the Grenadines;1;9638;0;124;1.286573978003735
2023-07-02;VC;Saint Vincent and the Grenadines;2;9640;0;124;1.2863070539419086
2023-07-09;VC;Saint Vincent and the Grenadines;6;9646;0;124;1.2855069458843045
2023-07-16;VC;Saint Vincent and the Grenadines;4;9650;0;124;1.2849740932642488
2023-07-23;VC;Saint Vincent and the Grenadines;4;9654;0;124;1.2844416822042677
2023-07-30;VC;Saint Vincent and the Grenadines;2;9656;0;124;1.284175642087821
2023-08-06;VC;Saint Vincent and the Grenadines;5;9661;0;124;1.2835110237035505
2023-08-13;VC;Saint Vincent and the Grenadines;2;9663;0;124;1.2832453689330436
2023-08-20;VC;Saint Vincent and the Grenadines;6;9669;0;124;1.28244906401903
2023-08-27;VC;Saint Vincent and the Grenadines;1;9670;0;124;1.2823164426059979
2023-09-03;VC;Saint Vincent and the Grenadines;1;9671;0;124;1.2821838486195842
2023-09-10;VC;Saint Vincent and the Grenadines;2;9673;0;124;1.2819187428925876
2023-09-17;VC;Saint Vincent and the Grenadines;0;9673;0;124;1.2819187428925876
2023-09-24;VC;Saint Vincent and the Grenadines;1;9674;0;124;1.281786231135001
2023-10-01;VC;Saint Vincent and the Grenadines;0;9674;0;124;1.281786231135001
2023-10-08;VC;Saint Vincent and the Grenadines;0;9674;0;124;1.281786231135001
2023-10-15;VC;Saint Vincent and the Grenadines;0;9674;0;124;1.281786231135001
2023-10-22;VC;Saint Vincent and the Grenadines;0;9674;0;124;1.281786231135001
2023-10-29;VC;Saint Vincent and the Grenadines;0;9674;0;124;1.281786231135001
2023-11-05;VC;Saint Vincent and the Grenadines;0;9674;0;124;1.281786231135001
2023-11-12;VC;Saint Vincent and the Grenadines;0;9674;0;124;1.281786231135001
2023-11-19;VC;Saint Vincent and the Grenadines;0;9674;0;124;1.281786231135001
2023-11-26;VC;Saint Vincent and the Grenadines;0;9674;0;124;1.281786231135001
2023-12-03;VC;Saint Vincent and the Grenadines;0;9674;0;124;1.281786231135001
2023-12-10;VC;Saint Vincent and the Grenadines;0;9674;0;124;1.281786231135001
2023-12-17;VC;Saint Vincent and the Grenadines;0;9674;0;124;1.281786231135001
2023-12-24;VC;Saint Vincent and the Grenadines;0;9674;0;124;1.281786231135001
2023-12-31;VC;Saint Vincent and the Grenadines;0;9674;0;124;1.281786231135001
2024-01-07;VC;Saint Vincent and the Grenadines;0;9674;0;124;1.281786231135001
2024-01-14;VC;Saint Vincent and the Grenadines;0;9674;0;124;1.281786231135001
2024-01-21;VC;Saint Vincent and the Grenadines;0;9674;0;124;1.281786231135001
2020-01-05;WS;Samoa;0;0;0;0;0.0
2020-01-12;WS;Samoa;0;0;0;0;0.0
2020-01-19;WS;Samoa;0;0;0;0;0.0
2020-01-26;WS;Samoa;0;0;0;0;0.0
2020-02-02;WS;Samoa;0;0;0;0;0.0
2020-02-09;WS;Samoa;0;0;0;0;0.0
2020-02-16;WS;Samoa;0;0;0;0;0.0
2020-02-23;WS;Samoa;0;0;0;0;0.0
2020-03-01;WS;Samoa;0;0;0;0;0.0
2020-03-08;WS;Samoa;0;0;0;0;0.0
2020-03-15;WS;Samoa;0;0;0;0;0.0
2020-03-22;WS;Samoa;0;0;0;0;0.0
2020-03-29;WS;Samoa;0;0;0;0;0.0
2020-04-05;WS;Samoa;0;0;0;0;0.0
2020-04-12;WS;Samoa;0;0;0;0;0.0
2020-04-19;WS;Samoa;0;0;0;0;0.0
2020-04-26;WS;Samoa;0;0;0;0;0.0
2020-05-03;WS;Samoa;0;0;0;0;0.0
2020-05-10;WS;Samoa;0;0;0;0;0.0
2020-05-17;WS;Samoa;0;0;0;0;0.0
2020-05-24;WS;Samoa;0;0;0;0;0.0
2020-05-31;WS;Samoa;0;0;0;0;0.0
2020-06-07;WS;Samoa;0;0;0;0;0.0
2020-06-14;WS;Samoa;0;0;0;0;0.0
2020-06-21;WS;Samoa;0;0;0;0;0.0
2020-06-28;WS;Samoa;0;0;0;0;0.0
2020-07-05;WS;Samoa;0;0;0;0;0.0
2020-07-12;WS;Samoa;0;0;0;0;0.0
2020-07-19;WS;Samoa;0;0;0;0;0.0
2020-07-26;WS;Samoa;0;0;0;0;0.0
2020-08-02;WS;Samoa;0;0;0;0;0.0
2020-08-09;WS;Samoa;0;0;0;0;0.0
2020-08-16;WS;Samoa;0;0;0;0;0.0
2020-08-23;WS;Samoa;0;0;0;0;0.0
2020-08-30;WS;Samoa;0;0;0;0;0.0
2020-09-06;WS;Samoa;0;0;0;0;0.0
2020-09-13;WS;Samoa;0;0;0;0;0.0
2020-09-20;WS;Samoa;0;0;0;0;0.0
2020-09-27;WS;Samoa;0;0;0;0;0.0
2020-10-04;WS;Samoa;0;0;0;0;0.0
2020-10-11;WS;Samoa;0;0;0;0;0.0
2020-10-18;WS;Samoa;0;0;0;0;0.0
2020-10-25;WS;Samoa;0;0;0;0;0.0
2020-11-01;WS;Samoa;0;0;0;0;0.0
2020-11-08;WS;Samoa;0;0;0;0;0.0
2020-11-15;WS;Samoa;0;0;0;0;0.0
2020-11-22;WS;Samoa;0;0;0;0;0.0
2020-11-29;WS;Samoa;0;0;0;0;0.0
2020-12-06;WS;Samoa;1;1;0;0;0.0
2020-12-13;WS;Samoa;0;1;0;0;0.0
2020-12-20;WS;Samoa;0;1;0;0;0.0
2020-12-27;WS;Samoa;0;1;0;0;0.0
2021-01-03;WS;Samoa;0;1;0;0;0.0
2021-01-10;WS;Samoa;0;1;0;0;0.0
2021-01-17;WS;Samoa;0;1;0;0;0.0
2021-01-24;WS;Samoa;0;1;0;0;0.0
2021-01-31;WS;Samoa;0;1;0;0;0.0
2021-02-07;WS;Samoa;0;1;0;0;0.0
2021-02-14;WS;Samoa;0;1;0;0;0.0
2021-02-21;WS;Samoa;0;1;0;0;0.0
2021-02-28;WS;Samoa;0;1;0;0;0.0
2021-03-07;WS;Samoa;0;1;0;0;0.0
2021-03-14;WS;Samoa;0;1;0;0;0.0
2021-03-21;WS;Samoa;0;1;0;0;0.0
2021-03-28;WS;Samoa;0;1;0;0;0.0
2021-04-04;WS;Samoa;0;1;0;0;0.0
2021-04-11;WS;Samoa;0;1;0;0;0.0
2021-04-18;WS;Samoa;0;1;0;0;0.0
2021-04-25;WS;Samoa;0;1;0;0;0.0
2021-05-02;WS;Samoa;0;1;0;0;0.0
2021-05-09;WS;Samoa;0;1;0;0;0.0
2021-05-16;WS;Samoa;0;1;0;0;0.0
2021-05-23;WS;Samoa;0;1;0;0;0.0
2021-05-30;WS;Samoa;0;1;0;0;0.0
2021-06-06;WS;Samoa;0;1;0;0;0.0
2021-06-13;WS;Samoa;0;1;0;0;0.0
2021-06-20;WS;Samoa;0;1;0;0;0.0
2021-06-27;WS;Samoa;0;1;0;0;0.0
2021-07-04;WS;Samoa;0;1;0;0;0.0
2021-07-11;WS;Samoa;0;1;0;0;0.0
2021-07-18;WS;Samoa;0;1;0;0;0.0
2021-07-25;WS;Samoa;0;1;0;0;0.0
2021-08-01;WS;Samoa;0;1;0;0;0.0
2021-08-08;WS;Samoa;0;1;0;0;0.0
2021-08-15;WS;Samoa;0;1;0;0;0.0
2021-08-22;WS;Samoa;0;1;0;0;0.0
2021-08-29;WS;Samoa;0;1;0;0;0.0
2021-09-05;WS;Samoa;0;1;0;0;0.0
2021-09-12;WS;Samoa;0;1;0;0;0.0
2021-09-19;WS;Samoa;0;1;0;0;0.0
2021-09-26;WS;Samoa;0;1;0;0;0.0
2021-10-03;WS;Samoa;0;1;0;0;0.0
2021-10-10;WS;Samoa;0;1;0;0;0.0
2021-10-17;WS;Samoa;0;1;0;0;0.0
2021-10-24;WS;Samoa;0;1;0;0;0.0
2021-10-31;WS;Samoa;0;1;0;0;0.0
2021-11-07;WS;Samoa;0;1;0;0;0.0
2021-11-14;WS;Samoa;0;1;0;0;0.0
2021-11-21;WS;Samoa;0;1;0;0;0.0
2021-11-28;WS;Samoa;0;1;0;0;0.0
2021-12-05;WS;Samoa;0;1;0;0;0.0
2021-12-12;WS;Samoa;0;1;0;0;0.0
2021-12-19;WS;Samoa;1;2;0;0;0.0
2021-12-26;WS;Samoa;0;2;0;0;0.0
2022-01-02;WS;Samoa;0;2;0;0;0.0
2022-01-09;WS;Samoa;0;2;0;0;0.0
2022-01-16;WS;Samoa;0;2;0;0;0.0
2022-01-23;WS;Samoa;15;17;0;0;0.0
2022-01-30;WS;Samoa;15;32;0;0;0.0
2022-02-06;WS;Samoa;1;33;0;0;0.0
2022-02-13;WS;Samoa;0;33;0;0;0.0
2022-02-20;WS;Samoa;0;33;0;0;0.0
2022-02-27;WS;Samoa;0;33;0;0;0.0
2022-03-06;WS;Samoa;0;33;0;0;0.0
2022-03-13;WS;Samoa;15;48;0;0;0.0
2022-03-20;WS;Samoa;181;229;0;0;0.0
2022-03-27;WS;Samoa;1058;1287;0;0;0.0
2022-04-03;WS;Samoa;1500;2787;2;2;0.07176175098672408
2022-04-10;WS;Samoa;1166;3953;5;7;0.17708069820389577
2022-04-17;WS;Samoa;427;4380;2;9;0.2054794520547945
2022-04-24;WS;Samoa;3092;7472;4;13;0.17398286937901497
2022-05-01;WS;Samoa;2408;9880;6;19;0.19230769230769232
2022-05-08;WS;Samoa;1067;10947;1;20;0.18269845619804514
2022-05-15;WS;Samoa;1012;11959;4;24;0.2006856760598712
2022-05-22;WS;Samoa;711;12670;1;25;0.1973164956590371
2022-05-29;WS;Samoa;998;13668;0;25;0.1829089844893181
2022-06-05;WS;Samoa;544;14212;2;27;0.18998029833943147
2022-06-12;WS;Samoa;498;14710;1;28;0.1903467029231815
2022-06-19;WS;Samoa;350;15060;0;28;0.18592297476759628
2022-06-26;WS;Samoa;71;15131;1;29;0.1916595069724407
2022-07-03;WS;Samoa;121;15252;0;29;0.19013899816417518
2022-07-10;WS;Samoa;88;15340;0;29;0.18904823989569752
2022-07-17;WS;Samoa;131;15471;0;29;0.18744748238640035
2022-07-24;WS;Samoa;135;15606;0;29;0.18582596437267718
2022-07-31;WS;Samoa;87;15693;0;29;0.18479576881412094
2022-08-07;WS;Samoa;0;15693;0;29;0.18479576881412094
2022-08-14;WS;Samoa;0;15693;0;29;0.18479576881412094
2022-08-21;WS;Samoa;298;15991;0;29;0.18135201050590957
2022-08-28;WS;Samoa;64;16055;0;29;0.1806290875116786
2022-09-04;WS;Samoa;122;16177;0;29;0.17926686035729741
2022-09-11;WS;Samoa;36;16213;0;29;0.1788688089804478
2022-09-18;WS;Samoa;9;16222;0;29;0.17876957218592038
2022-09-25;WS;Samoa;0;16222;0;29;0.17876957218592038
2022-10-02;WS;Samoa;8;16230;0;29;0.1786814540973506
2022-10-09;WS;Samoa;0;16230;0;29;0.1786814540973506
2022-10-16;WS;Samoa;0;16230;0;29;0.1786814540973506
2022-10-23;WS;Samoa;4;16234;0;29;0.17863742762104226
2022-10-30;WS;Samoa;0;16234;0;29;0.17863742762104226
2022-11-06;WS;Samoa;3;16237;0;29;0.17860442199913776
2022-11-13;WS;Samoa;0;16237;0;29;0.17860442199913776
2022-11-20;WS;Samoa;15;16252;0;29;0.17843957666748708
2022-11-27;WS;Samoa;3;16255;0;29;0.17840664410950477
2022-12-04;WS;Samoa;3;16258;0;29;0.1783737237052528
2022-12-11;WS;Samoa;5;16263;0;29;0.17831888335485457
2022-12-18;WS;Samoa;7;16270;0;29;0.17824216349108787
2022-12-25;WS;Samoa;0;16270;0;29;0.17824216349108787
2023-01-01;WS;Samoa;9;16279;0;29;0.17814362061551692
2023-01-08;WS;Samoa;0;16279;0;29;0.17814362061551692
2023-01-15;WS;Samoa;17;16296;0;29;0.17795778105056456
2023-01-22;WS;Samoa;14;16310;0;29;0.17780502759043532
2023-01-29;WS;Samoa;83;16393;0;29;0.17690477642896357
2023-02-05;WS;Samoa;4;16397;0;29;0.17686162102823688
2023-02-12;WS;Samoa;5;16402;0;29;0.17680770637727106
2023-02-19;WS;Samoa;13;16415;0;29;0.1766676819981724
2023-02-26;WS;Samoa;3;16418;0;29;0.17663540017054452
2023-03-05;WS;Samoa;9;16427;0;29;0.17653862543373713
2023-03-12;WS;Samoa;0;16427;2;31;0.18871370304985696
2023-03-19;WS;Samoa;246;16673;0;31;0.18592934684819767
2023-03-26;WS;Samoa;2;16675;0;31;0.18590704647676162
2023-04-02;WS;Samoa;0;16675;0;31;0.18590704647676162
2023-04-09;WS;Samoa;62;16737;0;31;0.18521837844297065
2023-04-16;WS;Samoa;0;16737;0;31;0.18521837844297065
2023-04-23;WS;Samoa;0;16737;0;31;0.18521837844297065
2023-04-30;WS;Samoa;20;16757;0;31;0.18499731455511131
2023-05-07;WS;Samoa;6;16763;0;31;0.18493109825210283
2023-05-14;WS;Samoa;0;16763;0;31;0.18493109825210283
2023-05-21;WS;Samoa;0;16763;0;31;0.18493109825210283
2023-05-28;WS;Samoa;0;16763;0;31;0.18493109825210283
2023-06-04;WS;Samoa;-20;16743;0;31;0.185152003822493
2023-06-11;WS;Samoa;0;16743;0;31;0.185152003822493
2023-06-18;WS;Samoa;21;16764;0;31;0.18492006680983059
2023-06-25;WS;Samoa;7;16771;0;31;0.18484288354898337
2023-07-02;WS;Samoa;0;16771;0;31;0.18484288354898337
2023-07-09;WS;Samoa;4;16775;0;31;0.18479880774962743
2023-07-16;WS;Samoa;0;16775;0;31;0.18479880774962743
2023-07-23;WS;Samoa;0;16775;0;31;0.18479880774962743
2023-07-30;WS;Samoa;0;16775;0;31;0.18479880774962743
2023-08-06;WS;Samoa;0;16775;0;31;0.18479880774962743
2023-08-13;WS;Samoa;3;16778;0;31;0.18476576469185838
2023-08-20;WS;Samoa;0;16778;0;31;0.18476576469185838
2023-08-27;WS;Samoa;0;16778;0;31;0.18476576469185838
2023-09-03;WS;Samoa;0;16778;0;31;0.18476576469185838
2023-09-10;WS;Samoa;0;16778;0;31;0.18476576469185838
2023-09-17;WS;Samoa;0;16778;0;31;0.18476576469185838
2023-09-24;WS;Samoa;0;16778;0;31;0.18476576469185838
2023-10-01;WS;Samoa;0;16778;0;31;0.18476576469185838
2023-10-08;WS;Samoa;0;16778;0;31;0.18476576469185838
2023-10-15;WS;Samoa;0;16778;0;31;0.18476576469185838
2023-10-22;WS;Samoa;0;16778;0;31;0.18476576469185838
2023-10-29;WS;Samoa;0;16778;0;31;0.18476576469185838
2023-11-05;WS;Samoa;0;16778;0;31;0.18476576469185838
2023-11-12;WS;Samoa;0;16778;0;31;0.18476576469185838
2023-11-19;WS;Samoa;2;16780;0;31;0.18474374255065554
2023-11-26;WS;Samoa;182;16962;0;31;0.1827614668081594
2023-12-03;WS;Samoa;0;16962;0;31;0.1827614668081594
2023-12-10;WS;Samoa;0;16962;0;31;0.1827614668081594
2023-12-17;WS;Samoa;0;16962;0;31;0.1827614668081594
2023-12-24;WS;Samoa;0;16962;0;31;0.1827614668081594
2023-12-31;WS;Samoa;0;16962;0;31;0.1827614668081594
2024-01-07;WS;Samoa;0;16962;0;31;0.1827614668081594
2024-01-14;WS;Samoa;0;16962;0;31;0.1827614668081594
2024-01-21;WS;Samoa;0;16962;0;31;0.1827614668081594
2020-01-05;SM;San Marino;0;0;0;0;0.0
2020-01-12;SM;San Marino;0;0;0;0;0.0
2020-01-19;SM;San Marino;0;0;0;0;0.0
2020-01-26;SM;San Marino;0;0;0;0;0.0
2020-02-02;SM;San Marino;0;0;0;0;0.0
2020-02-09;SM;San Marino;0;0;0;0;0.0
2020-02-16;SM;San Marino;0;0;0;0;0.0
2020-02-23;SM;San Marino;0;0;0;0;0.0
2020-03-01;SM;San Marino;1;1;0;0;0.0
2020-03-08;SM;San Marino;27;28;1;1;3.571428571428571
2020-03-15;SM;San Marino;50;78;4;5;6.41025641025641
2020-03-22;SM;San Marino;98;176;15;20;11.363636363636363
2020-03-29;SM;San Marino;53;229;2;22;9.606986899563319
2020-04-05;SM;San Marino;32;261;10;32;12.260536398467432
2020-04-12;SM;San Marino;97;358;3;35;9.776536312849162
2020-04-19;SM;San Marino;99;457;4;39;8.533916849015318
2020-04-26;SM;San Marino;58;515;1;40;7.766990291262135
2020-05-03;SM;San Marino;67;582;1;41;7.0446735395189
2020-05-10;SM;San Marino;52;634;0;41;6.466876971608833
2020-05-17;SM;San Marino;20;654;0;41;6.269113149847094
2020-05-24;SM;San Marino;20;674;1;42;6.231454005934718
2020-05-31;SM;San Marino;15;689;0;42;6.095791001451379
2020-06-07;SM;San Marino;8;697;0;42;6.025824964131994
2020-06-14;SM;San Marino;0;697;0;42;6.025824964131994
2020-06-21;SM;San Marino;18;715;0;42;5.874125874125874
2020-06-28;SM;San Marino;0;715;0;42;5.874125874125874
2020-07-05;SM;San Marino;0;715;0;42;5.874125874125874
2020-07-12;SM;San Marino;3;718;0;42;5.8495821727019495
2020-07-19;SM;San Marino;0;718;0;42;5.8495821727019495
2020-07-26;SM;San Marino;0;718;0;42;5.8495821727019495
2020-08-02;SM;San Marino;0;718;0;42;5.8495821727019495
2020-08-09;SM;San Marino;1;719;0;42;5.84144645340751
2020-08-16;SM;San Marino;2;721;0;42;5.825242718446602
2020-08-23;SM;San Marino;7;728;0;42;5.769230769230769
2020-08-30;SM;San Marino;7;735;0;42;5.714285714285714
2020-09-06;SM;San Marino;2;737;0;42;5.698778833107191
2020-09-13;SM;San Marino;6;743;0;42;5.652759084791386
2020-09-20;SM;San Marino;1;744;0;42;5.64516129032258
2020-09-27;SM;San Marino;4;748;0;42;5.614973262032086
2020-10-04;SM;San Marino;4;752;0;42;5.585106382978723
2020-10-11;SM;San Marino;16;768;0;42;5.46875
2020-10-18;SM;San Marino;18;786;0;42;5.343511450381679
2020-10-25;SM;San Marino;60;846;0;42;4.964539007092199
2020-11-01;SM;San Marino;119;965;0;42;4.352331606217617
2020-11-08;SM;San Marino;148;1113;0;42;3.7735849056603774
2020-11-15;SM;San Marino;157;1270;0;42;3.3070866141732282
2020-11-22;SM;San Marino;174;1444;1;43;2.9778393351800556
2020-11-29;SM;San Marino;159;1603;2;45;2.8072364316905802
2020-12-06;SM;San Marino;203;1806;3;48;2.6578073089700998
2020-12-13;SM;San Marino;143;1949;3;51;2.616726526423807
2020-12-20;SM;San Marino;203;2152;4;55;2.5557620817843865
2020-12-27;SM;San Marino;141;2293;2;57;2.4858264282599216
2021-01-03;SM;San Marino;217;2510;5;62;2.4701195219123506
2021-01-10;SM;San Marino;213;2723;3;65;2.387073081160485
2021-01-17;SM;San Marino;81;2804;0;65;2.3181169757489304
2021-01-24;SM;San Marino;102;2906;0;65;2.236751548520303
2021-01-31;SM;San Marino;177;3083;2;67;2.173207914369121
2021-02-07;SM;San Marino;71;3154;2;69;2.187698161065314
2021-02-14;SM;San Marino;177;3331;3;72;2.161513059141399
2021-02-21;SM;San Marino;178;3509;0;72;2.0518666286691367
2021-02-28;SM;San Marino;254;3763;2;74;1.9665160775976613
2021-03-07;SM;San Marino;189;3952;2;76;1.9230769230769231
2021-03-14;SM;San Marino;216;4168;1;77;1.847408829174664
2021-03-21;SM;San Marino;237;4405;2;79;1.793416572077185
2021-03-28;SM;San Marino;243;4648;5;84;1.8072289156626504
2021-04-04;SM;San Marino;233;4881;1;85;1.7414464249129278
2021-04-11;SM;San Marino;123;5004;1;86;1.7186250999200638
2021-04-18;SM;San Marino;68;5072;2;88;1.7350157728706623
2021-04-25;SM;San Marino;25;5097;2;90;1.7657445556209534
2021-05-02;SM;San Marino;12;5109;0;90;1.7615971814445095
2021-05-09;SM;San Marino;16;5125;0;90;1.75609756097561
2021-05-16;SM;San Marino;6;5131;0;90;1.7540440459949327
2021-05-23;SM;San Marino;0;5131;0;90;1.7540440459949327
2021-05-30;SM;San Marino;1;5132;0;90;1.7537022603273575
2021-06-06;SM;San Marino;1;5133;0;90;1.7533606078316772
2021-06-13;SM;San Marino;0;5133;0;90;1.7533606078316772
2021-06-20;SM;San Marino;1;5134;0;90;1.753019088430074
2021-06-27;SM;San Marino;0;5134;0;90;1.753019088430074
2021-07-04;SM;San Marino;0;5134;0;90;1.753019088430074
2021-07-11;SM;San Marino;1;5135;0;90;1.7526777020447908
2021-07-18;SM;San Marino;7;5142;0;90;1.7502917152858808
2021-07-25;SM;San Marino;19;5161;0;90;1.7438480914551444
2021-08-01;SM;San Marino;32;5193;0;90;1.733102253032929
2021-08-08;SM;San Marino;43;5236;0;90;1.7188693659281895
2021-08-15;SM;San Marino;36;5272;0;90;1.707132018209408
2021-08-22;SM;San Marino;29;5301;0;90;1.697792869269949
2021-08-29;SM;San Marino;61;5362;0;90;1.6784781797836628
2021-09-05;SM;San Marino;28;5390;0;90;1.6697588126159555
2021-09-12;SM;San Marino;37;5427;0;90;1.658374792703151
2021-09-19;SM;San Marino;33;5460;0;90;1.6483516483516485
2021-09-26;SM;San Marino;7;5467;1;91;1.6645326504481435
2021-10-03;SM;San Marino;13;5480;0;91;1.6605839416058394
2021-10-10;SM;San Marino;26;5506;0;91;1.6527424627678897
2021-10-17;SM;San Marino;5;5511;0;91;1.651242968608238
2021-10-24;SM;San Marino;25;5536;1;92;1.6618497109826589
2021-10-31;SM;San Marino;61;5597;0;92;1.6437377166339109
2021-11-07;SM;San Marino;38;5635;0;92;1.6326530612244898
2021-11-14;SM;San Marino;57;5692;0;92;1.6163035839775124
2021-11-21;SM;San Marino;142;5834;1;93;1.5941035310250258
2021-11-28;SM;San Marino;182;6016;0;93;1.545877659574468
2021-12-05;SM;San Marino;244;6260;1;94;1.5015974440894568
2021-12-12;SM;San Marino;376;6636;0;94;1.4165159734779988
2021-12-19;SM;San Marino;559;7195;2;96;1.3342599027102153
2021-12-26;SM;San Marino;446;7641;2;98;1.2825546394450988
2022-01-02;SM;San Marino;782;8423;2;100;1.1872254541137364
2022-01-09;SM;San Marino;1189;9612;3;103;1.071577195172701
2022-01-16;SM;San Marino;1110;10722;0;103;0.9606416713299757
2022-01-23;SM;San Marino;1147;11869;4;107;0.9015081304237931
2022-01-30;SM;San Marino;1112;12981;2;109;0.8396887759032433
2022-02-06;SM;San Marino;647;13628;0;109;0.7998238919870855
2022-02-13;SM;San Marino;404;14032;1;110;0.7839224629418473
2022-02-20;SM;San Marino;200;14232;2;112;0.7869589657110737
2022-02-27;SM;San Marino;165;14397;0;112;0.7779398485795652
2022-03-06;SM;San Marino;151;14548;0;112;0.769865273577124
2022-03-13;SM;San Marino;195;14743;0;112;0.7596825612154922
2022-03-20;SM;San Marino;250;14993;0;112;0.7470152737944374
2022-03-27;SM;San Marino;215;15208;1;113;0.7430299842188323
2022-04-03;SM;San Marino;224;15432;0;113;0.7322446863659927
2022-04-10;SM;San Marino;268;15700;1;114;0.7261146496815286
2022-04-17;SM;San Marino;303;16003;0;114;0.7123664312941324
2022-04-24;SM;San Marino;273;16276;0;114;0.7004177930695503
2022-05-01;SM;San Marino;229;16505;1;115;0.6967585580127235
2022-05-08;SM;San Marino;176;16681;0;115;0.6894071098854985
2022-05-15;SM;San Marino;224;16905;0;115;0.6802721088435374
2022-05-22;SM;San Marino;129;17034;0;115;0.6751203475402137
2022-05-29;SM;San Marino;86;17120;0;115;0.6717289719626168
2022-06-05;SM;San Marino;89;17209;0;115;0.6682549828578069
2022-06-12;SM;San Marino;90;17299;0;115;0.6647783108850223
2022-06-19;SM;San Marino;210;17509;0;115;0.656805071677423
2022-06-26;SM;San Marino;269;17778;0;115;0.646866914163573
2022-07-03;SM;San Marino;461;18239;0;115;0.6305170239596469
2022-07-10;SM;San Marino;492;18731;1;116;0.6192942181410496
2022-07-17;SM;San Marino;522;19253;1;117;0.6076975016880486
2022-07-24;SM;San Marino;368;19621;1;118;0.6013964629733448
2022-07-31;SM;San Marino;280;19901;0;118;0.5929350283905331
2022-08-07;SM;San Marino;145;20046;0;118;0.5886461139379427
2022-08-14;SM;San Marino;115;20161;0;118;0.5852884281533655
2022-08-21;SM;San Marino;86;20247;0;118;0.5828023904776016
2022-08-28;SM;San Marino;95;20342;0;118;0.5800806213744961
2022-09-04;SM;San Marino;74;20416;0;118;0.5779780564263323
2022-09-11;SM;San Marino;85;20501;0;118;0.5755816789424906
2022-09-18;SM;San Marino;66;20567;0;118;0.5737346234258764
2022-09-25;SM;San Marino;104;20671;0;118;0.5708480479899376
2022-10-02;SM;San Marino;157;20828;0;118;0.5665450355290954
2022-10-09;SM;San Marino;226;21054;0;118;0.5604635698679585
2022-10-16;SM;San Marino;241;21295;0;118;0.55412068560695
2022-10-23;SM;San Marino;175;21470;1;119;0.5542617605961807
2022-10-30;SM;San Marino;135;21605;0;119;0.5507984262902106
2022-11-06;SM;San Marino;79;21684;0;119;0.5487917358420955
2022-11-13;SM;San Marino;111;21795;0;119;0.5459967882541867
2022-11-20;SM;San Marino;152;21947;0;119;0.5422153369481022
2022-11-27;SM;San Marino;221;22168;0;119;0.5368098159509203
2022-12-04;SM;San Marino;239;22407;0;119;0.5310840362386754
2022-12-11;SM;San Marino;211;22618;1;120;0.5305508886727386
2022-12-18;SM;San Marino;199;22817;0;120;0.5259236534163124
2022-12-25;SM;San Marino;190;23007;1;121;0.5259268918155344
2023-01-01;SM;San Marino;170;23177;0;121;0.5220692928334125
2023-01-08;SM;San Marino;114;23291;0;121;0.5195139753552874
2023-01-15;SM;San Marino;81;23372;1;122;0.5219921273318501
2023-01-22;SM;San Marino;33;23405;0;122;0.521256141850032
2023-01-29;SM;San Marino;22;23427;0;122;0.5207666367866137
2023-02-05;SM;San Marino;41;23468;0;122;0.5198568263166866
2023-02-12;SM;San Marino;26;23494;0;122;0.5192815186856219
2023-02-19;SM;San Marino;43;23537;0;122;0.5183328376598547
2023-02-26;SM;San Marino;46;23583;0;122;0.5173217996014078
2023-03-05;SM;San Marino;33;23616;0;122;0.51659891598916
2023-03-12;SM;San Marino;48;23664;0;122;0.5155510480054091
2023-03-19;SM;San Marino;83;23747;1;123;0.5179601633890597
2023-03-26;SM;San Marino;52;23799;0;123;0.5168284381696711
2023-04-02;SM;San Marino;47;23846;0;123;0.5158097794179317
2023-04-09;SM;San Marino;37;23883;0;123;0.5150106770506218
2023-04-16;SM;San Marino;77;23960;0;123;0.513355592654424
2023-04-23;SM;San Marino;73;24033;1;124;0.5159572254816294
2023-04-30;SM;San Marino;100;24133;1;125;0.5179629552894377
2023-05-07;SM;San Marino;75;24208;0;125;0.5163582286847324
2023-05-14;SM;San Marino;37;24245;0;125;0.5155702206640544
2023-05-21;SM;San Marino;23;24268;0;125;0.5150815889236855
2023-05-28;SM;San Marino;17;24285;0;125;0.5147210212065061
2023-06-04;SM;San Marino;14;24299;0;125;0.5144244619120129
2023-06-11;SM;San Marino;12;24311;0;125;0.5141705400847354
2023-06-18;SM;San Marino;8;24319;0;125;0.5140013980838027
2023-06-25;SM;San Marino;7;24326;0;125;0.5138534900929047
2023-07-02;SM;San Marino;0;24326;0;125;0.5138534900929047
2023-07-09;SM;San Marino;0;24326;0;125;0.5138534900929047
2023-07-16;SM;San Marino;13;24339;0;125;0.5135790295410658
2023-07-23;SM;San Marino;10;24349;0;125;0.5133681054663436
2023-07-30;SM;San Marino;9;24358;0;125;0.513178421873717
2023-08-06;SM;San Marino;9;24367;0;125;0.5129888784011163
2023-08-13;SM;San Marino;15;24382;0;125;0.5126732835698466
2023-08-20;SM;San Marino;0;24382;0;125;0.5126732835698466
2023-08-27;SM;San Marino;34;24416;1;126;0.5160550458715597
2023-09-03;SM;San Marino;31;24447;0;126;0.5154006626579949
2023-09-10;SM;San Marino;57;24504;0;126;0.514201762977473
2023-09-17;SM;San Marino;36;24540;0;126;0.5134474327628362
2023-09-24;SM;San Marino;55;24595;0;126;0.5122992478145965
2023-10-01;SM;San Marino;49;24644;0;126;0.5112806362603474
2023-10-08;SM;San Marino;53;24697;0;126;0.5101834230878244
2023-10-15;SM;San Marino;0;24697;0;126;0.5101834230878244
2023-10-22;SM;San Marino;0;24697;0;126;0.5101834230878244
2023-10-29;SM;San Marino;63;24760;0;126;0.5088852988691438
2023-11-05;SM;San Marino;44;24804;0;126;0.5079825834542816
2023-11-12;SM;San Marino;66;24870;0;126;0.5066344993968637
2023-11-19;SM;San Marino;263;25133;0;126;0.5013329089245215
2023-11-26;SM;San Marino;159;25292;0;126;0.498181243080816
2023-12-03;SM;San Marino;0;25292;0;126;0.498181243080816
2023-12-10;SM;San Marino;0;25292;0;126;0.498181243080816
2023-12-17;SM;San Marino;0;25292;0;126;0.498181243080816
2023-12-24;SM;San Marino;0;25292;0;126;0.498181243080816
2023-12-31;SM;San Marino;0;25292;0;126;0.498181243080816
2024-01-07;SM;San Marino;0;25292;0;126;0.498181243080816
2024-01-14;SM;San Marino;0;25292;0;126;0.498181243080816
2024-01-21;SM;San Marino;0;25292;0;126;0.498181243080816
2020-01-05;ST;Sao Tome and Principe;0;0;0;0;0.0
2020-01-12;ST;Sao Tome and Principe;0;0;0;0;0.0
2020-01-19;ST;Sao Tome and Principe;0;0;0;0;0.0
2020-01-26;ST;Sao Tome and Principe;0;0;0;0;0.0
2020-02-02;ST;Sao Tome and Principe;0;0;0;0;0.0
2020-02-09;ST;Sao Tome and Principe;0;0;0;0;0.0
2020-02-16;ST;Sao Tome and Principe;0;0;0;0;0.0
2020-02-23;ST;Sao Tome and Principe;0;0;0;0;0.0
2020-03-01;ST;Sao Tome and Principe;0;0;0;0;0.0
2020-03-08;ST;Sao Tome and Principe;0;0;0;0;0.0
2020-03-15;ST;Sao Tome and Principe;0;0;0;0;0.0
2020-03-22;ST;Sao Tome and Principe;0;0;0;0;0.0
2020-03-29;ST;Sao Tome and Principe;0;0;0;0;0.0
2020-04-05;ST;Sao Tome and Principe;0;0;0;0;0.0
2020-04-12;ST;Sao Tome and Principe;4;4;0;0;0.0
2020-04-19;ST;Sao Tome and Principe;0;4;0;0;0.0
2020-04-26;ST;Sao Tome and Principe;4;8;0;0;0.0
2020-05-10;ST;Sao Tome and Principe;189;212;1;5;2.358490566037736
2020-05-17;ST;Sao Tome and Principe;28;240;5;10;4.166666666666666
2020-05-24;ST;Sao Tome and Principe;51;291;2;12;4.123711340206185
2020-05-31;ST;Sao Tome and Principe;188;479;1;13;2.7139874739039667
2020-06-07;ST;Sao Tome and Principe;34;513;0;13;2.53411306042885
2020-06-14;ST;Sao Tome and Principe;146;659;0;13;1.9726858877086493
2020-06-21;ST;Sao Tome and Principe;39;698;0;13;1.8624641833810889
2020-06-28;ST;Sao Tome and Principe;15;713;0;13;1.8232819074333801
2020-07-05;ST;Sao Tome and Principe;6;719;0;13;1.808066759388039
2020-07-12;ST;Sao Tome and Principe;8;727;1;14;1.925722145804677
2020-07-19;ST;Sao Tome and Principe;16;743;0;14;1.8842530282637955
2020-07-26;ST;Sao Tome and Principe;119;862;0;14;1.6241299303944314
2020-08-02;ST;Sao Tome and Principe;12;874;1;15;1.7162471395881007
2020-08-09;ST;Sao Tome and Principe;4;878;0;15;1.7084282460136675
2020-08-16;ST;Sao Tome and Principe;7;885;0;15;1.694915254237288
2020-08-23;ST;Sao Tome and Principe;7;892;0;15;1.6816143497757847
2020-08-30;ST;Sao Tome and Principe;3;895;0;15;1.675977653631285
2020-09-06;ST;Sao Tome and Principe;3;898;0;15;1.670378619153675
2020-09-13;ST;Sao Tome and Principe;8;906;0;15;1.6556291390728477
2020-09-20;ST;Sao Tome and Principe;2;908;0;15;1.6519823788546255
2020-09-27;ST;Sao Tome and Principe;3;911;0;15;1.646542261251372
2020-10-04;ST;Sao Tome and Principe;2;913;0;15;1.642935377875137
2020-10-11;ST;Sao Tome and Principe;9;922;0;15;1.6268980477223427
2020-10-18;ST;Sao Tome and Principe;10;932;0;15;1.6094420600858368
2020-10-25;ST;Sao Tome and Principe;8;940;0;15;1.5957446808510638
2020-11-01;ST;Sao Tome and Principe;5;945;1;16;1.6931216931216932
2020-11-08;ST;Sao Tome and Principe;17;962;0;16;1.6632016632016633
2020-11-15;ST;Sao Tome and Principe;2;964;0;16;1.6597510373443984
2020-11-22;ST;Sao Tome and Principe;15;979;1;17;1.7364657814096014
2020-11-29;ST;Sao Tome and Principe;6;985;0;17;1.7258883248730965
2020-12-06;ST;Sao Tome and Principe;14;999;0;17;1.7017017017017018
2020-12-13;ST;Sao Tome and Principe;10;1009;0;17;1.6848364717542121
2020-12-20;ST;Sao Tome and Principe;3;1012;0;17;1.6798418972332017
2020-12-27;ST;Sao Tome and Principe;2;1014;0;17;1.6765285996055226
2021-01-03;ST;Sao Tome and Principe;10;1024;0;17;1.66015625
2021-01-10;ST;Sao Tome and Principe;42;1066;0;17;1.594746716697936
2021-01-17;ST;Sao Tome and Principe;64;1130;0;17;1.5044247787610618
2021-01-24;ST;Sao Tome and Principe;52;1182;0;17;1.4382402707275803
2021-01-31;ST;Sao Tome and Principe;74;1256;0;17;1.3535031847133758
2021-02-07;ST;Sao Tome and Principe;83;1339;1;18;1.344286781179985
2021-02-14;ST;Sao Tome and Principe;143;1482;1;19;1.282051282051282
2021-02-21;ST;Sao Tome and Principe;96;1578;2;21;1.3307984790874523
2021-02-28;ST;Sao Tome and Principe;208;1786;7;28;1.5677491601343785
2021-03-07;ST;Sao Tome and Principe;152;1938;3;31;1.5995872033023735
2021-03-14;ST;Sao Tome and Principe;140;2078;1;32;1.539942252165544
2021-03-21;ST;Sao Tome and Principe;64;2142;2;34;1.5873015873015872
2021-03-28;ST;Sao Tome and Principe;68;2210;0;34;1.5384615384615385
2021-04-04;ST;Sao Tome and Principe;30;2240;1;35;1.5625
2021-04-11;ST;Sao Tome and Principe;23;2263;0;35;1.5466195315952276
2021-04-18;ST;Sao Tome and Principe;12;2275;0;35;1.5384615384615385
2021-04-25;ST;Sao Tome and Principe;22;2297;0;35;1.52372659991293
2021-05-02;ST;Sao Tome and Principe;13;2310;0;35;1.5151515151515151
2021-05-09;ST;Sao Tome and Principe;8;2318;0;35;1.5099223468507335
2021-05-16;ST;Sao Tome and Principe;9;2327;0;35;1.504082509669102
2021-05-23;ST;Sao Tome and Principe;9;2336;2;37;1.5839041095890412
2021-05-30;ST;Sao Tome and Principe;9;2345;0;37;1.5778251599147122
2021-06-06;ST;Sao Tome and Principe;8;2353;0;37;1.572460688482788
2021-06-13;ST;Sao Tome and Principe;4;2357;0;37;1.5697921086126432
2021-06-20;ST;Sao Tome and Principe;5;2362;0;37;1.5664690939881456
2021-06-27;ST;Sao Tome and Principe;3;2365;0;37;1.5644820295983086
2021-07-04;ST;Sao Tome and Principe;11;2376;0;37;1.5572390572390573
2021-07-11;ST;Sao Tome and Principe;16;2392;0;37;1.5468227424749164
2021-07-18;ST;Sao Tome and Principe;18;2410;0;37;1.5352697095435683
2021-07-25;ST;Sao Tome and Principe;14;2424;0;37;1.5264026402640265
2021-08-01;ST;Sao Tome and Principe;30;2454;0;37;1.5077424612876935
2021-08-08;ST;Sao Tome and Principe;16;2470;0;37;1.4979757085020242
2021-08-15;ST;Sao Tome and Principe;18;2488;0;37;1.487138263665595
2021-08-22;ST;Sao Tome and Principe;36;2524;0;37;1.4659270998415215
2021-08-29;ST;Sao Tome and Principe;66;2590;0;37;1.4285714285714286
2021-09-05;ST;Sao Tome and Principe;93;2683;0;37;1.3790532985464032
2021-09-12;ST;Sao Tome and Principe;131;2814;2;39;1.3859275053304905
2021-09-19;ST;Sao Tome and Principe;226;3040;4;43;1.4144736842105263
2021-09-26;ST;Sao Tome and Principe;298;3338;6;49;1.4679448771719592
2021-10-03;ST;Sao Tome and Principe;193;3531;3;52;1.4726706315491362
2021-10-10;ST;Sao Tome and Principe;95;3626;4;56;1.5444015444015444
2021-10-17;ST;Sao Tome and Principe;49;3675;0;56;1.5238095238095237
2021-10-24;ST;Sao Tome and Principe;22;3697;0;56;1.5147416824452258
2021-10-31;ST;Sao Tome and Principe;15;3712;0;56;1.5086206896551724
2021-11-07;ST;Sao Tome and Principe;9;3721;0;56;1.5049717817790917
2021-11-14;ST;Sao Tome and Principe;9;3730;0;56;1.5013404825737267
2021-11-21;ST;Sao Tome and Principe;1;3731;0;56;1.5009380863039399
2021-11-28;ST;Sao Tome and Principe;0;3731;0;56;1.5009380863039399
2021-12-05;ST;Sao Tome and Principe;1;3732;0;56;1.5005359056806002
2021-12-12;ST;Sao Tome and Principe;1;3733;1;57;1.5269220466113045
2021-12-19;ST;Sao Tome and Principe;2;3735;0;57;1.5261044176706828
2021-12-26;ST;Sao Tome and Principe;9;3744;0;57;1.5224358974358974
2022-01-02;ST;Sao Tome and Principe;159;3903;0;57;1.4604150653343582
2022-01-09;ST;Sao Tome and Principe;832;4735;6;63;1.33051742344245
2022-01-16;ST;Sao Tome and Principe;760;5495;2;65;1.1828935395814377
2022-01-23;ST;Sao Tome and Principe;321;5816;3;68;1.1691884456671253
2022-01-30;ST;Sao Tome and Principe;67;5883;1;69;1.1728709841917389
2022-02-06;ST;Sao Tome and Principe;28;5911;2;71;1.201150397563864
2022-02-13;ST;Sao Tome and Principe;9;5920;0;71;1.1993243243243243
2022-02-20;ST;Sao Tome and Principe;5;5925;0;71;1.1983122362869199
2022-02-27;ST;Sao Tome and Principe;8;5933;1;72;1.21355132310804
2022-03-06;ST;Sao Tome and Principe;1;5934;0;72;1.2133468149646107
2022-03-13;ST;Sao Tome and Principe;0;5934;0;72;1.2133468149646107
2022-03-20;ST;Sao Tome and Principe;6;5940;1;73;1.228956228956229
2022-03-27;ST;Sao Tome and Principe;5;5945;0;73;1.2279226240538268
2022-04-03;ST;Sao Tome and Principe;0;5945;0;73;1.2279226240538268
2022-04-10;ST;Sao Tome and Principe;3;5948;0;73;1.2273032952252858
2022-04-17;ST;Sao Tome and Principe;0;5948;0;73;1.2273032952252858
2022-04-24;ST;Sao Tome and Principe;5;5953;0;73;1.226272467663363
2022-05-01;ST;Sao Tome and Principe;4;5957;0;73;1.2254490515360081
2022-05-08;ST;Sao Tome and Principe;13;5970;0;73;1.222780569514238
2022-05-15;ST;Sao Tome and Principe;0;5970;0;73;1.222780569514238
2022-05-22;ST;Sao Tome and Principe;0;5970;0;73;1.222780569514238
2022-05-29;ST;Sao Tome and Principe;12;5982;0;73;1.220327649615513
2022-06-05;ST;Sao Tome and Principe;9;5991;0;73;1.2184944082790854
2022-06-12;ST;Sao Tome and Principe;12;6003;0;73;1.2160586373479927
2022-06-19;ST;Sao Tome and Principe;7;6010;0;73;1.2146422628951747
2022-06-26;ST;Sao Tome and Principe;13;6023;0;73;1.2120205877469699
2022-07-03;ST;Sao Tome and Principe;20;6043;0;73;1.208009266920404
2022-07-10;ST;Sao Tome and Principe;21;6064;1;74;1.220316622691293
2022-07-17;ST;Sao Tome and Principe;15;6079;0;74;1.2173054778746504
2022-07-24;ST;Sao Tome and Principe;8;6087;0;74;1.215705602102842
2022-07-31;ST;Sao Tome and Principe;13;6100;0;74;1.2131147540983607
2022-08-07;ST;Sao Tome and Principe;15;6115;1;75;1.2264922322158627
2022-08-14;ST;Sao Tome and Principe;5;6120;1;76;1.2418300653594772
2022-08-21;ST;Sao Tome and Principe;3;6123;0;76;1.2412216233872284
2022-08-28;ST;Sao Tome and Principe;13;6136;0;76;1.2385919165580181
2022-09-04;ST;Sao Tome and Principe;17;6153;0;76;1.2351698358524297
2022-09-11;ST;Sao Tome and Principe;24;6177;0;76;1.2303707301278939
2022-09-18;ST;Sao Tome and Principe;16;6193;0;76;1.2271919909575328
2022-09-25;ST;Sao Tome and Principe;16;6209;1;77;1.2401352874859075
2022-10-02;ST;Sao Tome and Principe;21;6230;0;77;1.2359550561797752
2022-10-09;ST;Sao Tome and Principe;6;6236;0;77;1.2347658755612572
2022-10-16;ST;Sao Tome and Principe;16;6252;0;77;1.2316058861164427
2022-10-23;ST;Sao Tome and Principe;11;6263;0;77;1.2294427590611527
2022-10-30;ST;Sao Tome and Principe;3;6266;0;77;1.2288541334184488
2022-11-06;ST;Sao Tome and Principe;4;6270;0;77;1.2280701754385965
2022-11-13;ST;Sao Tome and Principe;5;6275;0;77;1.2270916334661355
2022-11-20;ST;Sao Tome and Principe;0;6275;0;77;1.2270916334661355
2022-11-27;ST;Sao Tome and Principe;3;6278;0;77;1.226505256451099
2022-12-04;ST;Sao Tome and Principe;0;6278;0;77;1.226505256451099
2022-12-11;ST;Sao Tome and Principe;1;6279;0;77;1.2263099219620959
2022-12-18;ST;Sao Tome and Principe;0;6279;0;77;1.2263099219620959
2022-12-25;ST;Sao Tome and Principe;0;6279;0;77;1.2263099219620959
2023-01-01;ST;Sao Tome and Principe;0;6279;0;77;1.2263099219620959
2023-01-08;ST;Sao Tome and Principe;0;6279;0;77;1.2263099219620959
2023-01-15;ST;Sao Tome and Principe;0;6279;0;77;1.2263099219620959
2023-01-22;ST;Sao Tome and Principe;0;6279;0;77;1.2263099219620959
2023-01-29;ST;Sao Tome and Principe;0;6279;0;77;1.2263099219620959
2023-02-05;ST;Sao Tome and Principe;1;6280;0;77;1.2261146496815287
2023-02-12;ST;Sao Tome and Principe;0;6280;0;77;1.2261146496815287
2023-02-19;ST;Sao Tome and Principe;0;6280;0;77;1.2261146496815287
2023-02-26;ST;Sao Tome and Principe;1;6281;0;77;1.2259194395796849
2023-03-05;ST;Sao Tome and Principe;0;6281;0;77;1.2259194395796849
2023-03-12;ST;Sao Tome and Principe;0;6281;0;77;1.2259194395796849
2023-03-19;ST;Sao Tome and Principe;15;6296;0;77;1.2229987293519695
2023-03-26;ST;Sao Tome and Principe;53;6349;0;77;1.2127894156560088
2023-04-02;ST;Sao Tome and Principe;88;6437;1;78;1.2117446015224485
2023-04-09;ST;Sao Tome and Principe;63;6500;1;79;1.2153846153846155
2023-04-16;ST;Sao Tome and Principe;42;6542;1;80;1.2228676245796393
2023-04-23;ST;Sao Tome and Principe;20;6562;0;80;1.21914050594331
2023-04-30;ST;Sao Tome and Principe;6;6568;0;80;1.2180267965895248
2023-05-07;ST;Sao Tome and Principe;1;6569;0;80;1.217841376160755
2023-05-14;ST;Sao Tome and Principe;6;6575;0;80;1.2167300380228137
2023-05-21;ST;Sao Tome and Principe;2;6577;0;80;1.2163600425726016
2023-05-28;ST;Sao Tome and Principe;4;6581;0;80;1.215620726333384
2023-06-04;ST;Sao Tome and Principe;4;6585;0;80;1.2148823082763858
2023-06-11;ST;Sao Tome and Principe;2;6587;0;80;1.2145134355548808
2023-06-18;ST;Sao Tome and Principe;1;6588;0;80;1.214329083181542
2023-06-25;ST;Sao Tome and Principe;0;6588;0;80;1.214329083181542
2023-07-02;ST;Sao Tome and Principe;0;6588;0;80;1.214329083181542
2023-07-09;ST;Sao Tome and Principe;0;6588;0;80;1.214329083181542
2023-07-16;ST;Sao Tome and Principe;1;6589;0;80;1.2141447867658217
2023-07-23;ST;Sao Tome and Principe;0;6589;0;80;1.2141447867658217
2023-07-30;ST;Sao Tome and Principe;0;6589;0;80;1.2141447867658217
2023-08-06;ST;Sao Tome and Principe;0;6589;0;80;1.2141447867658217
2023-08-13;ST;Sao Tome and Principe;0;6589;0;80;1.2141447867658217
2023-08-20;ST;Sao Tome and Principe;0;6589;0;80;1.2141447867658217
2023-08-27;ST;Sao Tome and Principe;0;6589;0;80;1.2141447867658217
2023-09-03;ST;Sao Tome and Principe;7;6596;0;80;1.2128562765312312
2023-09-10;ST;Sao Tome and Principe;0;6596;0;80;1.2128562765312312
2023-09-17;ST;Sao Tome and Principe;1;6597;0;80;1.2126724268606943
2023-09-24;ST;Sao Tome and Principe;0;6597;0;80;1.2126724268606943
2023-10-01;ST;Sao Tome and Principe;0;6597;0;80;1.2126724268606943
2023-10-08;ST;Sao Tome and Principe;1;6598;0;80;1.2124886329190665
2023-10-15;ST;Sao Tome and Principe;1;6599;0;80;1.2123048946810122
2023-10-22;ST;Sao Tome and Principe;2;6601;0;80;1.2119375852143615
2023-10-29;ST;Sao Tome and Principe;0;6601;0;80;1.2119375852143615
2023-11-05;ST;Sao Tome and Principe;3;6604;0;80;1.2113870381586918
2023-11-12;ST;Sao Tome and Principe;3;6607;0;80;1.2108369910700771
2023-11-19;ST;Sao Tome and Principe;28;6635;0;80;1.2057272042200453
2023-11-26;ST;Sao Tome and Principe;51;6686;0;80;1.1965300628178284
2023-12-03;ST;Sao Tome and Principe;33;6719;0;80;1.1906533710373568
2023-12-10;ST;Sao Tome and Principe;10;6729;0;80;1.1888839352058256
2023-12-17;ST;Sao Tome and Principe;3;6732;0;80;1.1883541295306002
2023-12-24;ST;Sao Tome and Principe;2;6734;0;80;1.188001188001188
2023-12-31;ST;Sao Tome and Principe;2;6736;0;80;1.187648456057007
2024-01-07;ST;Sao Tome and Principe;0;6736;0;80;1.187648456057007
2024-01-14;ST;Sao Tome and Principe;0;6736;0;80;1.187648456057007
2024-01-21;ST;Sao Tome and Principe;0;6736;0;80;1.187648456057007
2020-01-05;SA;Saudi Arabia;0;0;0;0;0.0
2020-01-12;SA;Saudi Arabia;0;0;0;0;0.0
2020-01-19;SA;Saudi Arabia;0;0;0;0;0.0
2020-01-26;SA;Saudi Arabia;0;0;0;0;0.0
2020-02-02;SA;Saudi Arabia;0;0;0;0;0.0
2020-02-09;SA;Saudi Arabia;0;0;0;0;0.0
2020-02-16;SA;Saudi Arabia;0;0;0;0;0.0
2020-02-23;SA;Saudi Arabia;0;0;0;0;0.0
2020-03-01;SA;Saudi Arabia;0;0;0;0;0.0
2020-03-08;SA;Saudi Arabia;7;7;0;0;0.0
2020-03-15;SA;Saudi Arabia;96;103;0;0;0.0
2020-03-22;SA;Saudi Arabia;289;392;0;0;0.0
2020-03-29;SA;Saudi Arabia;811;1203;4;4;0.3325020781379884
2020-04-05;SA;Saudi Arabia;976;2179;25;29;1.3308857273978891
2020-04-12;SA;Saudi Arabia;1854;4033;23;52;1.2893627572526656
2020-04-19;SA;Saudi Arabia;4241;8274;40;92;1.111916847957457
2020-04-26;SA;Saudi Arabia;8025;16299;44;136;0.8344070188355113
2020-05-03;SA;Saudi Arabia;9160;25459;40;176;0.6913075925998664
2020-05-10;SA;Saudi Arabia;11677;37136;63;239;0.6435803532959931
2020-05-17;SA;Saudi Arabia;14880;52016;63;302;0.5805905875115349
2020-05-24;SA;Saudi Arabia;18145;70161;77;379;0.5401861432989837
2020-05-31;SA;Saudi Arabia;13223;83384;101;480;0.5756500047970834
2020-06-07;SA;Saudi Arabia;15485;98869;196;676;0.6837330204614187
2020-06-14;SA;Saudi Arabia;24439;123308;256;932;0.7558309274337431
2020-06-21;SA;Saudi Arabia;30925;154233;298;1230;0.7974946995779114
2020-06-28;SA;Saudi Arabia;24271;178504;281;1511;0.8464796307085555
2020-07-05;SA;Saudi Arabia;27425;205929;347;1858;0.9022527181698545
2020-07-12;SA;Saudi Arabia;23551;229480;323;2181;0.9504096217535297
2020-07-19;SA;Saudi Arabia;18936;248416;266;2447;0.9850412211773799
2020-07-26;SA;Saudi Arabia;16557;264973;256;2703;1.0201039351179175
2020-08-02;SA;Saudi Arabia;12505;277478;184;2887;1.040442845919316
2020-08-09;SA;Saudi Arabia;9784;287262;243;3130;1.0895976495324826
2020-08-16;SA;Saudi Arabia;10053;297315;239;3369;1.133141617476414
2020-08-23;SA;Saudi Arabia;9055;306370;250;3619;1.1812514280118809
2020-08-30;SA;Saudi Arabia;7541;313911;221;3840;1.2232766612192627
2020-09-06;SA;Saudi Arabia;6021;319932;209;4049;1.2655814360551618
2020-09-13;SA;Saudi Arabia;5118;325050;191;4240;1.3044147054299338
2020-09-20;SA;Saudi Arabia;4221;329271;218;4458;1.353899979044617
2020-09-27;SA;Saudi Arabia;3519;332790;197;4655;1.3987800114186124
2020-10-04;SA;Saudi Arabia;3207;335997;195;4850;1.4434652690351402
2020-10-11;SA;Saudi Arabia;2947;338944;168;5018;1.4804805513595165
2020-10-18;SA;Saudi Arabia;2910;341854;147;5165;1.5108789132202638
2020-10-25;SA;Saudi Arabia;2698;344552;116;5281;1.5327149457846712
2020-11-01;SA;Saudi Arabia;2730;347282;121;5402;1.5555082037076498
2020-11-08;SA;Saudi Arabia;2947;350229;123;5525;1.5775392671651975
2020-11-15;SA;Saudi Arabia;2721;352950;116;5641;1.5982433772489022
2020-11-22;SA;Saudi Arabia;2084;355034;120;5761;1.622661491575455
2020-11-29;SA;Saudi Arabia;1877;356911;109;5870;1.644667718282709
2020-12-06;SA;Saudi Arabia;1615;358526;84;5954;1.660688485632841
2020-12-13;SA;Saudi Arabia;1223;359749;82;6036;1.6778364915538333
2020-12-20;SA;Saudi Arabia;1099;360848;76;6112;1.6937879661242408
2020-12-27;SA;Saudi Arabia;1218;362066;64;6176;1.7057663519910733
2021-01-03;SA;Saudi Arabia;913;362979;63;6239;1.7188322189437957
2021-01-10;SA;Saudi Arabia;713;363692;47;6286;1.7283855570097775
2021-01-17;SA;Saudi Arabia;1061;364753;32;6318;1.7321310585519514
2021-01-24;SA;Saudi Arabia;1432;366185;32;6350;1.734096153583571
2021-01-31;SA;Saudi Arabia;1628;367813;22;6372;1.7324020630048422
2021-02-07;SA;Saudi Arabia;2148;369961;25;6397;1.7291011755293124
2021-02-14;SA;Saudi Arabia;2449;372410;31;6428;1.7260546172229532
2021-02-21;SA;Saudi Arabia;2281;374691;29;6457;1.7232866548702799
2021-02-28;SA;Saudi Arabia;2370;377061;31;6488;1.7206764953150817
2021-03-07;SA;Saudi Arabia;2413;379474;36;6524;1.7192218702730622
2021-03-14;SA;Saudi Arabia;2585;382059;39;6563;1.7177975129495708
2021-03-21;SA;Saudi Arabia;2594;384653;39;6602;1.7163521407606335
2021-03-28;SA;Saudi Arabia;3141;387794;41;6643;1.7130228935981473
2021-04-04;SA;Saudi Arabia;4215;392009;47;6690;1.7065934710682664
2021-04-11;SA;Saudi Arabia;5627;397636;57;6747;1.6967779577301854
2021-04-18;SA;Saudi Arabia;6418;404054;63;6810;1.685418285674687
2021-04-25;SA;Saudi Arabia;7209;411263;77;6887;1.6745975203215462
2021-05-02;SA;Saudi Arabia;7148;418411;81;6968;1.6653481863526534
2021-05-09;SA;Saudi Arabia;7031;425442;91;7059;1.6592155922546432
2021-05-16;SA;Saudi Arabia;6827;432269;88;7147;1.6533686200028221
2021-05-23;SA;Saudi Arabia;7578;439847;90;7237;1.6453448585530877
2021-05-30;SA;Saudi Arabia;8437;448284;97;7334;1.6360164538551454
2021-06-06;SA;Saudi Arabia;8278;456562;106;7440;1.6295705731094572
2021-06-13;SA;Saudi Arabia;8218;464780;113;7553;1.625069925556177
2021-06-20;SA;Saudi Arabia;8332;473112;110;7663;1.6197010433047565
2021-06-27;SA;Saudi Arabia;8891;482003;97;7760;1.6099484857978061
2021-07-04;SA;Saudi Arabia;9609;491612;103;7863;1.5994320724473772
2021-07-11;SA;Saudi Arabia;8471;500083;100;7963;1.5923356722784017
2021-07-18;SA;Saudi Arabia;8438;508521;100;8063;1.5855785700098914
2021-07-25;SA;Saudi Arabia;8428;516949;92;8155;1.577525055663131
2021-08-01;SA;Saudi Arabia;8781;525730;82;8237;1.5667738192608374
2021-08-08;SA;Saudi Arabia;7055;532785;83;8320;1.561605525681091
2021-08-15;SA;Saudi Arabia;5198;537983;79;8399;1.5612017480106248
2021-08-22;SA;Saudi Arabia;3627;541610;70;8469;1.563671276379683
2021-08-29;SA;Saudi Arabia;2186;543796;57;8526;1.5678673620254653
2021-09-05;SA;Saudi Arabia;1327;545123;46;8572;1.5724891446517575
2021-09-12;SA;Saudi Arabia;789;545912;45;8617;1.5784595319392136
2021-09-19;SA;Saudi Arabia;567;546479;39;8656;1.583958395473568
2021-09-26;SA;Saudi Arabia;403;546882;38;8694;1.589739651332463
2021-10-03;SA;Saudi Arabia;339;547221;28;8722;1.5938715802207883
2021-10-10;SA;Saudi Arabia;311;547532;21;8743;1.5968016481228495
2021-10-17;SA;Saudi Arabia;358;547890;17;8760;1.5988610852543395
2021-10-24;SA;Saudi Arabia;315;548205;16;8776;1.6008609917822714
2021-10-31;SA;Saudi Arabia;366;548571;17;8793;1.602891877259279
2021-11-07;SA;Saudi Arabia;319;548890;10;8803;1.6037821785785857
2021-11-14;SA;Saudi Arabia;302;549192;8;8811;1.6043569462046061
2021-11-21;SA;Saudi Arabia;251;549443;12;8823;1.6058080638027965
2021-11-28;SA;Saudi Arabia;228;549671;9;8832;1.6067793279980207
2021-12-05;SA;Saudi Arabia;206;549877;10;8842;1.6079959700078381
2021-12-12;SA;Saudi Arabia;312;550189;10;8852;1.60890166833579
2021-12-19;SA;Saudi Arabia;549;550738;9;8861;1.6089320148600605
2021-12-26;SA;Saudi Arabia;1668;552406;9;8870;1.6057030517409296
2022-01-02;SA;Saudi Arabia;4676;557082;8;8878;1.5936612563321018
2022-01-09;SA;Saudi Arabia;18211;575293;14;8892;1.5456471745701754
2022-01-16;SA;Saudi Arabia;34660;609953;13;8905;1.4599485534131318
2022-01-23;SA;Saudi Arabia;37866;647819;13;8918;1.3766190865041006
2022-01-30;SA;Saudi Arabia;31565;679384;15;8933;1.3148675859307843
2022-02-06;SA;Saudi Arabia;26253;705637;20;8953;1.2687826743779025
2022-02-13;SA;Saudi Arabia;20614;726251;18;8971;1.2352478688497501
2022-02-20;SA;Saudi Arabia;12080;738331;11;8982;1.2165275465881833
2022-02-27;SA;Saudi Arabia;5411;743742;12;8994;1.2092903184168704
2022-03-06;SA;Saudi Arabia;3377;747119;12;9006;1.2054304602078116
2022-03-13;SA;Saudi Arabia;1505;748624;11;9017;1.2044764795144158
2022-03-20;SA;Saudi Arabia;847;749471;10;9027;1.204449538407757
2022-03-27;SA;Saudi Arabia;787;750258;11;9038;1.204652266287064
2022-04-03;SA;Saudi Arabia;740;750998;9;9047;1.2046636608885777
2022-04-10;SA;Saudi Arabia;719;751717;8;9055;1.204575658126662
2022-04-17;SA;Saudi Arabia;762;752479;13;9068;1.2050834641232513
2022-04-24;SA;Saudi Arabia;853;753332;8;9076;1.2047808934175106
2022-05-01;SA;Saudi Arabia;679;754011;12;9088;1.2052874560185463
2022-05-08;SA;Saudi Arabia;1065;755076;11;9099;1.2050442604453062
2022-05-15;SA;Saudi Arabia;3719;758795;15;9114;1.2011149256386773
2022-05-22;SA;Saudi Arabia;3780;762575;14;9128;1.1969970166868833
2022-05-29;SA;Saudi Arabia;3621;766196;15;9143;1.1932977984745419
2022-06-05;SA;Saudi Arabia;4454;770650;12;9155;1.1879582170894698
2022-06-12;SA;Saudi Arabia;6240;776890;15;9170;1.1803472821120107
2022-06-19;SA;Saudi Arabia;7017;783907;15;9185;1.1716951117925978
2022-06-26;SA;Saudi Arabia;7050;790957;13;9198;1.162895075206364
2022-07-03;SA;Saudi Arabia;5311;796268;13;9211;1.1567713382931375
2022-07-10;SA;Saudi Arabia;3520;799788;9;9220;1.1528054934557659
2022-07-17;SA;Saudi Arabia;3370;803158;10;9230;1.1492134797885347
2022-07-24;SA;Saudi Arabia;4057;807215;8;9238;1.1444286838079074
2022-07-31;SA;Saudi Arabia;2234;809449;12;9250;1.142752662613704
2022-08-07;SA;Saudi Arabia;1438;810887;10;9260;1.1419593605520868
2022-08-14;SA;Saudi Arabia;966;811853;9;9269;1.1417091517799405
2022-08-21;SA;Saudi Arabia;682;812535;7;9276;1.1416123613136664
2022-08-28;SA;Saudi Arabia;572;813107;13;9289;1.1424080717543939
2022-09-04;SA;Saudi Arabia;575;813682;13;9302;1.1431984485339481
2022-09-11;SA;Saudi Arabia;674;814356;13;9315;1.1438486362229787
2022-09-18;SA;Saudi Arabia;741;815097;15;9330;1.1446490417704887
2022-09-25;SA;Saudi Arabia;646;815743;11;9341;1.1450910397024554
2022-10-02;SA;Saudi Arabia;832;816575;12;9353;1.1453938707405933
2022-10-09;SA;Saudi Arabia;915;817490;12;9365;1.1455797624435773
2022-10-16;SA;Saudi Arabia;1208;818698;15;9380;1.1457216214037411
2022-10-23;SA;Saudi Arabia;1458;820156;12;9392;1.1451479962348627
2022-10-30;SA;Saudi Arabia;1781;821937;13;9405;1.1442482818026198
2022-11-06;SA;Saudi Arabia;1557;823494;12;9417;1.1435420294501235
2022-11-13;SA;Saudi Arabia;944;824438;15;9432;1.144052069409707
2022-11-20;SA;Saudi Arabia;591;825029;14;9446;1.144929450964754
2022-11-27;SA;Saudi Arabia;373;825402;11;9457;1.1457447401387444
2022-12-04;SA;Saudi Arabia;316;825718;14;9471;1.1470017608917331
2022-12-11;SA;Saudi Arabia;435;826153;11;9482;1.1477292946948083
2022-12-18;SA;Saudi Arabia;325;826478;12;9494;1.148729911745987
2022-12-25;SA;Saudi Arabia;288;826766;14;9508;1.150023102062736
2023-01-01;SA;Saudi Arabia;238;827004;10;9518;1.1509013257493312
2023-01-08;SA;Saudi Arabia;186;827190;11;9529;1.151972340091152
2023-01-15;SA;Saudi Arabia;182;827372;13;9542;1.1532901766073786
2023-01-22;SA;Saudi Arabia;206;827578;13;9555;1.1545739495249996
2023-01-29;SA;Saudi Arabia;250;827828;13;9568;1.1557956483714007
2023-02-05;SA;Saudi Arabia;303;828131;11;9579;1.1567010533357645
2023-02-12;SA;Saudi Arabia;355;828486;12;9591;1.1576538408615233
2023-02-19;SA;Saudi Arabia;388;828874;9;9600;1.158197747787963
2023-02-26;SA;Saudi Arabia;354;829228;13;9613;1.1592710328160651
2023-03-05;SA;Saudi Arabia;502;829730;4;9617;1.1590517397225604
2023-03-12;SA;Saudi Arabia;563;830293;4;9621;1.158747574651358
2023-03-19;SA;Saudi Arabia;1018;831311;3;9624;1.1576894808320832
2023-03-26;SA;Saudi Arabia;1118;832429;3;9627;1.156495028404825
2023-04-02;SA;Saudi Arabia;1638;834067;4;9631;1.1547033991274083
2023-04-09;SA;Saudi Arabia;2375;836442;4;9635;1.1519029412678943
2023-04-16;SA;Saudi Arabia;1933;838375;3;9638;1.1496048904130014
2023-04-23;SA;Saudi Arabia;844;839219;3;9641;1.1488062114894921
2023-04-30;SA;Saudi Arabia;1306;840525;3;9644;1.1473781267660093
2023-05-07;SA;Saudi Arabia;944;841469;2;9646;1.1463286229201552
2023-05-14;SA;Saudi Arabia;0;841469;0;9646;1.1463286229201552
2023-05-21;SA;Saudi Arabia;0;841469;0;9646;1.1463286229201552
2023-05-28;SA;Saudi Arabia;0;841469;0;9646;1.1463286229201552
2023-06-04;SA;Saudi Arabia;0;841469;0;9646;1.1463286229201552
2023-06-11;SA;Saudi Arabia;0;841469;0;9646;1.1463286229201552
2023-06-18;SA;Saudi Arabia;0;841469;0;9646;1.1463286229201552
2023-06-25;SA;Saudi Arabia;0;841469;0;9646;1.1463286229201552
2023-07-02;SA;Saudi Arabia;0;841469;0;9646;1.1463286229201552
2023-07-09;SA;Saudi Arabia;0;841469;0;9646;1.1463286229201552
2023-07-16;SA;Saudi Arabia;0;841469;0;9646;1.1463286229201552
2023-07-23;SA;Saudi Arabia;0;841469;0;9646;1.1463286229201552
2023-07-30;SA;Saudi Arabia;0;841469;0;9646;1.1463286229201552
2023-08-06;SA;Saudi Arabia;0;841469;0;9646;1.1463286229201552
2023-08-13;SA;Saudi Arabia;0;841469;0;9646;1.1463286229201552
2023-08-20;SA;Saudi Arabia;0;841469;0;9646;1.1463286229201552
2023-08-27;SA;Saudi Arabia;0;841469;0;9646;1.1463286229201552
2023-09-03;SA;Saudi Arabia;0;841469;0;9646;1.1463286229201552
2023-09-10;SA;Saudi Arabia;0;841469;0;9646;1.1463286229201552
2023-09-17;SA;Saudi Arabia;0;841469;0;9646;1.1463286229201552
2023-09-24;SA;Saudi Arabia;0;841469;0;9646;1.1463286229201552
2023-10-01;SA;Saudi Arabia;0;841469;0;9646;1.1463286229201552
2023-10-08;SA;Saudi Arabia;0;841469;0;9646;1.1463286229201552
2023-10-15;SA;Saudi Arabia;0;841469;0;9646;1.1463286229201552
2023-10-22;SA;Saudi Arabia;0;841469;0;9646;1.1463286229201552
2023-10-29;SA;Saudi Arabia;0;841469;0;9646;1.1463286229201552
2023-11-05;SA;Saudi Arabia;0;841469;0;9646;1.1463286229201552
2023-11-12;SA;Saudi Arabia;0;841469;0;9646;1.1463286229201552
2023-11-19;SA;Saudi Arabia;0;841469;0;9646;1.1463286229201552
2023-11-26;SA;Saudi Arabia;0;841469;0;9646;1.1463286229201552
2023-12-03;SA;Saudi Arabia;0;841469;0;9646;1.1463286229201552
2023-12-10;SA;Saudi Arabia;0;841469;0;9646;1.1463286229201552
2023-12-17;SA;Saudi Arabia;0;841469;0;9646;1.1463286229201552
2023-12-24;SA;Saudi Arabia;0;841469;0;9646;1.1463286229201552
2023-12-31;SA;Saudi Arabia;0;841469;0;9646;1.1463286229201552
2024-01-07;SA;Saudi Arabia;0;841469;0;9646;1.1463286229201552
2024-01-14;SA;Saudi Arabia;0;841469;0;9646;1.1463286229201552
2024-01-21;SA;Saudi Arabia;0;841469;0;9646;1.1463286229201552
2020-01-05;SN;Senegal;0;0;0;0;0.0
2020-01-12;SN;Senegal;0;0;0;0;0.0
2020-01-19;SN;Senegal;0;0;0;0;0.0
2020-01-26;SN;Senegal;0;0;0;0;0.0
2020-02-02;SN;Senegal;0;0;0;0;0.0
2020-02-09;SN;Senegal;0;0;0;0;0.0
2020-02-16;SN;Senegal;0;0;0;0;0.0
2020-02-23;SN;Senegal;0;0;0;0;0.0
2020-03-01;SN;Senegal;0;0;0;0;0.0
2020-03-08;SN;Senegal;4;4;0;0;0.0
2020-03-15;SN;Senegal;23;27;0;0;0.0
2020-03-22;SN;Senegal;43;70;0;0;0.0
2020-03-29;SN;Senegal;74;144;0;0;0.0
2020-04-05;SN;Senegal;80;224;0;0;0.0
2020-04-12;SN;Senegal;66;290;0;0;0.0
2020-04-19;SN;Senegal;49;339;0;0;0.0
2020-04-26;SN;Senegal;181;520;0;0;0.0
2020-05-03;SN;Senegal;595;1115;0;0;0.0
2020-05-10;SN;Senegal;519;1634;0;0;0.0
2020-05-17;SN;Senegal;795;2429;0;0;0.0
2020-05-24;SN;Senegal;547;2976;0;0;0.0
2020-05-31;SN;Senegal;559;3535;0;0;0.0
2020-06-07;SN;Senegal;714;4249;0;0;0.0
2020-06-14;SN;Senegal;747;4996;0;0;0.0
2020-06-21;SN;Senegal;787;5783;0;0;0.0
2020-06-28;SN;Senegal;676;6459;0;0;0.0
2020-07-05;SN;Senegal;813;7272;0;0;0.0
2020-07-12;SN;Senegal;742;8014;148;148;1.8467681557274767
2020-07-19;SN;Senegal;655;8669;19;167;1.9264044295766523
2020-07-26;SN;Senegal;883;9552;24;191;1.9995812395309884
2020-08-02;SN;Senegal;732;10284;18;209;2.032283158304162
2020-08-09;SN;Senegal;719;11003;23;232;2.108515859311097
2020-08-16;SN;Senegal;1029;12032;21;253;2.1027260638297873
2020-08-23;SN;Senegal;818;12850;16;269;2.093385214007782
2020-08-30;SN;Senegal;606;13456;15;284;2.1105826397146252
2020-09-06;SN;Senegal;492;13948;6;290;2.079151132778893
2020-09-13;SN;Senegal;289;14237;7;297;2.086113647538105
2020-09-20;SN;Senegal;451;14688;5;302;2.0561002178649237
2020-09-27;SN;Senegal;181;14869;6;308;2.071423767570112
2020-10-04;SN;Senegal;199;15068;4;312;2.0706132200690206
2020-10-11;SN;Senegal;176;15244;2;314;2.0598268171083705
2020-10-18;SN;Senegal;148;15392;3;317;2.0595114345114345
2020-10-25;SN;Senegal;151;15543;4;321;2.0652383709708553
2020-11-01;SN;Senegal;73;15616;4;325;2.0811987704918034
2020-11-08;SN;Senegal;77;15693;1;326;2.077359332186325
2020-11-15;SN;Senegal;86;15779;1;327;2.072374675201217
2020-11-22;SN;Senegal;86;15865;3;330;2.0800504254648597
2020-11-29;SN;Senegal;162;16027;3;333;2.077743807325139
2020-12-06;SN;Senegal;370;16397;4;337;2.055254009879856
2020-12-13;SN;Senegal;664;17061;12;349;2.0456010784830903
2020-12-20;SN;Senegal;609;17670;12;361;2.043010752688172
2020-12-27;SN;Senegal;853;18523;26;387;2.089294390757437
2021-01-03;SN;Senegal;988;19511;29;416;2.132130592998821
2021-01-10;SN;Senegal;1489;21000;43;459;2.1857142857142855
2021-01-17;SN;Senegal;1738;22738;50;509;2.2385434075116546
2021-01-24;SN;Senegal;1722;24460;60;569;2.3262469337694194
2021-01-31;SN;Senegal;1753;26213;52;621;2.3690535230610763
2021-02-07;SN;Senegal;2276;28489;54;675;2.369335533012742
2021-02-14;SN;Senegal;2152;30641;66;741;2.4183283835383964
2021-02-21;SN;Senegal;1989;32630;54;795;2.4364082133006435
2021-02-28;SN;Senegal;1625;34255;71;866;2.528098087870384
2021-03-07;SN;Senegal;1377;35632;53;919;2.579142343960485
2021-03-14;SN;Senegal;1094;36726;44;963;2.622120568534553
2021-03-21;SN;Senegal;967;37693;50;1013;2.6875016581328097
2021-03-28;SN;Senegal;763;38456;21;1034;2.688787185354691
2021-04-04;SN;Senegal;497;38953;29;1063;2.728929735835494
2021-04-11;SN;Senegal;411;39364;14;1077;2.736002438776547
2021-04-18;SN;Senegal;367;39731;13;1090;2.7434496992273036
2021-04-25;SN;Senegal;351;40082;9;1099;2.7418791477471185
2021-05-02;SN;Senegal;306;40388;10;1109;2.745865108448054
2021-05-09;SN;Senegal;277;40665;8;1117;2.746833886634698
2021-05-16;SN;Senegal;163;40828;7;1124;2.753012638385422
2021-05-23;SN;Senegal;234;41062;6;1130;2.7519360966343576
2021-05-30;SN;Senegal;269;41331;8;1138;2.753381239263507
2021-06-06;SN;Senegal;300;41631;7;1145;2.750354303283611
2021-06-13;SN;Senegal;321;41952;6;1151;2.7436117467581997
2021-06-20;SN;Senegal;381;42333;7;1158;2.735454609878818
2021-06-27;SN;Senegal;518;42851;5;1163;2.7140556813143215
2021-07-04;SN;Senegal;776;43627;8;1171;2.684117633575538
2021-07-11;SN;Senegal;2019;45646;19;1190;2.6070192349822547
2021-07-18;SN;Senegal;4728;50374;24;1214;2.409973398975662
2021-07-25;SN;Senegal;6199;56573;55;1269;2.2431195093065597
2021-08-01;SN;Senegal;5717;62290;84;1353;2.1720982501204045
2021-08-08;SN;Senegal;4608;66898;114;1467;2.192890669377261
2021-08-15;SN;Senegal;3515;70413;120;1587;2.253845170636104
2021-08-22;SN;Senegal;1359;71772;72;1659;2.3114863735161344
2021-08-29;SN;Senegal;846;72618;83;1742;2.3988542785535265
2021-09-05;SN;Senegal;486;73104;52;1794;2.454038082731451
2021-09-12;SN;Senegal;336;73440;34;1828;2.4891067538126364
2021-09-19;SN;Senegal;182;73622;17;1845;2.50604438890549
2021-09-26;SN;Senegal;106;73728;10;1855;2.516004774305556
2021-10-03;SN;Senegal;65;73793;4;1859;2.5192091390782325
2021-10-10;SN;Senegal;42;73835;9;1868;2.5299654635335544
2021-10-17;SN;Senegal;30;73865;3;1871;2.532999390780478
2021-10-24;SN;Senegal;26;73891;6;1877;2.540228173931873
2021-10-31;SN;Senegal;26;73917;1;1878;2.540687527902918
2021-11-07;SN;Senegal;18;73935;2;1880;2.542774058294448
2021-11-14;SN;Senegal;16;73951;1;1881;2.5435761517761764
2021-11-21;SN;Senegal;14;73965;2;1883;2.545798688568918
2021-11-28;SN;Senegal;16;73981;2;1885;2.547951501061083
2021-12-05;SN;Senegal;32;74013;1;1886;2.548200991717671
2021-12-12;SN;Senegal;63;74076;0;1886;2.546033803121119
2021-12-19;SN;Senegal;65;74141;0;1886;2.5438016751864687
2021-12-26;SN;Senegal;212;74353;4;1890;2.5419283687275565
2022-01-02;SN;Senegal;984;75337;0;1890;2.5087274513187414
2022-01-09;SN;Senegal;3287;78624;6;1896;2.411477411477412
2022-01-16;SN;Senegal;3647;82271;12;1908;2.319164711745329
2022-01-23;SN;Senegal;1847;84118;15;1923;2.2860743241636747
2022-01-30;SN;Senegal;738;84856;18;1941;2.287404544168945
2022-02-06;SN;Senegal;322;85178;14;1955;2.2951935945901525
2022-02-13;SN;Senegal;192;85370;1;1956;2.291202998711491
2022-02-20;SN;Senegal;175;85545;2;1958;2.288853819627097
2022-02-27;SN;Senegal;121;85666;2;1960;2.2879555482922047
2022-03-06;SN;Senegal;81;85747;1;1961;2.286960476751373
2022-03-13;SN;Senegal;45;85792;3;1964;2.2892577396493845
2022-03-20;SN;Senegal;29;85821;0;1964;2.2884841705410097
2022-03-27;SN;Senegal;39;85860;0;1964;2.2874446773817843
2022-04-03;SN;Senegal;51;85911;1;1965;2.287250759506932
2022-04-10;SN;Senegal;38;85949;0;1965;2.2862395141304725
2022-04-17;SN;Senegal;18;85967;0;1965;2.2857608151965287
2022-04-24;SN;Senegal;17;85984;1;1966;2.2864719017491626
2022-05-01;SN;Senegal;13;85997;0;1966;2.2861262602183796
2022-05-08;SN;Senegal;15;86012;0;1966;2.285727572896805
2022-05-15;SN;Senegal;23;86035;0;1966;2.285116522345557
2022-05-22;SN;Senegal;32;86067;0;1966;2.2842669083388523
2022-05-29;SN;Senegal;34;86101;0;1966;2.2833648854252564
2022-06-05;SN;Senegal;32;86133;0;1966;2.2825165732065527
2022-06-12;SN;Senegal;17;86150;1;1967;2.2832269297736505
2022-06-19;SN;Senegal;51;86201;1;1968;2.2830361596733217
2022-06-26;SN;Senegal;74;86275;0;1968;2.2810779484207475
2022-07-03;SN;Senegal;73;86348;0;1968;2.2791494881178487
2022-07-10;SN;Senegal;133;86481;0;1968;2.275644361189163
2022-07-17;SN;Senegal;263;86744;0;1968;2.268744812321313
2022-07-24;SN;Senegal;293;87037;0;1968;2.261107345152062
2022-07-31;SN;Senegal;305;87342;0;1968;2.2532115133612693
2022-08-07;SN;Senegal;208;87550;0;1968;2.24785836664763
2022-08-14;SN;Senegal;202;87752;0;1968;2.2426839274318535
2022-08-21;SN;Senegal;192;87944;0;1968;2.2377876830710455
2022-08-28;SN;Senegal;108;88052;0;1968;2.2350429291782126
2022-09-04;SN;Senegal;80;88132;0;1968;2.23301411519085
2022-09-11;SN;Senegal;67;88199;0;1968;2.2313178153947324
2022-09-18;SN;Senegal;80;88279;0;1968;2.229295755502441
2022-09-25;SN;Senegal;70;88349;0;1968;2.227529457039695
2022-10-02;SN;Senegal;70;88419;0;1968;2.2257659552811044
2022-10-09;SN;Senegal;100;88519;0;1968;2.22325150532654
2022-10-16;SN;Senegal;92;88611;0;1968;2.2209432237532587
2022-10-23;SN;Senegal;91;88702;0;1968;2.2186647426213613
2022-10-30;SN;Senegal;77;88779;0;1968;2.2167404453755957
2022-11-06;SN;Senegal;40;88819;0;1968;2.215742127247548
2022-11-13;SN;Senegal;19;88838;0;1968;2.2152682410680113
2022-11-20;SN;Senegal;15;88853;0;1968;2.2148942635589117
2022-11-27;SN;Senegal;16;88869;0;1968;2.2144954933666408
2022-12-04;SN;Senegal;13;88882;0;1968;2.214171598298868
2022-12-11;SN;Senegal;6;88888;0;1968;2.214022140221402
2022-12-18;SN;Senegal;7;88895;0;1968;2.21384779796389
2022-12-25;SN;Senegal;5;88900;0;1968;2.2137232845894266
2023-01-01;SN;Senegal;0;88900;0;1968;2.2137232845894266
2023-01-08;SN;Senegal;0;88900;3;1971;2.217097862767154
2023-01-15;SN;Senegal;2;88902;0;1971;2.21704798542215
2023-01-22;SN;Senegal;0;88902;0;1971;2.21704798542215
2023-01-29;SN;Senegal;3;88905;0;1971;2.2169731736122826
2023-02-05;SN;Senegal;1;88906;0;1971;2.216948237464288
2023-02-12;SN;Senegal;1;88907;0;1971;2.2169233018772423
2023-02-19;SN;Senegal;3;88910;0;1971;2.2168484984816104
2023-02-26;SN;Senegal;7;88917;0;1971;2.2166739768548194
2023-03-05;SN;Senegal;9;88926;0;1971;2.2164496322785237
2023-03-12;SN;Senegal;7;88933;0;1971;2.2162751734451778
2023-03-19;SN;Senegal;12;88945;0;1971;2.2159761650458147
2023-03-26;SN;Senegal;6;88951;0;1971;2.2158266910995943
2023-04-02;SN;Senegal;22;88973;0;1971;2.215278792442651
2023-04-09;SN;Senegal;5;88978;0;1971;2.215154307806424
2023-04-16;SN;Senegal;11;88989;0;1971;2.2148804908471833
2023-04-23;SN;Senegal;4;88993;0;1971;2.214780937826571
2023-04-30;SN;Senegal;4;88997;0;1971;2.2146813937548457
2023-05-07;SN;Senegal;0;88997;0;1971;2.2146813937548457
2023-05-14;SN;Senegal;1;88998;0;1971;2.214656509135037
2023-05-21;SN;Senegal;1;88999;0;1971;2.214631625074439
2023-05-28;SN;Senegal;0;88999;0;1971;2.214631625074439
2023-06-04;SN;Senegal;0;88999;0;1971;2.214631625074439
2023-06-11;SN;Senegal;0;88999;0;1971;2.214631625074439
2023-06-18;SN;Senegal;0;88999;0;1971;2.214631625074439
2023-06-25;SN;Senegal;4;89003;0;1971;2.214532094423783
2023-07-02;SN;Senegal;2;89005;0;1971;2.214482332453233
2023-07-09;SN;Senegal;2;89007;0;1971;2.2144325727189997
2023-07-16;SN;Senegal;0;89007;0;1971;2.2144325727189997
2023-07-23;SN;Senegal;1;89008;0;1971;2.214407693690455
2023-07-30;SN;Senegal;3;89011;0;1971;2.2143330599588817
2023-08-06;SN;Senegal;3;89014;0;1971;2.2142584312580045
2023-08-13;SN;Senegal;0;89014;0;1971;2.2142584312580045
2023-08-20;SN;Senegal;6;89020;0;1971;2.2141091889463045
2023-08-27;SN;Senegal;0;89020;0;1971;2.2141091889463045
2023-09-03;SN;Senegal;1;89021;0;1971;2.214084317183586
2023-09-10;SN;Senegal;1;89022;0;1971;2.2140594459796454
2023-09-17;SN;Senegal;0;89022;0;1971;2.2140594459796454
2023-09-24;SN;Senegal;0;89022;0;1971;2.2140594459796454
2023-10-01;SN;Senegal;0;89022;0;1971;2.2140594459796454
2023-10-08;SN;Senegal;2;89024;0;1971;2.214009705248023
2023-10-15;SN;Senegal;2;89026;0;1971;2.213959966751286
2023-10-22;SN;Senegal;1;89027;0;1971;2.2139350983409525
2023-10-29;SN;Senegal;0;89027;0;1971;2.2139350983409525
2023-11-05;SN;Senegal;0;89027;0;1971;2.2139350983409525
2023-11-12;SN;Senegal;0;89027;0;1971;2.2139350983409525
2023-11-19;SN;Senegal;2;89029;0;1971;2.213885363196262
2023-11-26;SN;Senegal;1;89030;0;1971;2.2138604964618667
2023-12-03;SN;Senegal;3;89033;0;1971;2.2137858996102566
2023-12-10;SN;Senegal;0;89033;0;1971;2.2137858996102566
2023-12-17;SN;Senegal;17;89050;0;1971;2.21336327905671
2023-12-24;SN;Senegal;0;89050;0;1971;2.21336327905671
2023-12-31;SN;Senegal;0;89050;0;1971;2.21336327905671
2024-01-07;SN;Senegal;0;89050;0;1971;2.21336327905671
2024-01-14;SN;Senegal;0;89050;0;1971;2.21336327905671
2024-01-21;SN;Senegal;0;89050;0;1971;2.21336327905671
2020-01-05;RS;Serbia;0;0;0;0;0.0
2020-01-12;RS;Serbia;0;0;0;0;0.0
2020-01-19;RS;Serbia;0;0;0;0;0.0
2020-01-26;RS;Serbia;0;0;0;0;0.0
2020-02-02;RS;Serbia;0;0;0;0;0.0
2020-02-09;RS;Serbia;0;0;0;0;0.0
2020-02-16;RS;Serbia;0;0;0;0;0.0
2020-02-23;RS;Serbia;0;0;0;0;0.0
2020-03-01;RS;Serbia;0;0;0;0;0.0
2020-03-08;RS;Serbia;1;1;0;0;0.0
2020-03-15;RS;Serbia;45;46;0;0;0.0
2020-03-22;RS;Serbia;125;171;1;1;0.5847953216374269
2020-03-29;RS;Serbia;488;659;9;10;1.5174506828528074
2020-04-05;RS;Serbia;965;1624;34;44;2.70935960591133
2020-04-12;RS;Serbia;1756;3380;30;74;2.1893491124260356
2020-04-19;RS;Serbia;2614;5994;43;117;1.951951951951952
2020-04-26;RS;Serbia;1785;7779;34;151;1.941123537729785
2020-05-03;RS;Serbia;1583;9362;38;189;2.018799401837214
2020-05-10;RS;Serbia;670;10032;24;213;2.123205741626794
2020-05-17;RS;Serbia;464;10496;15;228;2.1722560975609753
2020-05-24;RS;Serbia;596;11092;10;238;2.145690587811035
2020-05-31;RS;Serbia;289;11381;4;242;2.126350935770143
2020-06-07;RS;Serbia;360;11741;6;248;2.112256196235414
2020-06-14;RS;Serbia;510;12251;5;253;2.0651375397926697
2020-06-21;RS;Serbia;552;12803;7;260;2.0307740373349996
2020-06-28;RS;Serbia;989;13792;7;267;1.9359048723897911
2020-07-05;RS;Serbia;2037;15829;39;306;1.9331606544949143
2020-07-12;RS;Serbia;2244;18073;76;382;2.113650196425607
2020-07-19;RS;Serbia;2425;20498;79;461;2.2489999024295053
2020-07-26;RS;Serbia;2765;23263;65;526;2.261101319692215
2020-08-02;RS;Serbia;2619;25882;56;582;2.248667027277645
2020-08-09;RS;Serbia;1981;27863;50;632;2.268241036500018
2020-08-16;RS;Serbia;1608;29471;38;670;2.273421329442503
2020-08-23;RS;Serbia;1077;30548;25;695;2.2751080267120596
2020-08-30;RS;Serbia;734;31282;15;710;2.269675851927626
2020-09-06;RS;Serbia;567;31849;13;723;2.2700869729033877
2020-09-13;RS;Serbia;451;32300;8;731;2.2631578947368425
2020-09-20;RS;Serbia;540;32840;9;740;2.253349573690621
2020-09-27;RS;Serbia;472;33312;6;746;2.2394332372718537
2020-10-04;RS;Serbia;530;33842;7;753;2.2250458010755865
2020-10-11;RS;Serbia;843;34685;9;762;2.1969150929796744
2020-10-18;RS;Serbia;1261;35946;12;774;2.1532298447671505
2020-10-25;RS;Serbia;2926;38872;15;789;2.0297386293476025
2020-11-01;RS;Serbia;8082;46954;31;820;1.7463900839119135
2020-11-08;RS;Serbia;13681;60635;60;880;1.451307000907067
2020-11-15;RS;Serbia;20451;81086;109;989;1.2196926719779
2020-11-22;RS;Serbia;35039;116125;179;1168;1.0058127018299245
2020-11-29;RS;Serbia;46910;163035;316;1484;0.9102339988346061
2020-12-06;RS;Serbia;50808;213843;407;1891;0.8842936172799671
2020-12-13;RS;Serbia;47594;261437;384;2275;0.8701905239120705
2020-12-20;RS;Serbia;35091;296528;357;2632;0.8876058921923056
2020-12-27;RS;Serbia;26839;323367;351;2983;0.9224812674144239
2021-01-03;RS;Serbia;18537;341904;305;3288;0.961673452197108
2021-01-10;RS;Serbia;15990;357894;260;3548;0.9913549822014339
2021-01-17;RS;Serbia;13322;371216;182;3730;1.0048058273350287
2021-01-24;RS;Serbia;11069;382285;138;3868;1.0118105601841558
2021-01-31;RS;Serbia;11612;393897;132;4000;1.0154938981510395
2021-02-07;RS;Serbia;12455;406352;112;4112;1.0119305429775172
2021-02-14;RS;Serbia;13141;419493;102;4214;1.0045459638182284
2021-02-21;RS;Serbia;14629;434122;107;4321;0.9953423231257573
2021-02-28;RS;Serbia;22328;456450;108;4429;0.9703143827363347
2021-03-07;RS;Serbia;25947;482397;113;4542;0.9415481439561191
2021-03-14;RS;Serbia;29654;512051;152;4694;0.9167055625318572
2021-03-21;RS;Serbia;34845;546896;206;4900;0.895965594921155
2021-03-28;RS;Serbia;34721;581617;251;5151;0.8856343607563053
2021-04-04;RS;Serbia;32748;614365;271;5422;0.8825372539125764
2021-04-11;RS;Serbia;25111;639476;278;5700;0.8913547967398308
2021-04-18;RS;Serbia;20823;660299;254;5954;0.9017127089394349
2021-04-25;RS;Serbia;17673;677972;242;6196;0.9139020490521732
2021-05-02;RS;Serbia;12959;690931;190;6386;0.9242601649079286
2021-05-09;RS;Serbia;8643;699574;153;6539;0.934711695974979
2021-05-16;RS;Serbia;6316;705890;125;6664;0.9440564393885733
2021-05-23;RS;Serbia;3783;709673;102;6766;0.9533968461530875
2021-05-30;RS;Serbia;2373;712046;78;6844;0.9611738567452103
2021-06-06;RS;Serbia;1516;713562;65;6909;0.968241021803291
2021-06-13;RS;Serbia;1191;714753;49;6958;0.9734831473250201
2021-06-20;RS;Serbia;940;715693;39;6997;0.9776538264311654
2021-06-27;RS;Serbia;545;716238;32;7029;0.9813776984745294
2021-07-04;RS;Serbia;558;716796;26;7055;0.984240983487631
2021-07-11;RS;Serbia;684;717480;15;7070;0.985393321068183
2021-07-18;RS;Serbia;985;718465;10;7080;0.9854342243533089
2021-07-25;RS;Serbia;1448;719913;23;7103;0.986646997623324
2021-08-01;RS;Serbia;2005;721918;11;7114;0.985430478253763
2021-08-08;RS;Serbia;3327;725245;21;7135;0.983805472633386
2021-08-15;RS;Serbia;5982;731227;28;7163;0.9795863664771679
2021-08-22;RS;Serbia;9844;741071;43;7206;0.972376465952655
2021-08-29;RS;Serbia;14824;755895;51;7257;0.9600539757506003
2021-09-05;RS;Serbia;21028;776923;101;7358;0.9470694006999406
2021-09-12;RS;Serbia;34986;811909;162;7520;0.9262121740244288
2021-09-19;RS;Serbia;48522;860431;213;7733;0.8987356336533667
2021-09-26;RS;Serbia;45246;905677;275;8008;0.8842004379044626
2021-10-03;RS;Serbia;49995;955672;323;8331;0.871742606249843
2021-10-10;RS;Serbia;44693;1000365;352;8683;0.86798318613706
2021-10-17;RS;Serbia;43393;1043758;369;9052;0.8672508378378897
2021-10-24;RS;Serbia;48718;1092476;396;9448;0.8648244904235882
2021-10-31;RS;Serbia;45344;1137820;442;9890;0.8692060255576454
2021-11-07;RS;Serbia;41317;1179137;446;10336;0.8765732904658238
2021-11-14;RS;Serbia;29249;1208386;445;10781;0.8921818028345248
2021-11-21;RS;Serbia;22590;1230976;385;11166;0.9070851097015701
2021-11-28;RS;Serbia;17743;1248719;371;11537;0.9239068197088376
2021-12-05;RS;Serbia;13700;1262419;339;11876;0.940733623305733
2021-12-12;RS;Serbia;10684;1273103;272;12148;0.9542040196276342
2021-12-19;RS;Serbia;8556;1281659;216;12364;0.9646871749818009
2021-12-26;RS;Serbia;7834;1289493;204;12568;0.9746466246811731
2022-01-02;RS;Serbia;11456;1300949;171;12739;0.9792082548970021
2022-01-09;RS;Serbia;41697;1342646;151;12890;0.960044568709846
2022-01-16;RS;Serbia;82501;1425147;155;13045;0.915344171513535
2022-01-23;RS;Serbia;107594;1532741;194;13239;0.8637467125887545
2022-01-30;RS;Serbia;116552;1649293;274;13513;0.8193207635029071
2022-02-06;RS;Serbia;108448;1757741;415;13928;0.7923806749686103
2022-02-13;RS;Serbia;77233;1834974;438;14366;0.7828993762309439
2022-02-20;RS;Serbia;44263;1879237;421;14787;0.7868619019314753
2022-02-27;RS;Serbia;26905;1906142;368;15155;0.7950614382349268
2022-03-06;RS;Serbia;17835;1923977;250;15405;0.8006852472768645
2022-03-13;RS;Serbia;15173;1939150;165;15570;0.8029291184281773
2022-03-20;RS;Serbia;14747;1953897;106;15676;0.8022940820319598
2022-03-27;RS;Serbia;13874;1967771;70;15746;0.8001947381072289
2022-04-03;RS;Serbia;11958;1979729;72;15818;0.7989982467297293
2022-04-10;RS;Serbia;8987;1988716;59;15877;0.7983543150454866
2022-04-17;RS;Serbia;6635;1995351;46;15923;0.7980049625354136
2022-04-24;RS;Serbia;5793;2001144;30;15953;0.7971940050291233
2022-05-01;RS;Serbia;5209;2006353;38;15991;0.797018271460705
2022-05-08;RS;Serbia;3324;2009677;33;16024;0.7973420604405583
2022-05-15;RS;Serbia;2920;2012597;22;16046;0.7972783423606414
2022-05-22;RS;Serbia;2303;2014900;17;16063;0.7972107796912998
2022-05-29;RS;Serbia;1893;2016793;15;16078;0.7972062576575782
2022-06-05;RS;Serbia;1644;2018437;9;16087;0.7970028294170193
2022-06-12;RS;Serbia;1736;2020173;12;16099;0.7969119476401278
2022-06-19;RS;Serbia;2079;2022252;9;16108;0.7965377213126752
2022-06-26;RS;Serbia;3325;2025577;12;16120;0.7958226223935204
2022-07-03;RS;Serbia;5594;2031171;9;16129;0.794073960291871
2022-07-10;RS;Serbia;9056;2040227;18;16147;0.7914315416862928
2022-07-17;RS;Serbia;14409;2054636;21;16168;0.7869033736389317
2022-07-24;RS;Serbia;25753;2080389;38;16206;0.7789889294742474
2022-07-31;RS;Serbia;38284;2118673;65;16271;0.7679807124553908
2022-08-07;RS;Serbia;41580;2160253;76;16347;0.7567169215827961
2022-08-14;RS;Serbia;42786;2203039;91;16438;0.7461511121682367
2022-08-21;RS;Serbia;37513;2240552;87;16525;0.7375414629966187
2022-08-28;RS;Serbia;28869;2269421;106;16631;0.732830091904499
2022-09-04;RS;Serbia;22749;2292170;87;16718;0.7293525349341454
2022-09-11;RS;Serbia;21176;2313346;91;16809;0.7266098542976278
2022-09-18;RS;Serbia;19163;2332509;65;16874;0.7234270049976227
2022-09-25;RS;Serbia;14997;2347506;66;16940;0.7216168989557429
2022-10-02;RS;Serbia;15882;2363388;72;17012;0.7198140973890026
2022-10-09;RS;Serbia;13311;2376699;65;17077;0.7185175741648395
2022-10-16;RS;Serbia;10983;2387682;51;17128;0.7173484576254292
2022-10-23;RS;Serbia;8205;2395887;48;17176;0.7168952458943181
2022-10-30;RS;Serbia;6867;2402754;52;17228;0.7170105637114744
2022-11-06;RS;Serbia;5376;2408130;47;17275;0.7173616042323296
2022-11-13;RS;Serbia;4620;2412750;33;17308;0.7173557144337375
2022-11-20;RS;Serbia;4520;2417270;35;17343;0.7174622611458381
2022-11-27;RS;Serbia;4004;2421274;22;17365;0.7171844243980648
2022-12-04;RS;Serbia;3803;2425077;34;17399;0.7174617548226304
2022-12-11;RS;Serbia;4443;2429520;34;17433;0.7175491455102242
2022-12-18;RS;Serbia;4757;2434277;32;17465;0.7174614885651879
2022-12-25;RS;Serbia;5453;2439730;30;17495;0.7170875465727765
2023-01-01;RS;Serbia;6523;2446253;26;17521;0.7162382631722884
2023-01-08;RS;Serbia;6240;2452493;39;17560;0.7160061211183886
2023-01-15;RS;Serbia;6492;2458985;40;17600;0.7157424709788796
2023-01-22;RS;Serbia;5524;2464509;49;17649;0.7161264170672536
2023-01-29;RS;Serbia;4563;2469072;39;17688;0.7163825113240926
2023-02-05;RS;Serbia;5123;2474195;30;17718;0.7161117050192083
2023-02-12;RS;Serbia;5108;2479303;20;17738;0.7154430095877753
2023-02-19;RS;Serbia;4966;2484269;28;17766;0.7151399465999858
2023-02-26;RS;Serbia;6062;2490331;41;17807;0.7150455100145322
2023-03-05;RS;Serbia;5477;2495808;40;17847;0.7150790445418879
2023-03-12;RS;Serbia;5846;2501654;41;17888;0.7150469249544501
2023-03-19;RS;Serbia;5909;2507563;37;17925;0.7148374736746395
2023-03-26;RS;Serbia;6124;2513687;31;17956;0.71432919054759
2023-04-02;RS;Serbia;5265;2518952;14;17970;0.7133919185439024
2023-04-09;RS;Serbia;4608;2523560;23;17993;0.7130006815768201
2023-04-16;RS;Serbia;4080;2527640;9;18002;0.7122058520991913
2023-04-23;RS;Serbia;3818;2531458;10;18012;0.7115267170144636
2023-04-30;RS;Serbia;2892;2534350;6;18018;0.710951526032316
2023-05-07;RS;Serbia;2442;2536792;8;18026;0.7105824994717738
2023-05-14;RS;Serbia;1752;2538544;10;18036;0.7104860108786769
2023-05-21;RS;Serbia;1443;2539987;11;18047;0.7105154475200071
2023-05-28;RS;Serbia;1261;2541248;4;18051;0.710320283577203
2023-06-04;RS;Serbia;966;2542214;2;18053;0.7101290449977854
2023-06-11;RS;Serbia;617;2542831;4;18057;0.7101140421836921
2023-06-18;RS;Serbia;354;2543185;0;18057;0.7100151974787521
2023-06-25;RS;Serbia;535;2543720;0;18057;0.7098658657399399
2023-07-02;RS;Serbia;281;2544001;0;18057;0.7097874568445531
2023-07-09;RS;Serbia;227;2544228;0;18057;0.7097241284979177
2023-07-16;RS;Serbia;163;2544391;0;18057;0.7096786618094467
2023-07-23;RS;Serbia;147;2544538;0;18057;0.7096376631042649
2023-07-30;RS;Serbia;203;2544741;0;18057;0.7095810536317841
2023-08-06;RS;Serbia;211;2544952;0;18057;0.7095222228159902
2023-08-13;RS;Serbia;0;2544952;0;18057;0.7095222228159902
2023-08-20;RS;Serbia;234;2545186;0;18057;0.709456990569648
2023-08-27;RS;Serbia;420;2545606;0;18057;0.7093399371308835
2023-09-03;RS;Serbia;590;2546196;0;18057;0.7091755701446393
2023-09-10;RS;Serbia;686;2546882;0;18057;0.7089845544473595
2023-09-17;RS;Serbia;964;2547846;0;18057;0.7087163038896386
2023-09-24;RS;Serbia;1529;2549375;0;18057;0.7082912478548664
2023-10-01;RS;Serbia;2803;2552178;0;18057;0.7075133474232597
2023-10-08;RS;Serbia;3848;2556026;0;18057;0.7064482129680997
2023-10-15;RS;Serbia;3998;2560024;0;18057;0.7053449498910948
2023-10-22;RS;Serbia;3970;2563994;0;18057;0.7042528180643168
2023-10-29;RS;Serbia;3968;2567962;0;18057;0.7031646106912797
2023-11-05;RS;Serbia;4378;2572340;0;18057;0.701967858059199
2023-11-12;RS;Serbia;3862;2576202;0;18057;0.7009155337974274
2023-11-19;RS;Serbia;3684;2579886;0;18057;0.6999146473913964
2023-11-26;RS;Serbia;3584;2583470;0;18057;0.6989436687865545
2023-12-03;RS;Serbia;0;2583470;0;18057;0.6989436687865545
2023-12-10;RS;Serbia;0;2583470;0;18057;0.6989436687865545
2023-12-17;RS;Serbia;0;2583470;0;18057;0.6989436687865545
2023-12-24;RS;Serbia;0;2583470;0;18057;0.6989436687865545
2023-12-31;RS;Serbia;0;2583470;0;18057;0.6989436687865545
2024-01-07;RS;Serbia;0;2583470;0;18057;0.6989436687865545
2024-01-14;RS;Serbia;0;2583470;0;18057;0.6989436687865545
2024-01-21;RS;Serbia;0;2583470;0;18057;0.6989436687865545
2020-01-05;SC;Seychelles;0;0;0;0;0.0
2020-01-12;SC;Seychelles;0;0;0;0;0.0
2020-01-19;SC;Seychelles;0;0;0;0;0.0
2020-01-26;SC;Seychelles;0;0;0;0;0.0
2020-02-02;SC;Seychelles;0;0;0;0;0.0
2020-02-09;SC;Seychelles;0;0;0;0;0.0
2020-02-16;SC;Seychelles;0;0;0;0;0.0
2020-02-23;SC;Seychelles;0;0;0;0;0.0
2020-03-01;SC;Seychelles;0;0;0;0;0.0
2020-03-08;SC;Seychelles;0;0;0;0;0.0
2020-03-15;SC;Seychelles;2;2;0;0;0.0
2020-03-22;SC;Seychelles;5;7;0;0;0.0
2020-03-29;SC;Seychelles;1;8;0;0;0.0
2020-04-05;SC;Seychelles;2;10;0;0;0.0
2020-04-12;SC;Seychelles;1;11;0;0;0.0
2020-04-19;SC;Seychelles;0;11;0;0;0.0
2020-04-26;SC;Seychelles;0;11;0;0;0.0
2020-05-03;SC;Seychelles;0;11;0;0;0.0
2020-05-10;SC;Seychelles;0;11;0;0;0.0
2020-05-17;SC;Seychelles;0;11;0;0;0.0
2020-05-24;SC;Seychelles;0;11;0;0;0.0
2020-05-31;SC;Seychelles;0;11;0;0;0.0
2020-06-07;SC;Seychelles;0;11;0;0;0.0
2020-06-14;SC;Seychelles;0;11;0;0;0.0
2020-06-21;SC;Seychelles;0;11;0;0;0.0
2020-06-28;SC;Seychelles;70;81;0;0;0.0
2020-07-05;SC;Seychelles;0;81;0;0;0.0
2020-07-12;SC;Seychelles;25;106;0;0;0.0
2020-07-19;SC;Seychelles;8;114;0;0;0.0
2020-07-26;SC;Seychelles;1;115;0;0;0.0
2020-08-02;SC;Seychelles;11;126;0;0;0.0
2020-08-09;SC;Seychelles;0;126;0;0;0.0
2020-08-16;SC;Seychelles;9;135;0;0;0.0
2020-08-23;SC;Seychelles;0;135;0;0;0.0
2020-08-30;SC;Seychelles;0;135;0;0;0.0
2020-09-06;SC;Seychelles;1;136;0;0;0.0
2020-09-13;SC;Seychelles;3;139;0;0;0.0
2020-09-20;SC;Seychelles;0;139;0;0;0.0
2020-09-27;SC;Seychelles;2;141;0;0;0.0
2020-10-04;SC;Seychelles;6;147;0;0;0.0
2020-10-11;SC;Seychelles;1;148;0;0;0.0
2020-10-18;SC;Seychelles;1;149;0;0;0.0
2020-10-25;SC;Seychelles;5;154;0;0;0.0
2020-11-01;SC;Seychelles;0;154;0;0;0.0
2020-11-08;SC;Seychelles;4;158;0;0;0.0
2020-11-15;SC;Seychelles;3;161;0;0;0.0
2020-11-22;SC;Seychelles;4;165;0;0;0.0
2020-11-29;SC;Seychelles;7;172;0;0;0.0
2020-12-06;SC;Seychelles;10;182;0;0;0.0
2020-12-13;SC;Seychelles;3;185;0;0;0.0
2020-12-20;SC;Seychelles;17;202;0;0;0.0
2020-12-27;SC;Seychelles;9;211;0;0;0.0
2021-01-03;SC;Seychelles;73;284;0;0;0.0
2021-01-10;SC;Seychelles;218;502;1;1;0.199203187250996
2021-01-17;SC;Seychelles;186;688;0;1;0.14534883720930233
2021-01-24;SC;Seychelles;345;1033;2;3;0.29041626331074544
2021-01-31;SC;Seychelles;191;1224;0;3;0.24509803921568626
2021-02-07;SC;Seychelles;280;1504;3;6;0.39893617021276595
2021-02-14;SC;Seychelles;388;1892;2;8;0.42283298097251587
2021-02-21;SC;Seychelles;436;2328;2;10;0.429553264604811
2021-02-28;SC;Seychelles;290;2618;1;11;0.42016806722689076
2021-03-07;SC;Seychelles;332;2950;4;15;0.5084745762711864
2021-03-14;SC;Seychelles;223;3173;1;16;0.5042546485975418
2021-03-21;SC;Seychelles;443;3616;2;18;0.497787610619469
2021-03-28;SC;Seychelles;438;4054;0;18;0.4440059200789344
2021-04-04;SC;Seychelles;240;4294;4;22;0.5123428039124359
2021-04-11;SC;Seychelles;196;4490;2;24;0.5345211581291759
2021-04-18;SC;Seychelles;344;4834;1;25;0.517170045510964
2021-04-25;SC;Seychelles;182;5016;0;25;0.4984051036682616
2021-05-02;SC;Seychelles;1053;6069;3;28;0.461361014994233
2021-05-09;SC;Seychelles;2103;8172;0;28;0.34263338228095935
2021-05-16;SC;Seychelles;1371;9543;7;35;0.36676097663208634
2021-05-23;SC;Seychelles;1126;10669;3;38;0.3561720873558909
2021-05-30;SC;Seychelles;746;11415;2;40;0.3504161191414805
2021-06-06;SC;Seychelles;823;12238;2;42;0.3431933322438307
2021-06-13;SC;Seychelles;1176;13414;1;43;0.32056060831966604
2021-06-20;SC;Seychelles;1000;14414;9;52;0.360760371860691
2021-06-27;SC;Seychelles;1013;15427;3;55;0.35651779347896545
2021-07-04;SC;Seychelles;722;16149;2;57;0.3529630317666729
2021-07-11;SC;Seychelles;750;16899;11;68;0.402390674004379
2021-07-18;SC;Seychelles;536;17435;7;75;0.43016919988528823
2021-07-25;SC;Seychelles;621;18056;11;86;0.4762959680992468
2021-08-01;SC;Seychelles;306;18362;5;91;0.4955887158261627
2021-08-08;SC;Seychelles;383;18745;0;91;0.48546279007735393
2021-08-15;SC;Seychelles;404;19149;7;98;0.5117760718575383
2021-08-22;SC;Seychelles;437;19586;0;98;0.5003573981415297
2021-08-29;SC;Seychelles;406;19992;4;102;0.5102040816326531
2021-09-05;SC;Seychelles;348;20340;1;103;0.5063913470993117
2021-09-12;SC;Seychelles;425;20765;3;106;0.5104743558873104
2021-09-19;SC;Seychelles;370;21135;4;110;0.5204636858291932
2021-09-26;SC;Seychelles;269;21404;0;110;0.5139226312838722
2021-10-03;SC;Seychelles;172;21576;2;112;0.5190952910641453
2021-10-10;SC;Seychelles;221;21797;0;112;0.5138321787401936
2021-10-17;SC;Seychelles;163;21960;2;114;0.5191256830601093
2021-10-24;SC;Seychelles;188;22148;0;114;0.5147191620010836
2021-10-31;SC;Seychelles;130;22278;0;114;0.5117155938594129
2021-11-07;SC;Seychelles;161;22439;0;114;0.5080440304826418
2021-11-14;SC;Seychelles;234;22673;0;114;0.5028006880430468
2021-11-21;SC;Seychelles;301;22974;8;122;0.5310350831374597
2021-11-28;SC;Seychelles;375;23349;0;122;0.5225063171870316
2021-12-05;SC;Seychelles;302;23651;0;122;0.5158344256056826
2021-12-12;SC;Seychelles;217;23868;4;126;0.5279034690799397
2021-12-19;SC;Seychelles;231;24099;0;126;0.5228432715050417
2021-12-26;SC;Seychelles;282;24381;0;126;0.516795865633075
2022-01-02;SC;Seychelles;782;25163;0;126;0.5007352064539204
2022-01-09;SC;Seychelles;3095;28258;0;126;0.44589142897586526
2022-01-16;SC;Seychelles;3936;32194;0;126;0.3913772752686836
2022-01-23;SC;Seychelles;2984;35178;10;136;0.38660526465404516
2022-01-30;SC;Seychelles;1845;37023;6;142;0.3835453636928396
2022-02-06;SC;Seychelles;1003;38026;5;147;0.386577604796718
2022-02-13;SC;Seychelles;633;38659;3;150;0.3880079670969244
2022-02-20;SC;Seychelles;431;39090;1;151;0.3862880532105398
2022-02-27;SC;Seychelles;252;39342;12;163;0.41431548980733063
2022-03-06;SC;Seychelles;174;39516;0;163;0.41249114282822147
2022-03-13;SC;Seychelles;151;39667;0;163;0.4109209166309527
2022-03-20;SC;Seychelles;216;39883;0;163;0.40869543414487375
2022-03-27;SC;Seychelles;240;40123;0;163;0.40625077885502076
2022-04-03;SC;Seychelles;514;40637;0;163;0.40111228683219724
2022-04-10;SC;Seychelles;694;41331;0;163;0.39437710193317366
2022-04-17;SC;Seychelles;520;41851;0;163;0.3894769539557
2022-04-24;SC;Seychelles;425;42276;0;163;0.38556154792317154
2022-05-01;SC;Seychelles;357;42633;3;166;0.3893697370581475
2022-05-08;SC;Seychelles;447;43080;0;166;0.3853296193129062
2022-05-15;SC;Seychelles;393;43473;1;167;0.3841464817242886
2022-05-22;SC;Seychelles;324;43797;0;167;0.3813046555700162
2022-05-29;SC;Seychelles;208;44005;0;167;0.37950232928076355
2022-06-05;SC;Seychelles;187;44192;0;167;0.37789645184648807
2022-06-12;SC;Seychelles;205;44397;0;167;0.37615154177084037
2022-06-19;SC;Seychelles;88;44485;0;167;0.3754074407103518
2022-06-26;SC;Seychelles;184;44669;0;167;0.3738610669591887
2022-07-03;SC;Seychelles;249;44918;0;167;0.3717885925464179
2022-07-10;SC;Seychelles;171;45089;0;167;0.3703785845771696
2022-07-17;SC;Seychelles;173;45262;1;168;0.37117228580266004
2022-07-24;SC;Seychelles;7;45269;0;168;0.3711148909850008
2022-07-31;SC;Seychelles;160;45429;0;168;0.3698078320015849
2022-08-07;SC;Seychelles;111;45540;0;168;0.3689064558629776
2022-08-14;SC;Seychelles;152;45692;0;168;0.36767924363127025
2022-08-21;SC;Seychelles;160;45852;0;168;0.36639623135304894
2022-08-28;SC;Seychelles;0;45852;0;168;0.36639623135304894
2022-09-04;SC;Seychelles;229;46081;1;169;0.3667455133352141
2022-09-11;SC;Seychelles;94;46175;0;169;0.365998917162967
2022-09-18;SC;Seychelles;183;46358;0;169;0.36455412226584405
2022-09-25;SC;Seychelles;0;46358;0;169;0.36455412226584405
2022-10-02;SC;Seychelles;783;47141;0;169;0.35849897117159163
2022-10-09;SC;Seychelles;0;47141;0;169;0.35849897117159163
2022-10-16;SC;Seychelles;1042;48183;1;170;0.3528215345661333
2022-10-23;SC;Seychelles;852;49035;1;171;0.34873049862343225
2022-10-30;SC;Seychelles;345;49380;0;171;0.34629404617253945
2022-11-06;SC;Seychelles;266;49646;0;171;0.34443862546831566
2022-11-13;SC;Seychelles;216;49862;0;171;0.34294653242950546
2022-11-20;SC;Seychelles;206;50068;0;171;0.3415355117040825
2022-11-27;SC;Seychelles;0;50068;0;171;0.3415355117040825
2022-12-04;SC;Seychelles;287;50355;1;172;0.34157481878661505
2022-12-11;SC;Seychelles;0;50355;0;172;0.34157481878661505
2022-12-18;SC;Seychelles;0;50355;0;172;0.34157481878661505
2022-12-25;SC;Seychelles;0;50355;0;172;0.34157481878661505
2023-01-01;SC;Seychelles;310;50665;0;172;0.3394848514753775
2023-01-08;SC;Seychelles;0;50665;0;172;0.3394848514753775
2023-01-15;SC;Seychelles;0;50665;0;172;0.3394848514753775
2023-01-22;SC;Seychelles;0;50665;0;172;0.3394848514753775
2023-01-29;SC;Seychelles;0;50665;0;172;0.3394848514753775
2023-02-05;SC;Seychelles;0;50665;0;172;0.3394848514753775
2023-02-12;SC;Seychelles;0;50665;0;172;0.3394848514753775
2023-02-19;SC;Seychelles;0;50665;0;172;0.3394848514753775
2023-02-26;SC;Seychelles;0;50665;0;172;0.3394848514753775
2023-03-05;SC;Seychelles;272;50937;0;172;0.3376720262284783
2023-03-12;SC;Seychelles;0;50937;0;172;0.3376720262284783
2023-03-19;SC;Seychelles;0;50937;0;172;0.3376720262284783
2023-03-26;SC;Seychelles;0;50937;0;172;0.3376720262284783
2023-04-02;SC;Seychelles;0;50937;0;172;0.3376720262284783
2023-04-09;SC;Seychelles;0;50937;0;172;0.3376720262284783
2023-04-16;SC;Seychelles;0;50937;0;172;0.3376720262284783
2023-04-23;SC;Seychelles;0;50937;0;172;0.3376720262284783
2023-04-30;SC;Seychelles;0;50937;0;172;0.3376720262284783
2023-05-07;SC;Seychelles;0;50937;0;172;0.3376720262284783
2023-05-14;SC;Seychelles;0;50937;0;172;0.3376720262284783
2023-05-21;SC;Seychelles;0;50937;0;172;0.3376720262284783
2023-05-28;SC;Seychelles;0;50937;0;172;0.3376720262284783
2023-06-04;SC;Seychelles;0;50937;0;172;0.3376720262284783
2023-06-11;SC;Seychelles;0;50937;0;172;0.3376720262284783
2023-06-18;SC;Seychelles;0;50937;0;172;0.3376720262284783
2023-06-25;SC;Seychelles;0;50937;0;172;0.3376720262284783
2023-07-02;SC;Seychelles;0;50937;0;172;0.3376720262284783
2023-07-09;SC;Seychelles;0;50937;0;172;0.3376720262284783
2023-07-16;SC;Seychelles;0;50937;0;172;0.3376720262284783
2023-07-23;SC;Seychelles;0;50937;0;172;0.3376720262284783
2023-07-30;SC;Seychelles;0;50937;0;172;0.3376720262284783
2023-08-06;SC;Seychelles;0;50937;0;172;0.3376720262284783
2023-08-13;SC;Seychelles;0;50937;0;172;0.3376720262284783
2023-08-20;SC;Seychelles;0;50937;0;172;0.3376720262284783
2023-08-27;SC;Seychelles;0;50937;0;172;0.3376720262284783
2023-09-03;SC;Seychelles;0;50937;0;172;0.3376720262284783
2023-09-10;SC;Seychelles;0;50937;0;172;0.3376720262284783
2023-09-17;SC;Seychelles;0;50937;0;172;0.3376720262284783
2023-09-24;SC;Seychelles;0;50937;0;172;0.3376720262284783
2023-10-01;SC;Seychelles;0;50937;0;172;0.3376720262284783
2023-10-08;SC;Seychelles;17;50954;0;172;0.3375593672724418
2023-10-15;SC;Seychelles;11;50965;0;172;0.33748651035024035
2023-10-22;SC;Seychelles;0;50965;0;172;0.33748651035024035
2023-10-29;SC;Seychelles;12;50977;0;172;0.33740706593169467
2023-11-05;SC;Seychelles;24;51001;0;172;0.3372482892492304
2023-11-12;SC;Seychelles;44;51045;0;172;0.3369575864433343
2023-11-19;SC;Seychelles;41;51086;0;172;0.3366871549935403
2023-11-26;SC;Seychelles;53;51139;0;172;0.3363382154520034
2023-12-03;SC;Seychelles;81;51220;0;172;0.3358063256540414
2023-12-10;SC;Seychelles;0;51220;0;172;0.3358063256540414
2023-12-17;SC;Seychelles;0;51220;0;172;0.3358063256540414
2023-12-24;SC;Seychelles;0;51220;0;172;0.3358063256540414
2023-12-31;SC;Seychelles;0;51220;0;172;0.3358063256540414
2024-01-07;SC;Seychelles;0;51220;0;172;0.3358063256540414
2024-01-14;SC;Seychelles;0;51220;0;172;0.3358063256540414
2024-01-21;SC;Seychelles;0;51220;0;172;0.3358063256540414
2020-01-05;SL;Sierra Leone;0;0;0;0;0.0
2020-01-12;SL;Sierra Leone;0;0;0;0;0.0
2020-01-19;SL;Sierra Leone;0;0;0;0;0.0
2020-01-26;SL;Sierra Leone;0;0;0;0;0.0
2020-02-02;SL;Sierra Leone;0;0;0;0;0.0
2020-02-09;SL;Sierra Leone;0;0;0;0;0.0
2020-02-16;SL;Sierra Leone;0;0;0;0;0.0
2020-02-23;SL;Sierra Leone;0;0;0;0;0.0
2020-03-01;SL;Sierra Leone;0;0;0;0;0.0
2020-03-08;SL;Sierra Leone;0;0;0;0;0.0
2020-03-15;SL;Sierra Leone;0;0;0;0;0.0
2020-03-22;SL;Sierra Leone;0;0;0;0;0.0
2020-03-29;SL;Sierra Leone;0;0;0;0;0.0
2020-04-05;SL;Sierra Leone;4;4;0;0;0.0
2020-04-12;SL;Sierra Leone;6;10;0;0;0.0
2020-04-19;SL;Sierra Leone;20;30;0;0;0.0
2020-04-26;SL;Sierra Leone;56;86;4;4;4.651162790697675
2020-05-03;SL;Sierra Leone;69;155;5;9;5.806451612903226
2020-05-10;SL;Sierra Leone;136;291;10;19;6.529209621993128
2020-05-17;SL;Sierra Leone;171;462;11;30;6.493506493506493
2020-05-24;SL;Sierra Leone;159;621;10;40;6.44122383252818
2020-05-31;SL;Sierra Leone;231;852;7;47;5.516431924882629
2020-06-07;SL;Sierra Leone;94;946;2;49;5.179704016913319
2020-06-14;SL;Sierra Leone;186;1132;3;52;4.593639575971731
2020-06-21;SL;Sierra Leone;177;1309;2;54;4.125286478227655
2020-06-28;SL;Sierra Leone;101;1410;6;60;4.25531914893617
2020-07-05;SL;Sierra Leone;123;1533;3;63;4.10958904109589
2020-07-12;SL;Sierra Leone;85;1618;1;64;3.955500618046971
2020-07-19;SL;Sierra Leone;83;1701;1;65;3.821281599059377
2020-07-26;SL;Sierra Leone;67;1768;0;65;3.6764705882352944
2020-08-02;SL;Sierra Leone;67;1835;3;68;3.7057220708446867
2020-08-09;SL;Sierra Leone;60;1895;1;69;3.641160949868074
2020-08-16;SL;Sierra Leone;59;1954;1;70;3.5823950870010237
2020-08-23;SL;Sierra Leone;26;1980;0;70;3.535353535353535
2020-08-30;SL;Sierra Leone;39;2019;1;71;3.5165923724616146
2020-09-06;SL;Sierra Leone;24;2043;1;72;3.524229074889868
2020-09-13;SL;Sierra Leone;53;2096;1;73;3.4828244274809164
2020-09-20;SL;Sierra Leone;63;2159;0;73;3.381194997684113
2020-09-27;SL;Sierra Leone;49;2208;0;73;3.306159420289855
2020-10-04;SL;Sierra Leone;51;2259;0;73;3.2315183709606017
2020-10-11;SL;Sierra Leone;41;2300;0;73;3.173913043478261
2020-10-18;SL;Sierra Leone;27;2327;1;74;3.180060163300387
2020-10-25;SL;Sierra Leone;18;2345;1;75;3.1982942430703627
2020-11-01;SL;Sierra Leone;21;2366;0;75;3.169907016060862
2020-11-08;SL;Sierra Leone;15;2381;0;75;3.149937001259975
2020-11-15;SL;Sierra Leone;10;2391;0;75;3.136762860727729
2020-11-22;SL;Sierra Leone;14;2405;0;75;3.118503118503119
2020-11-29;SL;Sierra Leone;5;2410;0;75;3.112033195020747
2020-12-06;SL;Sierra Leone;10;2420;0;75;3.0991735537190084
2020-12-13;SL;Sierra Leone;20;2440;1;76;3.114754098360656
2020-12-20;SL;Sierra Leone;57;2497;0;76;3.0436523828594315
2020-12-27;SL;Sierra Leone;52;2549;0;76;2.981561396626128
2021-01-03;SL;Sierra Leone;97;2646;0;76;2.872260015117158
2021-01-10;SL;Sierra Leone;157;2803;1;77;2.7470567249375666
2021-01-17;SL;Sierra Leone;167;2970;0;77;2.5925925925925926
2021-01-24;SL;Sierra Leone;150;3120;0;77;2.467948717948718
2021-01-31;SL;Sierra Leone;408;3528;2;79;2.239229024943311
2021-02-07;SL;Sierra Leone;244;3772;0;79;2.0943796394485683
2021-02-14;SL;Sierra Leone;49;3821;0;79;2.06752159120649
2021-02-21;SL;Sierra Leone;28;3849;0;79;2.052481163938685
2021-02-28;SL;Sierra Leone;38;3887;0;79;2.032415744790327
2021-03-07;SL;Sierra Leone;31;3918;0;79;2.0163348647269013
2021-03-14;SL;Sierra Leone;19;3937;0;79;2.0066040132080265
2021-03-21;SL;Sierra Leone;11;3948;0;79;2.0010131712259374
2021-03-28;SL;Sierra Leone;14;3962;0;79;1.9939424533064107
2021-04-04;SL;Sierra Leone;25;3987;0;79;1.981439678956609
2021-04-11;SL;Sierra Leone;8;3995;0;79;1.9774718397997497
2021-04-18;SL;Sierra Leone;25;4020;0;79;1.9651741293532337
2021-04-25;SL;Sierra Leone;24;4044;0;79;1.95351137487636
2021-05-02;SL;Sierra Leone;13;4057;0;79;1.9472516637909787
2021-05-09;SL;Sierra Leone;11;4068;0;79;1.9419862340216323
2021-05-16;SL;Sierra Leone;37;4105;0;79;1.9244823386114496
2021-05-23;SL;Sierra Leone;16;4121;0;79;1.9170104343605923
2021-05-30;SL;Sierra Leone;20;4141;0;79;1.9077517507848345
2021-06-06;SL;Sierra Leone;47;4188;0;79;1.886341929321872
2021-06-13;SL;Sierra Leone;124;4312;3;82;1.901669758812616
2021-06-20;SL;Sierra Leone;390;4702;0;82;1.7439387494683114
2021-06-27;SL;Sierra Leone;604;5306;11;93;1.752732755371278
2021-07-04;SL;Sierra Leone;442;5748;11;104;1.8093249826026443
2021-07-11;SL;Sierra Leone;255;6003;6;110;1.8324171247709478
2021-07-18;SL;Sierra Leone;163;6166;5;115;1.8650664936749919
2021-07-25;SL;Sierra Leone;52;6218;3;118;1.8977163074943713
2021-08-01;SL;Sierra Leone;65;6283;2;120;1.9099156453923283
2021-08-08;SL;Sierra Leone;30;6313;0;120;1.9008395374623792
2021-08-15;SL;Sierra Leone;25;6338;1;121;1.9091195960870937
2021-08-22;SL;Sierra Leone;14;6352;0;121;1.904911838790932
2021-08-29;SL;Sierra Leone;11;6363;0;121;1.9016187333019015
2021-09-05;SL;Sierra Leone;9;6372;0;121;1.898932831136221
2021-09-12;SL;Sierra Leone;7;6379;0;121;1.8968490358990435
2021-09-19;SL;Sierra Leone;9;6388;0;121;1.894176581089543
2021-09-26;SL;Sierra Leone;0;6388;0;121;1.894176581089543
2021-10-03;SL;Sierra Leone;8;6396;0;121;1.8918073796122579
2021-10-10;SL;Sierra Leone;0;6396;0;121;1.8918073796122579
2021-10-17;SL;Sierra Leone;1;6397;0;121;1.8915116460841022
2021-10-24;SL;Sierra Leone;0;6397;0;121;1.8915116460841022
2021-10-31;SL;Sierra Leone;1;6398;0;121;1.8912160050015632
2021-11-07;SL;Sierra Leone;0;6398;0;121;1.8912160050015632
2021-11-14;SL;Sierra Leone;2;6400;0;121;1.890625
2021-11-21;SL;Sierra Leone;0;6400;0;121;1.890625
2021-11-28;SL;Sierra Leone;2;6402;0;121;1.8900343642611683
2021-12-05;SL;Sierra Leone;0;6402;0;121;1.8900343642611683
2021-12-12;SL;Sierra Leone;20;6422;0;121;1.884148240423544
2021-12-19;SL;Sierra Leone;49;6471;0;121;1.8698810075722452
2021-12-26;SL;Sierra Leone;188;6659;2;123;1.847124192821745
2022-01-02;SL;Sierra Leone;455;7114;0;123;1.7289850998032048
2022-01-09;SL;Sierra Leone;291;7405;0;123;1.661039837947333
2022-01-16;SL;Sierra Leone;124;7529;2;125;1.6602470447602602
2022-01-23;SL;Sierra Leone;55;7584;0;125;1.6482067510548524
2022-01-30;SL;Sierra Leone;31;7615;0;125;1.6414970453053186
2022-02-06;SL;Sierra Leone;12;7627;0;125;1.6389143831126263
2022-02-13;SL;Sierra Leone;25;7652;0;125;1.6335598536330371
2022-02-20;SL;Sierra Leone;11;7663;0;125;1.6312149288790292
2022-02-27;SL;Sierra Leone;2;7665;0;125;1.6307893020221786
2022-03-06;SL;Sierra Leone;0;7665;0;125;1.6307893020221786
2022-03-13;SL;Sierra Leone;2;7667;0;125;1.63036389722186
2022-03-20;SL;Sierra Leone;6;7673;0;125;1.6290890134236937
2022-03-27;SL;Sierra Leone;1;7674;0;125;1.6288767266093302
2022-04-03;SL;Sierra Leone;0;7674;0;125;1.6288767266093302
2022-04-10;SL;Sierra Leone;3;7677;0;125;1.6282401979940082
2022-04-17;SL;Sierra Leone;0;7677;0;125;1.6282401979940082
2022-04-24;SL;Sierra Leone;0;7677;0;125;1.6282401979940082
2022-05-01;SL;Sierra Leone;4;7681;0;125;1.627392266631949
2022-05-08;SL;Sierra Leone;1;7682;0;125;1.6271804217651655
2022-05-15;SL;Sierra Leone;0;7682;0;125;1.6271804217651655
2022-05-22;SL;Sierra Leone;0;7682;0;125;1.6271804217651655
2022-05-29;SL;Sierra Leone;0;7682;0;125;1.6271804217651655
2022-06-05;SL;Sierra Leone;0;7682;1;126;1.6401978651392868
2022-06-12;SL;Sierra Leone;0;7682;-1;125;1.6271804217651655
2022-06-19;SL;Sierra Leone;6;7688;0;125;1.6259105098855358
2022-06-26;SL;Sierra Leone;5;7693;0;125;1.6248537631613154
2022-07-03;SL;Sierra Leone;9;7702;0;125;1.6229550766034797
2022-07-10;SL;Sierra Leone;16;7718;0;125;1.619590567504535
2022-07-17;SL;Sierra Leone;4;7722;0;125;1.6187516187516189
2022-07-24;SL;Sierra Leone;6;7728;0;125;1.6174948240165632
2022-07-31;SL;Sierra Leone;5;7733;0;125;1.6164489848700374
2022-08-07;SL;Sierra Leone;3;7736;0;125;1.6158221302998967
2022-08-14;SL;Sierra Leone;4;7740;0;125;1.614987080103359
2022-08-21;SL;Sierra Leone;4;7744;0;125;1.6141528925619832
2022-08-28;SL;Sierra Leone;2;7746;0;125;1.6137361218693518
2022-09-04;SL;Sierra Leone;1;7747;0;125;1.6135278172195688
2022-09-11;SL;Sierra Leone;2;7749;0;125;1.61311136920893
2022-09-18;SL;Sierra Leone;0;7749;0;125;1.61311136920893
2022-09-25;SL;Sierra Leone;1;7750;0;125;1.6129032258064515
2022-10-02;SL;Sierra Leone;1;7751;0;125;1.6126951361114694
2022-10-09;SL;Sierra Leone;0;7751;0;125;1.6126951361114694
2022-10-16;SL;Sierra Leone;1;7752;0;125;1.6124871001031993
2022-10-23;SL;Sierra Leone;0;7752;0;125;1.6124871001031993
2022-10-30;SL;Sierra Leone;2;7754;0;125;1.6120711890637092
2022-11-06;SL;Sierra Leone;3;7757;0;125;1.6114477246358128
2022-11-13;SL;Sierra Leone;1;7758;0;125;1.611240010311936
2022-11-20;SL;Sierra Leone;1;7759;0;125;1.6110323495295786
2022-11-27;SL;Sierra Leone;0;7759;0;125;1.6110323495295786
2022-12-04;SL;Sierra Leone;1;7760;0;125;1.610824742268041
2022-12-11;SL;Sierra Leone;0;7760;0;125;1.610824742268041
2022-12-18;SL;Sierra Leone;0;7760;0;125;1.610824742268041
2022-12-25;SL;Sierra Leone;0;7760;0;125;1.610824742268041
2023-01-01;SL;Sierra Leone;0;7760;0;125;1.610824742268041
2023-01-08;SL;Sierra Leone;0;7760;0;125;1.610824742268041
2023-01-15;SL;Sierra Leone;0;7760;0;125;1.610824742268041
2023-01-22;SL;Sierra Leone;0;7760;0;125;1.610824742268041
2023-01-29;SL;Sierra Leone;0;7760;0;125;1.610824742268041
2023-02-05;SL;Sierra Leone;0;7760;0;125;1.610824742268041
2023-02-12;SL;Sierra Leone;0;7760;0;125;1.610824742268041
2023-02-19;SL;Sierra Leone;0;7760;0;125;1.610824742268041
2023-02-26;SL;Sierra Leone;0;7760;0;125;1.610824742268041
2023-03-05;SL;Sierra Leone;0;7760;0;125;1.610824742268041
2023-03-12;SL;Sierra Leone;0;7760;0;125;1.610824742268041
2023-03-19;SL;Sierra Leone;2;7762;0;125;1.6104096882246843
2023-03-26;SL;Sierra Leone;0;7762;0;125;1.6104096882246843
2023-04-02;SL;Sierra Leone;0;7762;0;125;1.6104096882246843
2023-04-09;SL;Sierra Leone;0;7762;0;125;1.6104096882246843
2023-04-16;SL;Sierra Leone;0;7762;0;125;1.6104096882246843
2023-04-23;SL;Sierra Leone;0;7762;0;125;1.6104096882246843
2023-04-30;SL;Sierra Leone;0;7762;0;125;1.6104096882246843
2023-05-07;SL;Sierra Leone;0;7762;0;125;1.6104096882246843
2023-05-14;SL;Sierra Leone;0;7762;0;125;1.6104096882246843
2023-05-21;SL;Sierra Leone;0;7762;0;125;1.6104096882246843
2023-05-28;SL;Sierra Leone;0;7762;0;125;1.6104096882246843
2023-06-04;SL;Sierra Leone;0;7762;0;125;1.6104096882246843
2023-06-11;SL;Sierra Leone;0;7762;0;125;1.6104096882246843
2023-06-18;SL;Sierra Leone;0;7762;0;125;1.6104096882246843
2023-06-25;SL;Sierra Leone;0;7762;0;125;1.6104096882246843
2023-07-02;SL;Sierra Leone;0;7762;0;125;1.6104096882246843
2023-07-09;SL;Sierra Leone;0;7762;0;125;1.6104096882246843
2023-07-16;SL;Sierra Leone;0;7762;0;125;1.6104096882246843
2023-07-23;SL;Sierra Leone;0;7762;0;125;1.6104096882246843
2023-07-30;SL;Sierra Leone;0;7762;0;125;1.6104096882246843
2023-08-06;SL;Sierra Leone;0;7762;0;125;1.6104096882246843
2023-08-13;SL;Sierra Leone;0;7762;0;125;1.6104096882246843
2023-08-20;SL;Sierra Leone;4;7766;0;125;1.6095802214782386
2023-08-27;SL;Sierra Leone;0;7766;0;125;1.6095802214782386
2023-09-03;SL;Sierra Leone;0;7766;0;125;1.6095802214782386
2023-09-10;SL;Sierra Leone;0;7766;0;125;1.6095802214782386
2023-09-17;SL;Sierra Leone;0;7766;0;125;1.6095802214782386
2023-09-24;SL;Sierra Leone;0;7766;0;125;1.6095802214782386
2023-10-01;SL;Sierra Leone;0;7766;0;125;1.6095802214782386
2023-10-08;SL;Sierra Leone;0;7766;0;125;1.6095802214782386
2023-10-15;SL;Sierra Leone;0;7766;0;125;1.6095802214782386
2023-10-22;SL;Sierra Leone;0;7766;0;125;1.6095802214782386
2023-10-29;SL;Sierra Leone;0;7766;0;125;1.6095802214782386
2023-11-05;SL;Sierra Leone;0;7766;0;125;1.6095802214782386
2023-11-12;SL;Sierra Leone;0;7766;0;125;1.6095802214782386
2023-11-19;SL;Sierra Leone;0;7766;0;125;1.6095802214782386
2023-11-26;SL;Sierra Leone;0;7766;0;125;1.6095802214782386
2023-12-03;SL;Sierra Leone;0;7766;0;125;1.6095802214782386
2023-12-10;SL;Sierra Leone;0;7766;0;125;1.6095802214782386
2023-12-17;SL;Sierra Leone;5;7771;0;125;1.608544588856003
2023-12-24;SL;Sierra Leone;8;7779;0;125;1.6068903458028023
2023-12-31;SL;Sierra Leone;0;7779;0;125;1.6068903458028023
2024-01-07;SL;Sierra Leone;0;7779;0;125;1.6068903458028023
2024-01-14;SL;Sierra Leone;0;7779;0;125;1.6068903458028023
2024-01-21;SL;Sierra Leone;0;7779;0;125;1.6068903458028023
2020-01-05;SG;Singapore;0;0;0;0;0.0
2020-01-12;SG;Singapore;0;0;0;0;0.0
2020-01-19;SG;Singapore;0;0;0;0;0.0
2020-01-26;SG;Singapore;4;4;0;0;0.0
2020-02-02;SG;Singapore;14;18;0;0;0.0
2020-02-09;SG;Singapore;22;40;0;0;0.0
2020-02-16;SG;Singapore;32;72;0;0;0.0
2020-02-23;SG;Singapore;17;89;0;0;0.0
2020-03-01;SG;Singapore;13;102;0;0;0.0
2020-03-08;SG;Singapore;36;138;0;0;0.0
2020-03-15;SG;Singapore;74;212;0;0;0.0
2020-03-22;SG;Singapore;220;432;2;2;0.4629629629629629
2020-03-29;SG;Singapore;370;802;0;2;0.24937655860349126
2020-04-05;SG;Singapore;387;1189;3;5;0.42052144659377627
2020-04-12;SG;Singapore;1110;2299;3;8;0.34797738147020446
2020-04-19;SG;Singapore;3693;5992;3;11;0.18357810413885178
2020-04-26;SG;Singapore;6701;12693;1;12;0.09454029780193808
2020-05-03;SG;Singapore;4855;17548;5;17;0.09687713699566902
2020-05-10;SG;Singapore;4912;22460;3;20;0.08904719501335707
2020-05-17;SG;Singapore;4896;27356;2;22;0.08042111419798216
2020-05-24;SG;Singapore;3712;31068;1;23;0.07403115746105317
2020-05-31;SG;Singapore;3298;34366;0;23;0.06692661351335623
2020-06-07;SG;Singapore;3161;37527;2;25;0.06661870120180137
2020-06-14;SG;Singapore;2670;40197;1;26;0.06468144388884743
2020-06-21;SG;Singapore;1636;41833;0;26;0.06215188965649129
2020-06-28;SG;Singapore;1413;43246;0;26;0.06012116727558618
2020-07-05;SG;Singapore;1418;44664;0;26;0.05821243059287122
2020-07-12;SG;Singapore;1118;45782;0;26;0.056790878511205276
2020-07-19;SG;Singapore;1873;47655;1;27;0.05665722379603399
2020-07-26;SG;Singapore;2233;49888;0;27;0.05412123155869147
2020-08-02;SG;Singapore;2624;52512;0;27;0.05141681901279707
2020-08-09;SG;Singapore;2417;54929;0;27;0.0491543629048408
2020-08-16;SG;Singapore;732;55661;0;27;0.04850793194516807
2020-08-23;SG;Singapore;605;56266;0;27;0.047986350549177124
2020-08-30;SG;Singapore;451;56717;0;27;0.047604774582576656
2020-09-06;SG;Singapore;265;56982;0;27;0.04738338422659787
2020-09-13;SG;Singapore;375;57357;0;27;0.04707359171504786
2020-09-20;SG;Singapore;201;57558;0;27;0.04690920462837486
2020-09-27;SG;Singapore;127;57685;0;27;0.046805928750975126
2020-10-04;SG;Singapore;115;57800;0;27;0.04671280276816609
2020-10-11;SG;Singapore;66;57866;0;27;0.04665952372723188
2020-10-18;SG;Singapore;38;57904;1;28;0.04835589941972921
2020-10-25;SG;Singapore;61;57965;0;28;0.048305011644958165
2020-11-01;SG;Singapore;50;58015;0;28;0.04826338016030337
2020-11-08;SG;Singapore;39;58054;0;28;0.04823095738450408
2020-11-15;SG;Singapore;62;58116;0;28;0.04817950306283984
2020-11-22;SG;Singapore;32;58148;0;28;0.04815298892481255
2020-11-29;SG;Singapore;57;58205;1;29;0.049823898290524866
2020-12-06;SG;Singapore;50;58255;0;29;0.04978113466655223
2020-12-13;SG;Singapore;58;58313;0;29;0.04973162073637097
2020-12-20;SG;Singapore;90;58403;0;29;0.04965498347687619
2020-12-27;SG;Singapore;116;58519;0;29;0.049556554281515404
2021-01-03;SG;Singapore;178;58697;0;29;0.049406272892992834
2021-01-10;SG;Singapore;210;58907;0;29;0.049230142427894814
2021-01-17;SG;Singapore;206;59113;0;29;0.04905858271446213
2021-01-24;SG;Singapore;195;59308;0;29;0.048897281985566865
2021-01-31;SG;Singapore;228;59536;0;29;0.048710024187046494
2021-02-07;SG;Singapore;163;59699;0;29;0.0485770280909228
2021-02-14;SG;Singapore;101;59800;0;29;0.04849498327759197
2021-02-21;SG;Singapore;69;59869;0;29;0.0484390920175717
2021-02-28;SG;Singapore;67;59936;0;29;0.04838494394020288
2021-03-07;SG;Singapore;97;60033;0;29;0.048306764612796295
2021-03-14;SG;Singapore;72;60105;0;29;0.048248897762249394
2021-03-21;SG;Singapore;91;60196;0;29;0.04817595853545086
2021-03-28;SG;Singapore;104;60300;0;29;0.04809286898839138
2021-04-04;SG;Singapore;178;60478;0;29;0.04795132114157214
2021-04-11;SG;Singapore;175;60653;0;29;0.04781296885562132
2021-04-18;SG;Singapore;178;60831;0;29;0.0476730614324933
2021-04-25;SG;Singapore;175;61006;0;29;0.047536307904140575
2021-05-02;SG;Singapore;212;61218;2;31;0.050638701035643115
2021-05-09;SG;Singapore;141;61359;0;31;0.050522335761664955
2021-05-16;SG;Singapore;226;61585;0;31;0.05033693269464967
2021-05-23;SG;Singapore;239;61824;1;32;0.051759834368530024
2021-05-30;SG;Singapore;204;62028;1;33;0.05320177984136197
2021-06-06;SG;Singapore;168;62196;0;33;0.05305807447424271
2021-06-13;SG;Singapore;80;62276;1;34;0.05459567088444987
2021-06-20;SG;Singapore;138;62414;0;34;0.054474957541577204
2021-06-27;SG;Singapore;130;62544;2;36;0.05755947812739831
2021-07-04;SG;Singapore;73;62617;0;36;0.057492374275356535
2021-07-11;SG;Singapore;75;62692;0;36;0.05742359471702928
2021-07-18;SG;Singapore;381;63073;0;36;0.057076720625307185
2021-07-25;SG;Singapore;1106;64179;1;37;0.05765125664158058
2021-08-01;SG;Singapore;923;65102;0;37;0.056833891431906855
2021-08-08;SG;Singapore;662;65764;5;42;0.06386472842284532
2021-08-15;SG;Singapore;408;66172;2;44;0.06649338088617542
2021-08-22;SG;Singapore;306;66478;5;49;0.07370859532476909
2021-08-29;SG;Singapore;826;67304;6;55;0.08171876857244739
2021-09-05;SG;Singapore;1356;68660;0;55;0.0801048645499563
2021-09-12;SG;Singapore;3027;71687;3;58;0.08090727747011313
2021-09-19;SG;Singapore;6117;77804;2;60;0.07711685774510309
2021-09-26;SG;Singapore;10088;87892;18;78;0.08874527829609066
2021-10-03;SG;Singapore;15951;103843;35;113;0.10881811966141194
2021-10-10;SG;Singapore;23123;126966;49;162;0.1275932139312887
2021-10-17;SG;Singapore;21212;148178;71;233;0.1572433154719324
2021-10-24;SG;Singapore;24466;172644;82;315;0.1824563842357684
2021-10-31;SG;Singapore;25730;198374;92;407;0.20516801596983475
2021-11-07;SG;Singapore;19959;218333;90;497;0.2276339353189852
2021-11-14;SG;Singapore;18870;237203;89;586;0.2470457793535495
2021-11-21;SG;Singapore;14985;252188;76;662;0.26250257744222566
2021-11-28;SG;Singapore;10195;262383;39;701;0.26716669906205814
2021-12-05;SG;Singapore;6828;269211;58;759;0.28193498779767545
2021-12-12;SG;Singapore;4151;273362;35;794;0.2904573422787366
2021-12-19;SG;Singapore;2548;275910;19;813;0.29466130259867346
2021-12-26;SG;Singapore;1854;277764;9;822;0.29593467836004667
2022-01-02;SG;Singapore;2526;280290;7;829;0.29576510043169574
2022-01-09;SG;Singapore;5357;285647;9;838;0.293369088420323
2022-01-16;SG;Singapore;6202;291849;5;843;0.2888480001644686
2022-01-23;SG;Singapore;21923;313772;5;848;0.2702599339647897
2022-01-30;SG;Singapore;34558;348330;6;854;0.24516981023741855
2022-02-06;SG;Singapore;49493;397823;17;871;0.21894158960140564
2022-02-13;SG;Singapore;71672;469495;26;897;0.1910563477779316
2022-02-20;SG;Singapore;113143;582638;48;945;0.16219333445466996
2022-02-27;SG;Singapore;128242;710880;62;1007;0.14165541300922802
2022-03-06;SG;Singapore;121941;832821;71;1078;0.12943957945344797
2022-03-13;SG;Singapore;106615;939436;67;1145;0.12188163962207112
2022-03-20;SG;Singapore;75581;1015017;53;1198;0.11802757983363826
2022-03-27;SG;Singapore;56988;1072005;48;1246;0.116230801162308
2022-04-03;SG;Singapore;37739;1109744;28;1274;0.11480125145979614
2022-04-10;SG;Singapore;28257;1138001;20;1294;0.11370816018615097
2022-04-17;SG;Singapore;22299;1160300;22;1316;0.11341894337671293
2022-04-24;SG;Singapore;21868;1182168;9;1325;0.11208220828173322
2022-05-01;SG;Singapore;17472;1199640;11;1336;0.11136674335634024
2022-05-08;SG;Singapore;18282;1217922;16;1352;0.11100875097091603
2022-05-15;SG;Singapore;24962;1242884;11;1363;0.1096642969094461
2022-05-22;SG;Singapore;26751;1269635;12;1375;0.10829884179311376
2022-05-29;SG;Singapore;26285;1295920;8;1383;0.10671955058954255
2022-06-05;SG;Singapore;23064;1318984;10;1393;0.10561159195259381
2022-06-12;SG;Singapore;22272;1341256;5;1398;0.10423066140990236
2022-06-19;SG;Singapore;26505;1367761;7;1405;0.10272262478605546
2022-06-26;SG;Singapore;40597;1408358;4;1409;0.10004558500040474
2022-07-03;SG;Singapore;52749;1461107;10;1419;0.09711814398261044
2022-07-10;SG;Singapore;62774;1523881;13;1432;0.09397059219191
2022-07-17;SG;Singapore;65218;1589099;25;1457;0.09168717619229512
2022-07-24;SG;Singapore;63882;1652981;26;1483;0.08971669970798213
2022-07-31;SG;Singapore;55969;1708950;37;1520;0.08894350332075251
2022-08-07;SG;Singapore;45827;1754777;21;1541;0.08781742637383554
2022-08-14;SG;Singapore;36269;1791046;19;1560;0.08709994048170733
2022-08-21;SG;Singapore;23871;1814917;24;1584;0.08727671843946583
2022-08-28;SG;Singapore;16415;1831332;7;1591;0.08687665589854816
2022-09-04;SG;Singapore;13453;1844785;5;1596;0.08651414663497371
2022-09-11;SG;Singapore;13712;1858497;6;1602;0.08619868635784723
2022-09-18;SG;Singapore;14793;1873290;6;1608;0.08583828451547812
2022-09-25;SG;Singapore;16254;1889544;7;1615;0.08547035686917055
2022-10-02;SG;Singapore;21873;1911417;7;1622;0.084858510727905
2022-10-09;SG;Singapore;36985;1948402;10;1632;0.08376094871592207
2022-10-16;SG;Singapore;57482;2005884;14;1646;0.0820585836469108
2022-10-23;SG;Singapore;53825;2059709;17;1663;0.08073956078261542
2022-10-30;SG;Singapore;36811;2096520;17;1680;0.08013279148302901
2022-11-06;SG;Singapore;24915;2121435;10;1690;0.07966305826009282
2022-11-13;SG;Singapore;16441;2137876;7;1697;0.07937784979110107
2022-11-20;SG;Singapore;10918;2148794;3;1700;0.07911414495759017
2022-11-27;SG;Singapore;13800;2162594;2;1702;0.07870178128673251
2022-12-04;SG;Singapore;8795;2171389;4;1706;0.07856722125791371
2022-12-11;SG;Singapore;8366;2179755;1;1707;0.07831155336264856
2022-12-18;SG;Singapore;8654;2188409;3;1710;0.0781389584853654
2022-12-25;SG;Singapore;5481;2193890;1;1711;0.0779893248977843
2023-01-01;SG;Singapore;8324;2202214;0;1711;0.07769453831462338
2023-01-08;SG;Singapore;5456;2207670;1;1712;0.07754782191178936
2023-01-15;SG;Singapore;3876;2211546;0;1712;0.0774119100394023
2023-01-22;SG;Singapore;2518;2214064;0;1712;0.07732387139667146
2023-01-29;SG;Singapore;1825;2215889;0;1712;0.0772601876718554
2023-02-05;SG;Singapore;2992;2218881;10;1722;0.07760668553203169
2023-02-12;SG;Singapore;2881;2221762;0;1722;0.07750605150326632
2023-02-19;SG;Singapore;244;2222006;0;1722;0.07749754051069169
2023-02-26;SG;Singapore;3849;2225855;0;1722;0.07736352996938255
2023-03-05;SG;Singapore;4471;2230326;0;1722;0.07720844396738415
2023-03-12;SG;Singapore;4426;2234752;0;1722;0.07705553009908929
2023-03-19;SG;Singapore;10352;2245104;0;1722;0.0767002330404293
2023-03-26;SG;Singapore;10464;2255568;0;1722;0.07634440637568896
2023-04-02;SG;Singapore;14467;2270035;0;1722;0.07585786122240405
2023-04-09;SG;Singapore;28410;2298445;12;1734;0.07544230990952579
2023-04-16;SG;Singapore;16018;2314463;0;1734;0.07492018666965079
2023-04-23;SG;Singapore;26072;2340535;0;1734;0.07408562572232416
2023-04-30;SG;Singapore;27818;2368353;0;1734;0.07321543705689143
2023-05-07;SG;Singapore;23417;2391770;54;1788;0.07475635199036697
2023-05-14;SG;Singapore;22624;2414394;0;1788;0.07405585003938876
2023-05-21;SG;Singapore;24296;2438690;0;1788;0.07331805190491616
2023-05-28;SG;Singapore;20767;2459457;0;1788;0.0726989737978749
2023-06-04;SG;Singapore;14851;2474308;53;1841;0.07440464162101079
2023-06-11;SG;Singapore;8531;2482839;0;1841;0.07414898831539217
2023-06-18;SG;Singapore;10432;2493271;4;1845;0.07399917618261312
2023-06-25;SG;Singapore;6717;2499988;27;1872;0.07488035942572524
2023-07-02;SG;Singapore;11736;2511724;0;1872;0.07453048185230543
2023-07-09;SG;Singapore;4302;2516026;0;1872;0.07440304670937423
2023-07-16;SG;Singapore;8544;2524570;0;1872;0.07415124159757899
2023-07-23;SG;Singapore;5632;2530202;0;1872;0.07398618766406793
2023-07-30;SG;Singapore;4738;2534940;0;1872;0.07384790172548464
2023-08-06;SG;Singapore;4951;2539891;0;1872;0.07370395028763045
2023-08-13;SG;Singapore;3485;2543376;7;1879;0.07387818395707123
2023-08-20;SG;Singapore;4951;2548327;0;1879;0.07373465022346033
2023-08-27;SG;Singapore;7045;2555372;0;1879;0.0735313684269844
2023-09-03;SG;Singapore;6650;2562022;0;1879;0.07334050995658897
2023-09-10;SG;Singapore;4295;2566317;10;1889;0.0736074304148708
2023-09-17;SG;Singapore;7248;2573565;0;1889;0.07340012783823219
2023-09-24;SG;Singapore;6401;2579966;0;1889;0.07321801915219037
2023-10-01;SG;Singapore;14843;2594809;0;1889;0.07279919254172465
2023-10-08;SG;Singapore;15336;2610145;17;1906;0.07302276310319925
2023-10-15;SG;Singapore;16250;2626395;0;1906;0.07257095752923685
2023-10-22;SG;Singapore;14801;2641196;0;1906;0.07216427709265044
2023-10-29;SG;Singapore;17123;2658319;0;1906;0.07169944615375357
2023-11-05;SG;Singapore;16062;2674381;0;1906;0.07126882818865375
2023-11-12;SG;Singapore;16395;2690776;27;1933;0.07183801252872778
2023-11-19;SG;Singapore;15441;2706217;0;1933;0.07142812272630022
2023-11-26;SG;Singapore;10726;2716943;0;1933;0.07114613740516457
2023-12-03;SG;Singapore;22094;2739037;0;1933;0.07057224856765353
2023-12-10;SG;Singapore;32035;2771072;21;1954;0.07051422698508014
2023-12-17;SG;Singapore;56043;2827115;0;1954;0.06911639604331624
2023-12-24;SG;Singapore;58300;2885415;0;1954;0.06771989471185254
2023-12-31;SG;Singapore;39100;2924515;0;1954;0.06681449744658516
2024-01-07;SG;Singapore;21200;2945715;0;1954;0.06633364055925302
2024-01-14;SG;Singapore;19800;2965515;0;1954;0.06589074747556495
2024-01-21;SG;Singapore;12200;2977715;0;1954;0.06562078640837017
2020-01-05;SX;Sint Maarten (Dutch part);0;0;0;0;0.0
2020-01-12;SX;Sint Maarten (Dutch part);0;0;0;0;0.0
2020-01-19;SX;Sint Maarten (Dutch part);0;0;0;0;0.0
2020-01-26;SX;Sint Maarten (Dutch part);0;0;0;0;0.0
2020-02-02;SX;Sint Maarten (Dutch part);0;0;0;0;0.0
2020-02-09;SX;Sint Maarten (Dutch part);0;0;0;0;0.0
2020-02-16;SX;Sint Maarten (Dutch part);0;0;0;0;0.0
2020-02-23;SX;Sint Maarten (Dutch part);0;0;0;0;0.0
2020-03-01;SX;Sint Maarten (Dutch part);0;0;0;0;0.0
2020-03-08;SX;Sint Maarten (Dutch part);0;0;0;0;0.0
2020-03-15;SX;Sint Maarten (Dutch part);0;0;0;0;0.0
2020-03-22;SX;Sint Maarten (Dutch part);1;1;0;0;0.0
2020-03-29;SX;Sint Maarten (Dutch part);2;3;0;0;0.0
2020-04-05;SX;Sint Maarten (Dutch part);20;23;2;2;8.695652173913043
2020-08-02;SX;Sint Maarten (Dutch part);34;128;0;15;11.71875
2020-08-09;SX;Sint Maarten (Dutch part);48;176;1;16;9.090909090909092
2020-08-16;SX;Sint Maarten (Dutch part);87;263;1;17;6.4638783269961975
2020-08-23;SX;Sint Maarten (Dutch part);90;353;0;17;4.815864022662889
2020-08-30;SX;Sint Maarten (Dutch part);91;444;0;17;3.8288288288288284
2020-09-06;SX;Sint Maarten (Dutch part);60;504;2;19;3.7698412698412698
2020-09-13;SX;Sint Maarten (Dutch part);26;530;0;19;3.5849056603773586
2020-09-20;SX;Sint Maarten (Dutch part);35;565;0;19;3.3628318584070795
2020-09-27;SX;Sint Maarten (Dutch part);53;618;3;22;3.559870550161812
2020-10-04;SX;Sint Maarten (Dutch part);50;668;0;22;3.293413173652695
2020-10-11;SX;Sint Maarten (Dutch part);31;699;0;22;3.1473533619456364
2020-10-18;SX;Sint Maarten (Dutch part);38;737;0;22;2.9850746268656714
2020-10-25;SX;Sint Maarten (Dutch part);39;776;0;22;2.8350515463917527
2020-11-01;SX;Sint Maarten (Dutch part);29;805;0;22;2.732919254658385
2020-11-08;SX;Sint Maarten (Dutch part);65;870;0;22;2.528735632183908
2020-11-15;SX;Sint Maarten (Dutch part);44;914;1;23;2.516411378555799
2020-11-22;SX;Sint Maarten (Dutch part);59;973;1;24;2.466598150051387
2020-11-29;SX;Sint Maarten (Dutch part);68;1041;1;25;2.4015369836695486
2020-12-06;SX;Sint Maarten (Dutch part);64;1105;0;25;2.262443438914027
2020-12-13;SX;Sint Maarten (Dutch part);96;1201;1;26;2.164862614487927
2020-12-20;SX;Sint Maarten (Dutch part);93;1294;0;26;2.009273570324575
2020-12-27;SX;Sint Maarten (Dutch part);76;1370;0;26;1.897810218978102
2021-01-03;SX;Sint Maarten (Dutch part);64;1434;1;27;1.882845188284519
2021-01-10;SX;Sint Maarten (Dutch part);97;1531;0;27;1.7635532331809274
2021-01-17;SX;Sint Maarten (Dutch part);98;1629;0;27;1.6574585635359116
2021-01-24;SX;Sint Maarten (Dutch part);79;1708;0;27;1.5807962529274004
2021-01-31;SX;Sint Maarten (Dutch part);114;1822;0;27;1.481888035126235
2021-02-07;SX;Sint Maarten (Dutch part);89;1911;0;27;1.4128728414442702
2021-02-14;SX;Sint Maarten (Dutch part);74;1985;0;27;1.3602015113350125
2021-02-21;SX;Sint Maarten (Dutch part);42;2027;0;27;1.332017760236803
2021-02-28;SX;Sint Maarten (Dutch part);24;2051;0;27;1.3164310092637739
2021-03-07;SX;Sint Maarten (Dutch part);15;2066;0;27;1.3068731848983544
2021-03-14;SX;Sint Maarten (Dutch part);12;2078;0;27;1.2993262752646775
2021-03-21;SX;Sint Maarten (Dutch part);15;2093;0;27;1.2900143334925944
2021-03-28;SX;Sint Maarten (Dutch part);25;2118;0;27;1.2747875354107647
2021-04-04;SX;Sint Maarten (Dutch part);33;2151;0;27;1.2552301255230125
2021-04-11;SX;Sint Maarten (Dutch part);23;2174;0;27;1.2419503219871204
2021-04-18;SX;Sint Maarten (Dutch part);28;2202;0;27;1.226158038147139
2021-04-25;SX;Sint Maarten (Dutch part);10;2212;0;27;1.2206148282097649
2021-05-02;SX;Sint Maarten (Dutch part);18;2230;0;27;1.2107623318385652
2021-05-09;SX;Sint Maarten (Dutch part);20;2250;0;27;1.2
2021-05-16;SX;Sint Maarten (Dutch part);22;2272;0;27;1.1883802816901408
2021-05-23;SX;Sint Maarten (Dutch part);74;2346;0;27;1.1508951406649617
2021-05-30;SX;Sint Maarten (Dutch part);58;2404;1;28;1.1647254575707155
2021-06-06;SX;Sint Maarten (Dutch part);44;2448;0;28;1.1437908496732025
2021-06-13;SX;Sint Maarten (Dutch part);63;2511;3;31;1.2345679012345678
2021-06-20;SX;Sint Maarten (Dutch part);50;2561;1;32;1.2495119094103866
2021-06-27;SX;Sint Maarten (Dutch part);33;2594;1;33;1.2721665381649963
2021-07-04;SX;Sint Maarten (Dutch part);24;2618;0;33;1.2605042016806722
2021-07-11;SX;Sint Maarten (Dutch part);15;2633;1;34;1.2913026965438663
2021-07-18;SX;Sint Maarten (Dutch part);26;2659;0;34;1.2786761940579165
2021-07-25;SX;Sint Maarten (Dutch part);39;2698;0;34;1.2601927353595257
2021-08-01;SX;Sint Maarten (Dutch part);62;2760;0;34;1.2318840579710146
2021-08-08;SX;Sint Maarten (Dutch part);131;2891;0;34;1.176063645797302
2021-08-15;SX;Sint Maarten (Dutch part);237;3128;5;39;1.2468030690537084
2021-08-22;SX;Sint Maarten (Dutch part);238;3366;3;42;1.2477718360071302
2021-08-29;SX;Sint Maarten (Dutch part);214;3580;5;47;1.3128491620111733
2021-09-05;SX;Sint Maarten (Dutch part);195;3775;9;56;1.4834437086092715
2021-09-12;SX;Sint Maarten (Dutch part);172;3947;1;57;1.444134785913352
2021-09-19;SX;Sint Maarten (Dutch part);106;4053;2;59;1.4557118184061189
2021-09-26;SX;Sint Maarten (Dutch part);125;4178;2;61;1.460028721876496
2021-10-03;SX;Sint Maarten (Dutch part);113;4291;5;66;1.5381030062922396
2021-10-10;SX;Sint Maarten (Dutch part);95;4386;2;68;1.550387596899225
2021-10-17;SX;Sint Maarten (Dutch part);52;4438;2;70;1.5772870662460567
2021-10-24;SX;Sint Maarten (Dutch part);30;4468;5;75;1.6786034019695615
2021-10-31;SX;Sint Maarten (Dutch part);20;4488;0;75;1.6711229946524064
2021-11-07;SX;Sint Maarten (Dutch part);13;4501;0;75;1.6662963785825373
2021-11-14;SX;Sint Maarten (Dutch part);25;4526;0;75;1.657092355280601
2021-11-21;SX;Sint Maarten (Dutch part);28;4554;0;75;1.6469038208168645
2021-11-28;SX;Sint Maarten (Dutch part);19;4573;0;75;1.6400612289525476
2021-12-05;SX;Sint Maarten (Dutch part);20;4593;0;75;1.6329196603527107
2021-12-12;SX;Sint Maarten (Dutch part);31;4624;0;75;1.6219723183391002
2021-12-19;SX;Sint Maarten (Dutch part);40;4664;0;75;1.6080617495711835
2021-12-26;SX;Sint Maarten (Dutch part);84;4748;0;75;1.5796124684077504
2022-01-02;SX;Sint Maarten (Dutch part);449;5197;0;75;1.4431402732345584
2022-01-09;SX;Sint Maarten (Dutch part);916;6113;0;75;1.2268935056437102
2022-01-16;SX;Sint Maarten (Dutch part);2137;8250;0;75;0.9090909090909091
2022-01-23;SX;Sint Maarten (Dutch part);715;8965;2;77;0.8588957055214724
2022-01-30;SX;Sint Maarten (Dutch part);264;9229;2;79;0.855997399501571
2022-02-06;SX;Sint Maarten (Dutch part);144;9373;0;79;0.842846473914435
2022-02-13;SX;Sint Maarten (Dutch part);96;9469;4;83;0.8765445136762066
2022-02-20;SX;Sint Maarten (Dutch part);42;9511;1;84;0.8831878877089685
2022-02-27;SX;Sint Maarten (Dutch part);33;9544;1;85;0.8906119027661358
2022-03-06;SX;Sint Maarten (Dutch part);26;9570;0;85;0.8881922675026124
2022-03-13;SX;Sint Maarten (Dutch part);16;9586;0;85;0.8867097851032756
2022-03-20;SX;Sint Maarten (Dutch part);43;9629;0;85;0.8827500259632362
2022-03-27;SX;Sint Maarten (Dutch part);28;9657;1;86;0.890545718131925
2022-04-03;SX;Sint Maarten (Dutch part);41;9698;0;86;0.8867807795421737
2022-04-10;SX;Sint Maarten (Dutch part);89;9787;0;86;0.8787166649637274
2022-04-17;SX;Sint Maarten (Dutch part);86;9873;0;86;0.8710624936696041
2022-04-24;SX;Sint Maarten (Dutch part);47;9920;0;86;0.8669354838709677
2022-05-01;SX;Sint Maarten (Dutch part);98;10018;0;86;0.8584547813934917
2022-05-08;SX;Sint Maarten (Dutch part);47;10065;0;86;0.8544461003477397
2022-05-15;SX;Sint Maarten (Dutch part);58;10123;0;86;0.8495505284994567
2022-05-22;SX;Sint Maarten (Dutch part);0;10123;0;86;0.8495505284994567
2022-05-29;SX;Sint Maarten (Dutch part);156;10279;0;86;0.8366572623796089
2022-06-05;SX;Sint Maarten (Dutch part);74;10353;0;86;0.830677098425577
2022-06-12;SX;Sint Maarten (Dutch part);81;10434;0;86;0.8242284838029518
2022-06-19;SX;Sint Maarten (Dutch part);74;10508;0;86;0.8184240578606776
2022-06-26;SX;Sint Maarten (Dutch part);0;10508;0;86;0.8184240578606776
2022-07-03;SX;Sint Maarten (Dutch part);72;10580;0;86;0.8128544423440455
2022-07-10;SX;Sint Maarten (Dutch part);21;10601;1;87;0.8206772945948496
2022-07-17;SX;Sint Maarten (Dutch part);0;10601;0;87;0.8206772945948496
2022-07-24;SX;Sint Maarten (Dutch part);55;10656;0;87;0.8164414414414414
2022-07-31;SX;Sint Maarten (Dutch part);85;10741;0;87;0.8099804487477889
2022-08-07;SX;Sint Maarten (Dutch part);24;10765;0;87;0.8081746400371576
2022-08-14;SX;Sint Maarten (Dutch part);0;10765;0;87;0.8081746400371576
2022-08-21;SX;Sint Maarten (Dutch part);44;10809;0;87;0.8048848182070497
2022-08-28;SX;Sint Maarten (Dutch part);0;10809;0;87;0.8048848182070497
2022-09-04;SX;Sint Maarten (Dutch part);27;10836;0;87;0.8028792912513842
2022-09-11;SX;Sint Maarten (Dutch part);11;10847;0;87;0.8020650871208629
2022-09-18;SX;Sint Maarten (Dutch part);8;10855;0;87;0.8014739751266698
2022-09-25;SX;Sint Maarten (Dutch part);0;10855;0;87;0.8014739751266698
2022-10-02;SX;Sint Maarten (Dutch part);8;10863;0;87;0.8008837337752003
2022-10-09;SX;Sint Maarten (Dutch part);2;10865;0;87;0.8007363092498849
2022-10-16;SX;Sint Maarten (Dutch part);11;10876;0;87;0.7999264435454212
2022-10-23;SX;Sint Maarten (Dutch part);32;10908;0;87;0.7975797579757976
2022-10-30;SX;Sint Maarten (Dutch part);14;10922;1;88;0.8057132393334554
2022-11-06;SX;Sint Maarten (Dutch part);9;10931;1;89;0.8141981520446437
2022-11-13;SX;Sint Maarten (Dutch part);0;10931;0;89;0.8141981520446437
2022-11-20;SX;Sint Maarten (Dutch part);12;10943;0;89;0.8133053093301654
2022-11-27;SX;Sint Maarten (Dutch part);6;10949;0;89;0.812859621883277
2022-12-04;SX;Sint Maarten (Dutch part);5;10954;0;89;0.812488588643418
2022-12-11;SX;Sint Maarten (Dutch part);0;10954;0;89;0.812488588643418
2022-12-18;SX;Sint Maarten (Dutch part);10;10964;0;89;0.8117475373951112
2022-12-25;SX;Sint Maarten (Dutch part);24;10988;0;89;0.8099745176556243
2023-01-01;SX;Sint Maarten (Dutch part);4;10992;0;89;0.8096797671033478
2023-01-08;SX;Sint Maarten (Dutch part);0;10992;0;89;0.8096797671033478
2023-01-15;SX;Sint Maarten (Dutch part);13;11005;0;89;0.8087233075874602
2023-01-22;SX;Sint Maarten (Dutch part);5;11010;0;89;0.8083560399636693
2023-01-29;SX;Sint Maarten (Dutch part);0;11010;0;89;0.8083560399636693
2023-02-05;SX;Sint Maarten (Dutch part);4;11014;1;90;0.8171418195024513
2023-02-12;SX;Sint Maarten (Dutch part);2;11016;0;90;0.8169934640522877
2023-02-19;SX;Sint Maarten (Dutch part);0;11016;0;90;0.8169934640522877
2023-02-26;SX;Sint Maarten (Dutch part);4;11020;0;90;0.8166969147005444
2023-03-05;SX;Sint Maarten (Dutch part);0;11020;0;90;0.8166969147005444
2023-03-12;SX;Sint Maarten (Dutch part);3;11023;2;92;0.8346185249024767
2023-03-19;SX;Sint Maarten (Dutch part);3;11026;0;92;0.8343914384182841
2023-03-26;SX;Sint Maarten (Dutch part);3;11029;0;92;0.834164475473751
2023-04-02;SX;Sint Maarten (Dutch part);1;11030;0;92;0.8340888485947415
2023-04-09;SX;Sint Maarten (Dutch part);0;11030;0;92;0.8340888485947415
2023-04-16;SX;Sint Maarten (Dutch part);0;11030;0;92;0.8340888485947415
2023-04-23;SX;Sint Maarten (Dutch part);0;11030;0;92;0.8340888485947415
2023-04-30;SX;Sint Maarten (Dutch part);0;11030;0;92;0.8340888485947415
2023-05-07;SX;Sint Maarten (Dutch part);0;11030;0;92;0.8340888485947415
2023-05-14;SX;Sint Maarten (Dutch part);0;11030;0;92;0.8340888485947415
2023-05-21;SX;Sint Maarten (Dutch part);0;11030;0;92;0.8340888485947415
2023-05-28;SX;Sint Maarten (Dutch part);0;11030;0;92;0.8340888485947415
2023-06-04;SX;Sint Maarten (Dutch part);21;11051;0;92;0.8325038458058095
2023-06-11;SX;Sint Maarten (Dutch part);0;11051;0;92;0.8325038458058095
2023-06-18;SX;Sint Maarten (Dutch part);0;11051;0;92;0.8325038458058095
2023-06-25;SX;Sint Maarten (Dutch part);0;11051;0;92;0.8325038458058095
2023-07-02;SX;Sint Maarten (Dutch part);0;11051;0;92;0.8325038458058095
2023-07-09;SX;Sint Maarten (Dutch part);0;11051;0;92;0.8325038458058095
2023-07-16;SX;Sint Maarten (Dutch part);0;11051;0;92;0.8325038458058095
2023-07-23;SX;Sint Maarten (Dutch part);0;11051;0;92;0.8325038458058095
2023-07-30;SX;Sint Maarten (Dutch part);0;11051;0;92;0.8325038458058095
2023-08-06;SX;Sint Maarten (Dutch part);0;11051;0;92;0.8325038458058095
2023-08-13;SX;Sint Maarten (Dutch part);0;11051;0;92;0.8325038458058095
2023-08-20;SX;Sint Maarten (Dutch part);0;11051;0;92;0.8325038458058095
2023-08-27;SX;Sint Maarten (Dutch part);0;11051;0;92;0.8325038458058095
2023-09-03;SX;Sint Maarten (Dutch part);0;11051;0;92;0.8325038458058095
2023-09-10;SX;Sint Maarten (Dutch part);0;11051;0;92;0.8325038458058095
2023-09-17;SX;Sint Maarten (Dutch part);0;11051;0;92;0.8325038458058095
2023-09-24;SX;Sint Maarten (Dutch part);0;11051;0;92;0.8325038458058095
2023-10-01;SX;Sint Maarten (Dutch part);0;11051;0;92;0.8325038458058095
2023-10-08;SX;Sint Maarten (Dutch part);0;11051;0;92;0.8325038458058095
2023-10-15;SX;Sint Maarten (Dutch part);0;11051;0;92;0.8325038458058095
2023-10-22;SX;Sint Maarten (Dutch part);0;11051;0;92;0.8325038458058095
2023-10-29;SX;Sint Maarten (Dutch part);0;11051;0;92;0.8325038458058095
2023-11-05;SX;Sint Maarten (Dutch part);0;11051;0;92;0.8325038458058095
2023-11-12;SX;Sint Maarten (Dutch part);0;11051;0;92;0.8325038458058095
2023-11-19;SX;Sint Maarten (Dutch part);0;11051;0;92;0.8325038458058095
2023-11-26;SX;Sint Maarten (Dutch part);0;11051;0;92;0.8325038458058095
2023-12-03;SX;Sint Maarten (Dutch part);0;11051;0;92;0.8325038458058095
2023-12-10;SX;Sint Maarten (Dutch part);0;11051;0;92;0.8325038458058095
2023-12-17;SX;Sint Maarten (Dutch part);0;11051;0;92;0.8325038458058095
2023-12-24;SX;Sint Maarten (Dutch part);0;11051;0;92;0.8325038458058095
2023-12-31;SX;Sint Maarten (Dutch part);0;11051;0;92;0.8325038458058095
2024-01-07;SX;Sint Maarten (Dutch part);0;11051;0;92;0.8325038458058095
2024-01-14;SX;Sint Maarten (Dutch part);0;11051;0;92;0.8325038458058095
2024-01-21;SX;Sint Maarten (Dutch part);0;11051;0;92;0.8325038458058095
2020-01-05;SK;Slovakia;0;0;0;0;0.0
2020-01-12;SK;Slovakia;0;0;0;0;0.0
2020-01-19;SK;Slovakia;0;0;0;0;0.0
2020-01-26;SK;Slovakia;0;0;0;0;0.0
2020-02-02;SK;Slovakia;0;0;0;0;0.0
2020-02-09;SK;Slovakia;0;0;0;0;0.0
2020-02-16;SK;Slovakia;0;0;0;0;0.0
2020-02-23;SK;Slovakia;0;0;0;0;0.0
2020-03-01;SK;Slovakia;0;0;0;0;0.0
2020-03-08;SK;Slovakia;3;3;0;0;0.0
2020-03-15;SK;Slovakia;41;44;0;0;0.0
2020-03-22;SK;Slovakia;134;178;0;0;0.0
2020-03-29;SK;Slovakia;136;314;0;0;0.0
2020-04-05;SK;Slovakia;171;485;1;1;0.2061855670103093
2020-04-12;SK;Slovakia;257;742;1;2;0.2695417789757413
2020-04-19;SK;Slovakia;419;1161;10;12;1.03359173126615
2020-04-26;SK;Slovakia;218;1379;6;18;1.305293691080493
2020-05-03;SK;Slovakia;29;1408;6;24;1.7045454545454544
2020-05-10;SK;Slovakia;49;1457;2;26;1.7844886753603295
2020-05-17;SK;Slovakia;37;1494;2;28;1.8741633199464525
2020-05-24;SK;Slovakia;15;1509;0;28;1.8555334658714382
2020-05-31;SK;Slovakia;12;1521;0;28;1.8408941485864563
2020-06-07;SK;Slovakia;7;1528;0;28;1.832460732984293
2020-06-14;SK;Slovakia;20;1548;0;28;1.8087855297157622
2020-06-21;SK;Slovakia;39;1587;0;28;1.7643352236925016
2020-06-28;SK;Slovakia;77;1664;0;28;1.6826923076923077
2020-07-05;SK;Slovakia;100;1764;0;28;1.5873015873015872
2020-07-12;SK;Slovakia;137;1901;0;28;1.4729089952656496
2020-07-19;SK;Slovakia;78;1979;0;28;1.414855987872663
2020-07-26;SK;Slovakia;200;2179;0;28;1.2849931161083066
2020-08-02;SK;Slovakia;165;2344;1;29;1.2372013651877134
2020-08-09;SK;Slovakia;252;2596;2;31;1.1941448382126347
2020-08-16;SK;Slovakia;306;2902;0;31;1.0682288077188147
2020-08-23;SK;Slovakia;454;3356;2;33;0.9833134684147794
2020-08-30;SK;Slovakia;520;3876;0;33;0.8513931888544891
2020-09-06;SK;Slovakia;738;4614;4;37;0.8019072388383182
2020-09-13;SK;Slovakia;918;5532;1;38;0.6869125090383225
2020-09-20;SK;Slovakia;1145;6677;1;39;0.5840946532874045
2020-09-27;SK;Slovakia;2401;9078;5;44;0.4846882573254021
2020-10-04;SK;Slovakia;4061;13139;11;55;0.418601111195677
2020-10-11;SK;Slovakia;6712;19851;6;61;0.3072893053246688
2020-10-18;SK;Slovakia;9984;29835;27;88;0.2949555890732361
2020-10-25;SK;Slovakia;14008;43843;71;159;0.3626576648495769
2020-11-01;SK;Slovakia;16103;59946;60;219;0.3653287959163247
2020-11-08;SK;Slovakia;15549;75495;132;351;0.4649314524140672
2020-11-15;SK;Slovakia;11272;86767;159;510;0.5877810688395357
2020-11-22;SK;Slovakia;9474;96241;161;671;0.6972080506229154
2020-11-29;SK;Slovakia;9492;105733;145;816;0.7717552703507893
2020-12-06;SK;Slovakia;10998;116731;180;996;0.8532437827141033
2020-12-13;SK;Slovakia;16253;132984;179;1175;0.8835649401431752
2020-12-20;SK;Slovakia;18352;151336;380;1555;1.0275149336575566
2020-12-27;SK;Slovakia;16187;167523;218;1773;1.058362135348579
2021-01-03;SK;Slovakia;19940;187463;544;2317;1.2359772328406138
2021-01-10;SK;Slovakia;20746;208209;601;2918;1.4014764011161862
2021-01-17;SK;Slovakia;15116;223325;556;3474;1.5555804321056754
2021-01-24;SK;Slovakia;13151;236476;594;4068;1.7202591383480774
2021-01-31;SK;Slovakia;13437;249913;574;4642;1.8574463913441877
2021-02-07;SK;Slovakia;13413;263326;557;5199;1.974358779611584
2021-02-14;SK;Slovakia;14356;277682;686;5885;2.119330745240959
2021-02-21;SK;Slovakia;14461;292143;620;6505;2.2266492779221134
2021-02-28;SK;Slovakia;15940;308083;684;7189;2.3334620865156466
2021-03-07;SK;Slovakia;15307;323390;647;7836;2.4230804910479606
2021-03-14;SK;Slovakia;14113;337503;692;8528;2.526792354438331
2021-03-21;SK;Slovakia;11366;348869;516;9044;2.5923770813686513
2021-03-28;SK;Slovakia;9041;357910;452;9496;2.6531809672822777
2021-04-04;SK;Slovakia;7332;365242;529;10025;2.7447555319486807
2021-04-11;SK;Slovakia;5820;371062;540;10565;2.8472330769520995
2021-04-18;SK;Slovakia;4912;375974;541;11106;2.9539276652108923
2021-04-25;SK;Slovakia;3937;379911;389;11495;3.0257086528160544
2021-05-02;SK;Slovakia;3187;383098;271;11766;3.0712768012362375
2021-05-09;SK;Slovakia;2377;385475;253;12019;3.1179713340683572
2021-05-16;SK;Slovakia;2048;387523;205;12224;3.154393416648818
2021-05-23;SK;Slovakia;1312;388835;68;12292;3.1612380572736507
2021-05-30;SK;Slovakia;855;389690;47;12339;3.1663630064923396
2021-06-06;SK;Slovakia;746;390436;65;12404;3.176961140878402
2021-06-13;SK;Slovakia;590;391026;35;12439;3.181118391104428
2021-06-20;SK;Slovakia;299;391325;53;12492;3.192231521114163
2021-06-27;SK;Slovakia;226;391551;13;12505;3.193709120906344
2021-07-04;SK;Slovakia;166;391717;8;12513;3.1943979965127887
2021-07-11;SK;Slovakia;201;391918;6;12519;3.1942906424303046
2021-07-18;SK;Slovakia;182;392100;5;12524;3.1940831420555984
2021-07-25;SK;Slovakia;248;392348;10;12534;3.1946129456502903
2021-08-01;SK;Slovakia;356;392704;6;12540;3.193244784876141
2021-08-08;SK;Slovakia;336;393040;1;12541;3.1907693873397114
2021-08-15;SK;Slovakia;489;393529;3;12544;3.187566862924969
2021-08-22;SK;Slovakia;553;394082;3;12547;3.183855136748189
2021-08-29;SK;Slovakia;660;394742;1;12548;3.1787851305409607
2021-09-05;SK;Slovakia;1338;396080;1;12549;3.168299333467986
2021-09-12;SK;Slovakia;2610;398690;9;12558;3.1498156462414406
2021-09-19;SK;Slovakia;4118;402808;11;12569;3.1203451768584536
2021-09-26;SK;Slovakia;5680;408488;27;12596;3.0835667143220853
2021-10-03;SK;Slovakia;7505;415993;72;12668;3.04524354977127
2021-10-10;SK;Slovakia;9576;425569;63;12731;2.9915242886582436
2021-10-17;SK;Slovakia;11815;437384;115;12846;2.9370072979349953
2021-10-24;SK;Slovakia;19054;456438;57;12903;2.8268899609585527
2021-10-31;SK;Slovakia;27335;483773;131;13034;2.6942388268878172
2021-11-07;SK;Slovakia;34862;518635;195;13229;2.550734138652424
2021-11-14;SK;Slovakia;41465;560100;308;13537;2.4168898410998034
2021-11-21;SK;Slovakia;50040;610140;324;13861;2.271773691283968
2021-11-28;SK;Slovakia;57821;667961;413;14274;2.136951109421059
2021-12-05;SK;Slovakia;61514;729475;552;14826;2.0324205764419614
2021-12-12;SK;Slovakia;45382;774857;528;15354;1.9815269139983247
2021-12-19;SK;Slovakia;31258;806115;660;16014;1.9865651923112706
2021-12-26;SK;Slovakia;19514;825629;384;16398;1.9861220960019572
2022-01-02;SK;Slovakia;18980;844609;303;16701;1.9773646740681192
2022-01-09;SK;Slovakia;18353;862962;261;16962;1.9655558413927843
2022-01-16;SK;Slovakia;16694;879656;338;17300;1.966677883172513
2022-01-23;SK;Slovakia;38262;917918;343;17643;1.9220671127486333
2022-01-30;SK;Slovakia;82427;1000345;174;17817;1.7810855254937048
2022-02-06;SK;Slovakia;116710;1117055;141;17958;1.6076200366141329
2022-02-13;SK;Slovakia;124066;1241121;137;18095;1.457956154154188
2022-02-20;SK;Slovakia;113227;1354348;145;18240;1.346773502822022
2022-02-27;SK;Slovakia;87846;1442194;213;18453;1.2795088594183583
2022-03-06;SK;Slovakia;67300;1509494;234;18687;1.2379645099616163
2022-03-13;SK;Slovakia;63617;1573111;231;18918;1.202585195831699
2022-03-20;SK;Slovakia;61558;1634669;192;19110;1.1690440082977043
2022-03-27;SK;Slovakia;52756;1687425;160;19270;1.1419766804450568
2022-04-03;SK;Slovakia;38062;1725487;147;19417;1.1253054934635844
2022-04-10;SK;Slovakia;25054;1750541;156;19573;1.1181114866775472
2022-04-17;SK;Slovakia;13454;1763995;168;19741;1.1191074804633798
2022-04-24;SK;Slovakia;10813;1774808;98;19839;1.1178110533646457
2022-05-01;SK;Slovakia;6884;1781692;78;19917;1.1178699797720368
2022-05-08;SK;Slovakia;3441;1785133;61;19978;1.1191322999462785
2022-05-15;SK;Slovakia;1960;1787093;63;20041;1.1214301661972823
2022-05-22;SK;Slovakia;1359;1788452;39;20080;1.1227586762183162
2022-05-29;SK;Slovakia;985;1789437;17;20097;1.1230906704175672
2022-06-05;SK;Slovakia;791;1790228;7;20104;1.1229854521323541
2022-06-12;SK;Slovakia;964;1791192;12;20116;1.1230510185396094
2022-06-19;SK;Slovakia;1125;1792317;17;20133;1.1232945957662623
2022-06-26;SK;Slovakia;1994;1794311;9;20142;1.1225478749224633
2022-07-03;SK;Slovakia;3094;1797405;9;20151;1.1211162759645155
2022-07-10;SK;Slovakia;3633;1801038;9;20160;1.1193545055684555
2022-07-17;SK;Slovakia;5052;1806090;12;20172;1.116887862731093
2022-07-24;SK;Slovakia;5960;1812050;25;20197;1.1145939681576116
2022-07-31;SK;Slovakia;5729;1817779;26;20223;1.1125114769177111
2022-08-07;SK;Slovakia;5480;1823259;36;20259;1.1111421909887735
2022-08-14;SK;Slovakia;4452;1827711;44;20303;1.1108430162098932
2022-08-21;SK;Slovakia;3341;1831052;30;20333;1.1104545365178051
2022-08-28;SK;Slovakia;2639;1833691;15;20348;1.109674421699185
2022-09-04;SK;Slovakia;1586;1835277;15;20363;1.1095327844243674
2022-09-11;SK;Slovakia;1946;1837223;39;20402;1.110480328190971
2022-09-18;SK;Slovakia;1933;1839156;34;20436;1.1111618590266406
2022-09-25;SK;Slovakia;2346;1841502;12;20448;1.110397925171952
2022-10-02;SK;Slovakia;2898;1844400;13;20461;1.1093580568206463
2022-10-09;SK;Slovakia;2846;1847246;17;20478;1.108569188943974
2022-10-16;SK;Slovakia;2281;1849527;33;20511;1.108986243509827
2022-10-23;SK;Slovakia;1756;1851283;46;20557;1.1104190985386893
2022-10-30;SK;Slovakia;1269;1852552;44;20601;1.1120335623507465
2022-11-06;SK;Slovakia;997;1853549;34;20635;1.1132697328206593
2022-11-13;SK;Slovakia;822;1854371;41;20676;1.114987238260305
2022-11-20;SK;Slovakia;628;1854999;35;20711;1.1164965587582527
2022-11-27;SK;Slovakia;665;1855664;18;20729;1.117066451685219
2022-12-04;SK;Slovakia;713;1856377;12;20741;1.1172838275845909
2022-12-11;SK;Slovakia;812;1857189;20;20761;1.117872225174713
2022-12-18;SK;Slovakia;779;1857968;22;20783;1.118587618301284
2022-12-25;SK;Slovakia;719;1858687;20;20803;1.1192309409814563
2023-01-01;SK;Slovakia;549;1859236;20;20823;1.1199761622515914
2023-01-08;SK;Slovakia;456;1859692;22;20845;1.120884533567924
2023-01-15;SK;Slovakia;417;1860109;30;20875;1.1222460619243282
2023-01-22;SK;Slovakia;330;1860439;31;20906;1.1237132741250855
2023-01-29;SK;Slovakia;311;1860750;32;20938;1.1252451968292354
2023-02-05;SK;Slovakia;362;1861112;23;20961;1.1262621486509141
2023-02-12;SK;Slovakia;473;1861585;19;20980;1.1269966184729678
2023-02-19;SK;Slovakia;555;1862140;16;20996;1.127519950164864
2023-02-26;SK;Slovakia;620;1862760;21;21017;1.1282720264553674
2023-03-05;SK;Slovakia;638;1863398;13;21030;1.1285833729562873
2023-03-12;SK;Slovakia;722;1864120;12;21042;1.1287899920605968
2023-03-19;SK;Slovakia;511;1864631;21;21063;1.129606876642081
2023-03-26;SK;Slovakia;424;1865055;20;21083;1.130422427220645
2023-04-02;SK;Slovakia;442;1865497;27;21110;1.131601926993182
2023-04-09;SK;Slovakia;312;1865809;11;21121;1.1320022574657962
2023-04-16;SK;Slovakia;262;1866071;23;21144;1.1330758583140725
2023-04-23;SK;Slovakia;237;1866308;20;21164;1.1340036049783853
2023-04-30;SK;Slovakia;4;1866312;3;21167;1.1341619193361023
2023-05-07;SK;Slovakia;158;1866470;0;21167;1.1340659105155722
2023-05-14;SK;Slovakia;177;1866647;0;21167;1.1339583756328862
2023-05-21;SK;Slovakia;98;1866745;0;21167;1.1338988453163126
2023-05-28;SK;Slovakia;69;1866814;0;21167;1.1338569348633554
2023-06-04;SK;Slovakia;43;1866857;0;21167;1.1338308183219177
2023-06-11;SK;Slovakia;0;1866857;0;21167;1.1338308183219177
2023-06-18;SK;Slovakia;0;1866857;0;21167;1.1338308183219177
2023-06-25;SK;Slovakia;0;1866857;0;21167;1.1338308183219177
2023-07-02;SK;Slovakia;0;1866857;0;21167;1.1338308183219177
2023-07-09;SK;Slovakia;0;1866857;0;21167;1.1338308183219177
2023-07-16;SK;Slovakia;0;1866857;0;21167;1.1338308183219177
2023-07-23;SK;Slovakia;30;1866887;0;21167;1.1338125981915348
2023-07-30;SK;Slovakia;11;1866898;0;21167;1.1338059176237802
2023-08-06;SK;Slovakia;10;1866908;0;21167;1.1337998444486819
2023-08-13;SK;Slovakia;182;1867090;0;21167;1.1336893240283008
2023-08-20;SK;Slovakia;27;1867117;0;21167;1.1336729299770716
2023-08-27;SK;Slovakia;31;1867148;0;21167;1.1336541077622129
2023-09-03;SK;Slovakia;54;1867202;0;21167;1.1336213221708202
2023-09-10;SK;Slovakia;39;1867241;0;21167;1.133597644867481
2023-09-17;SK;Slovakia;82;1867323;0;21167;1.1335478650453081
2023-09-24;SK;Slovakia;98;1867421;0;21167;1.1334883778216054
2023-10-01;SK;Slovakia;104;1867525;0;21167;1.133425255351334
2023-10-08;SK;Slovakia;122;1867647;0;21167;1.1333512167984636
2023-10-15;SK;Slovakia;152;1867799;0;21167;1.133258985576071
2023-10-22;SK;Slovakia;134;1867933;0;21167;1.1331776889213905
2023-10-29;SK;Slovakia;178;1868111;0;21167;1.1330697158787673
2023-11-05;SK;Slovakia;481;1868592;6;21173;1.1330991463090927
2023-11-12;SK;Slovakia;509;1869101;3;21176;1.1329510818302488
2023-11-19;SK;Slovakia;489;1869590;4;21180;1.1328687038334608
2023-11-26;SK;Slovakia;669;1870259;2;21182;1.132570408697405
2023-12-03;SK;Slovakia;840;1871099;3;21185;1.1322222928877628
2023-12-10;SK;Slovakia;1113;1872212;6;21191;1.131869681424967
2023-12-17;SK;Slovakia;1274;1873486;6;21197;1.1314202508051836
2023-12-24;SK;Slovakia;1317;1874803;4;21201;1.130838813464668
2023-12-31;SK;Slovakia;726;1875529;6;21207;1.1307209859191727
2024-01-07;SK;Slovakia;505;1876034;5;21212;1.1306831326084708
2024-01-14;SK;Slovakia;412;1876446;5;21217;1.1307013364626533
2024-01-21;SK;Slovakia;380;1876826;0;21217;1.1304724039415481
2020-01-05;SI;Slovenia;0;0;0;0;0.0
2020-01-12;SI;Slovenia;0;0;0;0;0.0
2020-01-19;SI;Slovenia;0;0;0;0;0.0
2020-01-26;SI;Slovenia;0;0;0;0;0.0
2020-02-02;SI;Slovenia;0;0;0;0;0.0
2020-02-09;SI;Slovenia;0;0;0;0;0.0
2020-02-16;SI;Slovenia;0;0;0;0;0.0
2020-02-23;SI;Slovenia;0;0;0;0;0.0
2020-03-01;SI;Slovenia;0;0;0;0;0.0
2020-03-08;SI;Slovenia;20;20;0;0;0.0
2020-03-15;SI;Slovenia;230;250;1;1;0.4
2020-03-22;SI;Slovenia;192;442;1;2;0.4524886877828055
2020-03-29;SI;Slovenia;315;757;11;13;1.7173051519154559
2020-04-05;SI;Slovenia;264;1021;20;33;3.232125367286973
2020-04-12;SI;Slovenia;192;1213;28;61;5.028854080791426
2020-04-19;SI;Slovenia;123;1336;22;83;6.212574850299401
2020-04-26;SI;Slovenia;67;1403;7;90;6.414825374198147
2020-05-03;SI;Slovenia;36;1439;15;105;7.29673384294649
2020-05-10;SI;Slovenia;21;1460;5;110;7.534246575342466
2020-05-17;SI;Slovenia;6;1466;1;111;7.571623465211459
2020-05-24;SI;Slovenia;3;1469;2;113;7.6923076923076925
2020-05-31;SI;Slovenia;4;1473;0;113;7.671418873048201
2020-06-07;SI;Slovenia;12;1485;1;114;7.6767676767676765
2020-06-14;SI;Slovenia;11;1496;0;114;7.620320855614973
2020-06-21;SI;Slovenia;25;1521;0;114;7.495069033530571
2020-06-28;SI;Slovenia;63;1584;0;114;7.196969696969697
2020-07-05;SI;Slovenia;132;1716;0;114;6.643356643356643
2020-07-12;SI;Slovenia;134;1850;0;114;6.162162162162162
2020-07-19;SI;Slovenia;104;1954;1;115;5.885363357215967
2020-07-26;SI;Slovenia;134;2088;4;119;5.699233716475096
2020-08-02;SI;Slovenia;94;2182;5;124;5.682859761686526
2020-08-09;SI;Slovenia;74;2256;6;130;5.76241134751773
2020-08-16;SI;Slovenia;174;2430;1;131;5.390946502057614
2020-08-23;SI;Slovenia;236;2666;2;133;4.988747186796699
2020-08-30;SI;Slovenia;218;2884;0;133;4.611650485436893
2020-09-06;SI;Slovenia;307;3191;1;134;4.1993105609526795
2020-09-13;SI;Slovenia;559;3750;3;137;3.6533333333333333
2020-09-20;SI;Slovenia;721;4471;8;145;3.243122343994632
2020-09-27;SI;Slovenia;919;5390;10;155;2.87569573283859
2020-10-04;SI;Slovenia;1186;6576;7;162;2.4635036496350367
2020-10-11;SI;Slovenia;2258;8834;17;179;2.026262168892914
2020-10-18;SI;Slovenia;4852;13686;34;213;1.5563349408154319
2020-10-25;SI;Slovenia;10427;24113;76;289;1.1985236179654128
2020-11-01;SI;Slovenia;12106;36219;153;442;1.2203539578674176
2020-11-08;SI;Slovenia;9437;45656;204;646;1.4149290345190118
2020-11-15;SI;Slovenia;9927;55583;270;916;1.647985894967886
2020-11-22;SI;Slovenia;10215;65798;291;1207;1.834402261466914
2020-11-29;SI;Slovenia;10073;75871;362;1569;2.067983814632732
2020-12-06;SI;Slovenia;10459;86330;404;1973;2.285416425344608
2020-12-13;SI;Slovenia;10455;96785;353;2326;2.4032649687451566
2020-12-20;SI;Slovenia;9517;106302;298;2624;2.46843897574834
2020-12-27;SI;Slovenia;9109;115411;257;2881;2.4962958470163157
2021-01-03;SI;Slovenia;10550;125961;248;3129;2.4841022221163693
2021-01-10;SI;Slovenia;13866;139827;201;3330;2.3815142998133405
2021-01-17;SI;Slovenia;9749;149576;191;3521;2.3539872706851366
2021-01-24;SI;Slovenia;8703;158279;187;3708;2.3426986523796587
2021-01-31;SI;Slovenia;8642;166921;149;3857;2.310673911610882
2021-02-07;SI;Slovenia;7100;174021;119;3976;2.284781721746226
2021-02-14;SI;Slovenia;5716;179737;91;4067;2.2627505744504472
2021-02-21;SI;Slovenia;5261;184998;41;4108;2.2205645466437476
2021-02-28;SI;Slovenia;5427;190425;66;4174;2.1919390836287254
2021-03-07;SI;Slovenia;5370;195795;38;4212;2.151229602390255
2021-03-14;SI;Slovenia;4876;200671;46;4258;2.1218810889465844
2021-03-21;SI;Slovenia;5797;206468;49;4307;2.0860375457698046
2021-03-28;SI;Slovenia;6659;213127;53;4360;2.0457286031333433
2021-04-04;SI;Slovenia;7472;220599;61;4421;2.004088867129951
2021-04-11;SI;Slovenia;6378;226977;44;4465;1.9671596681602102
2021-04-18;SI;Slovenia;5523;232500;46;4511;1.9402150537634408
2021-04-25;SI;Slovenia;4851;237351;55;4566;1.9237332052529799
2021-05-02;SI;Slovenia;4680;242031;52;4618;1.9080200470187703
2021-05-09;SI;Slovenia;4280;246311;31;4649;1.88745123035512
2021-05-16;SI;Slovenia;3196;249507;29;4678;1.874897297470612
2021-05-23;SI;Slovenia;2351;251858;19;4697;1.8649397676468487
2021-05-30;SI;Slovenia;1955;253813;19;4716;1.8580608558269276
2021-06-06;SI;Slovenia;1711;255524;14;4730;1.8510981355958738
2021-06-13;SI;Slovenia;1033;256557;20;4750;1.8514404206472637
2021-06-20;SI;Slovenia;532;257089;9;4759;1.8511099269124702
2021-06-27;SI;Slovenia;251;257340;6;4765;1.8516359679801042
2021-07-04;SI;Slovenia;177;257517;1;4766;1.8507516008651854
2021-07-11;SI;Slovenia;387;257904;8;4774;1.8510763695018302
2021-07-18;SI;Slovenia;377;258281;0;4774;1.848374444887545
2021-07-25;SI;Slovenia;473;258754;1;4775;1.8453821003733277
2021-08-01;SI;Slovenia;631;259385;1;4776;1.841278408543285
2021-08-08;SI;Slovenia;849;260234;1;4777;1.8356556022656532
2021-08-15;SI;Slovenia;1333;261567;0;4777;1.8263007183627906
2021-08-22;SI;Slovenia;2173;263740;9;4786;1.8146659588989156
2021-08-29;SI;Slovenia;3001;266741;10;4796;1.7979988078323166
2021-09-05;SI;Slovenia;3889;270630;8;4804;1.7751173188486125
2021-09-12;SI;Slovenia;5927;276557;21;4825;1.7446674645733067
2021-09-19;SI;Slovenia;7321;283878;36;4861;1.712355307561699
2021-09-26;SI;Slovenia;6190;290068;45;4906;1.691327550781196
2021-10-03;SI;Slovenia;6135;296203;54;4960;1.674527266773125
2021-10-10;SI;Slovenia;5560;301763;50;5010;1.6602433035196495
2021-10-17;SI;Slovenia;6855;308618;35;5045;1.6347069840385202
2021-10-24;SI;Slovenia;12129;320747;52;5097;1.5891029378295043
2021-10-31;SI;Slovenia;16496;337243;75;5172;1.533612261781564
2021-11-07;SI;Slovenia;20173;357416;104;5276;1.476151039684849
2021-11-14;SI;Slovenia;22694;380110;128;5404;1.4216937202388782
2021-11-21;SI;Slovenia;22116;402226;142;5546;1.378826828698294
2021-11-28;SI;Slovenia;16328;418554;148;5694;1.3603979414842529
2021-12-05;SI;Slovenia;12407;430961;135;5829;1.3525585841874324
2021-12-12;SI;Slovenia;9762;440723;114;5943;1.3484660432970368
2021-12-19;SI;Slovenia;8517;449240;85;6028;1.3418217433888344
2021-12-26;SI;Slovenia;7602;456842;61;6089;1.3328459292271726
2022-01-02;SI;Slovenia;10794;467636;64;6153;1.315766964048961
2022-01-09;SI;Slovenia;25801;493437;57;6210;1.2585193246554272
2022-01-16;SI;Slovenia;45033;538470;51;6261;1.162738871246309
2022-01-23;SI;Slovenia;73730;612200;84;6345;1.0364260045736686
2022-01-30;SI;Slovenia;98826;711026;119;6464;0.9091088089605724
2022-02-06;SI;Slovenia;89441;800467;173;6637;0.8291409889477017
2022-02-13;SI;Slovenia;51552;852019;167;6804;0.7985737407264392
2022-02-20;SI;Slovenia;28450;880469;185;6989;0.7937814959981556
2022-02-27;SI;Slovenia;12487;892956;151;7140;0.7995914692325267
2022-03-06;SI;Slovenia;11796;904752;101;7241;0.8003298141369127
2022-03-13;SI;Slovenia;14385;919137;80;7321;0.7965080287269471
2022-03-20;SI;Slovenia;19377;938514;64;7385;0.7868822415009259
2022-03-27;SI;Slovenia;19975;958489;50;7435;0.775700086281637
2022-04-03;SI;Slovenia;17024;975513;60;7495;0.7683136975109506
2022-04-10;SI;Slovenia;12973;988486;56;7551;0.7638954927029822
2022-04-17;SI;Slovenia;9487;997973;51;7602;0.7617440551998902
2022-04-24;SI;Slovenia;6980;1004953;55;7657;0.7619261796322813
2022-05-01;SI;Slovenia;5976;1010929;40;7697;0.7613788901099879
2022-05-08;SI;Slovenia;5157;1016086;42;7739;0.76164812820962
2022-05-15;SI;Slovenia;3804;1019890;31;7770;0.7618468658384727
2022-05-22;SI;Slovenia;2754;1022644;18;7788;0.7615553408615315
2022-05-29;SI;Slovenia;2024;1024668;11;7799;0.761124578887991
2022-06-05;SI;Slovenia;1735;1026403;13;7812;0.7611045563974383
2022-06-12;SI;Slovenia;2006;1028409;9;7821;0.7604950948503951
2022-06-19;SI;Slovenia;2853;1031262;7;7828;0.7590699550647653
2022-06-26;SI;Slovenia;4205;1035467;4;7832;0.7563736941882262
2022-07-03;SI;Slovenia;6062;1041529;11;7843;0.7530275201170586
2022-07-10;SI;Slovenia;8766;1050295;20;7863;0.7486468087537311
2022-07-17;SI;Slovenia;10756;1061051;24;7887;0.7433195953823143
2022-07-24;SI;Slovenia;11499;1072550;53;7940;0.7402918278868118
2022-07-31;SI;Slovenia;11465;1084015;47;7987;0.7367979225379723
2022-08-07;SI;Slovenia;10282;1094297;50;8037;0.7344441225736705
2022-08-14;SI;Slovenia;9878;1104175;51;8088;0.732492584961623
2022-08-21;SI;Slovenia;9473;1113648;34;8122;0.729314828383834
2022-08-28;SI;Slovenia;9414;1123062;41;8163;0.7268521239254823
2022-09-04;SI;Slovenia;8906;1131968;28;8191;0.723607027760502
2022-09-11;SI;Slovenia;11450;1143418;23;8214;0.7183724587158852
2022-09-18;SI;Slovenia;14454;1157872;33;8247;0.7122548951870328
2022-09-25;SI;Slovenia;14000;1171872;21;8268;0.7055378061767839
2022-10-02;SI;Slovenia;15885;1187757;37;8305;0.6992170957527508
2022-10-09;SI;Slovenia;15708;1203465;49;8354;0.6941622731030815
2022-10-16;SI;Slovenia;12986;1216451;49;8403;0.6907799820954564
2022-10-23;SI;Slovenia;9803;1226254;49;8452;0.6892536130361246
2022-10-30;SI;Slovenia;7447;1233701;34;8486;0.6878490006897944
2022-11-06;SI;Slovenia;4567;1238268;33;8519;0.6879770776600864
2022-11-13;SI;Slovenia;4362;1242630;22;8541;0.6873325124936627
2022-11-20;SI;Slovenia;5422;1248052;22;8563;0.6861092326281276
2022-11-27;SI;Slovenia;6877;1254929;27;8590;0.6845008761451843
2022-12-04;SI;Slovenia;9278;1264207;34;8624;0.6821667654110442
2022-12-11;SI;Slovenia;12161;1276368;41;8665;0.6788794454263974
2022-12-18;SI;Slovenia;12766;1289134;61;8726;0.6768885158563811
2022-12-25;SI;Slovenia;11669;1300803;75;8801;0.6765820804533815
2023-01-01;SI;Slovenia;7698;1308501;70;8871;0.677951335153737
2023-01-08;SI;Slovenia;5940;1314441;71;8942;0.6802891875709902
2023-01-15;SI;Slovenia;3281;1317722;52;8994;0.6825415375929065
2023-01-22;SI;Slovenia;2025;1319747;50;9044;0.6852828610332132
2023-01-29;SI;Slovenia;1621;1321368;32;9076;0.6868639167892668
2023-02-05;SI;Slovenia;1384;1322752;11;9087;0.6869768482678537
2023-02-12;SI;Slovenia;1238;1323990;18;9105;0.6876940158158295
2023-02-19;SI;Slovenia;1653;1325643;18;9123;0.6881943328633727
2023-02-26;SI;Slovenia;2046;1327689;25;9148;0.6890167802851421
2023-03-05;SI;Slovenia;2355;1330044;13;9161;0.6887742059661185
2023-03-12;SI;Slovenia;2843;1332887;16;9177;0.6885054772084955
2023-03-19;SI;Slovenia;2888;1335775;23;9200;0.6887387471692463
2023-03-26;SI;Slovenia;3044;1338819;27;9227;0.689189502091022
2023-04-02;SI;Slovenia;2432;1341251;17;9244;0.6892073146636983
2023-04-09;SI;Slovenia;939;1342190;32;9276;0.6911093064320253
2023-04-16;SI;Slovenia;559;1342749;20;9296;0.6923110722852893
2023-04-23;SI;Slovenia;456;1343205;23;9319;0.693788364397095
2023-04-30;SI;Slovenia;309;1343514;20;9339;0.6951174308566936
2023-05-07;SI;Slovenia;201;1343715;20;9359;0.6965018623740897
2023-05-14;SI;Slovenia;182;1343897;18;9377;0.6977469255456333
2023-05-21;SI;Slovenia;182;1344079;7;9384;0.6981732472570437
2023-05-28;SI;Slovenia;191;1344270;9;9393;0.6987435559820572
2023-06-04;SI;Slovenia;110;1344380;6;9399;0.6991326856989839
2023-06-11;SI;Slovenia;85;1344465;7;9406;0.699609138207391
2023-06-18;SI;Slovenia;61;1344526;6;9412;0.7000236514578372
2023-06-25;SI;Slovenia;36;1344562;10;9422;0.7007486452837429
2023-07-02;SI;Slovenia;20;1344582;2;9424;0.7008869671020437
2023-07-09;SI;Slovenia;27;1344609;2;9426;0.7010216352857969
2023-07-16;SI;Slovenia;6;1344615;3;9429;0.7012416193482892
2023-07-23;SI;Slovenia;24;1344639;1;9430;0.7013034725305454
2023-07-30;SI;Slovenia;16;1344655;1;9431;0.7013694962648411
2023-08-06;SI;Slovenia;24;1344679;2;9433;0.7015057125157751
2023-08-13;SI;Slovenia;29;1344708;1;9434;0.7015649494165276
2023-08-20;SI;Slovenia;61;1344769;3;9437;0.7017562124052533
2023-08-27;SI;Slovenia;74;1344843;0;9437;0.7017175982623994
2023-09-03;SI;Slovenia;92;1344935;3;9440;0.7018926565224342
2023-09-10;SI;Slovenia;118;1345053;2;9442;0.7019797732877441
2023-09-17;SI;Slovenia;152;1345205;7;9449;0.7024208206184187
2023-09-24;SI;Slovenia;223;1345428;4;9453;0.7026016999794861
2023-10-01;SI;Slovenia;348;1345776;7;9460;0.7029401624044418
2023-10-08;SI;Slovenia;399;1346175;9;9469;0.7034003751369622
2023-10-15;SI;Slovenia;487;1346662;14;9483;0.70418560856399
2023-10-22;SI;Slovenia;402;1347064;4;9487;0.7042724027960068
2023-10-29;SI;Slovenia;0;1347064;0;9487;0.7042724027960068
2023-11-05;SI;Slovenia;434;1347498;23;9510;0.7057524389646589
2023-11-12;SI;Slovenia;489;1347987;26;9536;0.707425219976157
2023-11-19;SI;Slovenia;737;1348724;29;9565;0.7091888332972499
2023-11-26;SI;Slovenia;843;1349567;44;9609;0.7120061471568289
2023-12-03;SI;Slovenia;1093;1350660;49;9658;0.7150578235825448
2023-12-10;SI;Slovenia;1139;1351799;47;9705;0.7179321777867864
2023-12-17;SI;Slovenia;1102;1352901;52;9757;0.7211909814539276
2023-12-24;SI;Slovenia;856;1353757;49;9806;0.7243545185731265
2023-12-31;SI;Slovenia;645;1354402;52;9858;0.7278488956749916
2024-01-07;SI;Slovenia;446;1354848;38;9896;0.7304140390656368
2024-01-14;SI;Slovenia;262;1355110;35;9931;0.7328556353358767
2024-01-21;SI;Slovenia;184;1355294;3;9934;0.7329774941820741
2020-01-05;SB;Solomon Islands;0;0;0;0;0.0
2020-01-12;SB;Solomon Islands;0;0;0;0;0.0
2020-01-19;SB;Solomon Islands;0;0;0;0;0.0
2020-01-26;SB;Solomon Islands;0;0;0;0;0.0
2020-02-02;SB;Solomon Islands;0;0;0;0;0.0
2020-02-09;SB;Solomon Islands;0;0;0;0;0.0
2020-02-16;SB;Solomon Islands;0;0;0;0;0.0
2020-02-23;SB;Solomon Islands;0;0;0;0;0.0
2020-03-01;SB;Solomon Islands;0;0;0;0;0.0
2020-03-08;SB;Solomon Islands;0;0;0;0;0.0
2020-03-15;SB;Solomon Islands;0;0;0;0;0.0
2020-03-22;SB;Solomon Islands;0;0;0;0;0.0
2020-03-29;SB;Solomon Islands;0;0;0;0;0.0
2020-04-05;SB;Solomon Islands;0;0;0;0;0.0
2020-04-12;SB;Solomon Islands;0;0;0;0;0.0
2020-04-19;SB;Solomon Islands;0;0;0;0;0.0
2020-04-26;SB;Solomon Islands;0;0;0;0;0.0
2020-05-03;SB;Solomon Islands;0;0;0;0;0.0
2020-05-10;SB;Solomon Islands;0;0;0;0;0.0
2020-05-17;SB;Solomon Islands;0;0;0;0;0.0
2020-05-24;SB;Solomon Islands;0;0;0;0;0.0
2020-05-31;SB;Solomon Islands;0;0;0;0;0.0
2020-06-07;SB;Solomon Islands;0;0;0;0;0.0
2020-06-14;SB;Solomon Islands;0;0;0;0;0.0
2020-06-21;SB;Solomon Islands;0;0;0;0;0.0
2020-06-28;SB;Solomon Islands;0;0;0;0;0.0
2020-07-05;SB;Solomon Islands;0;0;0;0;0.0
2020-07-12;SB;Solomon Islands;0;0;0;0;0.0
2020-07-19;SB;Solomon Islands;0;0;0;0;0.0
2020-07-26;SB;Solomon Islands;0;0;0;0;0.0
2020-08-02;SB;Solomon Islands;0;0;0;0;0.0
2020-08-09;SB;Solomon Islands;0;0;0;0;0.0
2020-08-16;SB;Solomon Islands;0;0;0;0;0.0
2020-08-23;SB;Solomon Islands;0;0;0;0;0.0
2020-08-30;SB;Solomon Islands;0;0;0;0;0.0
2020-09-06;SB;Solomon Islands;0;0;0;0;0.0
2020-09-13;SB;Solomon Islands;0;0;0;0;0.0
2020-09-20;SB;Solomon Islands;0;0;0;0;0.0
2020-09-27;SB;Solomon Islands;0;0;0;0;0.0
2020-10-04;SB;Solomon Islands;1;1;0;0;0.0
2020-10-11;SB;Solomon Islands;0;1;0;0;0.0
2020-10-18;SB;Solomon Islands;2;3;0;0;0.0
2020-10-25;SB;Solomon Islands;1;4;0;0;0.0
2020-11-01;SB;Solomon Islands;4;8;0;0;0.0
2020-11-08;SB;Solomon Islands;5;13;0;0;0.0
2020-11-15;SB;Solomon Islands;3;16;0;0;0.0
2020-11-22;SB;Solomon Islands;0;16;0;0;0.0
2020-11-29;SB;Solomon Islands;1;17;0;0;0.0
2020-12-06;SB;Solomon Islands;0;17;0;0;0.0
2020-12-13;SB;Solomon Islands;0;17;0;0;0.0
2020-12-20;SB;Solomon Islands;0;17;0;0;0.0
2020-12-27;SB;Solomon Islands;0;17;0;0;0.0
2021-01-03;SB;Solomon Islands;0;17;0;0;0.0
2021-01-10;SB;Solomon Islands;0;17;0;0;0.0
2021-01-17;SB;Solomon Islands;0;17;0;0;0.0
2021-01-24;SB;Solomon Islands;0;17;0;0;0.0
2021-01-31;SB;Solomon Islands;0;17;0;0;0.0
2021-02-07;SB;Solomon Islands;0;17;0;0;0.0
2021-02-14;SB;Solomon Islands;1;18;0;0;0.0
2021-02-21;SB;Solomon Islands;0;18;0;0;0.0
2021-02-28;SB;Solomon Islands;0;18;0;0;0.0
2021-03-07;SB;Solomon Islands;0;18;0;0;0.0
2021-03-14;SB;Solomon Islands;0;18;0;0;0.0
2021-03-21;SB;Solomon Islands;0;18;0;0;0.0
2021-03-28;SB;Solomon Islands;1;19;0;0;0.0
2021-04-04;SB;Solomon Islands;0;19;0;0;0.0
2021-04-11;SB;Solomon Islands;1;20;0;0;0.0
2021-04-18;SB;Solomon Islands;0;20;0;0;0.0
2021-04-25;SB;Solomon Islands;0;20;0;0;0.0
2021-05-02;SB;Solomon Islands;0;20;0;0;0.0
2021-05-09;SB;Solomon Islands;0;20;0;0;0.0
2021-05-16;SB;Solomon Islands;0;20;0;0;0.0
2021-05-23;SB;Solomon Islands;0;20;0;0;0.0
2021-05-30;SB;Solomon Islands;0;20;0;0;0.0
2021-06-06;SB;Solomon Islands;0;20;0;0;0.0
2021-06-13;SB;Solomon Islands;0;20;0;0;0.0
2021-06-20;SB;Solomon Islands;0;20;0;0;0.0
2021-06-27;SB;Solomon Islands;0;20;0;0;0.0
2021-07-04;SB;Solomon Islands;0;20;0;0;0.0
2021-07-11;SB;Solomon Islands;0;20;0;0;0.0
2021-07-18;SB;Solomon Islands;0;20;0;0;0.0
2021-07-25;SB;Solomon Islands;0;20;0;0;0.0
2021-08-01;SB;Solomon Islands;0;20;0;0;0.0
2021-08-08;SB;Solomon Islands;0;20;0;0;0.0
2021-08-15;SB;Solomon Islands;0;20;0;0;0.0
2021-08-22;SB;Solomon Islands;0;20;0;0;0.0
2021-08-29;SB;Solomon Islands;0;20;0;0;0.0
2021-09-05;SB;Solomon Islands;0;20;0;0;0.0
2021-09-12;SB;Solomon Islands;0;20;0;0;0.0
2021-09-19;SB;Solomon Islands;0;20;0;0;0.0
2021-09-26;SB;Solomon Islands;0;20;0;0;0.0
2021-10-03;SB;Solomon Islands;0;20;0;0;0.0
2021-10-10;SB;Solomon Islands;0;20;0;0;0.0
2021-10-17;SB;Solomon Islands;0;20;0;0;0.0
2021-10-24;SB;Solomon Islands;0;20;0;0;0.0
2021-10-31;SB;Solomon Islands;0;20;0;0;0.0
2021-11-07;SB;Solomon Islands;0;20;0;0;0.0
2021-11-14;SB;Solomon Islands;0;20;0;0;0.0
2021-11-21;SB;Solomon Islands;0;20;0;0;0.0
2021-11-28;SB;Solomon Islands;0;20;0;0;0.0
2021-12-05;SB;Solomon Islands;0;20;0;0;0.0
2021-12-12;SB;Solomon Islands;0;20;0;0;0.0
2021-12-19;SB;Solomon Islands;0;20;0;0;0.0
2021-12-26;SB;Solomon Islands;2;22;0;0;0.0
2022-01-02;SB;Solomon Islands;2;24;0;0;0.0
2022-01-09;SB;Solomon Islands;1;25;0;0;0.0
2022-01-16;SB;Solomon Islands;0;25;0;0;0.0
2022-01-23;SB;Solomon Islands;264;289;0;0;0.0
2022-01-30;SB;Solomon Islands;894;1183;9;9;0.760777683854607
2022-02-06;SB;Solomon Islands;2012;3195;24;33;1.0328638497652582
2022-02-13;SB;Solomon Islands;1430;4625;25;58;1.2540540540540541
2022-02-20;SB;Solomon Islands;1188;5813;25;83;1.4278341648030277
2022-02-27;SB;Solomon Islands;1124;6937;13;96;1.3838835231368025
2022-03-06;SB;Solomon Islands;1089;8026;20;116;1.445302766010466
2022-03-13;SB;Solomon Islands;1098;9124;4;120;1.31521262604121
2022-03-20;SB;Solomon Islands;727;9851;7;127;1.2892092173383412
2022-03-27;SB;Solomon Islands;927;10778;6;133;1.2339951753572092
2022-04-03;SB;Solomon Islands;692;11470;0;133;1.1595466434176112
2022-04-10;SB;Solomon Islands;535;12005;4;137;1.1411911703456894
2022-04-17;SB;Solomon Islands;280;12285;2;139;1.1314611314611316
2022-04-24;SB;Solomon Islands;1897;14182;1;140;0.9871668311944718
2022-05-01;SB;Solomon Islands;1078;15260;1;141;0.9239842726081258
2022-05-08;SB;Solomon Islands;1181;16441;2;143;0.8697767775682744
2022-05-15;SB;Solomon Islands;1733;18174;3;146;0.8033454385385715
2022-05-22;SB;Solomon Islands;0;18174;0;146;0.8033454385385715
2022-05-29;SB;Solomon Islands;0;18174;0;146;0.8033454385385715
2022-06-05;SB;Solomon Islands;3063;21237;3;149;0.7016056881857137
2022-06-12;SB;Solomon Islands;307;21544;0;149;0.6916078722614185
2022-06-19;SB;Solomon Islands;0;21544;4;153;0.7101745265503157
2022-06-26;SB;Solomon Islands;0;21544;0;153;0.7101745265503157
2022-07-03;SB;Solomon Islands;0;21544;0;153;0.7101745265503157
2022-07-10;SB;Solomon Islands;0;21544;0;153;0.7101745265503157
2022-07-17;SB;Solomon Islands;0;21544;0;153;0.7101745265503157
2022-07-24;SB;Solomon Islands;0;21544;0;153;0.7101745265503157
2022-07-31;SB;Solomon Islands;0;21544;0;153;0.7101745265503157
2022-08-07;SB;Solomon Islands;0;21544;0;153;0.7101745265503157
2022-08-14;SB;Solomon Islands;0;21544;0;153;0.7101745265503157
2022-08-21;SB;Solomon Islands;0;21544;0;153;0.7101745265503157
2022-08-28;SB;Solomon Islands;0;21544;0;153;0.7101745265503157
2022-09-04;SB;Solomon Islands;0;21544;0;153;0.7101745265503157
2022-09-11;SB;Solomon Islands;0;21544;0;153;0.7101745265503157
2022-09-18;SB;Solomon Islands;0;21544;0;153;0.7101745265503157
2022-09-25;SB;Solomon Islands;0;21544;0;153;0.7101745265503157
2022-10-02;SB;Solomon Islands;0;21544;0;153;0.7101745265503157
2022-10-09;SB;Solomon Islands;0;21544;0;153;0.7101745265503157
2022-10-16;SB;Solomon Islands;0;21544;0;153;0.7101745265503157
2022-10-23;SB;Solomon Islands;0;21544;0;153;0.7101745265503157
2022-10-30;SB;Solomon Islands;0;21544;0;153;0.7101745265503157
2022-11-06;SB;Solomon Islands;19;21563;0;153;0.7095487640866298
2022-11-13;SB;Solomon Islands;0;21563;0;153;0.7095487640866298
2022-11-20;SB;Solomon Islands;48;21611;0;153;0.7079727916338902
2022-11-27;SB;Solomon Islands;0;21611;0;153;0.7079727916338902
2022-12-04;SB;Solomon Islands;0;21611;0;153;0.7079727916338902
2022-12-11;SB;Solomon Islands;0;21611;0;153;0.7079727916338902
2022-12-18;SB;Solomon Islands;0;21611;0;153;0.7079727916338902
2022-12-25;SB;Solomon Islands;0;21611;0;153;0.7079727916338902
2023-01-01;SB;Solomon Islands;0;21611;0;153;0.7079727916338902
2023-01-08;SB;Solomon Islands;0;21611;0;153;0.7079727916338902
2023-01-15;SB;Solomon Islands;0;21611;0;153;0.7079727916338902
2023-01-22;SB;Solomon Islands;0;21611;0;153;0.7079727916338902
2023-01-29;SB;Solomon Islands;0;21611;0;153;0.7079727916338902
2023-02-05;SB;Solomon Islands;0;21611;0;153;0.7079727916338902
2023-02-12;SB;Solomon Islands;0;21611;0;153;0.7079727916338902
2023-02-19;SB;Solomon Islands;0;21611;0;153;0.7079727916338902
2023-02-26;SB;Solomon Islands;0;21611;0;153;0.7079727916338902
2023-03-05;SB;Solomon Islands;0;21611;0;153;0.7079727916338902
2023-03-12;SB;Solomon Islands;0;21611;0;153;0.7079727916338902
2023-03-19;SB;Solomon Islands;0;21611;0;153;0.7079727916338902
2023-03-26;SB;Solomon Islands;0;21611;0;153;0.7079727916338902
2023-04-02;SB;Solomon Islands;0;21611;0;153;0.7079727916338902
2023-04-09;SB;Solomon Islands;0;21611;0;153;0.7079727916338902
2023-04-16;SB;Solomon Islands;0;21611;0;153;0.7079727916338902
2023-04-23;SB;Solomon Islands;0;21611;0;153;0.7079727916338902
2023-04-30;SB;Solomon Islands;0;21611;0;153;0.7079727916338902
2023-05-07;SB;Solomon Islands;0;21611;0;153;0.7079727916338902
2023-05-14;SB;Solomon Islands;0;21611;0;153;0.7079727916338902
2023-05-21;SB;Solomon Islands;0;21611;0;153;0.7079727916338902
2023-05-28;SB;Solomon Islands;0;21611;0;153;0.7079727916338902
2023-06-04;SB;Solomon Islands;0;21611;0;153;0.7079727916338902
2023-06-11;SB;Solomon Islands;0;21611;0;153;0.7079727916338902
2023-06-18;SB;Solomon Islands;0;21611;0;153;0.7079727916338902
2023-06-25;SB;Solomon Islands;0;21611;0;153;0.7079727916338902
2023-07-02;SB;Solomon Islands;0;21611;0;153;0.7079727916338902
2023-07-09;SB;Solomon Islands;0;21611;0;153;0.7079727916338902
2023-07-16;SB;Solomon Islands;0;21611;0;153;0.7079727916338902
2023-07-23;SB;Solomon Islands;0;21611;0;153;0.7079727916338902
2023-07-30;SB;Solomon Islands;0;21611;0;153;0.7079727916338902
2023-08-06;SB;Solomon Islands;0;21611;0;153;0.7079727916338902
2023-08-13;SB;Solomon Islands;0;21611;0;153;0.7079727916338902
2023-08-20;SB;Solomon Islands;0;21611;0;153;0.7079727916338902
2023-08-27;SB;Solomon Islands;0;21611;0;153;0.7079727916338902
2023-09-03;SB;Solomon Islands;0;21611;0;153;0.7079727916338902
2023-09-10;SB;Solomon Islands;0;21611;0;153;0.7079727916338902
2023-09-17;SB;Solomon Islands;0;21611;0;153;0.7079727916338902
2023-09-24;SB;Solomon Islands;0;21611;0;153;0.7079727916338902
2023-10-01;SB;Solomon Islands;0;21611;46;199;0.9208273564388506
2023-10-08;SB;Solomon Islands;4343;25954;0;199;0.7667411574323804
2023-10-15;SB;Solomon Islands;0;25954;0;199;0.7667411574323804
2023-10-22;SB;Solomon Islands;0;25954;0;199;0.7667411574323804
2023-10-29;SB;Solomon Islands;0;25954;0;199;0.7667411574323804
2023-11-05;SB;Solomon Islands;0;25954;0;199;0.7667411574323804
2023-11-12;SB;Solomon Islands;0;25954;0;199;0.7667411574323804
2023-11-19;SB;Solomon Islands;0;25954;0;199;0.7667411574323804
2023-11-26;SB;Solomon Islands;0;25954;0;199;0.7667411574323804
2023-12-03;SB;Solomon Islands;0;25954;0;199;0.7667411574323804
2023-12-10;SB;Solomon Islands;0;25954;0;199;0.7667411574323804
2023-12-17;SB;Solomon Islands;0;25954;0;199;0.7667411574323804
2023-12-24;SB;Solomon Islands;0;25954;0;199;0.7667411574323804
2023-12-31;SB;Solomon Islands;0;25954;0;199;0.7667411574323804
2024-01-07;SB;Solomon Islands;0;25954;0;199;0.7667411574323804
2024-01-14;SB;Solomon Islands;0;25954;0;199;0.7667411574323804
2024-01-21;SB;Solomon Islands;0;25954;0;199;0.7667411574323804
2020-01-05;SO;Somalia;0;0;0;0;0.0
2020-01-12;SO;Somalia;0;0;0;0;0.0
2020-01-19;SO;Somalia;0;0;0;0;0.0
2020-01-26;SO;Somalia;0;0;0;0;0.0
2020-02-02;SO;Somalia;0;0;0;0;0.0
2020-02-09;SO;Somalia;0;0;0;0;0.0
2020-02-16;SO;Somalia;0;0;0;0;0.0
2020-02-23;SO;Somalia;0;0;0;0;0.0
2020-03-01;SO;Somalia;0;0;0;0;0.0
2020-03-08;SO;Somalia;0;0;0;0;0.0
2020-03-15;SO;Somalia;0;0;0;0;0.0
2020-03-22;SO;Somalia;1;1;0;0;0.0
2020-03-29;SO;Somalia;2;3;0;0;0.0
2020-04-05;SO;Somalia;4;7;0;0;0.0
2020-04-12;SO;Somalia;14;21;1;1;4.761904761904762
2020-04-19;SO;Somalia;114;135;6;7;5.185185185185185
2020-04-26;SO;Somalia;255;390;11;18;4.615384615384616
2020-05-03;SO;Somalia;281;671;13;31;4.619970193740686
2020-05-10;SO;Somalia;326;997;17;48;4.814443329989969
2020-05-17;SO;Somalia;360;1357;7;55;4.053058216654384
2020-05-24;SO;Somalia;237;1594;6;61;3.82685069008783
2020-05-31;SO;Somalia;322;1916;12;73;3.8100208768267225
2020-06-07;SO;Somalia;373;2289;9;82;3.582350371341197
2020-06-14;SO;Somalia;290;2579;5;87;3.3734005428460647
2020-06-21;SO;Somalia;176;2755;1;88;3.1941923774954626
2020-06-28;SO;Somalia;123;2878;2;90;3.127171646977067
2020-07-05;SO;Somalia;83;2961;2;92;3.1070584262073626
2020-07-12;SO;Somalia;90;3051;0;92;3.01540478531629
2020-07-19;SO;Somalia;60;3111;1;93;2.9893924783027965
2020-07-26;SO;Somalia;67;3178;0;93;2.9263687853996223
2020-08-02;SO;Somalia;34;3212;0;93;2.895392278953923
2020-08-09;SO;Somalia;15;3227;0;93;2.8819336845367216
2020-08-16;SO;Somalia;29;3256;0;93;2.8562653562653564
2020-08-23;SO;Somalia;13;3269;0;93;2.844906699296421
2020-08-30;SO;Somalia;41;3310;4;97;2.930513595166163
2020-09-06;SO;Somalia;52;3362;0;97;2.8851873884592503
2020-09-13;SO;Somalia;14;3376;1;98;2.902843601895735
2020-09-20;SO;Somalia;25;3401;0;98;2.881505439576595
2020-09-27;SO;Somalia;187;3588;1;99;2.7591973244147154
2020-10-04;SO;Somalia;5;3593;0;99;2.755357639855274
2020-10-11;SO;Somalia;254;3847;0;99;2.573433844554198
2020-10-18;SO;Somalia;17;3864;0;99;2.562111801242236
2020-10-25;SO;Somalia;33;3897;3;102;2.617397998460354
2020-11-01;SO;Somalia;44;3941;2;104;2.638924130931236
2020-11-08;SO;Somalia;288;4229;3;107;2.530148971388035
2020-11-15;SO;Somalia;72;4301;0;107;2.487793536386887
2020-11-22;SO;Somalia;81;4382;1;108;2.464628023733455
2020-11-29;SO;Somalia;69;4451;5;113;2.5387553358795776
2020-12-06;SO;Somalia;74;4525;8;121;2.674033149171271
2020-12-13;SO;Somalia;54;4579;0;121;2.642498362087792
2020-12-20;SO;Somalia;83;4662;3;124;2.6598026598026596
2020-12-27;SO;Somalia;28;4690;3;127;2.7078891257995736
2021-01-03;SO;Somalia;24;4714;3;130;2.7577428935086976
2021-01-10;SO;Somalia;12;4726;0;130;2.750740584003385
2021-01-17;SO;Somalia;18;4744;0;130;2.740303541315346
2021-01-24;SO;Somalia;10;4754;0;130;2.734539335296592
2021-01-31;SO;Somalia;30;4784;0;130;2.717391304347826
2021-02-07;SO;Somalia;70;4854;4;134;2.760609806345282
2021-02-14;SO;Somalia;238;5092;14;148;2.9065200314218385
2021-02-21;SO;Somalia;797;5889;46;194;3.294277466462897
2021-02-28;SO;Somalia;1102;6991;37;231;3.3042483192676295
2021-03-07;SO;Somalia;1050;8041;63;294;3.656261658997637
2021-03-14;SO;Somalia;905;8946;55;349;3.90118488710038
2021-03-21;SO;Somalia;1022;9968;70;419;4.203451043338684
2021-03-28;SO;Somalia;870;10838;69;488;4.5026757704373495
2021-04-04;SO;Somalia;785;11623;58;546;4.697582379764261
2021-04-11;SO;Somalia;648;12271;59;605;4.930323527014913
2021-04-18;SO;Somalia;566;12837;51;656;5.1102282464750335
2021-04-25;SO;Somalia;622;13459;33;689;5.119251058771082
2021-05-02;SO;Somalia;456;13915;24;713;5.12396694214876
2021-05-09;SO;Somalia;500;14415;34;747;5.18210197710718
2021-05-16;SO;Somalia;71;14486;6;753;5.198122325003451
2021-05-23;SO;Somalia;137;14623;14;767;5.245161731518841
2021-05-30;SO;Somalia;30;14653;1;768;5.241247526103869
2021-06-06;SO;Somalia;76;14729;5;773;5.248149908344083
2021-06-13;SO;Somalia;50;14779;1;774;5.237160836321808
2021-06-20;SO;Somalia;73;14852;1;775;5.218152437382171
2021-06-27;SO;Somalia;40;14892;0;775;5.204136449100187
2021-07-04;SO;Somalia;54;14946;0;775;5.185333868593603
2021-07-11;SO;Somalia;49;14995;0;775;5.1683894631543845
2021-07-18;SO;Somalia;90;15085;6;781;5.177328471992046
2021-07-25;SO;Somalia;118;15203;8;789;5.189765177925409
2021-08-01;SO;Somalia;200;15403;22;811;5.265208076348763
2021-08-08;SO;Somalia;395;15798;36;847;5.3614381567287
2021-08-15;SO;Somalia;467;16265;31;878;5.398094067015062
2021-08-22;SO;Somalia;270;16535;19;897;5.424856365285757
2021-08-29;SO;Somalia;675;17210;56;953;5.537478210342824
2021-09-05;SO;Somalia;516;17726;44;997;5.6245063748166535
2021-09-12;SO;Somalia;647;18373;26;1023;5.567952974473412
2021-09-19;SO;Somalia;631;19004;40;1063;5.593559250684066
2021-09-26;SO;Somalia;719;19723;40;1103;5.592455508796836
2021-10-03;SO;Somalia;257;19980;8;1111;5.56056056056056
2021-10-10;SO;Somalia;920;20900;41;1152;5.511961722488038
2021-10-17;SO;Somalia;369;21269;28;1180;5.5479806290845834
2021-10-24;SO;Somalia;729;21998;28;1208;5.491408309846349
2021-10-31;SO;Somalia;0;21998;0;1208;5.491408309846349
2021-11-07;SO;Somalia;695;22693;86;1294;5.702198915965276
2021-11-14;SO;Somalia;144;22837;19;1313;5.749441695494154
2021-11-21;SO;Somalia;132;22969;11;1324;5.764291000914276
2021-11-28;SO;Somalia;47;23016;3;1327;5.765554396941258
2021-12-05;SO;Somalia;35;23051;4;1331;5.774152965164201
2021-12-12;SO;Somalia;23;23074;2;1333;5.777065094912022
2021-12-19;SO;Somalia;95;23169;0;1333;5.7533773576762055
2021-12-26;SO;Somalia;363;23532;0;1333;5.664626891041986
2022-01-02;SO;Somalia;729;24261;2;1335;5.502658587857055
2022-01-09;SO;Somalia;0;24261;0;1335;5.502658587857055
2022-01-16;SO;Somalia;0;24261;0;1335;5.502658587857055
2022-01-23;SO;Somalia;61;24322;0;1335;5.488857824192089
2022-01-30;SO;Somalia;1066;25388;0;1335;5.258389790452182
2022-02-06;SO;Somalia;679;26067;0;1335;5.121417884681781
2022-02-13;SO;Somalia;136;26203;5;1340;5.11391825363508
2022-02-20;SO;Somalia;57;26260;5;1345;5.121858339680122
2022-02-27;SO;Somalia;53;26313;3;1348;5.122943031961388
2022-03-06;SO;Somalia;87;26400;11;1359;5.1477272727272725
2022-03-13;SO;Somalia;0;26400;0;1359;5.1477272727272725
2022-03-20;SO;Somalia;10;26410;2;1361;5.1533510034078
2022-03-27;SO;Somalia;0;26410;0;1361;5.1533510034078
2022-04-03;SO;Somalia;0;26410;0;1361;5.1533510034078
2022-04-10;SO;Somalia;61;26471;0;1361;5.141475577046579
2022-04-17;SO;Somalia;0;26471;0;1361;5.141475577046579
2022-04-24;SO;Somalia;14;26485;0;1361;5.1387577874268455
2022-05-01;SO;Somalia;0;26485;0;1361;5.1387577874268455
2022-05-08;SO;Somalia;0;26485;0;1361;5.1387577874268455
2022-05-15;SO;Somalia;33;26518;0;1361;5.132362923297383
2022-05-22;SO;Somalia;4;26522;0;1361;5.131588869617676
2022-05-29;SO;Somalia;13;26535;0;1361;5.129074806858866
2022-06-05;SO;Somalia;30;26565;0;1361;5.123282514586863
2022-06-12;SO;Somalia;0;26565;0;1361;5.123282514586863
2022-06-19;SO;Somalia;110;26675;0;1361;5.102155576382381
2022-06-26;SO;Somalia;128;26803;0;1361;5.077789799649294
2022-07-03;SO;Somalia;0;26803;0;1361;5.077789799649294
2022-07-10;SO;Somalia;97;26900;0;1361;5.059479553903346
2022-07-17;SO;Somalia;0;26900;0;1361;5.059479553903346
2022-07-24;SO;Somalia;12;26912;0;1361;5.057223543400713
2022-07-31;SO;Somalia;45;26957;0;1361;5.048781392588196
2022-08-07;SO;Somalia;63;27020;0;1361;5.03700962250185
2022-08-14;SO;Somalia;0;27020;0;1361;5.03700962250185
2022-08-21;SO;Somalia;0;27020;0;1361;5.03700962250185
2022-08-28;SO;Somalia;161;27181;0;1361;5.0071741289871605
2022-09-04;SO;Somalia;16;27197;0;1361;5.00422840754495
2022-09-11;SO;Somalia;10;27207;0;1361;5.002389091042747
2022-09-18;SO;Somalia;0;27207;0;1361;5.002389091042747
2022-09-25;SO;Somalia;9;27216;0;1361;5.000734861845973
2022-10-02;SO;Somalia;7;27223;0;1361;4.999448995334827
2022-10-09;SO;Somalia;2;27225;0;1361;4.999081726354453
2022-10-16;SO;Somalia;12;27237;0;1361;4.996879245144473
2022-10-23;SO;Somalia;0;27237;0;1361;4.996879245144473
2022-10-30;SO;Somalia;0;27237;0;1361;4.996879245144473
2022-11-06;SO;Somalia;30;27267;0;1361;4.991381523453259
2022-11-13;SO;Somalia;19;27286;0;1361;4.987905885802243
2022-11-20;SO;Somalia;0;27286;0;1361;4.987905885802243
2022-11-27;SO;Somalia;0;27286;0;1361;4.987905885802243
2022-12-04;SO;Somalia;0;27286;0;1361;4.987905885802243
2022-12-11;SO;Somalia;0;27286;0;1361;4.987905885802243
2022-12-18;SO;Somalia;0;27286;0;1361;4.987905885802243
2022-12-25;SO;Somalia;14;27300;0;1361;4.985347985347985
2023-01-01;SO;Somalia;10;27310;0;1361;4.983522519223728
2023-01-08;SO;Somalia;0;27310;0;1361;4.983522519223728
2023-01-15;SO;Somalia;0;27310;0;1361;4.983522519223728
2023-01-22;SO;Somalia;8;27318;0;1361;4.982063108573102
2023-01-29;SO;Somalia;0;27318;0;1361;4.982063108573102
2023-02-05;SO;Somalia;4;27322;0;1361;4.9813337237391115
2023-02-12;SO;Somalia;0;27322;0;1361;4.9813337237391115
2023-02-19;SO;Somalia;2;27324;0;1361;4.980969111403894
2023-02-26;SO;Somalia;0;27324;0;1361;4.980969111403894
2023-03-05;SO;Somalia;10;27334;0;1361;4.979146850076828
2023-03-12;SO;Somalia;0;27334;0;1361;4.979146850076828
2023-03-19;SO;Somalia;0;27334;0;1361;4.979146850076828
2023-03-26;SO;Somalia;0;27334;0;1361;4.979146850076828
2023-04-02;SO;Somalia;0;27334;0;1361;4.979146850076828
2023-04-09;SO;Somalia;0;27334;0;1361;4.979146850076828
2023-04-16;SO;Somalia;0;27334;0;1361;4.979146850076828
2023-04-23;SO;Somalia;0;27334;0;1361;4.979146850076828
2023-04-30;SO;Somalia;0;27334;0;1361;4.979146850076828
2023-05-07;SO;Somalia;0;27334;0;1361;4.979146850076828
2023-05-14;SO;Somalia;0;27334;0;1361;4.979146850076828
2023-05-21;SO;Somalia;0;27334;0;1361;4.979146850076828
2023-05-28;SO;Somalia;0;27334;0;1361;4.979146850076828
2023-06-04;SO;Somalia;0;27334;0;1361;4.979146850076828
2023-06-11;SO;Somalia;0;27334;0;1361;4.979146850076828
2023-06-18;SO;Somalia;0;27334;0;1361;4.979146850076828
2023-06-25;SO;Somalia;0;27334;0;1361;4.979146850076828
2023-07-02;SO;Somalia;0;27334;0;1361;4.979146850076828
2023-07-09;SO;Somalia;0;27334;0;1361;4.979146850076828
2023-07-16;SO;Somalia;0;27334;0;1361;4.979146850076828
2023-07-23;SO;Somalia;0;27334;0;1361;4.979146850076828
2023-07-30;SO;Somalia;0;27334;0;1361;4.979146850076828
2023-08-06;SO;Somalia;0;27334;0;1361;4.979146850076828
2023-08-13;SO;Somalia;0;27334;0;1361;4.979146850076828
2023-08-20;SO;Somalia;0;27334;0;1361;4.979146850076828
2023-08-27;SO;Somalia;0;27334;0;1361;4.979146850076828
2023-09-03;SO;Somalia;0;27334;0;1361;4.979146850076828
2023-09-10;SO;Somalia;0;27334;0;1361;4.979146850076828
2023-09-17;SO;Somalia;0;27334;0;1361;4.979146850076828
2023-09-24;SO;Somalia;0;27334;0;1361;4.979146850076828
2023-10-01;SO;Somalia;0;27334;0;1361;4.979146850076828
2023-10-08;SO;Somalia;0;27334;0;1361;4.979146850076828
2023-10-15;SO;Somalia;0;27334;0;1361;4.979146850076828
2023-10-22;SO;Somalia;0;27334;0;1361;4.979146850076828
2023-10-29;SO;Somalia;0;27334;0;1361;4.979146850076828
2023-11-05;SO;Somalia;0;27334;0;1361;4.979146850076828
2023-11-12;SO;Somalia;0;27334;0;1361;4.979146850076828
2023-11-19;SO;Somalia;0;27334;0;1361;4.979146850076828
2023-11-26;SO;Somalia;0;27334;0;1361;4.979146850076828
2023-12-03;SO;Somalia;0;27334;0;1361;4.979146850076828
2023-12-10;SO;Somalia;0;27334;0;1361;4.979146850076828
2023-12-17;SO;Somalia;0;27334;0;1361;4.979146850076828
2023-12-24;SO;Somalia;0;27334;0;1361;4.979146850076828
2023-12-31;SO;Somalia;0;27334;0;1361;4.979146850076828
2024-01-07;SO;Somalia;0;27334;0;1361;4.979146850076828
2024-01-14;SO;Somalia;0;27334;0;1361;4.979146850076828
2024-01-21;SO;Somalia;0;27334;0;1361;4.979146850076828
2020-01-05;ZA;South Africa;0;0;0;0;0.0
2020-01-12;ZA;South Africa;0;0;0;0;0.0
2020-01-19;ZA;South Africa;0;0;0;0;0.0
2020-01-26;ZA;South Africa;0;0;0;0;0.0
2020-02-02;ZA;South Africa;0;0;0;0;0.0
2020-02-09;ZA;South Africa;0;0;0;0;0.0
2020-02-16;ZA;South Africa;0;0;0;0;0.0
2020-02-23;ZA;South Africa;0;0;0;0;0.0
2020-03-01;ZA;South Africa;0;0;0;0;0.0
2020-03-08;ZA;South Africa;2;2;0;0;0.0
2020-03-15;ZA;South Africa;36;38;0;0;0.0
2020-03-22;ZA;South Africa;202;240;0;0;0.0
2020-03-29;ZA;South Africa;947;1187;1;1;0.08424599831508003
2020-04-05;ZA;South Africa;398;1585;8;9;0.5678233438485805
2020-04-12;ZA;South Africa;443;2028;19;28;1.3806706114398422
2020-04-19;ZA;South Africa;1006;3034;24;52;1.7139090309822018
2020-04-26;ZA;South Africa;1327;4361;34;86;1.9720247649621647
2020-05-03;ZA;South Africa;1975;6336;37;123;1.941287878787879
2020-05-10;ZA;South Africa;3084;9420;63;186;1.9745222929936306
2020-05-17;ZA;South Africa;4935;14355;75;261;1.8181818181818181
2020-05-24;ZA;South Africa;6988;21343;146;407;1.9069484139999062
2020-05-31;ZA;South Africa;9624;30967;236;643;2.0764039138437695
2020-06-07;ZA;South Africa;15006;45973;1012;1655;3.599939094686011
2020-06-14;ZA;South Africa;19763;65736;792;2447;3.7224656200559814
2020-06-21;ZA;South Africa;26945;92681;1007;3454;3.7267616879403547
2020-06-28;ZA;South Africa;39119;131800;1184;4638;3.5189681335356604
2020-07-05;ZA;South Africa;56177;187977;874;5512;2.9322736292205964
2020-07-12;ZA;South Africa;76207;264184;945;6457;2.444129848893196
2020-07-19;ZA;South Africa;86695;350879;977;7434;2.1186790888026925
2020-07-26;ZA;South Africa;83321;434200;1707;9141;2.1052510363887613
2020-08-02;ZA;South Africa;69090;503290;1498;10639;2.1138905998529673
2020-08-09;ZA;South Africa;49898;553188;2057;12696;2.2950606303824377
2020-08-16;ZA;South Africa;30465;583653;1467;14163;2.426613073178755
2020-08-23;ZA;South Africa;23392;607045;1310;15473;2.5489049411493383
2020-08-30;ZA;South Africa;15506;622551;994;16467;2.6450844991012783
2020-09-06;ZA;South Africa;14333;636884;798;17265;2.7108547239371688
2020-09-13;ZA;South Africa;11330;648214;648;17913;2.763439234573767
2020-09-20;ZA;South Africa;11442;659656;513;18426;2.7932740701213965
2020-09-27;ZA;South Africa;9842;669498;436;18862;2.8173347791927683
2020-10-04;ZA;South Africa;10218;679716;562;19424;2.857664083234763
2020-10-11;ZA;South Africa;11180;690896;620;20044;2.901160232509669
2020-10-18;ZA;South Africa;11235;702131;77;20121;2.865704548011696
2020-10-25;ZA;South Africa;12115;714246;220;20341;2.847898343147879
2020-11-01;ZA;South Africa;11206;725452;85;20426;2.8156239144698754
2020-11-08;ZA;South Africa;10454;735906;72;20498;2.7854100931368952
2020-11-15;ZA;South Africa;13276;749182;140;20638;2.7547378340643527
2020-11-22;ZA;South Africa;16227;765409;207;20845;2.723380571694349
2020-11-29;ZA;South Africa;19730;785139;594;21439;2.730599295156654
2020-12-06;ZA;South Africa;25310;810449;628;22067;2.7228116759968857
2020-12-13;ZA;South Africa;42516;852965;1039;23106;2.708903647863629
2020-12-20;ZA;South Africa;59512;912477;1433;24539;2.6892732638740484
2020-12-27;ZA;South Africa;82434;994911;1982;26521;2.6656655720963984
2021-01-03;ZA;South Africa;93978;1088889;2654;29175;2.6793364612921975
2021-01-10;ZA;South Africa;125287;1214176;3649;32824;2.703397201064755
2021-01-17;ZA;South Africa;111483;1325659;4027;36851;2.779824977614907
2021-01-24;ZA;South Africa;79180;1404839;3723;40574;2.888160137923278
2021-01-31;ZA;South Africa;44397;1449236;3377;43951;3.0327013681691595
2021-02-07;ZA;South Africa;24464;1473700;2229;46180;3.133609282757685
2021-02-14;ZA;South Africa;16363;1490063;1641;47821;3.2093273908552855
2021-02-21;ZA;South Africa;12304;1502367;1119;48940;3.2575262901807616
2021-02-28;ZA;South Africa;9858;1512225;1001;49941;3.30248474929326
2021-03-07;ZA;South Africa;7981;1520206;706;50647;3.331587955842827
2021-03-14;ZA;South Africa;8208;1528414;614;51261;3.353868781625921
2021-03-21;ZA;South Africa;8387;1536801;821;52082;3.3889879040942845
2021-03-28;ZA;South Africa;7665;1544466;566;52648;3.40881573307538
2021-04-04;ZA;South Africa;7035;1551501;306;52954;3.4130819122900986
2021-04-11;ZA;South Africa;6026;1557527;302;53256;3.419266568091597
2021-04-18;ZA;South Africa;8153;1565680;455;53711;3.4305222012160854
2021-04-25;ZA;South Africa;8690;1574370;414;54125;3.437883089743834
2021-05-02;ZA;South Africa;8472;1582842;281;54406;3.4372350493605803
2021-05-09;ZA;South Africa;11975;1594817;318;54724;3.431365479550318
2021-05-16;ZA;South Africa;16326;1611143;459;55183;3.425083931097364
2021-05-23;ZA;South Africa;21428;1632571;589;55772;3.4162067070896156
2021-05-30;ZA;South Africa;26499;1659070;591;56363;3.3972647326514256
2021-06-06;ZA;South Africa;32421;1691491;566;56929;3.3656105767042215
2021-06-13;ZA;South Africa;47934;1739425;724;57653;3.314486108915302
2021-06-20;ZA;South Africa;70739;1810164;937;58590;3.2367233024190076
2021-06-27;ZA;South Africa;103697;1913861;1188;59778;3.1234243239190307
2021-07-04;ZA;South Africa;132450;2046311;1729;61507;3.00575034782103
2021-07-11;ZA;South Africa;132986;2179297;2631;64138;2.9430591608211274
2021-07-18;ZA;South Africa;104583;2283880;2538;66676;2.9194178328108307
2021-07-25;ZA;South Africa;84225;2368105;2812;69488;2.9343293477274024
2021-08-01;ZA;South Africa;79349;2447454;2525;72013;2.9423637788493675
2021-08-08;ZA;South Africa;76034;2523488;2610;74623;2.957137105466719
2021-08-15;ZA;South Africa;71959;2595447;2246;76869;2.961686368475257
2021-08-22;ZA;South Africa;84778;2680225;2382;79251;2.9568786202650896
2021-08-29;ZA;South Africa;76966;2757191;2210;81461;2.954492452644739
2021-09-05;ZA;South Africa;56823;2814014;1882;83343;2.961712344003974
2021-09-12;ZA;South Africa;40220;2854234;1408;84751;2.969308052528279
2021-09-19;ZA;South Africa;26115;2880349;1365;86116;2.9897765861011982
2021-09-26;ZA;South Africa;15627;2895976;885;87001;3.004203073506134
2021-10-03;ZA;South Africa;9637;2905613;752;87753;3.020120022866087
2021-10-10;ZA;South Africa;5884;2911497;539;88292;3.032529313957734
2021-10-17;ZA;South Africa;4682;2916179;295;88587;3.0377764876573075
2021-10-24;ZA;South Africa;3153;2919332;327;88914;3.045696755285113
2021-10-31;ZA;South Africa;2554;2921886;249;89163;3.0515564262260746
2021-11-07;ZA;South Africa;1865;2923751;156;89319;3.05494551348593
2021-11-14;ZA;South Africa;1926;2925677;157;89476;3.05830069416412
2021-11-21;ZA;South Africa;3498;2929175;96;89572;3.057925866498246
2021-11-28;ZA;South Africa;29373;2958548;219;89791;3.034968504820608
2021-12-05;ZA;South Africa;62021;3020569;174;89965;2.9784123454885485
2021-12-12;ZA;South Africa;109053;3129622;151;90116;2.8794531735781512
2021-12-19;ZA;South Africa;162987;3292609;229;90345;2.743872716134834
2021-12-26;ZA;South Africa;115328;3407937;428;90773;2.663576233950334
2022-01-02;ZA;South Africa;60142;3468079;425;91198;2.629640212924792
2022-01-09;ZA;South Africa;53433;3521512;1173;92371;2.62304941740934
2022-01-16;ZA;South Africa;35121;3556633;907;93278;2.6226490053935843
2022-01-23;ZA;South Africa;22795;3579428;785;94063;2.6278779737991655
2022-01-30;ZA;South Africa;22202;3601630;842;94905;2.635056904790331
2022-02-06;ZA;South Africa;20580;3622210;912;95817;2.645263526962821
2022-02-13;ZA;South Africa;17952;3640162;1168;96985;2.6643045007337585
2022-02-20;ZA;South Africa;16929;3657091;1632;98617;2.696596830650372
2022-02-27;ZA;South Africa;14900;3671991;574;99191;2.7012865772274495
2022-03-06;ZA;South Africa;11181;3683172;352;99543;2.7026432650986707
2022-03-13;ZA;South Africa;10360;3693532;169;99712;2.699638178307376
2022-03-20;ZA;South Africa;9797;3703329;167;99879;2.69700585608246
2022-03-27;ZA;South Africa;8934;3712263;86;99965;2.6928318386924635
2022-04-03;ZA;South Africa;9802;3722065;81;100046;2.6879165194589563
2022-04-10;ZA;South Africa;9182;3731247;50;100096;2.6826420228947585
2022-04-17;ZA;South Africa;9151;3740398;48;100144;2.6773621416758324
2022-04-24;ZA;South Africa;19291;3759689;154;100298;2.66772065455414
2022-05-01;ZA;South Africa;32236;3791925;65;100363;2.646755935309902
2022-05-08;ZA;South Africa;43977;3835902;153;100516;2.620400625459149
2022-05-15;ZA;South Africa;51547;3887449;237;100753;2.5917510429075725
2022-05-22;ZA;South Africa;39203;3926652;178;100931;2.5704085821712748
2022-05-29;ZA;South Africa;25541;3952193;211;101142;2.5591361555470598
2022-06-05;ZA;South Africa;14885;3967078;171;101313;2.5538444164697545
2022-06-12;ZA;South Africa;10550;3977628;164;101477;2.5511938270748296
2022-06-19;ZA;South Africa;7978;3985606;121;101598;2.5491230191845355
2022-06-26;ZA;South Africa;6843;3992449;133;101731;2.548085147737642
2022-07-03;ZA;South Africa;2842;3995291;81;101812;2.5482999861587055
2022-07-10;ZA;South Africa;1978;3997269;64;101876;2.5486400840173626
2022-07-17;ZA;South Africa;2482;3999751;42;101918;2.5481086197615803
2022-07-24;ZA;South Africa;2382;4002133;25;101943;2.547216696696487
2022-07-31;ZA;South Africa;2991;4005124;39;101982;2.5462882048096387
2022-08-07;ZA;South Africa;1747;4006871;0;101982;2.5451780204553627
2022-08-14;ZA;South Africa;1293;4008164;0;101982;2.5443569674294766
2022-08-21;ZA;South Africa;1566;4009730;84;102066;2.5454581729941914
2022-08-28;ZA;South Africa;1480;4011210;18;102084;2.5449677279424416
2022-09-04;ZA;South Africa;1275;4012485;24;102108;2.5447571766623427
2022-09-11;ZA;South Africa;1792;4014277;21;102129;2.544144312911142
2022-09-18;ZA;South Africa;1603;4015880;17;102146;2.543552098170264
2022-09-25;ZA;South Africa;1283;4017163;23;102169;2.5433122828224795
2022-10-02;ZA;South Africa;1605;4018768;16;102185;2.5426946765774985
2022-10-09;ZA;South Africa;2020;4020788;9;102194;2.54164109124878
2022-10-16;ZA;South Africa;2570;4023358;52;102246;2.5413100201374075
2022-10-23;ZA;South Africa;2017;4025375;11;102257;2.540309909014688
2022-10-30;ZA;South Africa;2369;4027744;54;102311;2.5401564746915395
2022-11-06;ZA;South Africa;1993;4029737;52;102363;2.540190588120267
2022-11-13;ZA;South Africa;3445;4033182;8;102371;2.538219202604792
2022-11-20;ZA;South Africa;4039;4037221;24;102395;2.5362743332604283
2022-11-27;ZA;South Africa;3718;4040939;33;102428;2.5347573917844346
2022-12-04;ZA;South Africa;1973;4042912;36;102464;2.534410840503083
2022-12-11;ZA;South Africa;0;4042912;86;102550;2.536538020120151
2022-12-18;ZA;South Africa;2350;4045262;18;102568;2.535509442898878
2022-12-25;ZA;South Africa;2970;4048232;0;102568;2.533649257256007
2023-01-01;ZA;South Africa;348;4048580;0;102568;2.533431474739291
2023-01-08;ZA;South Africa;1708;4050288;0;102568;2.5323631307205807
2023-01-15;ZA;South Africa;1499;4051787;0;102568;2.5314262571058155
2023-01-22;ZA;South Africa;2419;4054206;27;102595;2.5305818204600357
2023-01-29;ZA;South Africa;1450;4055656;0;102595;2.5296770732034473
2023-02-05;ZA;South Africa;1478;4057134;0;102595;2.528755520522615
2023-02-12;ZA;South Africa;1781;4058915;0;102595;2.5276459349358142
2023-02-19;ZA;South Africa;1470;4060385;0;102595;2.5267308395632435
2023-02-26;ZA;South Africa;1193;4061578;0;102595;2.5259886674588055
2023-03-05;ZA;South Africa;4165;4065743;0;102595;2.52340101181998
2023-03-12;ZA;South Africa;2481;4068224;0;102595;2.521862119686625
2023-03-19;ZA;South Africa;2210;4070434;0;102595;2.52049290075702
2023-03-26;ZA;South Africa;2099;4072533;0;102595;2.5191938285091857
2023-04-02;ZA;South Africa;0;4072533;0;102595;2.5191938285091857
2023-04-09;ZA;South Africa;0;4072533;0;102595;2.5191938285091857
2023-04-16;ZA;South Africa;0;4072533;0;102595;2.5191938285091857
2023-04-23;ZA;South Africa;0;4072533;0;102595;2.5191938285091857
2023-04-30;ZA;South Africa;0;4072533;0;102595;2.5191938285091857
2023-05-07;ZA;South Africa;0;4072533;0;102595;2.5191938285091857
2023-05-14;ZA;South Africa;0;4072533;0;102595;2.5191938285091857
2023-05-21;ZA;South Africa;0;4072533;0;102595;2.5191938285091857
2023-05-28;ZA;South Africa;0;4072533;0;102595;2.5191938285091857
2023-06-04;ZA;South Africa;0;4072533;0;102595;2.5191938285091857
2023-06-11;ZA;South Africa;0;4072533;0;102595;2.5191938285091857
2023-06-18;ZA;South Africa;0;4072533;0;102595;2.5191938285091857
2023-06-25;ZA;South Africa;0;4072533;0;102595;2.5191938285091857
2023-07-02;ZA;South Africa;0;4072533;0;102595;2.5191938285091857
2023-07-09;ZA;South Africa;0;4072533;0;102595;2.5191938285091857
2023-07-16;ZA;South Africa;0;4072533;0;102595;2.5191938285091857
2023-07-23;ZA;South Africa;0;4072533;0;102595;2.5191938285091857
2023-07-30;ZA;South Africa;0;4072533;0;102595;2.5191938285091857
2023-08-06;ZA;South Africa;0;4072533;0;102595;2.5191938285091857
2023-08-13;ZA;South Africa;0;4072533;0;102595;2.5191938285091857
2023-08-20;ZA;South Africa;0;4072533;0;102595;2.5191938285091857
2023-08-27;ZA;South Africa;0;4072533;0;102595;2.5191938285091857
2023-09-03;ZA;South Africa;0;4072533;0;102595;2.5191938285091857
2023-09-10;ZA;South Africa;0;4072533;0;102595;2.5191938285091857
2023-09-17;ZA;South Africa;0;4072533;0;102595;2.5191938285091857
2023-09-24;ZA;South Africa;0;4072533;0;102595;2.5191938285091857
2023-10-01;ZA;South Africa;0;4072533;0;102595;2.5191938285091857
2023-10-08;ZA;South Africa;8;4072541;0;102595;2.519188879866403
2023-10-15;ZA;South Africa;20;4072561;0;102595;2.5191765083445037
2023-10-22;ZA;South Africa;15;4072576;0;102595;2.5191672297828207
2023-10-29;ZA;South Africa;5;4072581;0;102595;2.5191641369441147
2023-11-05;ZA;South Africa;10;4072591;0;102595;2.519157951289486
2023-11-12;ZA;South Africa;12;4072603;0;102595;2.5191505285440297
2023-11-19;ZA;South Africa;14;4072617;0;102595;2.519141868729615
2023-11-26;ZA;South Africa;12;4072629;0;102595;2.519134446078933
2023-12-03;ZA;South Africa;7;4072636;0;102595;2.519130116219569
2023-12-10;ZA;South Africa;0;4072636;0;102595;2.519130116219569
2023-12-17;ZA;South Africa;0;4072636;0;102595;2.519130116219569
2023-12-24;ZA;South Africa;0;4072636;0;102595;2.519130116219569
2023-12-31;ZA;South Africa;0;4072636;0;102595;2.519130116219569
2024-01-07;ZA;South Africa;0;4072636;0;102595;2.519130116219569
2024-01-14;ZA;South Africa;0;4072636;0;102595;2.519130116219569
2024-01-21;ZA;South Africa;0;4072636;0;102595;2.519130116219569
2020-01-05;SS;South Sudan;0;0;0;0;0.0
2020-01-12;SS;South Sudan;0;0;0;0;0.0
2020-01-19;SS;South Sudan;0;0;0;0;0.0
2020-01-26;SS;South Sudan;0;0;0;0;0.0
2020-02-02;SS;South Sudan;0;0;0;0;0.0
2020-02-09;SS;South Sudan;0;0;0;0;0.0
2020-02-16;SS;South Sudan;0;0;0;0;0.0
2020-02-23;SS;South Sudan;0;0;0;0;0.0
2020-03-01;SS;South Sudan;0;0;0;0;0.0
2020-03-08;SS;South Sudan;0;0;0;0;0.0
2020-03-15;SS;South Sudan;0;0;0;0;0.0
2020-03-22;SS;South Sudan;0;0;0;0;0.0
2020-03-29;SS;South Sudan;0;0;0;0;0.0
2020-04-05;SS;South Sudan;0;0;0;0;0.0
2020-04-12;SS;South Sudan;4;4;0;0;0.0
2020-04-19;SS;South Sudan;0;4;0;0;0.0
2020-04-26;SS;South Sudan;2;6;0;0;0.0
2020-05-03;SS;South Sudan;40;46;0;0;0.0
2020-05-10;SS;South Sudan;74;120;0;0;0.0
2020-05-17;SS;South Sudan;165;285;6;6;2.1052631578947367
2020-05-24;SS;South Sudan;370;655;4;10;1.5267175572519083
2020-05-31;SS;South Sudan;492;1147;4;14;1.2205754141238012
2020-06-07;SS;South Sudan;326;1473;8;22;1.4935505770536321
2020-06-14;SS;South Sudan;220;1693;7;29;1.7129356172474897
2020-06-21;SS;South Sudan;189;1882;7;36;1.9128586609989375
2020-06-28;SS;South Sudan;84;1966;2;38;1.9328585961342828
2020-07-05;SS;South Sudan;99;2065;4;42;2.0338983050847457
2020-07-12;SS;South Sudan;80;2145;1;43;2.0046620046620047
2020-07-19;SS;South Sudan;55;2200;2;45;2.0454545454545454
2020-07-26;SS;South Sudan;86;2286;2;47;2.0559930008748903
2020-08-02;SS;South Sudan;143;2429;1;48;1.9761218608480857
2020-08-09;SS;South Sudan;42;2471;1;49;1.9830028328611897
2020-08-16;SS;South Sudan;18;2489;0;49;1.9686621132985134
2020-08-23;SS;South Sudan;15;2504;0;49;1.9568690095846646
2020-08-30;SS;South Sudan;21;2525;0;49;1.9405940594059405
2020-09-06;SS;South Sudan;19;2544;1;50;1.9654088050314464
2020-09-13;SS;South Sudan;40;2584;1;51;1.9736842105263157
2020-09-20;SS;South Sudan;60;2644;0;51;1.9288956127080183
2020-09-27;SS;South Sudan;48;2692;0;51;1.8945022288261515
2020-10-04;SS;South Sudan;34;2726;1;52;1.9075568598679384
2020-10-11;SS;South Sudan;61;2787;5;57;2.045209903121636
2020-10-18;SS;South Sudan;55;2842;0;57;2.0056298381421533
2020-10-25;SS;South Sudan;41;2883;1;58;2.0117932708983695
2020-11-01;SS;South Sudan;43;2926;3;61;2.0847573479152426
2020-11-08;SS;South Sudan;34;2960;0;61;2.060810810810811
2020-11-15;SS;South Sudan;54;3014;0;61;2.023888520238885
2020-11-22;SS;South Sudan;70;3084;1;62;2.0103761348897535
2020-11-29;SS;South Sudan;23;3107;0;62;1.9954940457032506
2020-12-06;SS;South Sudan;67;3174;1;63;1.9848771266540641
2020-12-13;SS;South Sudan;32;3206;0;63;1.9650655021834063
2020-12-20;SS;South Sudan;25;3231;0;63;1.9498607242339834
2020-12-27;SS;South Sudan;274;3505;0;63;1.7974322396576319
2021-01-03;SS;South Sudan;71;3576;1;64;1.7897091722595078
2021-01-10;SS;South Sudan;73;3649;0;64;1.7539051795012335
2021-01-17;SS;South Sudan;93;3742;0;64;1.7103153393907
2021-01-24;SS;South Sudan;101;3843;1;65;1.6913869372885766
2021-01-31;SS;South Sudan;194;4037;0;65;1.6101065147386673
2021-02-07;SS;South Sudan;455;4492;2;67;1.491540516473731
2021-02-14;SS;South Sudan;921;5413;7;74;1.3670792536486236
2021-02-21;SS;South Sudan;1171;6584;12;86;1.3061968408262454
2021-02-28;SS;South Sudan;1353;7937;7;93;1.17172735290412
2021-03-07;SS;South Sudan;840;8777;9;102;1.1621282898484675
2021-03-14;SS;South Sudan;724;9501;2;104;1.0946216187769708
2021-03-21;SS;South Sudan;389;9890;2;106;1.0717896865520726
2021-03-28;SS;South Sudan;208;10098;2;108;1.06951871657754
2021-04-04;SS;South Sudan;169;10267;5;113;1.1006136164410247
2021-04-11;SS;South Sudan;105;10372;1;114;1.0991129965291169
2021-04-18;SS;South Sudan;101;10473;0;114;1.0885133199656258
2021-04-25;SS;South Sudan;60;10533;0;114;1.0823127314155512
2021-05-02;SS;South Sudan;65;10598;1;115;1.0851103981883374
2021-05-09;SS;South Sudan;39;10637;0;115;1.0811318980915672
2021-05-16;SS;South Sudan;16;10653;0;115;1.0795081197784662
2021-05-23;SS;South Sudan;17;10670;0;115;1.0777881911902532
2021-05-30;SS;South Sudan;18;10688;0;115;1.0759730538922156
2021-06-06;SS;South Sudan;0;10688;0;115;1.0759730538922156
2021-06-13;SS;South Sudan;0;10688;0;115;1.0759730538922156
2021-06-20;SS;South Sudan;98;10786;0;115;1.0661969219358427
2021-06-27;SS;South Sudan;38;10824;1;116;1.0716925351071693
2021-07-04;SS;South Sudan;52;10876;1;117;1.075763148216256
2021-07-11;SS;South Sudan;15;10891;0;117;1.0742815168487743
2021-07-18;SS;South Sudan;26;10917;0;117;1.0717230008244023
2021-07-25;SS;South Sudan;0;10917;0;117;1.0717230008244023
2021-08-01;SS;South Sudan;146;11063;2;119;1.0756575973967277
2021-08-08;SS;South Sudan;56;11119;1;120;1.0792337440417303
2021-08-15;SS;South Sudan;61;11180;0;120;1.073345259391771
2021-08-22;SS;South Sudan;121;11301;0;120;1.0618529333687283
2021-08-29;SS;South Sudan;116;11417;0;120;1.0510642025050363
2021-09-05;SS;South Sudan;100;11517;0;120;1.041938004688721
2021-09-12;SS;South Sudan;93;11610;0;120;1.03359173126615
2021-09-19;SS;South Sudan;195;11805;1;121;1.0249894112664126
2021-09-26;SS;South Sudan;131;11936;7;128;1.0723860589812333
2021-10-03;SS;South Sudan;99;12035;2;130;1.080182800166182
2021-10-10;SS;South Sudan;79;12114;0;130;1.0731385174178636
2021-10-17;SS;South Sudan;109;12223;0;130;1.0635686819929642
2021-10-24;SS;South Sudan;70;12293;3;133;1.0819165378670788
2021-10-31;SS;South Sudan;109;12402;0;133;1.072407676181261
2021-11-07;SS;South Sudan;88;12490;0;133;1.0648518815052042
2021-11-14;SS;South Sudan;95;12585;0;133;1.056813667063965
2021-11-21;SS;South Sudan;90;12675;0;133;1.04930966469428
2021-11-28;SS;South Sudan;76;12751;0;133;1.0430554466316366
2021-12-05;SS;South Sudan;68;12819;0;133;1.0375224276464623
2021-12-12;SS;South Sudan;72;12891;0;133;1.031727561864867
2021-12-19;SS;South Sudan;568;13459;0;133;0.9881863437105282
2021-12-26;SS;South Sudan;1351;14810;2;135;0.9115462525320729
2022-01-02;SS;South Sudan;828;15638;1;136;0.8696764292108965
2022-01-09;SS;South Sudan;572;16210;0;136;0.8389882788402222
2022-01-16;SS;South Sudan;312;16522;0;136;0.8231448977121414
2022-01-23;SS;South Sudan;171;16693;1;137;0.8207032888036903
2022-01-30;SS;South Sudan;95;16788;0;137;0.8160590898260662
2022-02-06;SS;South Sudan;61;16849;0;137;0.8131046352899283
2022-02-13;SS;South Sudan;47;16896;0;137;0.810842803030303
2022-02-20;SS;South Sudan;34;16930;0;137;0.809214412285883
2022-02-27;SS;South Sudan;36;16966;0;137;0.8074973476364494
2022-03-06;SS;South Sudan;45;17011;0;137;0.8053612368467463
2022-03-13;SS;South Sudan;50;17061;1;138;0.8088623175663794
2022-03-20;SS;South Sudan;68;17129;0;138;0.8056512347480881
2022-03-27;SS;South Sudan;84;17213;0;138;0.8017196305118225
2022-04-03;SS;South Sudan;73;17286;0;138;0.7983339118361681
2022-04-10;SS;South Sudan;64;17350;0;138;0.7953890489913545
2022-04-17;SS;South Sudan;52;17402;0;138;0.7930122974370762
2022-04-24;SS;South Sudan;36;17438;0;138;0.7913751577015713
2022-05-01;SS;South Sudan;41;17479;0;138;0.7895188511928599
2022-05-08;SS;South Sudan;29;17508;0;138;0.7882111034955449
2022-05-15;SS;South Sudan;39;17547;0;138;0.78645922379894
2022-05-22;SS;South Sudan;27;17574;0;138;0.7852509388869922
2022-05-29;SS;South Sudan;16;17590;0;138;0.7845366685616828
2022-06-05;SS;South Sudan;40;17630;0;138;0.7827566647759502
2022-06-12;SS;South Sudan;18;17648;0;138;0.7819582955575702
2022-06-19;SS;South Sudan;36;17684;0;138;0.7803664329337254
2022-06-26;SS;South Sudan;25;17709;0;138;0.7792647806200237
2022-07-03;SS;South Sudan;27;17736;0;138;0.7780784844384303
2022-07-10;SS;South Sudan;18;17754;0;138;0.777289624873268
2022-07-17;SS;South Sudan;12;17766;0;138;0.7767646065518407
2022-07-24;SS;South Sudan;13;17779;0;138;0.7761966364812419
2022-07-31;SS;South Sudan;1;17780;0;138;0.7761529808773904
2022-08-07;SS;South Sudan;0;17780;0;138;0.7761529808773904
2022-08-14;SS;South Sudan;0;17780;0;138;0.7761529808773904
2022-08-21;SS;South Sudan;0;17780;0;138;0.7761529808773904
2022-08-28;SS;South Sudan;0;17780;0;138;0.7761529808773904
2022-09-04;SS;South Sudan;0;17780;0;138;0.7761529808773904
2022-09-11;SS;South Sudan;0;17780;0;138;0.7761529808773904
2022-09-18;SS;South Sudan;280;18060;0;138;0.7641196013289037
2022-09-25;SS;South Sudan;55;18115;0;138;0.7617996135799061
2022-10-02;SS;South Sudan;0;18115;0;138;0.7617996135799061
2022-10-09;SS;South Sudan;132;18247;0;138;0.7562887049926016
2022-10-16;SS;South Sudan;14;18261;0;138;0.7557088877936586
2022-10-23;SS;South Sudan;31;18292;0;138;0.7544281653181719
2022-10-30;SS;South Sudan;21;18313;0;138;0.7535630426472997
2022-11-06;SS;South Sudan;16;18329;0;138;0.7529052321457799
2022-11-13;SS;South Sudan;12;18341;0;138;0.7524126274467041
2022-11-20;SS;South Sudan;7;18348;0;138;0.7521255722694572
2022-11-27;SS;South Sudan;2;18350;0;138;0.7520435967302452
2022-12-04;SS;South Sudan;2;18352;0;138;0.7519616390584133
2022-12-11;SS;South Sudan;16;18368;0;138;0.7513066202090593
2022-12-18;SS;South Sudan;0;18368;0;138;0.7513066202090593
2022-12-25;SS;South Sudan;0;18368;0;138;0.7513066202090593
2023-01-01;SS;South Sudan;0;18368;0;138;0.7513066202090593
2023-01-08;SS;South Sudan;0;18368;0;138;0.7513066202090593
2023-01-15;SS;South Sudan;0;18368;0;138;0.7513066202090593
2023-01-22;SS;South Sudan;0;18368;0;138;0.7513066202090593
2023-01-29;SS;South Sudan;0;18368;0;138;0.7513066202090593
2023-02-05;SS;South Sudan;0;18368;0;138;0.7513066202090593
2023-02-12;SS;South Sudan;0;18368;0;138;0.7513066202090593
2023-02-19;SS;South Sudan;0;18368;0;138;0.7513066202090593
2023-02-26;SS;South Sudan;0;18368;0;138;0.7513066202090593
2023-03-05;SS;South Sudan;0;18368;0;138;0.7513066202090593
2023-03-12;SS;South Sudan;0;18368;0;138;0.7513066202090593
2023-03-19;SS;South Sudan;0;18368;0;138;0.7513066202090593
2023-03-26;SS;South Sudan;0;18368;0;138;0.7513066202090593
2023-04-02;SS;South Sudan;0;18368;0;138;0.7513066202090593
2023-04-09;SS;South Sudan;0;18368;0;138;0.7513066202090593
2023-04-16;SS;South Sudan;0;18368;0;138;0.7513066202090593
2023-04-23;SS;South Sudan;0;18368;0;138;0.7513066202090593
2023-04-30;SS;South Sudan;0;18368;0;138;0.7513066202090593
2023-05-07;SS;South Sudan;0;18368;0;138;0.7513066202090593
2023-05-14;SS;South Sudan;0;18368;0;138;0.7513066202090593
2023-05-21;SS;South Sudan;0;18368;0;138;0.7513066202090593
2023-05-28;SS;South Sudan;0;18368;0;138;0.7513066202090593
2023-06-04;SS;South Sudan;0;18368;0;138;0.7513066202090593
2023-06-11;SS;South Sudan;0;18368;0;138;0.7513066202090593
2023-06-18;SS;South Sudan;0;18368;0;138;0.7513066202090593
2023-06-25;SS;South Sudan;0;18368;0;138;0.7513066202090593
2023-07-02;SS;South Sudan;0;18368;0;138;0.7513066202090593
2023-07-09;SS;South Sudan;0;18368;0;138;0.7513066202090593
2023-07-16;SS;South Sudan;0;18368;0;138;0.7513066202090593
2023-07-23;SS;South Sudan;0;18368;0;138;0.7513066202090593
2023-07-30;SS;South Sudan;0;18368;0;138;0.7513066202090593
2023-08-06;SS;South Sudan;0;18368;0;138;0.7513066202090593
2023-08-13;SS;South Sudan;0;18368;0;138;0.7513066202090593
2023-08-20;SS;South Sudan;0;18368;0;138;0.7513066202090593
2023-08-27;SS;South Sudan;0;18368;0;138;0.7513066202090593
2023-09-03;SS;South Sudan;0;18368;0;138;0.7513066202090593
2023-09-10;SS;South Sudan;0;18368;0;138;0.7513066202090593
2023-09-17;SS;South Sudan;0;18368;0;138;0.7513066202090593
2023-09-24;SS;South Sudan;0;18368;0;138;0.7513066202090593
2023-10-01;SS;South Sudan;0;18368;0;138;0.7513066202090593
2023-10-08;SS;South Sudan;31;18399;9;147;0.7989564650252732
2023-10-15;SS;South Sudan;137;18536;0;147;0.7930513595166163
2023-10-22;SS;South Sudan;59;18595;0;147;0.790535090077978
2023-10-29;SS;South Sudan;101;18696;0;147;0.7862644415917843
2023-11-05;SS;South Sudan;26;18722;0;147;0.7851725243029591
2023-11-12;SS;South Sudan;36;18758;0;147;0.7836656359953087
2023-11-19;SS;South Sudan;5;18763;0;147;0.783456803283057
2023-11-26;SS;South Sudan;2;18765;0;147;0.7833733013589129
2023-12-03;SS;South Sudan;54;18819;0;147;0.7811254583134066
2023-12-10;SS;South Sudan;0;18819;0;147;0.7811254583134066
2023-12-17;SS;South Sudan;0;18819;0;147;0.7811254583134066
2023-12-24;SS;South Sudan;0;18819;0;147;0.7811254583134066
2023-12-31;SS;South Sudan;0;18819;0;147;0.7811254583134066
2024-01-07;SS;South Sudan;0;18819;0;147;0.7811254583134066
2024-01-14;SS;South Sudan;0;18819;0;147;0.7811254583134066
2024-01-21;SS;South Sudan;0;18819;0;147;0.7811254583134066
2020-01-05;ES;Spain;0;0;0;0;0.0
2020-01-12;ES;Spain;0;0;0;0;0.0
2020-01-19;ES;Spain;2;2;0;0;0.0
2020-01-26;ES;Spain;1;3;0;0;0.0
2020-02-02;ES;Spain;2;5;0;0;0.0
2020-02-09;ES;Spain;2;7;0;0;0.0
2020-02-16;ES;Spain;4;11;1;1;9.090909090909092
2020-02-23;ES;Spain;8;19;0;1;5.263157894736842
2020-03-01;ES;Spain;129;148;0;1;0.6756756756756757
2020-03-08;ES;Spain;1423;1571;24;25;1.5913430935709738
2020-03-15;ES;Spain;11603;13174;457;482;3.6587217246090784
2020-03-22;ES;Spain;36346;49520;2432;2914;5.884491114701131
2020-03-29;ES;Spain;59344;108864;5663;8577;7.8786375661375665
2020-04-05;ES;Spain;44403;153267;5841;14418;9.407113077179039
2020-04-12;ES;Spain;30585;183852;4766;19184;10.434479907751887
2020-04-19;ES;Spain;21250;205102;3576;22760;11.09691763122739
2020-04-26;ES;Spain;14574;219676;2386;25146;11.446858100111072
2020-05-03;ES;Spain;8099;227775;1551;26697;11.720777082647349
2020-05-10;ES;Spain;5624;233399;1069;27766;11.896366308338939
2020-05-17;ES;Spain;5398;238797;612;28378;11.88373388275397
2020-05-24;ES;Spain;4394;243191;452;28830;11.854879498007739
2020-05-31;ES;Spain;3818;247009;338;29168;11.808476614212438
2020-06-07;ES;Spain;3029;250038;240;29408;11.761412265335668
2020-06-14;ES;Spain;2360;252398;160;29568;11.714831337807748
2020-06-21;ES;Spain;2209;254607;113;29681;11.657574222232697
2020-06-28;ES;Spain;2353;256960;57;29738;11.573007471980075
2020-07-05;ES;Spain;2806;259766;48;29786;11.46647367245906
2020-07-12;ES;Spain;4866;264632;29;29815;11.2665890746395
2020-07-19;ES;Spain;10235;274867;21;29836;10.854704275158532
2020-07-26;ES;Spain;14507;289374;51;29887;10.328156641578028
2020-08-02;ES;Spain;20321;309695;90;29977;9.679523402056862
2020-08-09;ES;Spain;28301;337996;147;30124;8.91253150924863
2020-08-16;ES;Spain;40123;378119;204;30328;8.020755370663734
2020-08-23;ES;Spain;52062;430181;308;30636;7.121653443550506
2020-08-30;ES;Spain;61080;491261;394;31030;6.316398004319495
2020-09-06;ES;Spain;65500;556761;510;31540;5.664908282009695
2020-09-13;ES;Spain;74073;630834;680;32220;5.107524324941268
2020-09-20;ES;Spain;80808;711642;827;33047;4.643767512316586
2020-09-27;ES;Spain;72474;784116;880;33927;4.326783282065408
2020-10-04;ES;Spain;65133;849249;947;34874;4.106451700266941
2020-10-11;ES;Spain;77797;927046;944;35818;3.8636701954379826
2020-10-18;ES;Spain;91151;1018197;1053;36871;3.62120493381929
2020-10-25;ES;Spain;135288;1153485;1387;38258;3.316731470283532
2020-11-01;ES;Spain;144877;1298362;1798;40056;3.085118017933365
2020-11-08;ES;Spain;133375;1431737;2304;42360;2.958643940891379
2020-11-15;ES;Spain;112091;1543828;2344;44704;2.895659361016901
2020-11-22;ES;Spain;81232;1625060;2183;46887;2.885247313945331
2020-11-29;ES;Spain;58537;1683597;1873;48760;2.896180024079397
2020-12-06;ES;Spain;50703;1734300;1526;50286;2.8994983566856947
2020-12-13;ES;Spain;50685;1784985;1360;51646;2.893357647263142
2020-12-20;ES;Spain;68392;1853377;1146;52792;2.84842209652974
2020-12-27;ES;Spain;66172;1919549;1172;53964;2.8112853592171914
2021-01-03;ES;Spain;98951;2018500;1287;55251;2.7372306167946494
2021-01-10;ES;Spain;160591;2179091;1577;56828;2.607876403509537
2021-01-17;ES;Spain;234083;2413174;2325;59153;2.451252997090139
2021-01-24;ES;Spain;244667;2657841;3407;62560;2.3537901627674493
2021-01-31;ES;Spain;202047;2859888;3819;66379;2.321034949620405
2021-02-07;ES;Spain;130543;2990431;3315;69694;2.330567065416323
2021-02-14;ES;Spain;75699;3066130;2459;72153;2.3532270321219255
2021-02-21;ES;Spain;50400;3116530;1692;73845;2.369462190320645
2021-02-28;ES;Spain;38936;3155466;1315;75160;2.381898584868289
2021-03-07;ES;Spain;33692;3189158;927;76087;2.3858021458955623
2021-03-14;ES;Spain;32524;3221682;717;76804;2.3839720990463986
2021-03-21;ES;Spain;34096;3255778;592;77396;2.3771891081025793
2021-03-28;ES;Spain;42834;3298612;533;77929;2.3624785212689456
2021-04-04;ES;Spain;43342;3341954;538;78467;2.3479377633564074
2021-04-11;ES;Spain;60150;3402104;563;79030;2.3229742535795497
2021-04-18;ES;Spain;58926;3461030;570;79600;2.2998933843393443
2021-04-25;ES;Spain;57972;3519002;528;80128;2.2770092202277805
2021-05-02;ES;Spain;52880;3571882;453;80581;2.2559815805785295
2021-05-09;ES;Spain;41911;3613793;458;81039;2.242491476407199
2021-05-16;ES;Spain;34703;3648496;363;81402;2.231111120856375
2021-05-23;ES;Spain;32321;3680817;253;81655;2.218393362125854
2021-05-30;ES;Spain;30781;3711598;191;81846;2.205141828398442
2021-06-06;ES;Spain;28289;3739887;209;82055;2.1940502480422537
2021-06-13;ES;Spain;24345;3764232;145;82200;2.1837123747951774
2021-06-20;ES;Spain;23600;3787832;130;82330;2.173538847551845
2021-06-27;ES;Spain;29773;3817605;113;82443;2.159547674523687
2021-07-04;ES;Spain;78950;3896555;89;82532;2.1180760954227518
2021-07-11;ES;Spain;135337;4031892;89;82621;2.0491868333774814
2021-07-18;ES;Spain;176564;4208456;162;82783;1.967063455100873
2021-07-25;ES;Spain;185713;4394169;397;83180;1.8929631518496444
2021-08-01;ES;Spain;157658;4551827;556;83736;1.8396129729886481
2021-08-08;ES;Spain;119244;4671071;710;84446;1.807850918986245
2021-08-15;ES;Spain;90657;4761728;803;85249;1.790295455767318
2021-08-22;ES;Spain;68431;4830159;713;85962;1.7796929666290489
2021-08-29;ES;Spain;51814;4881973;641;86603;1.7739344318372918
2021-09-05;ES;Spain;34174;4916147;562;87165;1.7730348583962199
2021-09-12;ES;Spain;23147;4939294;442;87607;1.7736745372921716
2021-09-19;ES;Spain;17787;4957081;373;87980;1.7748348271896304
2021-09-26;ES;Spain;14420;4971501;253;88233;1.7747758674895167
2021-10-03;ES;Spain;12085;4983586;192;88425;1.7743247533001338
2021-10-10;ES;Spain;10316;4993902;151;88576;1.77368318401122
2021-10-17;ES;Spain;10582;5004484;129;88705;1.7725104126619249
2021-10-24;ES;Spain;12402;5016886;123;88828;1.7705803958870103
2021-10-31;ES;Spain;13400;5030286;106;88934;1.7679710457814923
2021-11-07;ES;Spain;16049;5046335;96;89030;1.7642506888662763
2021-11-14;ES;Spain;25438;5071773;161;89191;1.7585763400688477
2021-11-21;ES;Spain;40613;5112386;155;89346;1.7476379913410296
2021-11-28;ES;Spain;59198;5171584;194;89540;1.7313844268989926
2021-12-05;ES;Spain;89893;5261477;295;89835;1.7074102956261141
2021-12-12;ES;Spain;116016;5377493;355;90190;1.6771755909305692
2021-12-19;ES;Spain;231599;5609092;501;90691;1.6168570599305556
2021-12-26;ES;Spain;491046;6100138;584;91275;1.4962776251947087
2022-01-02;ES;Spain;793378;6893516;731;92006;1.3346744970200983
2022-01-09;ES;Spain;892500;7786016;1047;93053;1.1951298327668476
2022-01-16;ES;Spain;956506;8742522;1387;94440;1.0802374875350613
2022-01-23;ES;Spain;847389;9589911;1568;96008;1.0011354641351728
2022-01-30;ES;Spain;625727;10215638;1769;97777;0.957130626594247
2022-02-06;ES;Spain;383768;10599406;1706;99483;0.9385714633442667
2022-02-13;ES;Spain;244929;10844335;1400;100883;0.9302829541876011
2022-02-20;ES;Spain;158925;11003260;943;101826;0.9254166492475867
2022-02-27;ES;Spain;117945;11121205;662;102488;0.921554813529649
2022-03-06;ES;Spain;111287;11232492;528;103016;0.9171250689517518
2022-03-13;ES;Spain;110619;11343111;444;103460;0.9120954559996811
2022-03-20;ES;Spain;118670;11461781;373;103833;0.9059063334049045
2022-03-27;ES;Spain;123403;11585184;311;104144;0.8989412684338893
2022-04-03;ES;Spain;67059;11652243;313;104457;0.8964540131887053
2022-04-10;ES;Spain;72198;11724441;336;104793;0.893799542340654
2022-04-17;ES;Spain;74154;11798595;385;105178;0.8914451254577346
2022-04-24;ES;Spain;102380;11900975;419;105597;0.8872970491913478
2022-05-01;ES;Spain;119043;12020018;417;106014;0.8819787125110794
2022-05-08;ES;Spain;120608;12140626;494;106508;0.8772858994256144
2022-05-15;ES;Spain;123129;12263755;552;107060;0.8729789530205064
2022-05-22;ES;Spain;100265;12364020;532;107592;0.8702024098958107
2022-05-29;ES;Spain;78838;12442858;454;108046;0.8683374832373719
2022-06-05;ES;Spain;77617;12520475;442;108488;0.8664846980645702
2022-06-12;ES;Spain;79575;12600050;427;108915;0.8644013317407471
2022-06-19;ES;Spain;95721;12695771;497;109412;0.8617987832326214
2022-06-26;ES;Spain;129495;12825266;525;109937;0.8571907982259394
2022-07-03;ES;Spain;159628;12984894;643;110580;0.8516049495667812
2022-07-10;ES;Spain;146154;13131048;853;111433;0.8486222881829387
2022-07-17;ES;Spain;101461;13232509;1104;112537;0.8504585184865546
2022-07-24;ES;Spain;68057;13300566;958;113495;0.8533095508867818
2022-07-31;ES;Spain;45541;13346107;788;114283;0.8563021411412332
2022-08-07;ES;Spain;32376;13378483;597;114880;0.8586922747519281
2022-08-14;ES;Spain;23157;13401640;498;115378;0.8609244838691384
2022-08-21;ES;Spain;17529;13419169;339;115717;0.8623261246653947
2022-08-28;ES;Spain;17231;13436400;305;116022;0.8634902205948023
2022-09-04;ES;Spain;15221;13451621;252;116274;0.8643865300694987
2022-09-11;ES;Spain;13517;13465138;171;116445;0.864788760427112
2022-09-18;ES;Spain;15587;13480725;165;116610;0.8650128238651853
2022-09-25;ES;Spain;16469;13497194;107;116717;0.8647501102821815
2022-10-02;ES;Spain;17740;13514934;126;116843;0.864547322243675
2022-10-09;ES;Spain;22273;13537207;150;116993;0.8642329248566563
2022-10-16;ES;Spain;21512;13558719;147;117140;0.8639459229149892
2022-10-23;ES;Spain;22259;13580978;179;117319;0.8638479496837415
2022-10-30;ES;Spain;20302;13601280;166;117485;0.8637789972708451
2022-11-06;ES;Spain;18527;13619807;142;117627;0.8636465993974805
2022-11-13;ES;Spain;20387;13640194;147;117774;0.8634334672952598
2022-11-20;ES;Spain;21950;13662144;163;117937;0.8632393275901644
2022-11-27;ES;Spain;19892;13682036;175;118112;0.8632633330302595
2022-12-04;ES;Spain;19294;13701330;183;118295;0.8633833357783515
2022-12-11;ES;Spain;16989;13718319;190;118485;0.8636991164879603
2022-12-18;ES;Spain;19638;13737957;241;118726;0.8642187481006092
2022-12-25;ES;Spain;17005;13754962;217;118943;0.8647279432687637
2023-01-01;ES;Spain;14823;13769785;210;119153;0.8653221528150222
2023-01-08;ES;Spain;12663;13782448;202;119355;0.8659927467166937
2023-01-15;ES;Spain;11960;13794408;178;119533;0.8665322933756926
2023-01-22;ES;Spain;7480;13801888;197;119730;0.8674900129605457
2023-01-29;ES;Spain;5787;13807675;136;119866;0.8681113945686004
2023-02-05;ES;Spain;5699;13813374;116;119982;0.8685930026943454
2023-02-12;ES;Spain;6074;13819448;103;120085;0.8689565603488649
2023-02-19;ES;Spain;6051;13825499;85;120170;0.8691910505364038
2023-02-26;ES;Spain;6455;13831954;91;120261;0.8694433194326702
2023-03-05;ES;Spain;6566;13838520;82;120343;0.8696233412243506
2023-03-12;ES;Spain;8286;13846806;97;120440;0.8698034767006918
2023-03-19;ES;Spain;7421;13854227;123;120563;0.8702253831989326
2023-03-26;ES;Spain;7577;13861804;95;120658;0.8704350458280898
2023-04-02;ES;Spain;7962;13869766;84;120742;0.8705410026384006
2023-04-09;ES;Spain;6617;13876383;86;120828;0.8707456402723965
2023-04-16;ES;Spain;10278;13886661;80;120908;0.8706772635984994
2023-04-23;ES;Spain;10867;13897528;112;121020;0.870802347007324
2023-04-30;ES;Spain;11183;13908711;128;121148;0.8710224836794724
2023-05-07;ES;Spain;10603;13919314;98;121246;0.8710630423309655
2023-05-14;ES;Spain;11262;13930576;102;121348;0.8710910446201219
2023-05-21;ES;Spain;11023;13941599;100;121448;0.8711195896539558
2023-05-28;ES;Spain;11262;13952861;99;121547;0.8711260006101975
2023-06-04;ES;Spain;8917;13961778;98;121645;0.8712715529497748
2023-06-11;ES;Spain;6866;13968644;89;121734;0.8714804386166617
2023-06-18;ES;Spain;5430;13974074;65;121799;0.8716069486965649
2023-06-25;ES;Spain;4502;13978576;42;121841;0.8716266950224402
2023-07-02;ES;Spain;1764;13980340;11;121852;0.8715953975368267
2023-07-09;ES;Spain;0;13980340;0;121852;0.8715953975368267
2023-07-16;ES;Spain;0;13980340;0;121852;0.8715953975368267
2023-07-23;ES;Spain;0;13980340;0;121852;0.8715953975368267
2023-07-30;ES;Spain;0;13980340;0;121852;0.8715953975368267
2023-08-06;ES;Spain;0;13980340;0;121852;0.8715953975368267
2023-08-13;ES;Spain;0;13980340;0;121852;0.8715953975368267
2023-08-20;ES;Spain;0;13980340;0;121852;0.8715953975368267
2023-08-27;ES;Spain;0;13980340;0;121852;0.8715953975368267
2023-09-03;ES;Spain;0;13980340;0;121852;0.8715953975368267
2023-09-10;ES;Spain;0;13980340;0;121852;0.8715953975368267
2023-09-17;ES;Spain;0;13980340;0;121852;0.8715953975368267
2023-09-24;ES;Spain;0;13980340;0;121852;0.8715953975368267
2023-10-01;ES;Spain;0;13980340;0;121852;0.8715953975368267
2023-10-08;ES;Spain;0;13980340;0;121852;0.8715953975368267
2023-10-15;ES;Spain;0;13980340;0;121852;0.8715953975368267
2023-10-22;ES;Spain;0;13980340;0;121852;0.8715953975368267
2023-10-29;ES;Spain;0;13980340;0;121852;0.8715953975368267
2023-11-05;ES;Spain;0;13980340;0;121852;0.8715953975368267
2023-11-12;ES;Spain;0;13980340;0;121852;0.8715953975368267
2023-11-19;ES;Spain;0;13980340;0;121852;0.8715953975368267
2023-11-26;ES;Spain;0;13980340;0;121852;0.8715953975368267
2023-12-03;ES;Spain;0;13980340;0;121852;0.8715953975368267
2023-12-10;ES;Spain;0;13980340;0;121852;0.8715953975368267
2023-12-17;ES;Spain;0;13980340;0;121852;0.8715953975368267
2023-12-24;ES;Spain;0;13980340;0;121852;0.8715953975368267
2023-12-31;ES;Spain;0;13980340;0;121852;0.8715953975368267
2024-01-07;ES;Spain;0;13980340;0;121852;0.8715953975368267
2024-01-14;ES;Spain;0;13980340;0;121852;0.8715953975368267
2024-01-21;ES;Spain;0;13980340;0;121852;0.8715953975368267
2020-01-05;LK;Sri Lanka;0;0;0;0;0.0
2020-01-12;LK;Sri Lanka;0;0;0;0;0.0
2020-01-19;LK;Sri Lanka;0;0;0;0;0.0
2020-01-26;LK;Sri Lanka;0;0;0;0;0.0
2020-02-02;LK;Sri Lanka;5;5;0;0;0.0
2020-02-09;LK;Sri Lanka;0;5;0;0;0.0
2020-02-16;LK;Sri Lanka;0;5;0;0;0.0
2020-02-23;LK;Sri Lanka;0;5;0;0;0.0
2020-03-01;LK;Sri Lanka;0;5;0;0;0.0
2020-03-08;LK;Sri Lanka;0;5;0;0;0.0
2020-03-15;LK;Sri Lanka;6;11;0;0;0.0
2020-03-22;LK;Sri Lanka;71;82;0;0;0.0
2020-03-29;LK;Sri Lanka;33;115;1;1;0.8695652173913043
2020-04-05;LK;Sri Lanka;51;166;4;5;3.0120481927710845
2020-04-12;LK;Sri Lanka;33;199;2;7;3.5175879396984926
2020-04-19;LK;Sri Lanka;55;254;0;7;2.7559055118110236
2020-04-26;LK;Sri Lanka;206;460;0;7;1.5217391304347827
2020-05-03;LK;Sri Lanka;245;705;0;7;0.9929078014184398
2020-05-10;LK;Sri Lanka;142;847;2;9;1.062573789846517
2020-05-17;LK;Sri Lanka;134;981;0;9;0.9174311926605505
2020-05-24;LK;Sri Lanka;160;1141;0;9;0.7887817703768624
2020-05-31;LK;Sri Lanka;492;1633;1;10;0.612369871402327
2020-06-07;LK;Sri Lanka;202;1835;1;11;0.5994550408719346
2020-06-14;LK;Sri Lanka;54;1889;0;11;0.5823186871360508
2020-06-21;LK;Sri Lanka;61;1950;0;11;0.5641025641025641
2020-06-28;LK;Sri Lanka;87;2037;0;11;0.5400098183603338
2020-07-05;LK;Sri Lanka;39;2076;0;11;0.5298651252408477
2020-07-12;LK;Sri Lanka;541;2617;0;11;0.42032862055789066
2020-07-19;LK;Sri Lanka;107;2724;0;11;0.4038179148311307
2020-07-26;LK;Sri Lanka;58;2782;0;11;0.39539899352983465
2020-08-02;LK;Sri Lanka;41;2823;0;11;0.3896563939071909
2020-08-09;LK;Sri Lanka;21;2844;0;11;0.3867791842475387
2020-08-16;LK;Sri Lanka;46;2890;0;11;0.3806228373702422
2020-08-23;LK;Sri Lanka;57;2947;1;12;0.40719375636240246
2020-08-30;LK;Sri Lanka;65;3012;0;12;0.398406374501992
2020-09-06;LK;Sri Lanka;111;3123;0;12;0.38424591738712777
2020-09-13;LK;Sri Lanka;111;3234;0;12;0.3710575139146568
2020-09-20;LK;Sri Lanka;53;3287;1;13;0.39549741405536964
2020-09-27;LK;Sri Lanka;73;3360;0;13;0.3869047619047619
2020-10-04;LK;Sri Lanka;42;3402;0;13;0.3821281599059377
2020-10-11;LK;Sri Lanka;1350;4752;0;13;0.2735690235690236
2020-10-18;LK;Sri Lanka;786;5538;0;13;0.2347417840375587
2020-10-25;LK;Sri Lanka;2334;7872;2;15;0.19054878048780488
2020-11-01;LK;Sri Lanka;3188;11060;6;21;0.18987341772151897
2020-11-08;LK;Sri Lanka;2869;13929;14;35;0.2512743197645201
2020-11-15;LK;Sri Lanka;3358;17287;23;58;0.3355122346271765
2020-11-22;LK;Sri Lanka;2884;20171;29;87;0.4313122800059492
2020-11-29;LK;Sri Lanka;3313;23484;29;116;0.49395332992675867
2020-12-06;LK;Sri Lanka;4393;27877;24;140;0.5022061197402876
2020-12-13;LK;Sri Lanka;4913;32790;12;152;0.4635559621835926
2020-12-20;LK;Sri Lanka;4471;37261;24;176;0.47234373741982233
2020-12-27;LK;Sri Lanka;3793;41054;15;191;0.465240902226336
2021-01-03;LK;Sri Lanka;3720;44774;22;213;0.4757225175324965
2021-01-10;LK;Sri Lanka;3606;48380;19;232;0.4795369987598181
2021-01-17;LK;Sri Lanka;4682;53062;32;264;0.49753118992876255
2021-01-24;LK;Sri Lanka;5368;58430;19;283;0.48434023618004446
2021-01-31;LK;Sri Lanka;5727;64157;33;316;0.4925417335598609
2021-02-07;LK;Sri Lanka;5191;69348;40;356;0.5133529445694179
2021-02-14;LK;Sri Lanka;6306;75654;41;397;0.5247574483834299
2021-02-21;LK;Sri Lanka;4345;79999;48;445;0.5562569532119152
2021-02-28;LK;Sri Lanka;3243;83242;26;471;0.565820138872204
2021-03-07;LK;Sri Lanka;2453;85695;31;502;0.5857984713227142
2021-03-14;LK;Sri Lanka;2212;87907;25;527;0.5994971959002127
2021-03-21;LK;Sri Lanka;2293;90200;19;546;0.6053215077605322
2021-03-28;LK;Sri Lanka;1888;92088;15;561;0.6091998957518895
2021-04-04;LK;Sri Lanka;1348;93436;20;581;0.6218160023973629
2021-04-11;LK;Sri Lanka;1695;95131;17;598;0.6286068684235422
2021-04-18;LK;Sri Lanka;1665;96796;20;618;0.6384561345510145
2021-04-25;LK;Sri Lanka;4583;101379;24;642;0.633267244695647
2021-05-02;LK;Sri Lanka;10374;111753;45;687;0.6147485973530912
2021-05-09;LK;Sri Lanka;14153;125906;114;801;0.6361889028322717
2021-05-16;LK;Sri Lanka;16840;142746;161;962;0.673924313115604
2021-05-23;LK;Sri Lanka;21455;164201;248;1210;0.7369017241064305
2021-05-30;LK;Sri Lanka;19251;183452;231;1441;0.7854915727274709
2021-06-06;LK;Sri Lanka;21881;205333;301;1742;0.8483780006136374
2021-06-13;LK;Sri Lanka;18305;223638;394;2136;0.9551149625734445
2021-06-20;LK;Sri Lanka;16051;239689;388;2524;1.0530312196220937
2021-06-27;LK;Sri Lanka;13929;253618;363;2887;1.1383261440434038
2021-07-04;LK;Sri Lanka;12012;265630;292;3179;1.1967774724240483
2021-07-11;LK;Sri Lanka;8908;274538;266;3445;1.2548353961928767
2021-07-18;LK;Sri Lanka;10394;284932;277;3722;1.3062765852905254
2021-07-25;LK;Sri Lanka;11584;296516;320;4042;1.363164213735515
2021-08-01;LK;Sri Lanka;14833;311349;409;4451;1.4295854491262217
2021-08-08;LK;Sri Lanka;18645;329994;603;5054;1.5315429977514743
2021-08-15;LK;Sri Lanka;24974;354968;985;6039;1.7012801153906834
2021-08-22;LK;Sri Lanka;35032;390000;1327;7366;1.8887179487179488
2021-08-29;LK;Sri Lanka;41519;431519;1409;8775;2.033514167394715
2021-09-05;LK;Sri Lanka;31248;462767;1365;10140;2.191167477369821
2021-09-12;LK;Sri Lanka;23155;485922;1156;11296;2.324652927836155
2021-09-19;LK;Sri Lanka;18569;504491;829;12125;2.4034125484894675
2021-09-26;LK;Sri Lanka;9118;513609;555;12680;2.4688040902710036
2021-10-03;LK;Sri Lanka;6823;520432;379;13059;2.509261536569619
2021-10-10;LK;Sri Lanka;5951;526383;272;13331;2.532566591246298
2021-10-17;LK;Sri Lanka;5265;531648;153;13484;2.536264596123751
2021-10-24;LK;Sri Lanka;4436;536084;127;13611;2.5389677737071055
2021-10-31;LK;Sri Lanka;4989;541073;132;13743;2.53995301927836
2021-11-07;LK;Sri Lanka;4183;545256;113;13856;2.5411916604310636
2021-11-14;LK;Sri Lanka;6286;551542;139;13995;2.537431419547378
2021-11-21;LK;Sri Lanka;5084;556626;132;14127;2.5379698397128414
2021-11-28;LK;Sri Lanka;5894;562520;178;14305;2.5430206925975964
2021-12-05;LK;Sri Lanka;5162;567682;156;14461;2.5473768764907114
2021-12-12;LK;Sri Lanka;5220;572902;153;14614;2.550872575065194
2021-12-19;LK;Sri Lanka;6783;579685;138;14752;2.54483038201782
2021-12-26;LK;Sri Lanka;3964;583649;132;14884;2.5501628547294692
2022-01-02;LK;Sri Lanka;4286;587935;135;15019;2.5545340896527677
2022-01-09;LK;Sri Lanka;3732;591667;100;15119;2.5553225040436596
2022-01-16;LK;Sri Lanka;4680;596347;92;15211;2.550696155090912
2022-01-23;LK;Sri Lanka;5539;601886;88;15299;2.5418434720196186
2022-01-30;LK;Sri Lanka;8217;610103;121;15420;2.5274420876474957
2022-02-06;LK;Sri Lanka;8417;618520;175;15595;2.521341266248464
2022-02-13;LK;Sri Lanka;9596;628116;213;15808;2.51673257805883
2022-02-20;LK;Sri Lanka;8721;636837;186;15994;2.5114746787639537
2022-02-27;LK;Sri Lanka;8200;645037;196;16190;2.50993353869623
2022-03-06;LK;Sri Lanka;5103;650140;141;16331;2.5119205094287387
2022-03-13;LK;Sri Lanka;5901;656041;66;16397;2.499386471272375
2022-03-20;LK;Sri Lanka;2156;658197;34;16431;2.4963650700322244
2022-03-27;LK;Sri Lanka;2693;660890;28;16459;2.49042957224349
2022-04-03;LK;Sri Lanka;1101;661991;22;16481;2.4896108859486006
2022-04-10;LK;Sri Lanka;601;662592;8;16489;2.4885600792040954
2022-04-17;LK;Sri Lanka;272;662864;7;16496;2.4885949455695284
2022-04-24;LK;Sri Lanka;296;663160;6;16502;2.488388925749442
2022-05-01;LK;Sri Lanka;213;663373;3;16505;2.4880421723525075
2022-05-08;LK;Sri Lanka;188;663561;4;16509;2.487940068810554
2022-05-15;LK;Sri Lanka;110;663671;2;16511;2.4878290598805735
2022-05-22;LK;Sri Lanka;87;663758;1;16512;2.487653632799906
2022-05-29;LK;Sri Lanka;58;663816;4;16516;2.4880388541403042
2022-06-05;LK;Sri Lanka;53;663869;2;16518;2.4881414857449284
2022-06-12;LK;Sri Lanka;81;663950;1;16519;2.487988553354921
2022-06-19;LK;Sri Lanka;47;663997;1;16520;2.4879630480258195
2022-06-26;LK;Sri Lanka;83;664080;1;16521;2.487802674376581
2022-07-03;LK;Sri Lanka;87;664167;1;16522;2.487627358781752
2022-07-10;LK;Sri Lanka;106;664273;3;16525;2.487682022301072
2022-07-17;LK;Sri Lanka;175;664448;3;16528;2.4874783278751686
2022-07-24;LK;Sri Lanka;452;664900;9;16537;2.487140923447135
2022-07-31;LK;Sri Lanka;839;665739;19;16556;2.4868604663389107
2022-08-07;LK;Sri Lanka;1025;666764;30;16586;2.487536819624335
2022-08-14;LK;Sri Lanka;1248;668012;35;16621;2.488128955767262
2022-08-21;LK;Sri Lanka;1021;669033;33;16654;2.4892643561677823
2022-08-28;LK;Sri Lanka;716;669749;33;16687;2.4915304091532797
2022-09-04;LK;Sri Lanka;427;670176;24;16711;2.4935240891944805
2022-09-11;LK;Sri Lanka;268;670444;17;16728;2.4950629731938836
2022-09-18;LK;Sri Lanka;152;670596;19;16747;2.497330732661692
2022-09-25;LK;Sri Lanka;113;670709;8;16755;2.4981027539514153
2022-10-02;LK;Sri Lanka;81;670790;7;16762;2.498844645865323
2022-10-09;LK;Sri Lanka;79;670869;6;16768;2.49944475001826
2022-10-16;LK;Sri Lanka;52;670921;1;16769;2.4994000783996926
2022-10-23;LK;Sri Lanka;73;670994;5;16774;2.499873322265177
2022-10-30;LK;Sri Lanka;76;671070;5;16779;2.5003352854396708
2022-11-06;LK;Sri Lanka;258;671328;3;16782;2.4998212498212498
2022-11-13;LK;Sri Lanka;89;671417;2;16784;2.499787762299733
2022-11-20;LK;Sri Lanka;88;671505;7;16791;2.500502602363348
2022-11-27;LK;Sri Lanka;133;671638;9;16800;2.5013474520500627
2022-12-04;LK;Sri Lanka;65;671703;5;16805;2.501849775868204
2022-12-11;LK;Sri Lanka;49;671752;3;16808;2.5021138753587637
2022-12-18;LK;Sri Lanka;56;671808;6;16814;2.502798418595789
2022-12-25;LK;Sri Lanka;43;671851;1;16815;2.502787076301144
2023-01-01;LK;Sri Lanka;40;671891;2;16817;2.502935744041816
2023-01-08;LK;Sri Lanka;36;671927;1;16818;2.5029504693218163
2023-01-15;LK;Sri Lanka;36;671963;5;16823;2.5035604638945896
2023-01-22;LK;Sri Lanka;13;671976;2;16825;2.503809659868805
2023-01-29;LK;Sri Lanka;11;671987;2;16827;2.5040662989016154
2023-02-05;LK;Sri Lanka;13;672000;1;16828;2.504166666666667
2023-02-12;LK;Sri Lanka;7;672007;0;16828;2.504140581868939
2023-02-19;LK;Sri Lanka;13;672020;1;16829;2.504240945209964
2023-02-26;LK;Sri Lanka;6;672026;1;16830;2.5043673905473898
2023-03-05;LK;Sri Lanka;6;672032;0;16830;2.504345031188991
2023-03-12;LK;Sri Lanka;8;672040;0;16830;2.5043152193321827
2023-03-19;LK;Sri Lanka;12;672052;1;16831;2.5044193008874314
2023-03-26;LK;Sri Lanka;11;672063;2;16833;2.5046759009200033
2023-04-02;LK;Sri Lanka;13;672076;1;16834;2.504776245543659
2023-04-09;LK;Sri Lanka;13;672089;0;16834;2.5047277964674324
2023-04-16;LK;Sri Lanka;15;672104;1;16835;2.5048206825134205
2023-04-23;LK;Sri Lanka;28;672132;3;16838;2.5051626763790447
2023-04-30;LK;Sri Lanka;32;672164;4;16842;2.5056385048886876
2023-05-07;LK;Sri Lanka;51;672215;5;16847;2.506192215288263
2023-05-14;LK;Sri Lanka;68;672283;8;16855;2.5071286943147455
2023-05-21;LK;Sri Lanka;83;672366;10;16865;2.5083064878354944
2023-05-28;LK;Sri Lanka;73;672439;5;16870;2.508777747870067
2023-06-04;LK;Sri Lanka;46;672485;5;16875;2.509349650921582
2023-06-11;LK;Sri Lanka;29;672514;1;16876;2.509390139090041
2023-06-18;LK;Sri Lanka;13;672527;1;16877;2.5094903252954897
2023-06-25;LK;Sri Lanka;7;672534;0;16877;2.5094642055271557
2023-07-02;LK;Sri Lanka;8;672542;2;16879;2.5097317342262637
2023-07-09;LK;Sri Lanka;10;672552;1;16880;2.5098431050684558
2023-07-16;LK;Sri Lanka;8;672560;0;16880;2.5098132508623765
2023-07-23;LK;Sri Lanka;3;672563;0;16880;2.5098020557182004
2023-07-30;LK;Sri Lanka;5;672568;0;16880;2.509783397366512
2023-08-06;LK;Sri Lanka;1;672569;2;16882;2.5100770329884368
2023-08-13;LK;Sri Lanka;4;672573;0;16882;2.5100621047826777
2023-08-20;LK;Sri Lanka;2;672575;0;16882;2.510054640746385
2023-08-27;LK;Sri Lanka;2;672577;0;16882;2.510047176754483
2023-09-03;LK;Sri Lanka;2;672579;0;16882;2.5100397128069716
2023-09-10;LK;Sri Lanka;0;672579;0;16882;2.5100397128069716
2023-09-17;LK;Sri Lanka;4;672583;0;16882;2.510024785045117
2023-09-24;LK;Sri Lanka;4;672587;0;16882;2.5100098574608194
2023-10-01;LK;Sri Lanka;2;672589;0;16882;2.510002393735253
2023-10-08;LK;Sri Lanka;1;672590;0;16882;2.509998661889115
2023-10-15;LK;Sri Lanka;3;672593;0;16882;2.5099874664172837
2023-10-22;LK;Sri Lanka;4;672597;0;16882;2.5099725392768626
2023-10-29;LK;Sri Lanka;1;672598;1;16883;2.5101174847382834
2023-11-05;LK;Sri Lanka;8;672606;0;16883;2.510087629310473
2023-11-12;LK;Sri Lanka;6;672612;2;16885;2.510362586454003
2023-11-19;LK;Sri Lanka;6;672618;0;16885;2.51034019309623
2023-11-26;LK;Sri Lanka;11;672629;1;16886;2.510447810011165
2023-12-03;LK;Sri Lanka;10;672639;0;16886;2.5104104876464195
2023-12-10;LK;Sri Lanka;15;672654;0;16886;2.5103545061799974
2023-12-17;LK;Sri Lanka;7;672661;0;16886;2.510328382350099
2023-12-24;LK;Sri Lanka;18;672679;2;16888;2.5105585279159897
2023-12-31;LK;Sri Lanka;28;672707;2;16890;2.510751337506522
2024-01-07;LK;Sri Lanka;14;672721;3;16893;2.511145036352366
2024-01-14;LK;Sri Lanka;13;672734;0;16893;2.511096510656515
2024-01-21;LK;Sri Lanka;4;672738;0;16893;2.5110815800504804
2020-01-05;SD;Sudan;0;0;0;0;0.0
2020-01-12;SD;Sudan;0;0;0;0;0.0
2020-01-19;SD;Sudan;0;0;0;0;0.0
2020-01-26;SD;Sudan;0;0;0;0;0.0
2020-02-02;SD;Sudan;0;0;0;0;0.0
2020-02-09;SD;Sudan;0;0;0;0;0.0
2020-02-16;SD;Sudan;0;0;0;0;0.0
2020-02-23;SD;Sudan;0;0;0;0;0.0
2020-03-01;SD;Sudan;0;0;0;0;0.0
2020-03-08;SD;Sudan;0;0;0;0;0.0
2020-04-12;SD;Sudan;9;19;0;2;10.526315789473683
2020-04-26;SD;Sudan;147;213;7;17;7.981220657276995
2020-05-03;SD;Sudan;379;592;24;41;6.925675675675675
2020-05-10;SD;Sudan;572;1164;27;68;5.841924398625429
2020-05-17;SD;Sudan;1125;2289;33;101;4.412407164700743
2020-05-24;SD;Sudan;1345;3634;45;146;4.017611447440837
2020-05-31;SD;Sudan;1166;4800;116;262;5.458333333333333
2020-06-07;SD;Sudan;1281;6081;97;359;5.903634270679165
2020-06-14;SD;Sudan;926;7007;88;447;6.379334950763522
2020-06-21;SD;Sudan;1573;8580;74;521;6.072261072261073
2020-06-28;SD;Sudan;734;9314;55;576;6.184238780330685
2020-07-05;SD;Sudan;453;9767;32;608;6.225043513873247
2020-07-12;SD;Sudan;483;10250;42;650;6.341463414634147
2020-07-19;SD;Sudan;512;10762;30;680;6.318528154618101
2020-07-26;SD;Sudan;623;11385;37;717;6.297760210803689
2020-08-02;SD;Sudan;353;11738;35;752;6.406542852274663
2020-08-09;SD;Sudan;218;11956;29;781;6.532285045165607
2020-08-16;SD;Sudan;454;12410;22;803;6.470588235294119
2020-08-23;SD;Sudan;493;12903;15;818;6.339610943191507
2020-08-30;SD;Sudan;286;13189;5;823;6.240048525286223
2020-09-06;SD;Sudan;248;13437;10;833;6.199300439086105
2020-09-13;SD;Sudan;95;13532;3;836;6.177948566361218
2020-09-20;SD;Sudan;23;13555;0;836;6.1674658797491695
2020-09-27;SD;Sudan;55;13610;0;836;6.142542248346803
2020-10-04;SD;Sudan;50;13660;0;836;6.120058565153733
2020-10-11;SD;Sudan;25;13685;0;836;6.108878333942273
2020-10-18;SD;Sudan;26;13711;0;836;6.09729414338852
2020-10-25;SD;Sudan;33;13744;1;837;6.089930151338766
2020-11-01;SD;Sudan;75;13819;0;837;6.0568782111585495
2020-11-08;SD;Sudan;336;14155;279;1116;7.884139879901094
2020-11-15;SD;Sudan;573;14728;3;1119;7.597772949483976
2020-11-22;SD;Sudan;1459;16187;80;1199;7.4071786001112
2020-11-29;SD;Sudan;1623;17810;50;1249;7.0129140932060645
2020-12-06;SD;Sudan;1937;19747;54;1303;6.5984706537701925
2020-12-13;SD;Sudan;1844;21591;54;1357;6.2850261683108695
2020-12-20;SD;Sudan;1509;23100;104;1461;6.324675324675325
2020-12-27;SD;Sudan;1594;24694;59;1520;6.155341378472504
2021-01-03;SD;Sudan;1345;26039;77;1597;6.1331080302622984
2021-01-10;SD;Sudan;1455;27494;60;1657;6.026769476976795
2021-01-17;SD;Sudan;739;28233;50;1707;6.046116246945064
2021-01-24;SD;Sudan;637;28870;31;1738;6.020090058884656
2021-01-31;SD;Sudan;579;29449;69;1807;6.136031783761758
2021-02-07;SD;Sudan;316;29765;28;1835;6.164958844280195
2021-02-14;SD;Sudan;241;30006;18;1853;6.175431580350597
2021-02-21;SD;Sudan;199;30205;18;1871;6.194338685648072
2021-02-28;SD;Sudan;212;30417;19;1890;6.213630535555774
2021-03-07;SD;Sudan;220;30637;22;1912;6.240819923621765
2021-03-14;SD;Sudan;309;30946;41;1953;6.3109933432430685
2021-03-21;SD;Sudan;336;31282;50;2003;6.403043283677515
2021-03-28;SD;Sudan;430;31712;57;2060;6.495963673057517
2021-04-04;SD;Sudan;619;32331;65;2125;6.5726392626272006
2021-04-11;SD;Sudan;526;32857;60;2185;6.650028913169188
2021-04-18;SD;Sudan;558;33415;88;2273;6.802334281011521
2021-04-25;SD;Sudan;382;33797;60;2333;6.9029795543983195
2021-05-02;SD;Sudan;664;34461;32;2365;6.862830446011434
2021-05-09;SD;Sudan;428;34889;81;2446;7.010805698071025
2021-05-16;SD;Sudan;0;34889;0;2446;7.010805698071025
2021-05-23;SD;Sudan;304;35193;148;2594;7.37078396271986
2021-05-30;SD;Sudan;302;35495;36;2630;7.409494294971123
2021-06-06;SD;Sudan;509;36004;67;2697;7.4908343517386955
2021-06-13;SD;Sudan;300;36304;35;2732;7.52534156015866
2021-06-20;SD;Sudan;126;36430;8;2740;7.521273675542135
2021-06-27;SD;Sudan;190;36620;14;2754;7.520480611687602
2021-07-04;SD;Sudan;179;36799;6;2760;7.5002038098861386
2021-07-11;SD;Sudan;160;36959;14;2774;7.50561432939203
2021-07-18;SD;Sudan;218;37177;3;2777;7.469672109099712
2021-07-25;SD;Sudan;122;37299;1;2778;7.447920855787019
2021-08-01;SD;Sudan;141;37440;2;2780;7.4252136752136755
2021-08-08;SD;Sudan;75;37515;0;2780;7.41036918565907
2021-08-15;SD;Sudan;41;37556;0;2780;7.402279262967302
2021-08-22;SD;Sudan;84;37640;4;2784;7.396386822529225
2021-08-29;SD;Sudan;68;37708;7;2791;7.401612389943779
2021-09-05;SD;Sudan;165;37873;0;2791;7.369366039130779
2021-09-12;SD;Sudan;78;37951;38;2829;7.454349029011094
2021-09-19;SD;Sudan;90;38041;6;2835;7.452485476196735
2021-09-26;SD;Sudan;160;38201;6;2841;7.4369780895788065
2021-10-03;SD;Sudan;144;38345;35;2876;7.50032598774286
2021-10-10;SD;Sudan;482;38827;77;2953;7.60553223272465
2021-10-17;SD;Sudan;1012;39839;26;2979;7.477597329250233
2021-10-24;SD;Sudan;594;40433;16;2995;7.407315806395766
2021-10-31;SD;Sudan;349;40782;48;3043;7.461625226815752
2021-11-07;SD;Sudan;219;41001;20;3063;7.470549498792713
2021-11-14;SD;Sudan;327;41328;24;3087;7.4695121951219505
2021-11-21;SD;Sudan;466;41794;16;3103;7.424510695315117
2021-11-28;SD;Sudan;1032;42826;38;3141;7.334329612852006
2021-12-05;SD;Sudan;1249;44075;59;3200;7.260351673284175
2021-12-12;SD;Sudan;916;44991;52;3252;7.228112289124492
2021-12-19;SD;Sudan;910;45901;43;3295;7.178492843293174
2021-12-26;SD;Sudan;384;46285;3;3298;7.125418602138922
2022-01-02;SD;Sudan;905;47190;42;3340;7.07777071413435
2022-01-09;SD;Sudan;1416;48606;7;3347;6.885981154589968
2022-01-16;SD;Sudan;3724;52330;43;3390;6.47811962545385
2022-01-23;SD;Sudan;3499;55829;21;3411;6.109727919181787
2022-01-30;SD;Sudan;1803;57632;30;3441;5.970641310383121
2022-02-06;SD;Sudan;1660;59292;191;3632;6.125615597382446
2022-02-13;SD;Sudan;608;59900;187;3819;6.375626043405676
2022-02-20;SD;Sudan;1323;61223;73;3892;6.357088022475213
2022-02-27;SD;Sudan;235;61458;16;3908;6.358814149500472
2022-03-06;SD;Sudan;167;61625;957;4865;7.894523326572007
2022-03-13;SD;Sudan;88;61713;7;4872;7.894608915463516
2022-03-20;SD;Sudan;140;61853;26;4898;7.918775160461093
2022-03-27;SD;Sudan;76;61929;7;4905;7.920360412730708
2022-04-03;SD;Sudan;56;61985;2;4907;7.916431394692264
2022-04-10;SD;Sudan;67;62052;21;4928;7.941726294075936
2022-04-17;SD;Sudan;27;62079;1;4929;7.939883052239888
2022-04-24;SD;Sudan;36;62115;2;4931;7.93850116718989
2022-05-01;SD;Sudan;20;62135;2;4933;7.939164721976341
2022-05-08;SD;Sudan;26;62161;3;4936;7.9406701951384315
2022-05-15;SD;Sudan;34;62195;0;4936;7.93632928692017
2022-05-22;SD;Sudan;45;62240;5;4941;7.938624678663239
2022-05-29;SD;Sudan;81;62321;0;4941;7.92830667030375
2022-06-05;SD;Sudan;106;62427;9;4950;7.9292613772886735
2022-06-12;SD;Sudan;48;62475;0;4950;7.923169267707082
2022-06-19;SD;Sudan;58;62533;0;4950;7.915820446804088
2022-06-26;SD;Sudan;90;62623;1;4951;7.906040911486195
2022-07-03;SD;Sudan;81;62704;1;4952;7.897422811941822
2022-07-10;SD;Sudan;109;62813;3;4955;7.888494419944917
2022-07-17;SD;Sudan;61;62874;0;4955;7.880841047173713
2022-07-24;SD;Sudan;115;62989;2;4957;7.869628030291004
2022-07-31;SD;Sudan;85;63074;1;4958;7.860608174525161
2022-08-07;SD;Sudan;62;63136;3;4961;7.857640648758236
2022-08-14;SD;Sudan;30;63166;0;4961;7.853908748377291
2022-08-21;SD;Sudan;51;63217;0;4961;7.847572646598225
2022-08-28;SD;Sudan;21;63238;0;4961;7.844966633985894
2022-09-04;SD;Sudan;28;63266;0;4961;7.841494641671671
2022-09-11;SD;Sudan;13;63279;0;4961;7.839883689691683
2022-09-18;SD;Sudan;29;63308;1;4962;7.837871990901624
2022-09-25;SD;Sudan;11;63319;0;4962;7.836510368135946
2022-10-02;SD;Sudan;20;63339;0;4962;7.834035902050869
2022-10-09;SD;Sudan;5;63344;0;4962;7.833417529679212
2022-10-16;SD;Sudan;65;63409;1;4963;7.8269646264725825
2022-10-23;SD;Sudan;37;63446;3;4966;7.827128581786086
2022-10-30;SD;Sudan;35;63481;6;4972;7.832264772136545
2022-11-06;SD;Sudan;77;63558;6;4978;7.832216243431196
2022-11-13;SD;Sudan;37;63595;3;4981;7.832376759179181
2022-11-20;SD;Sudan;30;63625;5;4986;7.836542239685658
2022-11-27;SD;Sudan;14;63639;5;4991;7.842675089174877
2022-12-04;SD;Sudan;16;63655;0;4991;7.840703793888933
2022-12-11;SD;Sudan;10;63665;1;4992;7.84104295923977
2022-12-18;SD;Sudan;12;63677;0;4992;7.8395653061544985
2022-12-25;SD;Sudan;13;63690;2;4994;7.8411053540587226
2023-01-01;SD;Sudan;12;63702;1;4995;7.841198078553263
2023-01-08;SD;Sudan;0;63702;0;4995;7.841198078553263
2023-01-15;SD;Sudan;15;63717;3;4998;7.844060454823673
2023-01-22;SD;Sudan;12;63729;3;5001;7.847290872287342
2023-01-29;SD;Sudan;13;63742;0;5001;7.845690439584575
2023-02-05;SD;Sudan;17;63759;7;5008;7.854577392995498
2023-02-12;SD;Sudan;16;63775;3;5011;7.857310858486868
2023-02-19;SD;Sudan;12;63787;0;5011;7.855832693181997
2023-02-26;SD;Sudan;22;63809;2;5013;7.856258521525176
2023-03-05;SD;Sudan;20;63829;4;5017;7.860063607451158
2023-03-12;SD;Sudan;24;63853;6;5023;7.866505880694722
2023-03-19;SD;Sudan;46;63899;3;5026;7.8655378018435345
2023-03-26;SD;Sudan;23;63922;8;5034;7.875222927943431
2023-04-02;SD;Sudan;0;63922;0;5034;7.875222927943431
2023-04-09;SD;Sudan;0;63922;0;5034;7.875222927943431
2023-04-16;SD;Sudan;71;63993;12;5046;7.885237447845858
2023-04-23;SD;Sudan;0;63993;0;5046;7.885237447845858
2023-04-30;SD;Sudan;0;63993;0;5046;7.885237447845858
2023-05-07;SD;Sudan;0;63993;0;5046;7.885237447845858
2023-05-14;SD;Sudan;0;63993;0;5046;7.885237447845858
2023-05-21;SD;Sudan;0;63993;0;5046;7.885237447845858
2023-05-28;SD;Sudan;0;63993;0;5046;7.885237447845858
2023-06-04;SD;Sudan;0;63993;0;5046;7.885237447845858
2023-06-11;SD;Sudan;0;63993;0;5046;7.885237447845858
2023-06-18;SD;Sudan;0;63993;0;5046;7.885237447845858
2023-06-25;SD;Sudan;0;63993;0;5046;7.885237447845858
2023-07-02;SD;Sudan;0;63993;0;5046;7.885237447845858
2023-07-09;SD;Sudan;0;63993;0;5046;7.885237447845858
2023-07-16;SD;Sudan;0;63993;0;5046;7.885237447845858
2023-07-23;SD;Sudan;0;63993;0;5046;7.885237447845858
2023-07-30;SD;Sudan;0;63993;0;5046;7.885237447845858
2023-08-06;SD;Sudan;0;63993;0;5046;7.885237447845858
2023-08-13;SD;Sudan;0;63993;0;5046;7.885237447845858
2023-08-20;SD;Sudan;0;63993;0;5046;7.885237447845858
2023-08-27;SD;Sudan;0;63993;0;5046;7.885237447845858
2023-09-03;SD;Sudan;0;63993;0;5046;7.885237447845858
2023-09-10;SD;Sudan;0;63993;0;5046;7.885237447845858
2023-09-17;SD;Sudan;0;63993;0;5046;7.885237447845858
2023-09-24;SD;Sudan;0;63993;0;5046;7.885237447845858
2023-10-01;SD;Sudan;0;63993;0;5046;7.885237447845858
2023-10-08;SD;Sudan;0;63993;0;5046;7.885237447845858
2023-10-15;SD;Sudan;0;63993;0;5046;7.885237447845858
2023-10-22;SD;Sudan;0;63993;0;5046;7.885237447845858
2023-10-29;SD;Sudan;0;63993;0;5046;7.885237447845858
2023-11-05;SD;Sudan;0;63993;0;5046;7.885237447845858
2023-11-12;SD;Sudan;0;63993;0;5046;7.885237447845858
2023-11-19;SD;Sudan;0;63993;0;5046;7.885237447845858
2023-11-26;SD;Sudan;0;63993;0;5046;7.885237447845858
2023-12-03;SD;Sudan;0;63993;0;5046;7.885237447845858
2023-12-10;SD;Sudan;0;63993;0;5046;7.885237447845858
2023-12-17;SD;Sudan;0;63993;0;5046;7.885237447845858
2023-12-24;SD;Sudan;0;63993;0;5046;7.885237447845858
2023-12-31;SD;Sudan;0;63993;0;5046;7.885237447845858
2024-01-07;SD;Sudan;0;63993;0;5046;7.885237447845858
2024-01-14;SD;Sudan;0;63993;0;5046;7.885237447845858
2024-01-21;SD;Sudan;0;63993;0;5046;7.885237447845858
2020-01-05;SR;Suriname;0;0;0;0;0.0
2020-01-12;SR;Suriname;0;0;0;0;0.0
2020-01-19;SR;Suriname;0;0;0;0;0.0
2020-01-26;SR;Suriname;0;0;0;0;0.0
2020-02-02;SR;Suriname;0;0;0;0;0.0
2020-02-09;SR;Suriname;0;0;0;0;0.0
2020-02-16;SR;Suriname;0;0;0;0;0.0
2020-02-23;SR;Suriname;0;0;0;0;0.0
2020-03-01;SR;Suriname;0;0;0;0;0.0
2020-03-08;SR;Suriname;0;0;0;0;0.0
2020-03-15;SR;Suriname;1;1;0;0;0.0
2020-03-22;SR;Suriname;1;2;0;0;0.0
2020-03-29;SR;Suriname;6;8;0;0;0.0
2020-04-05;SR;Suriname;2;10;0;0;0.0
2020-04-12;SR;Suriname;0;10;1;1;10.0
2020-04-19;SR;Suriname;0;10;0;1;10.0
2020-04-26;SR;Suriname;0;10;0;1;10.0
2020-05-03;SR;Suriname;0;10;0;1;10.0
2020-05-10;SR;Suriname;0;10;0;1;10.0
2020-05-17;SR;Suriname;0;10;0;1;10.0
2020-05-24;SR;Suriname;1;11;0;1;9.090909090909092
2020-05-31;SR;Suriname;1;12;0;1;8.333333333333332
2020-06-07;SR;Suriname;78;90;0;1;1.1111111111111112
2020-06-14;SR;Suriname;97;187;2;3;1.6042780748663104
2020-06-21;SR;Suriname;106;293;5;8;2.7303754266211606
2020-06-28;SR;Suriname;98;391;2;10;2.557544757033248
2020-07-05;SR;Suriname;174;565;4;14;2.47787610619469
2020-07-12;SR;Suriname;164;729;4;18;2.4691358024691357
2020-07-19;SR;Suriname;214;943;1;19;2.014846235418876
2020-07-26;SR;Suriname;362;1305;4;23;1.7624521072796935
2020-08-02;SR;Suriname;401;1706;3;26;1.5240328253223916
2020-08-09;SR;Suriname;497;2203;3;29;1.3163867453472538
2020-08-16;SR;Suriname;635;2838;12;41;1.4446793516560958
2020-08-23;SR;Suriname;622;3460;15;56;1.6184971098265895
2020-08-30;SR;Suriname;388;3848;10;66;1.7151767151767152
2020-09-06;SR;Suriname;404;4252;9;75;1.7638758231420508
2020-09-13;SR;Suriname;277;4529;18;93;2.0534334290130274
2020-09-20;SR;Suriname;162;4691;3;96;2.0464719675975274
2020-09-27;SR;Suriname;126;4817;6;102;2.117500518995225
2020-10-04;SR;Suriname;82;4899;3;105;2.1432945499081444
2020-10-11;SR;Suriname;119;5018;1;106;2.1123953766440815
2020-10-18;SR;Suriname;95;5113;3;109;2.1318208488167416
2020-10-25;SR;Suriname;42;5155;0;109;2.114451988360815
2020-11-01;SR;Suriname;46;5201;2;111;2.134204960584503
2020-11-08;SR;Suriname;26;5227;1;112;2.142720489764683
2020-11-15;SR;Suriname;41;5268;2;114;2.164009111617312
2020-11-22;SR;Suriname;21;5289;2;116;2.1932312346379277
2020-11-29;SR;Suriname;22;5311;1;117;2.2029749576350968
2020-12-06;SR;Suriname;11;5322;0;117;2.1984216459977453
2020-12-13;SR;Suriname;17;5339;0;117;2.191421614534557
2020-12-20;SR;Suriname;120;5459;0;117;2.143249679428467
2020-12-27;SR;Suriname;421;5880;2;119;2.0238095238095237
2021-01-03;SR;Suriname;397;6277;4;123;1.9595348096224312
2021-01-10;SR;Suriname;577;6854;8;131;1.9112926758097462
2021-01-17;SR;Suriname;555;7409;8;139;1.8760966392225673
2021-01-24;SR;Suriname;536;7945;9;148;1.8628067967275015
2021-01-31;SR;Suriname;419;8364;6;154;1.8412242945958872
2021-02-07;SR;Suriname;255;8619;4;158;1.8331592992226475
2021-02-14;SR;Suriname;159;8778;8;166;1.8910913647755754
2021-02-21;SR;Suriname;76;8854;2;168;1.897447481364355
2021-02-28;SR;Suriname;59;8913;2;170;1.90732637720184
2021-03-07;SR;Suriname;53;8966;5;175;1.9518179790318984
2021-03-14;SR;Suriname;46;9012;1;176;1.9529516200621395
2021-03-21;SR;Suriname;43;9055;0;176;1.943677526228603
2021-03-28;SR;Suriname;33;9088;1;177;1.9476232394366195
2021-04-04;SR;Suriname;49;9137;0;177;1.9371785049797525
2021-04-11;SR;Suriname;128;9265;1;178;1.921208850512682
2021-04-18;SR;Suriname;231;9496;9;187;1.9692502106149958
2021-04-25;SR;Suriname;436;9932;6;193;1.9432138542086186
2021-05-02;SR;Suriname;431;10363;11;204;1.9685419280131238
2021-05-09;SR;Suriname;570;10933;10;214;1.9573767492911371
2021-05-16;SR;Suriname;774;11707;9;223;1.9048432561715214
2021-05-23;SR;Suriname;1035;12742;20;243;1.9070789514989799
2021-05-30;SR;Suriname;1563;14305;39;282;1.9713386927647676
2021-06-06;SR;Suriname;1704;16009;50;332;2.073833468673871
2021-06-13;SR;Suriname;1790;17799;58;390;2.191134333389516
2021-06-20;SR;Suriname;1777;19576;53;443;2.2629750715161423
2021-06-27;SR;Suriname;1335;20911;51;494;2.3623929989001002
2021-07-04;SR;Suriname;1152;22063;45;539;2.443004124552418
2021-07-11;SR;Suriname;1106;23169;29;568;2.451551642280634
2021-07-18;SR;Suriname;886;24055;39;607;2.5233839118686343
2021-07-25;SR;Suriname;634;24689;20;627;2.539592531086719
2021-08-01;SR;Suriname;598;25287;18;645;2.5507177601138924
2021-08-08;SR;Suriname;566;25853;14;659;2.5490271922020655
2021-08-15;SR;Suriname;580;26433;17;676;2.557409298982333
2021-08-22;SR;Suriname;777;27210;20;696;2.557883131201764
2021-08-29;SR;Suriname;1252;28462;13;709;2.4910406858267162
2021-09-05;SR;Suriname;1658;30120;24;733;2.4335989375830014
2021-09-12;SR;Suriname;2644;32764;23;756;2.3074105725796605
2021-09-19;SR;Suriname;3664;36428;40;796;2.1851323158010323
2021-09-26;SR;Suriname;3181;39609;45;841;2.1232548158246862
2021-10-03;SR;Suriname;2258;41867;52;893;2.1329448013948933
2021-10-10;SR;Suriname;2169;44036;60;953;2.164138432191843
2021-10-17;SR;Suriname;2096;46132;54;1007;2.182866556836903
2021-10-24;SR;Suriname;1743;47875;47;1054;2.2015665796344646
2021-10-31;SR;Suriname;1024;48899;28;1082;2.212724186588683
2021-11-07;SR;Suriname;605;49504;30;1112;2.24628312863607
2021-11-14;SR;Suriname;509;50013;21;1133;2.265410993141783
2021-11-21;SR;Suriname;397;50410;13;1146;2.2733584606228923
2021-11-28;SR;Suriname;300;50710;16;1162;2.2914612502465
2021-12-05;SR;Suriname;250;50960;8;1170;2.295918367346939
2021-12-12;SR;Suriname;207;51167;6;1176;2.298356362499267
2021-12-19;SR;Suriname;217;51384;4;1180;2.296434687840573
2021-12-26;SR;Suriname;179;51563;6;1186;2.3000989081318
2022-01-02;SR;Suriname;883;52446;3;1189;2.267093772642337
2022-01-09;SR;Suriname;4346;56792;7;1196;2.1059304127341876
2022-01-16;SR;Suriname;5942;62734;12;1208;1.9255905888354001
2022-01-23;SR;Suriname;6541;69275;23;1231;1.7769758210032478
2022-01-30;SR;Suriname;3668;72943;26;1257;1.7232633700286524
2022-02-06;SR;Suriname;2309;75252;17;1274;1.6929782597140275
2022-02-13;SR;Suriname;1624;76876;24;1298;1.6884333211925697
2022-02-20;SR;Suriname;758;77634;11;1309;1.6861169075405105
2022-02-27;SR;Suriname;436;78070;6;1315;1.6843858076085565
2022-03-06;SR;Suriname;384;78454;2;1317;1.678690697733704
2022-03-13;SR;Suriname;286;78740;3;1320;1.6764033528067057
2022-03-20;SR;Suriname;176;78916;3;1323;1.676466115870039
2022-03-27;SR;Suriname;217;79133;1;1324;1.673132574273691
2022-04-03;SR;Suriname;96;79229;1;1325;1.6723674412147067
2022-04-10;SR;Suriname;12;79241;0;1325;1.6721141833141935
2022-04-17;SR;Suriname;35;79276;0;1325;1.6713759523689389
2022-04-24;SR;Suriname;26;79302;2;1327;1.673349978562962
2022-05-01;SR;Suriname;34;79336;1;1328;1.6738933145104367
2022-05-08;SR;Suriname;57;79393;0;1328;1.6726915471137254
2022-05-15;SR;Suriname;615;80008;9;1337;1.671082891710829
2022-05-22;SR;Suriname;232;80240;2;1339;1.6687437686939182
2022-05-29;SR;Suriname;176;80416;2;1341;1.6675785913251095
2022-06-05;SR;Suriname;131;80547;9;1350;1.6760400759804834
2022-06-12;SR;Suriname;126;80673;2;1352;1.675901478809515
2022-06-19;SR;Suriname;93;80766;3;1355;1.6776861550652504
2022-06-26;SR;Suriname;51;80817;4;1359;1.6815768959501094
2022-07-03;SR;Suriname;47;80864;10;1369;1.6929659675504551
2022-07-10;SR;Suriname;26;80890;7;1376;1.7010755346767215
2022-07-17;SR;Suriname;29;80919;1;1377;1.7017017017017018
2022-07-24;SR;Suriname;30;80949;2;1379;1.7035417361548628
2022-07-31;SR;Suriname;17;80966;1;1380;1.704419138897809
2022-08-07;SR;Suriname;16;80982;0;1380;1.7040823886789656
2022-08-14;SR;Suriname;6;80988;0;1380;1.703956141650615
2022-08-21;SR;Suriname;19;81007;2;1382;1.7060254052118953
2022-08-28;SR;Suriname;15;81022;1;1383;1.7069437930438647
2022-09-04;SR;Suriname;17;81039;0;1383;1.7065857179876358
2022-09-11;SR;Suriname;18;81057;1;1384;1.7074404431449475
2022-09-18;SR;Suriname;21;81078;0;1384;1.7069981992649055
2022-09-25;SR;Suriname;21;81099;1;1385;1.7077892452434678
2022-10-02;SR;Suriname;7;81106;0;1385;1.707641851404335
2022-10-09;SR;Suriname;8;81114;0;1385;1.7074734324530907
2022-10-16;SR;Suriname;17;81131;0;1385;1.7071156524633
2022-10-23;SR;Suriname;27;81158;1;1386;1.7077798861480076
2022-10-30;SR;Suriname;27;81185;4;1390;1.712138941922769
2022-11-06;SR;Suriname;43;81228;2;1392;1.7136947850494904
2022-11-13;SR;Suriname;0;81228;0;1392;1.7136947850494904
2022-11-20;SR;Suriname;0;81228;0;1392;1.7136947850494904
2022-11-27;SR;Suriname;0;81228;0;1392;1.7136947850494904
2022-12-04;SR;Suriname;353;81581;1;1393;1.7075054240570722
2022-12-11;SR;Suriname;0;81581;0;1393;1.7075054240570722
2022-12-18;SR;Suriname;0;81581;0;1393;1.7075054240570722
2022-12-25;SR;Suriname;0;81581;0;1393;1.7075054240570722
2023-01-01;SR;Suriname;0;81581;0;1393;1.7075054240570722
2023-01-08;SR;Suriname;439;82020;5;1398;1.7044623262618872
2023-01-15;SR;Suriname;0;82020;0;1398;1.7044623262618872
2023-01-22;SR;Suriname;0;82020;0;1398;1.7044623262618872
2023-01-29;SR;Suriname;0;82020;0;1398;1.7044623262618872
2023-02-05;SR;Suriname;207;82227;2;1400;1.7026037676189085
2023-02-12;SR;Suriname;0;82227;0;1400;1.7026037676189085
2023-02-19;SR;Suriname;0;82227;0;1400;1.7026037676189085
2023-02-26;SR;Suriname;0;82227;0;1400;1.7026037676189085
2023-03-05;SR;Suriname;240;82467;4;1404;1.702499181490778
2023-03-12;SR;Suriname;0;82467;0;1404;1.702499181490778
2023-03-19;SR;Suriname;0;82467;0;1404;1.702499181490778
2023-03-26;SR;Suriname;0;82467;0;1404;1.702499181490778
2023-04-02;SR;Suriname;0;82467;0;1404;1.702499181490778
2023-04-09;SR;Suriname;28;82495;0;1404;1.7019213285653676
2023-04-16;SR;Suriname;0;82495;0;1404;1.7019213285653676
2023-04-23;SR;Suriname;0;82495;0;1404;1.7019213285653676
2023-04-30;SR;Suriname;0;82495;0;1404;1.7019213285653676
2023-05-07;SR;Suriname;0;82495;0;1404;1.7019213285653676
2023-05-14;SR;Suriname;0;82495;0;1404;1.7019213285653676
2023-05-21;SR;Suriname;0;82495;0;1404;1.7019213285653676
2023-05-28;SR;Suriname;2;82497;0;1404;1.7018800683661226
2023-06-04;SR;Suriname;1;82498;0;1404;1.7018594390167037
2023-06-11;SR;Suriname;3;82501;0;1404;1.7017975539690429
2023-06-18;SR;Suriname;1;82502;0;1404;1.7017769266199605
2023-06-25;SR;Suriname;2;82504;0;1404;1.7017356734218947
2023-07-02;SR;Suriname;0;82504;0;1404;1.7017356734218947
2023-07-09;SR;Suriname;2;82506;0;1404;1.7016944222238384
2023-07-16;SR;Suriname;0;82506;0;1404;1.7016944222238384
2023-07-23;SR;Suriname;0;82506;0;1404;1.7016944222238384
2023-07-30;SR;Suriname;0;82506;0;1404;1.7016944222238384
2023-08-06;SR;Suriname;0;82506;0;1404;1.7016944222238384
2023-08-13;SR;Suriname;0;82506;0;1404;1.7016944222238384
2023-08-20;SR;Suriname;0;82506;0;1404;1.7016944222238384
2023-08-27;SR;Suriname;0;82506;0;1404;1.7016944222238384
2023-09-03;SR;Suriname;0;82506;0;1404;1.7016944222238384
2023-09-10;SR;Suriname;0;82506;0;1404;1.7016944222238384
2023-09-17;SR;Suriname;0;82506;0;1404;1.7016944222238384
2023-09-24;SR;Suriname;0;82506;0;1404;1.7016944222238384
2023-10-01;SR;Suriname;0;82506;0;1404;1.7016944222238384
2023-10-08;SR;Suriname;0;82506;0;1404;1.7016944222238384
2023-10-15;SR;Suriname;0;82506;0;1404;1.7016944222238384
2023-10-22;SR;Suriname;0;82506;0;1404;1.7016944222238384
2023-10-29;SR;Suriname;0;82506;0;1404;1.7016944222238384
2023-11-05;SR;Suriname;0;82506;0;1404;1.7016944222238384
2023-11-12;SR;Suriname;0;82506;0;1404;1.7016944222238384
2023-11-19;SR;Suriname;0;82506;0;1404;1.7016944222238384
2023-11-26;SR;Suriname;0;82506;0;1404;1.7016944222238384
2023-12-03;SR;Suriname;0;82506;0;1404;1.7016944222238384
2023-12-10;SR;Suriname;0;82506;0;1404;1.7016944222238384
2023-12-17;SR;Suriname;0;82506;0;1404;1.7016944222238384
2023-12-24;SR;Suriname;0;82506;0;1404;1.7016944222238384
2023-12-31;SR;Suriname;0;82506;0;1404;1.7016944222238384
2024-01-07;SR;Suriname;0;82506;0;1404;1.7016944222238384
2024-01-14;SR;Suriname;0;82506;0;1404;1.7016944222238384
2024-01-21;SR;Suriname;0;82506;0;1404;1.7016944222238384
2020-01-05;SE;Sweden;0;0;0;0;0.0
2020-01-12;SE;Sweden;0;0;0;0;0.0
2020-01-19;SE;Sweden;0;0;0;0;0.0
2020-01-26;SE;Sweden;0;0;0;0;0.0
2020-02-02;SE;Sweden;0;0;0;0;0.0
2020-02-09;SE;Sweden;1;1;0;0;0.0
2020-02-16;SE;Sweden;0;1;0;0;0.0
2020-02-23;SE;Sweden;0;1;0;0;0.0
2020-03-01;SE;Sweden;13;14;0;0;0.0
2020-03-08;SE;Sweden;165;179;0;0;0.0
2020-03-15;SE;Sweden;815;994;3;3;0.30181086519114686
2020-03-22;SE;Sweden;875;1869;35;38;2.0331728196896734
2020-03-29;SE;Sweden;1795;3664;163;201;5.485807860262009
2020-04-05;SE;Sweden;3169;6833;404;605;8.854090443436265
2020-04-12;SE;Sweden;3616;10449;652;1257;12.029859316681023
2020-05-31;SE;Sweden;4225;38396;270;4575;11.915303677466403
2020-06-07;SE;Sweden;5824;44220;259;4834;10.931705110809588
2020-06-14;SE;Sweden;7167;51387;240;5074;9.874092669352171
2020-06-21;SE;Sweden;7170;58557;205;5279;9.015147633929335
2020-06-28;SE;Sweden;7361;65918;137;5416;8.216268697472618
2020-07-05;SE;Sweden;4379;70297;112;5528;7.86377797061041
2020-07-12;SE;Sweden;2388;72685;85;5613;7.722363623856367
2020-07-19;SE;Sweden;1618;74303;58;5671;7.632262492766106
2020-07-26;SE;Sweden;1384;75687;35;5706;7.538943279559238
2020-08-02;SE;Sweden;1560;77247;17;5723;7.408701956063019
2020-08-09;SE;Sweden;1979;79226;17;5740;7.24509630676798
2020-08-16;SE;Sweden;2062;81288;20;5760;7.0859167404783
2020-08-23;SE;Sweden;1693;82981;16;5776;6.960629541702318
2020-08-30;SE;Sweden;1209;84190;10;5786;6.872550184107376
2020-09-06;SE;Sweden;1313;85503;12;5798;6.781048618177141
2020-09-13;SE;Sweden;1553;87056;14;5812;6.676162470134167
2020-09-20;SE;Sweden;2053;89109;10;5822;6.5335712442065335
2020-09-27;SE;Sweden;2885;91994;14;5836;6.3438919929560615
2020-10-04;SE;Sweden;3653;95647;15;5851;6.117285434984892
2020-10-11;SE;Sweden;4273;99920;23;5874;5.878702962369895
2020-10-18;SE;Sweden;5460;105380;17;5891;5.590244828240653
2020-10-25;SE;Sweden;8962;114342;36;5927;5.183572090745308
2020-11-01;SE;Sweden;17691;132033;68;5995;4.540531533783221
2020-11-08;SE;Sweden;24605;156638;157;6152;3.927527164545002
2020-11-15;SE;Sweden;31835;188473;218;6370;3.379794453316921
2020-11-22;SE;Sweden;31103;219576;312;6682;3.0431376835355413
2020-11-29;SE;Sweden;35229;254805;426;7108;2.78958419183297
2020-12-06;SE;Sweden;37787;292592;445;7553;2.5814102914638815
2020-12-13;SE;Sweden;42377;334969;510;8063;2.4070884171371083
2020-12-20;SE;Sweden;45482;380451;622;8685;2.2828169724879155
2020-12-27;SE;Sweden;37678;418129;638;9323;2.229694663608599
2021-01-03;SE;Sweden;41777;459906;679;10002;2.1747922401534225
2021-01-10;SE;Sweden;39883;499789;635;10637;2.128298141815846
2021-01-17;SE;Sweden;30002;529791;629;11266;2.126498940148096
2021-01-24;SE;Sweden;23325;553116;523;11789;2.1313793128385368
2021-01-31;SE;Sweden;20638;573754;401;12190;2.1246039243299393
2021-02-07;SE;Sweden;19755;593509;279;12469;2.100894847424386
2021-02-14;SE;Sweden;21083;614592;206;12675;2.0623437988128708
2021-02-21;SE;Sweden;23225;637817;179;12854;2.015311601917164
2021-02-28;SE;Sweden;27037;664854;142;12996;1.9547148697307979
2021-03-07;SE;Sweden;27531;692385;137;13133;1.8967770821147194
2021-03-14;SE;Sweden;28966;721351;136;13269;1.839465114763825
2021-03-21;SE;Sweden;32493;753844;131;13400;1.7775560991398751
2021-03-28;SE;Sweden;37479;791323;127;13527;1.7094157505847802
2021-04-04;SE;Sweden;38914;830237;145;13672;1.6467586966131358
2021-04-11;SE;Sweden;40200;870437;130;13802;1.5856403163008923
2021-04-18;SE;Sweden;40911;911348;142;13944;1.5300412136746884
2021-04-25;SE;Sweden;36788;948136;127;14071;1.48406979589426
2021-05-02;SE;Sweden;35344;983480;123;14194;1.4432423638508154
2021-05-09;SE;Sweden;33738;1017218;103;14297;1.4055000992904176
2021-05-16;SE;Sweden;26165;1043383;114;14411;1.3811802569142875
2021-05-23;SE;Sweden;18960;1062343;72;14483;1.3633073310597426
2021-05-30;SE;Sweden;6645;1068988;50;14533;1.3595101161098162
2021-06-06;SE;Sweden;10821;1079809;44;14577;1.3499609653188664
2021-06-13;SE;Sweden;4459;1084268;25;14602;1.346715018796091
2021-06-20;SE;Sweden;3006;1087274;14;14616;1.3442793628836889
2021-06-27;SE;Sweden;1976;1089250;12;14628;1.3429423915538214
2021-07-04;SE;Sweden;1877;1091127;8;14636;1.3413653955955631
2021-07-11;SE;Sweden;1516;1092643;2;14638;1.339687345271969
2021-07-18;SE;Sweden;1877;1094520;3;14641;1.3376639988305377
2021-07-25;SE;Sweden;2665;1097185;3;14644;1.3346883160086949
2021-08-01;SE;Sweden;3462;1100647;4;14648;1.3308535797580878
2021-08-08;SE;Sweden;4609;1105256;5;14653;1.325756204897327
2021-08-15;SE;Sweden;5812;1111068;8;14661;1.3195411981984901
2021-08-22;SE;Sweden;6471;1117539;10;14671;1.3127953476344
2021-08-29;SE;Sweden;6686;1124225;17;14688;1.3065000333563122
2021-09-05;SE;Sweden;7235;1131460;24;14712;1.300266911777703
2021-09-12;SE;Sweden;7984;1139444;47;14759;1.295280856277272
2021-09-19;SE;Sweden;6268;1145712;54;14813;1.2929078162749452
2021-09-26;SE;Sweden;4304;1150016;44;14857;1.2918950692859925
2021-10-03;SE;Sweden;4244;1154260;36;14893;1.2902638920173963
2021-10-10;SE;Sweden;4132;1158392;53;14946;1.2902368110277005
2021-10-17;SE;Sweden;4083;1162475;32;14978;1.2884578162971247
2021-10-24;SE;Sweden;4884;1167359;27;15005;1.2853800758806846
2021-10-31;SE;Sweden;5933;1173292;27;15032;1.2811814961663421
2021-11-07;SE;Sweden;5088;1178380;34;15066;1.2785349377959572
2021-11-14;SE;Sweden;5792;1184172;31;15097;1.274899254500191
2021-11-21;SE;Sweden;6931;1191103;30;15127;1.2699993199580557
2021-11-28;SE;Sweden;11523;1202626;16;15143;1.259161202235774
2021-12-05;SE;Sweden;13760;1216386;25;15168;1.2469725892932013
2021-12-12;SE;Sweden;18112;1234498;41;15209;1.2319987557695518
2021-12-19;SE;Sweden;23958;1258456;46;15255;1.2121997113923728
2021-12-26;SE;Sweden;28152;1286608;47;15302;1.189328839864201
2022-01-02;SE;Sweden;55443;1342051;63;15365;1.1448894267058407
2022-01-09;SE;Sweden;114584;1456635;126;15491;1.0634784966721245
2022-01-16;SE;Sweden;159272;1615907;153;15644;0.968125022046442
2022-01-23;SE;Sweden;247473;1863380;247;15891;0.8528051175820284
2022-01-30;SE;Sweden;281038;2144418;296;16187;0.7548435053240553
2022-02-06;SE;Sweden;190729;2335147;351;16538;0.7082209385533331
2022-02-13;SE;Sweden;71262;2406409;331;16869;0.7010030298257695
2022-02-20;SE;Sweden;22263;2428672;373;17242;0.7099353062084959
2022-02-27;SE;Sweden;17695;2446367;322;17564;0.7179625951461902
2022-03-06;SE;Sweden;13503;2459870;271;17835;0.7250383150329083
2022-03-13;SE;Sweden;10035;2469905;207;18042;0.730473439261834
2022-03-20;SE;Sweden;8568;2478473;208;18250;0.7363404806104404
2022-03-27;SE;Sweden;7138;2485611;164;18414;0.74082388595802
2022-04-03;SE;Sweden;5017;2490628;118;18532;0.744069367243924
2022-04-10;SE;Sweden;4089;2494717;121;18653;0.7477000397239446
2022-04-17;SE;Sweden;3147;2497864;77;18730;0.7498406638632047
2022-04-24;SE;Sweden;2568;2500432;75;18805;0.7520700422966912
2022-05-01;SE;Sweden;2302;2502734;51;18856;0.7534160641921994
2022-05-08;SE;Sweden;1972;2504706;50;18906;0.7548191284725632
2022-05-15;SE;Sweden;1643;2506349;42;18948;0.7560000622419304
2022-05-22;SE;Sweden;1830;2508179;46;18994;0.7572824746559157
2022-05-29;SE;Sweden;1324;2509503;27;19021;0.7579588468314244
2022-06-05;SE;Sweden;1256;2510759;26;19047;0.758615223524042
2022-06-12;SE;Sweden;1865;2512624;21;19068;0.7588879195613829
2022-06-19;SE;Sweden;2103;2514727;29;19097;0.7594064882589642
2022-06-26;SE;Sweden;3091;2517818;32;19129;0.759745144406784
2022-07-03;SE;Sweden;4074;2521892;38;19167;0.760024616438769
2022-07-10;SE;Sweden;4171;2526063;61;19228;0.7611844993573003
2022-07-17;SE;Sweden;5417;2531480;59;19287;0.7618863273658097
2022-07-24;SE;Sweden;5974;2537454;110;19397;0.7644276507081508
2022-07-31;SE;Sweden;5709;2543163;96;19493;0.7664864580052477
2022-08-07;SE;Sweden;6223;2549386;113;19606;0.7690479197736239
2022-08-14;SE;Sweden;6644;2556030;115;19721;0.7715480647723227
2022-08-21;SE;Sweden;6640;2562670;135;19856;0.7748168901965528
2022-08-28;SE;Sweden;5067;2567737;93;19949;0.7769097847637823
2022-09-04;SE;Sweden;4770;2572507;98;20047;0.7792787347128696
2022-09-11;SE;Sweden;5077;2577584;82;20129;0.7809250833338506
2022-09-18;SE;Sweden;5055;2582639;95;20224;0.7830749864770106
2022-09-25;SE;Sweden;4963;2587602;96;20320;0.7852830535762455
2022-10-02;SE;Sweden;13579;2601181;97;20417;0.7849126992700622
2022-10-09;SE;Sweden;3965;2605146;98;20515;0.7874798571749914
2022-10-16;SE;Sweden;3427;2608573;91;20606;0.7899338067211461
2022-10-23;SE;Sweden;3297;2611870;91;20697;0.7924207560100618
2022-10-30;SE;Sweden;3482;2615352;89;20786;0.7947687347630452
2022-11-06;SE;Sweden;3412;2618764;69;20855;0.796368057602747
2022-11-13;SE;Sweden;3759;2622523;94;20949;0.7988109160529765
2022-11-20;SE;Sweden;3632;2626155;87;21036;0.8010189802201316
2022-11-27;SE;Sweden;4231;2630386;93;21129;0.8032661366050458
2022-12-04;SE;Sweden;6562;2636948;108;21237;0.8053628664653228
2022-12-11;SE;Sweden;9637;2646585;158;21395;0.8084002592019527
2022-12-18;SE;Sweden;12616;2659201;247;21642;0.813853484561716
2022-12-25;SE;Sweden;12680;2671881;361;22003;0.8235022442990538
2023-01-01;SE;Sweden;9197;2681078;370;22373;0.8344777734926025
2023-01-08;SE;Sweden;5953;2687031;403;22776;0.8476269905334177
2023-01-15;SE;Sweden;3815;2690846;302;23078;0.8576484867584395
2023-01-22;SE;Sweden;2002;2692848;230;23308;0.8655520103622633
2023-01-29;SE;Sweden;1411;2694259;145;23453;0.8704805291547695
2023-02-05;SE;Sweden;1339;2695598;97;23550;0.8736465897363034
2023-02-12;SE;Sweden;1066;2696664;70;23620;0.8758970342615915
2023-02-19;SE;Sweden;823;2697487;50;23670;0.8774833761942133
2023-02-26;SE;Sweden;642;2698129;38;23708;0.878682968827658
2023-03-05;SE;Sweden;710;2698839;51;23759;0.8803415098121822
2023-03-12;SE;Sweden;858;2699697;29;23788;0.881135920068067
2023-03-19;SE;Sweden;878;2700575;33;23821;0.8820714107180877
2023-03-26;SE;Sweden;64;2700639;4;23825;0.8821986204005792
2023-04-02;SE;Sweden;1048;2701687;54;23879;0.8838551616082839
2023-04-09;SE;Sweden;1016;2702703;47;23926;0.8852619026211906
2023-04-16;SE;Sweden;1048;2703751;51;23977;0.8868050349311013
2023-04-23;SE;Sweden;1197;2704948;55;24032;0.8884459146719271
2023-04-30;SE;Sweden;1171;2706119;70;24102;0.8906481939633843
2023-05-07;SE;Sweden;1050;2707169;79;24181;0.893220925623779
2023-05-14;SE;Sweden;948;2708117;74;24255;0.8956407717982643
2023-05-21;SE;Sweden;922;2709039;66;24321;0.8977722358371363
2023-05-28;SE;Sweden;776;2709815;62;24383;0.8998031230914287
2023-06-04;SE;Sweden;613;2710428;48;24431;0.9013705584505473
2023-06-11;SE;Sweden;518;2710946;37;24468;0.902563164297629
2023-06-18;SE;Sweden;480;2711426;44;24512;0.9040261471270098
2023-06-25;SE;Sweden;437;2711863;29;24541;0.9049498444427317
2023-07-02;SE;Sweden;290;2712153;24;24565;0.9057379874955431
2023-07-09;SE;Sweden;266;2712419;23;24588;0.9064971156742376
2023-07-16;SE;Sweden;211;2712630;28;24616;0.9074588130338453
2023-07-23;SE;Sweden;156;2712786;12;24628;0.9078489788726423
2023-07-30;SE;Sweden;173;2712959;21;24649;0.9085651497129149
2023-08-06;SE;Sweden;225;2713184;14;24663;0.909005802776369
2023-08-13;SE;Sweden;233;2713417;7;24670;0.9091857241257058
2023-08-20;SE;Sweden;257;2713674;12;24682;0.9095418241100441
2023-08-27;SE;Sweden;408;2714082;22;24704;0.910215682503329
2023-09-03;SE;Sweden;496;2714578;19;24723;0.9107492951022221
2023-09-10;SE;Sweden;569;2715147;20;24743;0.9112950422205501
2023-09-17;SE;Sweden;664;2715811;28;24771;0.9121032354607888
2023-09-24;SE;Sweden;656;2716467;41;24812;0.9133922849053568
2023-10-01;SE;Sweden;676;2717143;25;24837;0.9140851254424225
2023-10-08;SE;Sweden;595;2717738;38;24875;0.9152832245050847
2023-10-15;SE;Sweden;698;2718436;34;24909;0.916298930708687
2023-10-22;SE;Sweden;964;2719400;51;24960;0.9178495256306538
2023-10-29;SE;Sweden;1286;2720686;52;25012;0.9193269638613203
2023-11-05;SE;Sweden;2730;2723416;105;25117;0.9222608665000132
2023-11-12;SE;Sweden;3523;2726939;169;25286;0.9272667998807453
2023-11-19;SE;Sweden;3344;2730283;193;25479;0.9331999649853148
2023-11-26;SE;Sweden;3281;2733564;216;25695;0.939981650329021
2023-12-03;SE;Sweden;2592;2736156;244;25939;0.9480088123630378
2023-12-10;SE;Sweden;3292;2739448;197;26136;0.95406081809182
2023-12-17;SE;Sweden;2936;2742384;202;26338;0.9604052532395171
2023-12-24;SE;Sweden;2370;2744754;179;26517;0.966097508191991
2023-12-31;SE;Sweden;1864;2746618;170;26687;0.9716312934670931
2024-01-07;SE;Sweden;1284;2747902;112;26799;0.9752531203805667
2024-01-14;SE;Sweden;881;2748783;128;26927;0.9795971526308188
2024-01-21;SE;Sweden;583;2749366;64;26991;0.9817172395381334
2020-01-05;CH;Switzerland;0;0;0;0;0.0
2020-01-12;CH;Switzerland;0;0;0;0;0.0
2020-01-19;CH;Switzerland;0;0;0;0;0.0
2020-01-26;CH;Switzerland;0;0;0;0;0.0
2020-02-02;CH;Switzerland;0;0;0;0;0.0
2020-02-09;CH;Switzerland;0;0;0;0;0.0
2020-02-16;CH;Switzerland;0;0;0;0;0.0
2020-02-23;CH;Switzerland;0;0;0;0;0.0
2020-03-01;CH;Switzerland;45;45;0;0;0.0
2020-03-08;CH;Switzerland;320;365;2;2;0.547945205479452
2020-03-15;CH;Switzerland;2008;2373;18;20;0.8428150021070375
2020-03-22;CH;Switzerland;6337;8710;89;109;1.2514351320321468
2020-03-29;CH;Switzerland;7460;16170;226;335;2.0717377860235002
2020-04-05;CH;Switzerland;6175;22345;379;714;3.1953457149250393
2020-04-12;CH;Switzerland;3662;26007;358;1072;4.1219671626869685
2020-04-19;CH;Switzerland;1970;27977;256;1328;4.746756264074061
2020-04-26;CH;Switzerland;1192;29169;203;1531;5.248722959306113
2020-05-03;CH;Switzerland;739;29908;95;1626;5.436672462217467
2020-05-10;CH;Switzerland;407;30315;55;1681;5.545109681675738
2020-05-17;CH;Switzerland;234;30549;20;1701;5.5681037022488455
2020-05-24;CH;Switzerland;155;30704;19;1720;5.601875977071391
2020-05-31;CH;Switzerland;129;30833;4;1724;5.591411799046477
2020-06-07;CH;Switzerland;97;30930;1;1725;5.5771096023278375
2020-06-14;CH;Switzerland;136;31066;4;1729;5.565570076611086
2020-06-21;CH;Switzerland;170;31236;1;1730;5.538481239595338
2020-06-28;CH;Switzerland;348;31584;2;1732;5.483789260385005
2020-07-05;CH;Switzerland;670;32254;2;1734;5.376077385750604
2020-07-12;CH;Switzerland;625;32879;3;1737;5.283007390735728
2020-07-19;CH;Switzerland;720;33599;4;1741;5.181701836364177
2020-07-26;CH;Switzerland;809;34408;5;1746;5.074401302022785
2020-08-02;CH;Switzerland;1132;35540;5;1751;4.926842993809792
2020-08-09;CH;Switzerland;1080;36620;5;1756;4.795193883123976
2020-08-16;CH;Switzerland;1537;38157;5;1761;4.615142699897791
2020-08-23;CH;Switzerland;1856;40013;3;1764;4.408567215654912
2020-08-30;CH;Switzerland;2084;42097;5;1769;4.202199681687531
2020-09-06;CH;Switzerland;2432;44529;11;1780;3.997394956096027
2020-09-13;CH;Switzerland;2792;47321;20;1800;3.8038080344878593
2020-09-20;CH;Switzerland;2943;50264;16;1816;3.6129237625338213
2020-09-27;CH;Switzerland;2301;52565;12;1828;3.4775991629411203
2020-10-04;CH;Switzerland;3269;55834;11;1839;3.293692015617724
2020-10-11;CH;Switzerland;8254;64088;16;1855;2.894457620771439
2020-10-18;CH;Switzerland;18508;82596;45;1900;2.3003535280158847
2020-10-25;CH;Switzerland;38252;120848;131;2031;1.6806235932741955
2020-11-01;CH;Switzerland;55405;176253;288;2319;1.3157222855781179
2020-11-08;CH;Switzerland;51842;228095;531;2850;1.2494793835901707
2020-11-15;CH;Switzerland;40254;268349;635;3485;1.2986819403090752
2020-11-22;CH;Switzerland;30555;298904;635;4120;1.3783689746540695
2020-11-29;CH;Switzerland;26358;325262;621;4741;1.4575941856103696
2020-12-06;CH;Switzerland;27029;352291;619;5360;1.521469467003131
2020-12-13;CH;Switzerland;29853;382144;592;5952;1.557528052252554
2020-12-20;CH;Switzerland;29390;411534;630;6582;1.5993818250739915
2020-12-27;CH;Switzerland;23785;435319;600;7182;1.6498246113769444
2021-01-03;CH;Switzerland;23289;458608;574;7756;1.6912046889718453
2021-01-10;CH;Switzerland;22962;481570;428;8184;1.6994414103868598
2021-01-17;CH;Switzerland;15599;497169;397;8581;1.7259724560461331
2021-01-24;CH;Switzerland;13648;510817;320;8901;1.742502696660448
2021-01-31;CH;Switzerland;11504;522321;264;9165;1.7546681063943435
2021-02-07;CH;Switzerland;10127;532448;173;9338;1.7537862852334878
2021-02-14;CH;Switzerland;8052;540500;126;9464;1.7509713228492139
2021-02-21;CH;Switzerland;6936;547436;97;9561;1.7465055275867862
2021-02-28;CH;Switzerland;7191;554627;67;9628;1.7359414525437817
2021-03-07;CH;Switzerland;7546;562173;62;9690;1.7236686927333755
2021-03-14;CH;Switzerland;8662;570835;75;9765;1.7106519397023658
2021-03-21;CH;Switzerland;10409;581244;64;9829;1.6910282084632273
2021-03-28;CH;Switzerland;12324;593568;58;9887;1.6656895250417814
2021-04-04;CH;Switzerland;12258;605826;70;9957;1.643541214804251
2021-04-11;CH;Switzerland;13977;619803;66;10023;1.6171267322036196
2021-04-18;CH;Switzerland;14210;634013;46;10069;1.5881377826637626
2021-04-25;CH;Switzerland;14377;648390;52;10121;1.5609432594580424
2021-05-02;CH;Switzerland;12223;660613;70;10191;1.5426581069400693
2021-05-09;CH;Switzerland;10350;670963;44;10235;1.5254194344546568
2021-05-16;CH;Switzerland;7965;678928;26;10261;1.5113531920910612
2021-05-23;CH;Switzerland;7527;686455;37;10298;1.5001711692681967
2021-05-30;CH;Switzerland;5222;691677;24;10322;1.492315054570269
2021-06-06;CH;Switzerland;3686;695363;18;10340;1.4869931244544217
2021-06-13;CH;Switzerland;2379;697742;20;10360;1.4847895067231154
2021-06-20;CH;Switzerland;1281;699023;13;10373;1.483928282760367
2021-06-27;CH;Switzerland;763;699786;6;10379;1.4831677112717316
2021-07-04;CH;Switzerland;946;700732;5;10384;1.4818789494414413
2021-07-11;CH;Switzerland;1956;702688;2;10386;1.47803861742338
2021-07-18;CH;Switzerland;3633;706321;3;10389;1.4708609824711427
2021-07-25;CH;Switzerland;4868;711189;4;10393;1.4613555608987203
2021-08-01;CH;Switzerland;5197;716386;11;10404;1.4522896874031597
2021-08-08;CH;Switzerland;7148;723534;3;10407;1.438356732371941
2021-08-15;CH;Switzerland;13498;737032;14;10421;1.4139141855441826
2021-08-22;CH;Switzerland;17970;755002;24;10445;1.3834400438674335
2021-08-29;CH;Switzerland;18132;773134;40;10485;1.356168529646866
2021-09-05;CH;Switzerland;18749;791883;49;10534;1.330247018814648
2021-09-12;CH;Switzerland;18440;810323;54;10588;1.3066394511818127
2021-09-19;CH;Switzerland;13124;823447;46;10634;1.291400660880421
2021-09-26;CH;Switzerland;9423;832870;41;10675;1.2817126322235162
2021-10-03;CH;Switzerland;7781;840651;39;10714;1.274488461918204
2021-10-10;CH;Switzerland;6363;847014;30;10744;1.268456011352823
2021-10-17;CH;Switzerland;6222;853236;32;10776;1.2629565559821667
2021-10-24;CH;Switzerland;8649;861885;33;10809;1.2541116274212918
2021-10-31;CH;Switzerland;11183;873068;44;10853;1.2430875945516273
2021-11-07;CH;Switzerland;16769;889837;29;10882;1.2229206023125585
2021-11-14;CH;Switzerland;24253;914090;63;10945;1.197365686092179
2021-11-21;CH;Switzerland;36490;950580;75;11020;1.1592922215910286
2021-11-28;CH;Switzerland;50255;1000835;108;11128;1.1118715872246674
2021-12-05;CH;Switzerland;62367;1063202;168;11296;1.0624509735685221
2021-12-12;CH;Switzerland;64851;1128053;185;11481;1.0177713281202212
2021-12-19;CH;Switzerland;60637;1188690;195;11676;0.9822577795724705
2021-12-26;CH;Switzerland;64940;1253630;152;11828;0.943500075779935
2022-01-02;CH;Switzerland;106733;1360363;135;11963;0.87939763136751
2022-01-09;CH;Switzerland;180267;1540630;104;12067;0.7832510077046403
2022-01-16;CH;Switzerland;183977;1724607;96;12163;0.7052621263858955
2022-01-23;CH;Switzerland;233883;1958490;115;12278;0.6269115492037233
2022-01-30;CH;Switzerland;248789;2207279;93;12371;0.5604638108730251
2022-02-06;CH;Switzerland;205272;2412551;105;12476;0.5171289643203397
2022-02-13;CH;Switzerland;154937;2567488;106;12582;0.49005097589550567
2022-02-20;CH;Switzerland;112509;2679997;72;12654;0.4721647076470608
2022-02-27;CH;Switzerland;103924;2783921;83;12737;0.4575201667001327
2022-03-06;CH;Switzerland;146239;2930160;58;12795;0.43666557457613236
2022-03-13;CH;Switzerland;188362;3118522;64;12859;0.4123427700686415
2022-03-20;CH;Switzerland;186746;3305268;96;12955;0.3919500627483157
2022-03-27;CH;Switzerland;126868;3432136;89;13044;0.3800548696205512
2022-04-03;CH;Switzerland;70767;3502903;59;13103;0.3740611715482844
2022-04-10;CH;Switzerland;41402;3544305;54;13157;0.3712152311948323
2022-04-17;CH;Switzerland;31721;3576026;37;13194;0.36895704897000187
2022-04-24;CH;Switzerland;22683;3598709;32;13226;0.36752068589041237
2022-05-01;CH;Switzerland;17277;3615986;14;13240;0.3661518601012283
2022-05-08;CH;Switzerland;13324;3629310;20;13260;0.3653587045471453
2022-05-15;CH;Switzerland;11335;3640645;12;13272;0.36455078701713567
2022-05-22;CH;Switzerland;8659;3649304;12;13284;0.36401461758187315
2022-05-29;CH;Switzerland;6620;3655924;5;13289;0.3634922388977451
2022-06-05;CH;Switzerland;9943;3665867;8;13297;0.3627245614748162
2022-06-12;CH;Switzerland;14545;3680412;5;13302;0.36142692720271535
2022-06-19;CH;Switzerland;23006;3703418;8;13310;0.35939772394042474
2022-06-26;CH;Switzerland;30968;3734386;16;13326;0.35684581079727695
2022-07-03;CH;Switzerland;43611;3777997;17;13343;0.3531765641952601
2022-07-10;CH;Switzerland;55105;3833102;36;13379;0.3490384550163288
2022-07-17;CH;Switzerland;51484;3884586;32;13411;0.34523627485657415
2022-07-24;CH;Switzerland;40113;3924699;33;13444;0.34254856232286857
2022-07-31;CH;Switzerland;27191;3951890;41;13485;0.34122913340199246
2022-08-07;CH;Switzerland;20033;3971923;26;13511;0.3401626869403057
2022-08-14;CH;Switzerland;19141;3991064;19;13530;0.3390073424029281
2022-08-21;CH;Switzerland;16800;4007864;16;13546;0.33798552046676233
2022-08-28;CH;Switzerland;15322;4023186;12;13558;0.3369965992126638
2022-09-04;CH;Switzerland;14883;4038069;9;13567;0.3359774189098799
2022-09-11;CH;Switzerland;13697;4051766;9;13576;0.335063772192175
2022-09-18;CH;Switzerland;13919;4065685;7;13583;0.33408884357740454
2022-09-25;CH;Switzerland;15166;4080851;12;13595;0.3331412982243165
2022-10-02;CH;Switzerland;23043;4103894;15;13610;0.3316362459654172
2022-10-09;CH;Switzerland;33930;4137824;15;13625;0.32927935069253794
2022-10-16;CH;Switzerland;37233;4175057;23;13648;0.3268937406124036
2022-10-23;CH;Switzerland;31654;4206711;31;13679;0.3251708995459874
2022-10-30;CH;Switzerland;24730;4231441;27;13706;0.3239085692084564
2022-11-06;CH;Switzerland;21366;4252807;22;13728;0.3227985657472818
2022-11-13;CH;Switzerland;20553;4273360;12;13740;0.32152685474661624
2022-11-20;CH;Switzerland;21343;4294703;21;13761;0.32041796603862943
2022-11-27;CH;Switzerland;19531;4314234;20;13781;0.319430981258782
2022-12-04;CH;Switzerland;18634;4332868;19;13800;0.31849574000408043
2022-12-11;CH;Switzerland;16715;4349583;24;13824;0.3178235706733266
2022-12-18;CH;Switzerland;13777;4363360;26;13850;0.31741593634263504
2022-12-25;CH;Switzerland;11725;4375085;15;13865;0.31690812864207213
2023-01-01;CH;Switzerland;5948;4381033;19;13884;0.31691155944271593
2023-01-08;CH;Switzerland;2275;4383308;23;13907;0.31727179563927516
2023-01-15;CH;Switzerland;1366;4384674;14;13921;0.31749224685803323
2023-01-22;CH;Switzerland;117;4384791;2;13923;0.31752938737558983
2023-01-29;CH;Switzerland;926;4385717;8;13931;0.3176447545521063
2023-02-05;CH;Switzerland;847;4386564;7;13938;0.3177429988483013
2023-02-12;CH;Switzerland;912;4387476;5;13943;0.3177909121326248
2023-02-19;CH;Switzerland;971;4388447;4;13947;0.317811745248376
2023-02-26;CH;Switzerland;1218;4389665;6;13953;0.3178602467386463
2023-03-05;CH;Switzerland;1361;4391026;3;13956;0.3178300470095144
2023-03-12;CH;Switzerland;1491;4392517;6;13962;0.31785875842939254
2023-03-19;CH;Switzerland;1797;4394314;6;13968;0.3178653141309429
2023-03-26;CH;Switzerland;1785;4396099;10;13978;0.31796372192709943
2023-04-02;CH;Switzerland;1585;4397684;9;13987;0.31805377557823616
2023-04-09;CH;Switzerland;1435;4399119;8;13995;0.3181318804969813
2023-04-16;CH;Switzerland;1180;4400299;3;13998;0.3181147462933769
2023-04-23;CH;Switzerland;1114;4401413;6;14004;0.31817055113891834
2023-04-30;CH;Switzerland;1062;4402475;6;14010;0.3182300864854428
2023-05-07;CH;Switzerland;1016;4403491;5;14015;0.3182702087957032
2023-05-14;CH;Switzerland;851;4404342;12;14027;0.31848117153481725
2023-05-21;CH;Switzerland;584;4404926;4;14031;0.31852975509690745
2023-05-28;CH;Switzerland;512;4405438;2;14033;0.3185381340061987
2023-06-04;CH;Switzerland;511;4405949;2;14035;0.3185465832673052
2023-06-11;CH;Switzerland;379;4406328;2;14037;0.3185645734952096
2023-06-18;CH;Switzerland;282;4406610;1;14038;0.31856688020950347
2023-06-25;CH;Switzerland;204;4406814;1;14039;0.31857482525924624
2023-07-02;CH;Switzerland;181;4406995;0;14039;0.3185617410503075
2023-07-09;CH;Switzerland;118;4407113;1;14040;0.31857590218358367
2023-07-16;CH;Switzerland;134;4407247;0;14040;0.31856621605278757
2023-07-23;CH;Switzerland;150;4407397;1;14041;0.31857806319693915
2023-07-30;CH;Switzerland;175;4407572;1;14042;0.3185881024745597
2023-08-06;CH;Switzerland;213;4407785;2;14044;0.3186180814173105
2023-08-13;CH;Switzerland;261;4408046;3;14047;0.3186672734358943
2023-08-20;CH;Switzerland;446;4408492;0;14047;0.31863503438363955
2023-08-27;CH;Switzerland;625;4409117;2;14049;0.3186352278698887
2023-09-03;CH;Switzerland;660;4409777;3;14052;0.3186555692045199
2023-09-10;CH;Switzerland;724;4410501;1;14053;0.318625933879167
2023-09-17;CH;Switzerland;1133;4411634;4;14057;0.3186347734195539
2023-09-24;CH;Switzerland;942;4412576;2;14059;0.3186120760299652
2023-10-01;CH;Switzerland;888;4413464;4;14063;0.3186386022407796
2023-10-08;CH;Switzerland;1007;4414471;4;14067;0.31865652758846985
2023-10-15;CH;Switzerland;1214;4415685;5;14072;0.3186821523727349
2023-10-22;CH;Switzerland;1457;4417142;6;14078;0.3187128690904662
2023-10-29;CH;Switzerland;1612;4418754;4;14082;0.3186871231120809
2023-11-05;CH;Switzerland;2183;4420937;4;14086;0.3186202381983729
2023-11-12;CH;Switzerland;2898;4423835;10;14096;0.3186375622056428
2023-11-19;CH;Switzerland;3553;4427388;17;14113;0.3187658276166444
2023-11-26;CH;Switzerland;3470;4430858;17;14130;0.31889986092986955
2023-12-03;CH;Switzerland;3650;4434508;14;14144;0.3189530834085766
2023-12-10;CH;Switzerland;3705;4438213;14;14158;0.3190022651008413
2023-12-17;CH;Switzerland;3624;4441837;12;14170;0.31901215645688935
2023-12-24;CH;Switzerland;3012;4444849;4;14174;0.3188859734042709
2023-12-31;CH;Switzerland;2062;4446911;0;14174;0.31873810831833604
2024-01-07;CH;Switzerland;1496;4448407;0;14174;0.31863091664049625
2024-01-14;CH;Switzerland;1086;4449493;0;14174;0.31855314751590796
2024-01-21;CH;Switzerland;0;4449493;0;14174;0.31855314751590796
2020-01-05;SY;Syrian Arab Republic;0;0;0;0;0.0
2020-01-12;SY;Syrian Arab Republic;0;0;0;0;0.0
2020-01-19;SY;Syrian Arab Republic;0;0;0;0;0.0
2020-01-26;SY;Syrian Arab Republic;0;0;0;0;0.0
2020-02-02;SY;Syrian Arab Republic;0;0;0;0;0.0
2020-02-09;SY;Syrian Arab Republic;0;0;0;0;0.0
2020-02-16;SY;Syrian Arab Republic;0;0;0;0;0.0
2020-02-23;SY;Syrian Arab Republic;0;0;0;0;0.0
2020-03-01;SY;Syrian Arab Republic;0;0;0;0;0.0
2020-03-08;SY;Syrian Arab Republic;0;0;0;0;0.0
2020-03-15;SY;Syrian Arab Republic;0;0;0;0;0.0
2020-03-22;SY;Syrian Arab Republic;0;0;0;0;0.0
2020-03-29;SY;Syrian Arab Republic;5;5;0;0;0.0
2020-04-12;SY;Syrian Arab Republic;9;25;0;2;8.0
2020-04-19;SY;Syrian Arab Republic;13;38;0;2;5.263157894736842
2020-04-26;SY;Syrian Arab Republic;4;42;1;3;7.142857142857142
2020-05-03;SY;Syrian Arab Republic;2;44;0;3;6.8181818181818175
2020-05-10;SY;Syrian Arab Republic;3;47;0;3;6.382978723404255
2020-05-17;SY;Syrian Arab Republic;4;51;0;3;5.88235294117647
2020-05-24;SY;Syrian Arab Republic;19;70;1;4;5.714285714285714
2020-05-31;SY;Syrian Arab Republic;52;122;0;4;3.278688524590164
2020-06-07;SY;Syrian Arab Republic;3;125;2;6;4.8
2020-06-14;SY;Syrian Arab Republic;45;170;0;6;3.5294117647058822
2020-06-21;SY;Syrian Arab Republic;28;198;1;7;3.535353535353535
2020-06-28;SY;Syrian Arab Republic;58;256;2;9;3.515625
2020-07-05;SY;Syrian Arab Republic;82;338;1;10;2.9585798816568047
2020-07-12;SY;Syrian Arab Republic;56;394;6;16;4.060913705583756
2020-07-19;SY;Syrian Arab Republic;102;496;9;25;5.040322580645161
2020-07-26;SY;Syrian Arab Republic;131;627;11;36;5.741626794258373
2020-08-02;SY;Syrian Arab Republic;153;780;7;43;5.512820512820513
2020-08-09;SY;Syrian Arab Republic;345;1125;7;50;4.444444444444445
2020-08-16;SY;Syrian Arab Republic;468;1593;10;60;3.766478342749529
2020-08-23;SY;Syrian Arab Republic;550;2143;25;85;3.966402239850677
2020-08-30;SY;Syrian Arab Republic;485;2628;21;106;4.033485540334855
2020-09-06;SY;Syrian Arab Republic;476;3104;24;130;4.1881443298969065
2020-09-13;SY;Syrian Arab Republic;402;3506;22;152;4.335424985738734
2020-09-20;SY;Syrian Arab Republic;259;3765;18;170;4.51527224435591
2020-09-27;SY;Syrian Arab Republic;273;4038;18;188;4.6557701832590395
2020-10-04;SY;Syrian Arab Republic;291;4329;16;204;4.712404712404712
2020-10-11;SY;Syrian Arab Republic;344;4673;17;221;4.729295955488979
2020-10-18;SY;Syrian Arab Republic;360;5033;24;245;4.867872044506258
2020-10-25;SY;Syrian Arab Republic;326;5359;22;267;4.982272812091808
2020-11-01;SY;Syrian Arab Republic;369;5728;21;288;5.027932960893855
2020-11-08;SY;Syrian Arab Republic;419;6147;25;313;5.091914755165121
2020-11-15;SY;Syrian Arab Republic;466;6613;28;341;5.156509904733102
2020-11-22;SY;Syrian Arab Republic;541;7154;31;372;5.199888174447861
2020-11-29;SY;Syrian Arab Republic;561;7715;37;409;5.3013609850939725
2020-12-06;SY;Syrian Arab Republic;605;8320;33;442;5.3125
2020-12-13;SY;Syrian Arab Republic;721;9041;64;506;5.596726025882093
2020-12-20;SY;Syrian Arab Republic;1009;10050;95;601;5.980099502487563
2020-12-27;SY;Syrian Arab Republic;882;10932;68;669;6.119648737650933
2021-01-03;SY;Syrian Arab Republic;684;11616;54;723;6.224173553719008
2021-01-10;SY;Syrian Arab Republic;658;12274;45;768;6.257128890337299
2021-01-17;SY;Syrian Arab Republic;668;12942;56;824;6.3668675629732645
2021-01-24;SY;Syrian Arab Republic;615;13557;55;879;6.48373533967692
2021-01-31;SY;Syrian Arab Republic;441;13998;37;916;6.543791970281469
2021-02-07;SY;Syrian Arab Republic;410;14408;31;947;6.572737368128817
2021-02-14;SY;Syrian Arab Republic;412;14820;28;975;6.578947368421052
2021-02-21;SY;Syrian Arab Republic;323;15143;21;996;6.577296440599617
2021-02-28;SY;Syrian Arab Republic;390;15533;27;1023;6.5859782398763915
2021-03-07;SY;Syrian Arab Republic;392;15925;35;1058;6.643642072213502
2021-03-14;SY;Syrian Arab Republic;476;16401;36;1094;6.670324980184135
2021-03-21;SY;Syrian Arab Republic;839;17240;59;1153;6.687935034802785
2021-03-28;SY;Syrian Arab Republic;1116;18356;74;1227;6.684462845935933
2021-04-04;SY;Syrian Arab Republic;928;19284;72;1299;6.736154324828873
2021-04-11;SY;Syrian Arab Republic;834;20118;69;1368;6.799880703847301
2021-04-18;SY;Syrian Arab Republic;886;21004;69;1437;6.841553989716244
2021-04-25;SY;Syrian Arab Republic;995;21999;89;1526;6.9366789399518165
2021-05-02;SY;Syrian Arab Republic;819;22818;72;1598;7.003243053729512
2021-05-09;SY;Syrian Arab Republic;501;23319;50;1648;7.067198421887731
2021-05-16;SY;Syrian Arab Republic;374;23693;45;1693;7.145570421643524
2021-05-23;SY;Syrian Arab Republic;359;24052;36;1729;7.188591385331781
2021-05-30;SY;Syrian Arab Republic;388;24440;34;1763;7.213584288052373
2021-06-06;SY;Syrian Arab Republic;199;24639;27;1790;7.264905231543488
2021-06-13;SY;Syrian Arab Republic;150;24789;18;1808;7.2935576263665345
2021-06-20;SY;Syrian Arab Republic;287;25076;33;1841;7.341681288881799
2021-06-27;SY;Syrian Arab Republic;289;25365;23;1864;7.348708850778632
2021-07-04;SY;Syrian Arab Republic;254;25619;21;1885;7.357820367695851
2021-07-11;SY;Syrian Arab Republic;157;25776;12;1897;7.359559279950341
2021-07-18;SY;Syrian Arab Republic;51;25827;7;1904;7.372129941534053
2021-07-25;SY;Syrian Arab Republic;38;25865;1;1905;7.365165281268123
2021-08-01;SY;Syrian Arab Republic;98;25963;9;1914;7.372029426491546
2021-08-08;SY;Syrian Arab Republic;118;26081;5;1919;7.357846708331736
2021-08-15;SY;Syrian Arab Republic;211;26292;16;1935;7.35965312642629
2021-08-22;SY;Syrian Arab Republic;507;26799;29;1964;7.328631665360648
2021-08-29;SY;Syrian Arab Republic;740;27539;34;1998;7.25516540179382
2021-09-05;SY;Syrian Arab Republic;884;28423;35;2033;7.152658058614502
2021-09-12;SY;Syrian Arab Republic;935;29358;38;2071;7.054295251720144
2021-09-19;SY;Syrian Arab Republic;1161;30519;49;2120;6.946492349028474
2021-09-26;SY;Syrian Arab Republic;2061;32580;78;2198;6.746470227133211
2021-10-03;SY;Syrian Arab Republic;2116;34696;67;2265;6.528130043809084
2021-10-10;SY;Syrian Arab Republic;2017;36713;67;2332;6.351973415411434
2021-10-17;SY;Syrian Arab Republic;1992;38705;59;2391;6.177496447487404
2021-10-24;SY;Syrian Arab Republic;2517;41222;101;2492;6.0453156081703945
2021-10-31;SY;Syrian Arab Republic;1924;43146;68;2560;5.933342604181152
2021-11-07;SY;Syrian Arab Republic;1753;44899;53;2613;5.819728724470479
2021-11-14;SY;Syrian Arab Republic;1231;46130;48;2661;5.768480381530457
2021-11-21;SY;Syrian Arab Republic;961;47091;38;2699;5.731456116880083
2021-11-28;SY;Syrian Arab Republic;772;47863;34;2733;5.710047427031319
2021-12-05;SY;Syrian Arab Republic;675;48538;39;2772;5.710989327949235
2021-12-12;SY;Syrian Arab Republic;651;49189;37;2809;5.710626359551933
2021-12-19;SY;Syrian Arab Republic;504;49693;32;2841;5.71710301249673
2021-12-26;SY;Syrian Arab Republic;358;50051;30;2871;5.7361491278895524
2022-01-02;SY;Syrian Arab Republic;259;50310;30;2901;5.766249254621347
2022-01-09;SY;Syrian Arab Republic;172;50482;23;2924;5.792163543441227
2022-01-16;SY;Syrian Arab Republic;192;50674;20;2944;5.809685440265225
2022-01-23;SY;Syrian Arab Republic;269;50943;21;2965;5.820230453644269
2022-01-30;SY;Syrian Arab Republic;341;51284;19;2984;5.8185788940020275
2022-02-06;SY;Syrian Arab Republic;542;51826;20;3004;5.796318450198742
2022-02-13;SY;Syrian Arab Republic;800;52626;22;3026;5.750009501007107
2022-02-20;SY;Syrian Arab Republic;901;53527;21;3047;5.692454275412408
2022-02-27;SY;Syrian Arab Republic;853;54380;21;3068;5.641780066200809
2022-03-06;SY;Syrian Arab Republic;583;54963;24;3092;5.625602678165311
2022-03-13;SY;Syrian Arab Republic;366;55329;22;3114;5.62815160223391
2022-03-20;SY;Syrian Arab Republic;209;55538;11;3125;5.62677806186755
2022-03-27;SY;Syrian Arab Republic;112;55650;8;3133;5.629829290206648
2022-04-03;SY;Syrian Arab Republic;56;55706;11;3144;5.643916274728037
2022-04-10;SY;Syrian Arab Republic;33;55739;2;3146;5.644162973860313
2022-04-17;SY;Syrian Arab Republic;30;55769;3;3149;5.646506123473614
2022-04-24;SY;Syrian Arab Republic;26;55795;1;3150;5.6456671744780005
2022-05-01;SY;Syrian Arab Republic;21;55816;0;3150;5.64354307008743
2022-05-08;SY;Syrian Arab Republic;31;55847;0;3150;5.640410407004852
2022-05-15;SY;Syrian Arab Republic;22;55869;0;3150;5.638189335767599
2022-05-22;SY;Syrian Arab Republic;9;55878;0;3150;5.637281219800279
2022-05-29;SY;Syrian Arab Republic;12;55890;0;3150;5.636070853462158
2022-06-05;SY;Syrian Arab Republic;7;55897;0;3150;5.635365046424674
2022-06-12;SY;Syrian Arab Republic;8;55905;0;3150;5.634558626240945
2022-06-19;SY;Syrian Arab Republic;9;55914;0;3150;5.633651679364739
2022-06-26;SY;Syrian Arab Republic;7;55921;0;3150;5.632946478067273
2022-07-03;SY;Syrian Arab Republic;9;55930;0;3150;5.632040050062578
2022-07-10;SY;Syrian Arab Republic;22;55952;0;3150;5.629825564769803
2022-07-17;SY;Syrian Arab Republic;27;55979;0;3150;5.6271101663123675
2022-07-24;SY;Syrian Arab Republic;106;56085;0;3150;5.61647499331372
2022-07-31;SY;Syrian Arab Republic;194;56279;0;3150;5.59711437658807
2022-08-07;SY;Syrian Arab Republic;195;56474;3;3153;5.583100187696993
2022-08-14;SY;Syrian Arab Republic;226;56700;4;3157;5.567901234567901
2022-08-21;SY;Syrian Arab Republic;138;56838;3;3160;5.559660790316338
2022-08-28;SY;Syrian Arab Republic;135;56973;3;3163;5.5517525845575975
2022-09-04;SY;Syrian Arab Republic;99;57072;0;3163;5.542122231567143
2022-09-11;SY;Syrian Arab Republic;80;57152;0;3163;5.534364501679731
2022-09-18;SY;Syrian Arab Republic;64;57216;0;3163;5.5281739373601795
2022-09-25;SY;Syrian Arab Republic;51;57267;0;3163;5.52325073777219
2022-10-02;SY;Syrian Arab Republic;40;57307;0;3163;5.519395536321915
2022-10-09;SY;Syrian Arab Republic;15;57322;0;3163;5.517951222916158
2022-10-16;SY;Syrian Arab Republic;11;57333;0;3163;5.516892540072908
2022-10-23;SY;Syrian Arab Republic;14;57347;0;3163;5.51554571294052
2022-10-30;SY;Syrian Arab Republic;11;57358;0;3163;5.5144879528574915
2022-11-06;SY;Syrian Arab Republic;10;57368;0;3163;5.513526704783154
2022-11-13;SY;Syrian Arab Republic;11;57379;0;3163;5.512469718886701
2022-11-20;SY;Syrian Arab Republic;8;57387;0;3163;5.511701256382107
2022-11-27;SY;Syrian Arab Republic;7;57394;0;3163;5.5110290274244695
2022-12-04;SY;Syrian Arab Republic;11;57405;0;3163;5.509972998867695
2022-12-11;SY;Syrian Arab Republic;8;57413;0;3163;5.50920523226447
2022-12-18;SY;Syrian Arab Republic;10;57423;0;3163;5.508245824843703
2022-12-25;SY;Syrian Arab Republic;0;57423;0;3163;5.508245824843703
2023-01-01;SY;Syrian Arab Republic;0;57423;0;3163;5.508245824843703
2023-01-08;SY;Syrian Arab Republic;0;57423;0;3163;5.508245824843703
2023-01-15;SY;Syrian Arab Republic;0;57423;0;3163;5.508245824843703
2023-01-22;SY;Syrian Arab Republic;0;57423;0;3163;5.508245824843703
2023-01-29;SY;Syrian Arab Republic;0;57423;0;3163;5.508245824843703
2023-02-05;SY;Syrian Arab Republic;0;57423;0;3163;5.508245824843703
2023-02-12;SY;Syrian Arab Republic;0;57423;0;3163;5.508245824843703
2023-02-19;SY;Syrian Arab Republic;0;57423;0;3163;5.508245824843703
2023-02-26;SY;Syrian Arab Republic;0;57423;0;3163;5.508245824843703
2023-03-05;SY;Syrian Arab Republic;0;57423;0;3163;5.508245824843703
2023-03-12;SY;Syrian Arab Republic;0;57423;0;3163;5.508245824843703
2023-03-19;SY;Syrian Arab Republic;0;57423;0;3163;5.508245824843703
2023-03-26;SY;Syrian Arab Republic;0;57423;0;3163;5.508245824843703
2023-04-02;SY;Syrian Arab Republic;0;57423;0;3163;5.508245824843703
2023-04-09;SY;Syrian Arab Republic;0;57423;0;3163;5.508245824843703
2023-04-16;SY;Syrian Arab Republic;0;57423;0;3163;5.508245824843703
2023-04-23;SY;Syrian Arab Republic;0;57423;0;3163;5.508245824843703
2023-04-30;SY;Syrian Arab Republic;0;57423;0;3163;5.508245824843703
2023-05-07;SY;Syrian Arab Republic;0;57423;0;3163;5.508245824843703
2023-05-14;SY;Syrian Arab Republic;0;57423;0;3163;5.508245824843703
2023-05-21;SY;Syrian Arab Republic;0;57423;0;3163;5.508245824843703
2023-05-28;SY;Syrian Arab Republic;0;57423;0;3163;5.508245824843703
2023-06-04;SY;Syrian Arab Republic;0;57423;0;3163;5.508245824843703
2023-06-11;SY;Syrian Arab Republic;0;57423;0;3163;5.508245824843703
2023-06-18;SY;Syrian Arab Republic;0;57423;0;3163;5.508245824843703
2023-06-25;SY;Syrian Arab Republic;0;57423;0;3163;5.508245824843703
2023-07-02;SY;Syrian Arab Republic;0;57423;0;3163;5.508245824843703
2023-07-09;SY;Syrian Arab Republic;0;57423;0;3163;5.508245824843703
2023-07-16;SY;Syrian Arab Republic;0;57423;0;3163;5.508245824843703
2023-07-23;SY;Syrian Arab Republic;0;57423;0;3163;5.508245824843703
2023-07-30;SY;Syrian Arab Republic;0;57423;0;3163;5.508245824843703
2023-08-06;SY;Syrian Arab Republic;0;57423;0;3163;5.508245824843703
2023-08-13;SY;Syrian Arab Republic;0;57423;0;3163;5.508245824843703
2023-08-20;SY;Syrian Arab Republic;0;57423;0;3163;5.508245824843703
2023-08-27;SY;Syrian Arab Republic;0;57423;0;3163;5.508245824843703
2023-09-03;SY;Syrian Arab Republic;0;57423;0;3163;5.508245824843703
2023-09-10;SY;Syrian Arab Republic;0;57423;0;3163;5.508245824843703
2023-09-17;SY;Syrian Arab Republic;0;57423;0;3163;5.508245824843703
2023-09-24;SY;Syrian Arab Republic;0;57423;0;3163;5.508245824843703
2023-10-01;SY;Syrian Arab Republic;0;57423;0;3163;5.508245824843703
2023-10-08;SY;Syrian Arab Republic;0;57423;0;3163;5.508245824843703
2023-10-15;SY;Syrian Arab Republic;0;57423;0;3163;5.508245824843703
2023-10-22;SY;Syrian Arab Republic;0;57423;0;3163;5.508245824843703
2023-10-29;SY;Syrian Arab Republic;0;57423;0;3163;5.508245824843703
2023-11-05;SY;Syrian Arab Republic;0;57423;0;3163;5.508245824843703
2023-11-12;SY;Syrian Arab Republic;0;57423;0;3163;5.508245824843703
2023-11-19;SY;Syrian Arab Republic;0;57423;0;3163;5.508245824843703
2023-11-26;SY;Syrian Arab Republic;0;57423;0;3163;5.508245824843703
2023-12-03;SY;Syrian Arab Republic;0;57423;0;3163;5.508245824843703
2023-12-10;SY;Syrian Arab Republic;0;57423;0;3163;5.508245824843703
2023-12-17;SY;Syrian Arab Republic;0;57423;0;3163;5.508245824843703
2023-12-24;SY;Syrian Arab Republic;0;57423;0;3163;5.508245824843703
2023-12-31;SY;Syrian Arab Republic;0;57423;0;3163;5.508245824843703
2024-01-07;SY;Syrian Arab Republic;0;57423;0;3163;5.508245824843703
2024-01-14;SY;Syrian Arab Republic;0;57423;0;3163;5.508245824843703
2024-01-21;SY;Syrian Arab Republic;0;57423;0;3163;5.508245824843703
2020-01-05;TJ;Tajikistan;0;0;0;0;0.0
2020-01-12;TJ;Tajikistan;0;0;0;0;0.0
2020-01-19;TJ;Tajikistan;0;0;0;0;0.0
2020-01-26;TJ;Tajikistan;0;0;0;0;0.0
2020-02-02;TJ;Tajikistan;0;0;0;0;0.0
2020-02-09;TJ;Tajikistan;0;0;0;0;0.0
2020-02-16;TJ;Tajikistan;0;0;0;0;0.0
2020-02-23;TJ;Tajikistan;0;0;0;0;0.0
2020-03-01;TJ;Tajikistan;0;0;0;0;0.0
2020-03-08;TJ;Tajikistan;0;0;0;0;0.0
2020-03-15;TJ;Tajikistan;0;0;0;0;0.0
2020-03-22;TJ;Tajikistan;0;0;0;0;0.0
2020-03-29;TJ;Tajikistan;0;0;0;0;0.0
2020-04-05;TJ;Tajikistan;0;0;0;0;0.0
2020-04-12;TJ;Tajikistan;0;0;0;0;0.0
2020-04-19;TJ;Tajikistan;0;0;0;0;0.0
2020-04-26;TJ;Tajikistan;0;0;0;0;0.0
2020-05-03;TJ;Tajikistan;76;76;2;2;2.631578947368421
2020-05-10;TJ;Tajikistan;485;561;17;19;3.3868092691622103
2020-05-17;TJ;Tajikistan;761;1322;20;39;2.950075642965204
2020-05-24;TJ;Tajikistan;1416;2738;5;44;1.6070124178232286
2020-05-31;TJ;Tajikistan;1069;3807;3;47;1.2345679012345678
2020-06-07;TJ;Tajikistan;646;4453;1;48;1.0779249943858074
2020-06-14;TJ;Tajikistan;518;4971;2;50;1.0058338362502515
2020-06-21;TJ;Tajikistan;428;5399;2;52;0.9631413224671235
2020-06-28;TJ;Tajikistan;400;5799;0;52;0.8967063286773581
2020-07-05;TJ;Tajikistan;360;6159;0;52;0.8442929046923201
2020-07-12;TJ;Tajikistan;346;6505;3;55;0.8455034588777863
2020-07-19;TJ;Tajikistan;329;6834;2;57;0.8340649692712907
2020-07-26;TJ;Tajikistan;316;7150;2;59;0.8251748251748252
2020-08-02;TJ;Tajikistan;301;7451;1;60;0.8052610387867399
2020-08-09;TJ;Tajikistan;294;7745;2;62;0.8005164622336991
2020-08-16;TJ;Tajikistan;284;8029;2;64;0.7971104745298293
2020-08-23;TJ;Tajikistan;248;8277;2;66;0.7973903588256614
2020-08-30;TJ;Tajikistan;239;8516;2;68;0.7984969469234382
2020-09-06;TJ;Tajikistan;241;8757;2;70;0.7993605115907274
2020-09-13;TJ;Tajikistan;257;9014;2;72;0.7987574883514533
2020-09-20;TJ;Tajikistan;289;9303;1;73;0.7846931097495432
2020-09-27;TJ;Tajikistan;302;9605;2;75;0.7808433107756376
2020-10-04;TJ;Tajikistan;290;9895;2;77;0.7781707933299646
2020-10-11;TJ;Tajikistan;285;10180;2;79;0.7760314341846758
2020-10-18;TJ;Tajikistan;275;10455;1;80;0.7651841224294597
2020-10-25;TJ;Tajikistan;281;10736;1;81;0.7544709388971684
2020-11-01;TJ;Tajikistan;281;11017;1;82;0.7443042570572751
2020-11-08;TJ;Tajikistan;277;11294;1;83;0.734903488578006
2020-11-15;TJ;Tajikistan;279;11573;2;85;0.7344681586451223
2020-11-22;TJ;Tajikistan;281;11854;1;86;0.7254935043023452
2020-11-29;TJ;Tajikistan;264;12118;0;86;0.7096880673378445
2020-12-06;TJ;Tajikistan;271;12389;1;87;0.7022358543869561
2020-12-13;TJ;Tajikistan;468;12857;0;87;0.6766741852687252
2020-12-20;TJ;Tajikistan;382;13239;2;89;0.6722562127048871
2020-12-27;TJ;Tajikistan;316;13555;1;90;0.6639616377720399
2021-01-03;TJ;Tajikistan;119;13674;1;91;0.6654965628199503
2021-01-10;TJ;Tajikistan;33;13707;0;91;0.6638943605457066
2021-01-17;TJ;Tajikistan;7;13714;0;91;0.6635554907393904
2021-01-24;TJ;Tajikistan;0;13714;0;91;0.6635554907393904
2021-01-31;TJ;Tajikistan;0;13714;0;91;0.6635554907393904
2021-02-07;TJ;Tajikistan;0;13714;0;91;0.6635554907393904
2021-02-14;TJ;Tajikistan;0;13714;0;91;0.6635554907393904
2021-02-21;TJ;Tajikistan;0;13714;0;91;0.6635554907393904
2021-02-28;TJ;Tajikistan;0;13714;0;91;0.6635554907393904
2021-03-07;TJ;Tajikistan;0;13714;0;91;0.6635554907393904
2021-03-14;TJ;Tajikistan;0;13714;0;91;0.6635554907393904
2021-03-21;TJ;Tajikistan;0;13714;0;91;0.6635554907393904
2021-03-28;TJ;Tajikistan;0;13714;0;91;0.6635554907393904
2021-04-04;TJ;Tajikistan;0;13714;0;91;0.6635554907393904
2021-04-11;TJ;Tajikistan;0;13714;0;91;0.6635554907393904
2021-04-18;TJ;Tajikistan;0;13714;0;91;0.6635554907393904
2021-04-25;TJ;Tajikistan;0;13714;0;91;0.6635554907393904
2021-05-02;TJ;Tajikistan;0;13714;0;91;0.6635554907393904
2021-05-09;TJ;Tajikistan;0;13714;0;91;0.6635554907393904
2021-05-16;TJ;Tajikistan;0;13714;0;91;0.6635554907393904
2021-05-23;TJ;Tajikistan;0;13714;0;91;0.6635554907393904
2021-05-30;TJ;Tajikistan;0;13714;0;91;0.6635554907393904
2021-06-06;TJ;Tajikistan;0;13714;0;91;0.6635554907393904
2021-06-13;TJ;Tajikistan;0;13714;0;91;0.6635554907393904
2021-06-20;TJ;Tajikistan;0;13714;0;91;0.6635554907393904
2021-06-27;TJ;Tajikistan;131;13845;0;91;0.6572769953051643
2021-07-04;TJ;Tajikistan;158;14003;3;94;0.6712847247018496
2021-07-11;TJ;Tajikistan;237;14240;10;104;0.7303370786516854
2021-07-18;TJ;Tajikistan;287;14527;8;112;0.7709781785640532
2021-07-25;TJ;Tajikistan;477;15004;6;118;0.7864569448147161
2021-08-01;TJ;Tajikistan;546;15550;4;122;0.7845659163987138
2021-08-08;TJ;Tajikistan;501;16051;1;123;0.7663073951778706
2021-08-15;TJ;Tajikistan;470;16521;2;125;0.7566127958356031
2021-08-22;TJ;Tajikistan;347;16868;0;125;0.7410481384870761
2021-08-29;TJ;Tajikistan;310;17178;0;125;0.7276749330539062
2021-09-05;TJ;Tajikistan;135;17313;0;125;0.7220008086409057
2021-09-12;TJ;Tajikistan;129;17442;0;125;0.7166609333791997
2021-09-19;TJ;Tajikistan;42;17484;0;125;0.7149393731411576
2021-09-26;TJ;Tajikistan;0;17484;0;125;0.7149393731411576
2021-10-03;TJ;Tajikistan;0;17484;0;125;0.7149393731411576
2021-10-10;TJ;Tajikistan;0;17484;0;125;0.7149393731411576
2021-10-17;TJ;Tajikistan;0;17484;0;125;0.7149393731411576
2021-10-24;TJ;Tajikistan;2;17486;0;125;0.7148576003660071
2021-10-31;TJ;Tajikistan;0;17486;0;125;0.7148576003660071
2021-11-07;TJ;Tajikistan;0;17486;0;125;0.7148576003660071
2021-11-14;TJ;Tajikistan;2;17488;0;125;0.714775846294602
2021-11-21;TJ;Tajikistan;1;17489;0;125;0.7147349762707987
2021-11-28;TJ;Tajikistan;4;17493;0;125;0.7145715429028755
2021-12-05;TJ;Tajikistan;0;17493;0;125;0.7145715429028755
2021-12-12;TJ;Tajikistan;0;17493;0;125;0.7145715429028755
2021-12-19;TJ;Tajikistan;0;17493;0;125;0.7145715429028755
2021-12-26;TJ;Tajikistan;0;17493;0;125;0.7145715429028755
2022-01-02;TJ;Tajikistan;0;17493;0;125;0.7145715429028755
2022-01-09;TJ;Tajikistan;0;17493;0;125;0.7145715429028755
2022-01-16;TJ;Tajikistan;0;17493;0;125;0.7145715429028755
2022-01-23;TJ;Tajikistan;59;17552;0;125;0.7121695533272562
2022-01-30;TJ;Tajikistan;143;17695;0;125;0.7064142413111049
2022-02-06;TJ;Tajikistan;47;17742;0;125;0.7045428925712997
2022-02-13;TJ;Tajikistan;31;17773;0;125;0.7033140156417037
2022-02-20;TJ;Tajikistan;13;17786;0;125;0.7027999550208028
2022-02-27;TJ;Tajikistan;0;17786;0;125;0.7027999550208028
2022-03-06;TJ;Tajikistan;0;17786;0;125;0.7027999550208028
2022-03-13;TJ;Tajikistan;0;17786;0;125;0.7027999550208028
2022-03-20;TJ;Tajikistan;0;17786;0;125;0.7027999550208028
2022-03-27;TJ;Tajikistan;0;17786;0;125;0.7027999550208028
2022-04-03;TJ;Tajikistan;0;17786;0;125;0.7027999550208028
2022-04-10;TJ;Tajikistan;0;17786;0;125;0.7027999550208028
2022-04-17;TJ;Tajikistan;0;17786;0;125;0.7027999550208028
2022-04-24;TJ;Tajikistan;0;17786;0;125;0.7027999550208028
2022-05-01;TJ;Tajikistan;0;17786;0;125;0.7027999550208028
2022-05-08;TJ;Tajikistan;0;17786;0;125;0.7027999550208028
2022-05-15;TJ;Tajikistan;0;17786;0;125;0.7027999550208028
2022-05-22;TJ;Tajikistan;0;17786;0;125;0.7027999550208028
2022-05-29;TJ;Tajikistan;0;17786;0;125;0.7027999550208028
2022-06-05;TJ;Tajikistan;0;17786;0;125;0.7027999550208028
2022-06-12;TJ;Tajikistan;0;17786;0;125;0.7027999550208028
2022-06-19;TJ;Tajikistan;0;17786;0;125;0.7027999550208028
2022-06-26;TJ;Tajikistan;0;17786;0;125;0.7027999550208028
2022-07-03;TJ;Tajikistan;0;17786;0;125;0.7027999550208028
2022-07-10;TJ;Tajikistan;0;17786;0;125;0.7027999550208028
2022-07-17;TJ;Tajikistan;0;17786;0;125;0.7027999550208028
2022-07-24;TJ;Tajikistan;0;17786;0;125;0.7027999550208028
2022-07-31;TJ;Tajikistan;0;17786;0;125;0.7027999550208028
2022-08-07;TJ;Tajikistan;0;17786;0;125;0.7027999550208028
2022-08-14;TJ;Tajikistan;0;17786;0;125;0.7027999550208028
2022-08-21;TJ;Tajikistan;0;17786;0;125;0.7027999550208028
2022-08-28;TJ;Tajikistan;0;17786;0;125;0.7027999550208028
2022-09-04;TJ;Tajikistan;0;17786;0;125;0.7027999550208028
2022-09-11;TJ;Tajikistan;0;17786;0;125;0.7027999550208028
2022-09-18;TJ;Tajikistan;0;17786;0;125;0.7027999550208028
2022-09-25;TJ;Tajikistan;0;17786;0;125;0.7027999550208028
2022-10-02;TJ;Tajikistan;0;17786;0;125;0.7027999550208028
2022-10-09;TJ;Tajikistan;0;17786;0;125;0.7027999550208028
2022-10-16;TJ;Tajikistan;0;17786;0;125;0.7027999550208028
2022-10-23;TJ;Tajikistan;0;17786;0;125;0.7027999550208028
2022-10-30;TJ;Tajikistan;0;17786;0;125;0.7027999550208028
2022-11-06;TJ;Tajikistan;0;17786;0;125;0.7027999550208028
2022-11-13;TJ;Tajikistan;0;17786;0;125;0.7027999550208028
2022-11-20;TJ;Tajikistan;0;17786;0;125;0.7027999550208028
2022-11-27;TJ;Tajikistan;0;17786;0;125;0.7027999550208028
2022-12-04;TJ;Tajikistan;0;17786;0;125;0.7027999550208028
2022-12-11;TJ;Tajikistan;0;17786;0;125;0.7027999550208028
2022-12-18;TJ;Tajikistan;0;17786;0;125;0.7027999550208028
2022-12-25;TJ;Tajikistan;0;17786;0;125;0.7027999550208028
2023-01-01;TJ;Tajikistan;0;17786;0;125;0.7027999550208028
2023-01-08;TJ;Tajikistan;0;17786;0;125;0.7027999550208028
2023-01-15;TJ;Tajikistan;0;17786;0;125;0.7027999550208028
2023-01-22;TJ;Tajikistan;0;17786;0;125;0.7027999550208028
2023-01-29;TJ;Tajikistan;0;17786;0;125;0.7027999550208028
2023-02-05;TJ;Tajikistan;0;17786;0;125;0.7027999550208028
2023-02-12;TJ;Tajikistan;0;17786;0;125;0.7027999550208028
2023-02-19;TJ;Tajikistan;0;17786;0;125;0.7027999550208028
2023-02-26;TJ;Tajikistan;0;17786;0;125;0.7027999550208028
2023-03-05;TJ;Tajikistan;0;17786;0;125;0.7027999550208028
2023-03-12;TJ;Tajikistan;0;17786;0;125;0.7027999550208028
2023-03-19;TJ;Tajikistan;0;17786;0;125;0.7027999550208028
2023-03-26;TJ;Tajikistan;0;17786;0;125;0.7027999550208028
2023-04-02;TJ;Tajikistan;0;17786;0;125;0.7027999550208028
2023-04-09;TJ;Tajikistan;0;17786;0;125;0.7027999550208028
2023-04-16;TJ;Tajikistan;0;17786;0;125;0.7027999550208028
2023-04-23;TJ;Tajikistan;0;17786;0;125;0.7027999550208028
2023-04-30;TJ;Tajikistan;0;17786;0;125;0.7027999550208028
2023-05-07;TJ;Tajikistan;0;17786;0;125;0.7027999550208028
2023-05-14;TJ;Tajikistan;0;17786;0;125;0.7027999550208028
2023-05-21;TJ;Tajikistan;0;17786;0;125;0.7027999550208028
2023-05-28;TJ;Tajikistan;0;17786;0;125;0.7027999550208028
2023-06-04;TJ;Tajikistan;0;17786;0;125;0.7027999550208028
2023-06-11;TJ;Tajikistan;0;17786;0;125;0.7027999550208028
2023-06-18;TJ;Tajikistan;0;17786;0;125;0.7027999550208028
2023-06-25;TJ;Tajikistan;0;17786;0;125;0.7027999550208028
2023-07-02;TJ;Tajikistan;0;17786;0;125;0.7027999550208028
2023-07-09;TJ;Tajikistan;0;17786;0;125;0.7027999550208028
2023-07-16;TJ;Tajikistan;0;17786;0;125;0.7027999550208028
2023-07-23;TJ;Tajikistan;0;17786;0;125;0.7027999550208028
2023-07-30;TJ;Tajikistan;0;17786;0;125;0.7027999550208028
2023-08-06;TJ;Tajikistan;0;17786;0;125;0.7027999550208028
2023-08-13;TJ;Tajikistan;0;17786;0;125;0.7027999550208028
2023-08-20;TJ;Tajikistan;0;17786;0;125;0.7027999550208028
2023-08-27;TJ;Tajikistan;0;17786;0;125;0.7027999550208028
2023-09-03;TJ;Tajikistan;0;17786;0;125;0.7027999550208028
2023-09-10;TJ;Tajikistan;0;17786;0;125;0.7027999550208028
2023-09-17;TJ;Tajikistan;0;17786;0;125;0.7027999550208028
2023-09-24;TJ;Tajikistan;0;17786;0;125;0.7027999550208028
2023-10-01;TJ;Tajikistan;0;17786;0;125;0.7027999550208028
2023-10-08;TJ;Tajikistan;0;17786;0;125;0.7027999550208028
2023-10-15;TJ;Tajikistan;0;17786;0;125;0.7027999550208028
2023-10-22;TJ;Tajikistan;0;17786;0;125;0.7027999550208028
2023-10-29;TJ;Tajikistan;0;17786;0;125;0.7027999550208028
2023-11-05;TJ;Tajikistan;0;17786;0;125;0.7027999550208028
2023-11-12;TJ;Tajikistan;0;17786;0;125;0.7027999550208028
2023-11-19;TJ;Tajikistan;0;17786;0;125;0.7027999550208028
2023-11-26;TJ;Tajikistan;0;17786;0;125;0.7027999550208028
2023-12-03;TJ;Tajikistan;0;17786;0;125;0.7027999550208028
2023-12-10;TJ;Tajikistan;0;17786;0;125;0.7027999550208028
2023-12-17;TJ;Tajikistan;0;17786;0;125;0.7027999550208028
2023-12-24;TJ;Tajikistan;0;17786;0;125;0.7027999550208028
2023-12-31;TJ;Tajikistan;0;17786;0;125;0.7027999550208028
2024-01-07;TJ;Tajikistan;0;17786;0;125;0.7027999550208028
2024-01-14;TJ;Tajikistan;0;17786;0;125;0.7027999550208028
2024-01-21;TJ;Tajikistan;0;17786;0;125;0.7027999550208028
2020-01-05;TH;Thailand;0;0;0;0;0.0
2020-01-12;TH;Thailand;0;0;0;0;0.0
2020-01-19;TH;Thailand;6;6;0;0;0.0
2020-01-26;TH;Thailand;-1;5;0;0;0.0
2020-02-02;TH;Thailand;18;23;0;0;0.0
2020-02-09;TH;Thailand;6;29;0;0;0.0
2020-02-16;TH;Thailand;9;38;0;0;0.0
2020-02-23;TH;Thailand;1;39;0;0;0.0
2020-03-01;TH;Thailand;7;46;1;1;2.1739130434782608
2020-03-08;TH;Thailand;8;54;0;1;1.8518518518518516
2020-03-15;TH;Thailand;60;114;0;1;0.8771929824561403
2020-03-22;TH;Thailand;485;599;0;1;0.1669449081803005
2020-03-29;TH;Thailand;789;1388;6;7;0.5043227665706052
2020-04-05;TH;Thailand;781;2169;16;23;1.0603964960811434
2020-04-12;TH;Thailand;382;2551;15;38;1.4896119168953352
2020-04-19;TH;Thailand;214;2765;9;47;1.6998191681735986
2020-04-26;TH;Thailand;157;2922;4;51;1.7453798767967144
2020-05-03;TH;Thailand;47;2969;3;54;1.8187942068036378
2020-05-10;TH;Thailand;40;3009;2;56;1.8610834164174144
2020-05-17;TH;Thailand;19;3028;0;56;1.8494055482166447
2020-05-24;TH;Thailand;12;3040;0;56;1.8421052631578945
2020-05-31;TH;Thailand;41;3081;1;57;1.8500486854917235
2020-06-07;TH;Thailand;31;3112;1;58;1.8637532133676094
2020-06-14;TH;Thailand;23;3135;0;58;1.8500797448165869
2020-06-21;TH;Thailand;13;3148;0;58;1.8424396442185513
2020-06-28;TH;Thailand;14;3162;0;58;1.8342820999367486
2020-07-05;TH;Thailand;28;3190;0;58;1.8181818181818181
2020-07-12;TH;Thailand;27;3217;0;58;1.8029219769972022
2020-07-19;TH;Thailand;32;3249;0;58;1.7851646660510927
2020-07-26;TH;Thailand;42;3291;0;58;1.76238225463385
2020-08-02;TH;Thailand;26;3317;0;58;1.7485679831172747
2020-08-09;TH;Thailand;34;3351;0;58;1.7308266189197254
2020-08-16;TH;Thailand;26;3377;0;58;1.7175007403020432
2020-08-23;TH;Thailand;18;3395;0;58;1.7083946980854197
2020-08-30;TH;Thailand;16;3411;0;58;1.7003811199061858
2020-09-06;TH;Thailand;33;3444;0;58;1.684088269454123
2020-09-13;TH;Thailand;29;3473;0;58;1.6700259141952203
2020-09-20;TH;Thailand;33;3506;1;59;1.6828294352538506
2020-09-27;TH;Thailand;17;3523;0;59;1.6747090547828556
2020-10-04;TH;Thailand;62;3585;0;59;1.6457461645746165
2020-10-11;TH;Thailand;51;3636;0;59;1.6226622662266228
2020-10-18;TH;Thailand;50;3686;0;59;1.6006511123168747
2020-10-25;TH;Thailand;50;3736;0;59;1.5792291220556747
2020-11-01;TH;Thailand;48;3784;0;59;1.5591966173361522
2020-11-08;TH;Thailand;53;3837;1;60;1.5637216575449568
2020-11-15;TH;Thailand;37;3874;0;60;1.5487867836861127
2020-11-22;TH;Thailand;39;3913;-60;0;0.0
2020-11-29;TH;Thailand;64;3977;60;60;1.5086748805632386
2020-12-06;TH;Thailand;109;4086;0;60;1.4684287812041115
2020-12-13;TH;Thailand;123;4209;0;60;1.4255167498218104
2020-12-20;TH;Thailand;698;4907;0;60;1.2227430201752598
2020-12-27;TH;Thailand;1234;6141;0;60;0.9770395701025891
2021-01-03;TH;Thailand;1553;7694;4;64;0.8318170002599428
2021-01-10;TH;Thailand;2604;10298;3;67;0.6506117692755875
2021-01-17;TH;Thailand;1756;12054;3;70;0.5807200929152149
2021-01-24;TH;Thailand;1446;13500;3;73;0.5407407407407407
2021-01-31;TH;Thailand;5282;18782;4;77;0.40996698967096157
2021-02-07;TH;Thailand;4589;23371;2;79;0.3380257584185529
2021-02-14;TH;Thailand;1200;24571;1;80;0.3255870741931545
2021-02-21;TH;Thailand;844;25415;3;83;0.3265787920519378
2021-02-28;TH;Thailand;536;25951;0;83;0.3198335324264961
2021-03-07;TH;Thailand;419;26370;2;85;0.3223359878649981
2021-03-14;TH;Thailand;557;26927;1;86;0.31938203290377687
2021-03-21;TH;Thailand;876;27803;4;90;0.3237060748840053
2021-03-28;TH;Thailand;931;28734;4;94;0.32713858147142755
2021-04-04;TH;Thailand;393;29127;1;95;0.32615786040443573
2021-04-11;TH;Thailand;3498;32625;2;97;0.2973180076628352
2021-04-18;TH;Thailand;9727;42352;4;101;0.23847752172270492
2021-04-25;TH;Thailand;13108;55460;39;140;0.25243418680129825
2021-05-02;TH;Thailand;13524;68984;105;245;0.3551548185086397
2021-05-09;TH;Thailand;14391;83375;154;399;0.47856071964017993
2021-05-16;TH;Thailand;18072;101447;190;589;0.5805987362859424
2021-05-23;TH;Thailand;28053;129500;187;776;0.5992277992277992
2021-05-30;TH;Thailand;24807;154307;236;1012;0.655835444924728
2021-06-06;TH;Thailand;23160;177467;224;1236;0.6964675122698868
2021-06-13;TH;Thailand;18442;195909;213;1449;0.73962911351699
2021-06-20;TH;Thailand;22222;218131;180;1629;0.7467989419202223
2021-06-27;TH;Thailand;26316;244447;283;1912;0.782173640911936
2021-07-04;TH;Thailand;38620;283067;314;2226;0.7863862619097245
2021-07-11;TH;Thailand;53304;336371;485;2711;0.8059553290860388
2021-07-18;TH;Thailand;67015;403386;630;3341;0.8282389572270729
2021-07-25;TH;Thailand;93916;497302;718;4059;0.8162042380686182
2021-08-01;TH;Thailand;118012;615314;931;4990;0.8109680585847225
2021-08-08;TH;Thailand;141191;756505;1214;6204;0.820087111122861
2021-08-15;TH;Thailand;150652;907157;1348;7552;0.8324909580149854
2021-08-22;TH;Thailand;142138;1049295;1768;9320;0.8882154208301765
2021-08-29;TH;Thailand;124796;1174091;1823;11143;0.9490746458323929
2021-09-05;TH;Thailand;106443;1280534;1712;12855;1.0038780696178313
2021-09-12;TH;Thailand;101639;1382173;1498;14353;1.0384373012640242
2021-09-19;TH;Thailand;94304;1476477;1010;15363;1.0405173937690868
2021-09-26;TH;Thailand;85161;1561638;905;16268;1.0417266997857377
2021-10-03;TH;Thailand;75794;1637432;746;17014;1.0390660497657307
2021-10-10;TH;Thailand;73452;1710884;677;17691;1.0340268539538626
2021-10-17;TH;Thailand;72817;1783701;582;18273;1.0244429980136807
2021-10-24;TH;Thailand;66781;1850482;482;18755;1.013519720807876
2021-10-31;TH;Thailand;61542;1912024;450;19205;1.0044329987489697
2021-11-07;TH;Thailand;55975;1967999;459;19664;0.999187499587144
2021-11-14;TH;Thailand;50411;2018410;372;20036;0.9926625413072666
2021-11-21;TH;Thailand;46171;2064581;351;20387;0.9874642845206848
2021-11-28;TH;Thailand;42232;2106813;320;20707;0.9828589438170354
2021-12-05;TH;Thailand;34428;2141241;237;20944;0.9781243680650614
2021-12-12;TH;Thailand;27405;2168646;227;21171;0.9762312521269032
2021-12-19;TH;Thailand;22882;2191528;206;21377;0.9754381417896554
2021-12-26;TH;Thailand;18442;2209970;203;21580;0.9764838436720861
2022-01-02;TH;Thailand;19588;2229558;140;21720;0.974184120798831
2022-01-09;TH;Thailand;39992;2269550;105;21825;0.9616443788416206
2022-01-16;TH;Thailand;54935;2324485;100;21925;0.9432196809185691
2022-01-23;TH;Thailand;53015;2377500;107;22032;0.9266876971608834
2022-01-30;TH;Thailand;55034;2432534;125;22157;0.9108608553878383
2022-02-06;TH;Thailand;64467;2497001;134;22291;0.8927108959908305
2022-02-13;TH;Thailand;96326;2593327;145;22436;0.8651435009931258
2022-02-20;TH;Thailand;118988;2712315;188;22624;0.8341214055152149
2022-02-27;TH;Thailand;157301;2869616;267;22891;0.7977025497488166
2022-03-06;TH;Thailand;157079;3026695;344;23235;0.7676690251247648
2022-03-13;TH;Thailand;158130;3184825;474;23709;0.7444365075004121
2022-03-20;TH;Thailand;169144;3353969;537;24246;0.7229047137883504
2022-03-27;TH;Thailand;175116;3529085;553;24799;0.7027033919557052
2022-04-03;TH;Thailand;182510;3711595;616;25415;0.6847460458374365
2022-04-10;TH;Thailand;171890;3883485;668;26083;0.6716390046568997
2022-04-17;TH;Thailand;146474;4029959;799;26882;0.6670539328067606
2022-04-24;TH;Thailand;135915;4165874;893;27775;0.6667268381136827
2022-05-01;TH;Thailand;96610;4262484;842;28617;0.6713690890100702
2022-05-08;TH;Thailand;62366;4324850;471;29088;0.6725782397077354
2022-05-15;TH;Thailand;48996;4373846;384;29472;0.6738234496596359
2022-05-22;TH;Thailand;37648;4411494;274;29746;0.6742840407354062
2022-05-29;TH;Thailand;31154;4442648;226;29972;0.6746426905755306
2022-06-05;TH;Thailand;24145;4466793;199;30171;0.6754510450786504
2022-06-12;TH;Thailand;18070;4484863;163;30334;0.6763640271731823
2022-06-19;TH;Thailand;14181;4499044;133;30467;0.6771883093386061
2022-06-26;TH;Thailand;15111;4514155;125;30592;0.6776905090764496
2022-07-03;TH;Thailand;15950;4530105;108;30700;0.677688486249215
2022-07-10;TH;Thailand;14938;4545043;135;30835;0.6784314251812359
2022-07-17;TH;Thailand;13986;4559029;161;30996;0.6798816151421717
2022-07-24;TH;Thailand;16824;4575853;161;31157;0.6809003698326848
2022-07-31;TH;Thailand;14323;4590176;228;31385;0.6837428455902345
2022-08-07;TH;Thailand;15433;4605609;211;31596;0.6860330523064376
2022-08-14;TH;Thailand;14816;4620425;232;31828;0.6888543802788705
2022-08-21;TH;Thailand;13755;4634180;199;32027;0.691103927771472
2022-08-28;TH;Thailand;12232;4646412;195;32222;0.6934813357059167
2022-09-04;TH;Thailand;12130;4658542;178;32400;0.6954965738207362
2022-09-11;TH;Thailand;9004;4667546;139;32539;0.6971329259529525
2022-09-18;TH;Thailand;5841;4673387;90;32629;0.6981874173912839
2022-09-25;TH;Thailand;4965;4678352;89;32718;0.6993488305283571
2022-10-02;TH;Thailand;3780;4682132;53;32771;0.6999161920253423
2022-10-09;TH;Thailand;2915;4685047;58;32829;0.7007186907623338
2022-10-16;TH;Thailand;2234;4687281;53;32882;0.7015154414680921
2022-10-23;TH;Thailand;2616;4689897;40;32922;0.7019770370223483
2022-10-30;TH;Thailand;2551;4692448;33;32955;0.702298672249538
2022-11-06;TH;Thailand;2759;4695207;40;32995;0.7027379197551886
2022-11-13;TH;Thailand;3166;4698373;42;33037;0.7031583060774443
2022-11-20;TH;Thailand;3957;4702330;69;33106;0.7040339576337689
2022-11-27;TH;Thailand;4914;4707244;74;33180;0.7048710455629664
2022-12-04;TH;Thailand;4284;4711528;105;33285;0.7064587114838329
2022-12-11;TH;Thailand;3961;4715489;107;33392;0.7081344055727836
2022-12-18;TH;Thailand;3419;4718908;113;33505;0.7100159613198648
2022-12-25;TH;Thailand;2900;4721808;89;33594;0.7114647609559728
2023-01-01;TH;Thailand;2111;4723919;75;33669;0.7127344901553139
2023-01-08;TH;Thailand;997;4724916;58;33727;0.7138116317835068
2023-01-15;TH;Thailand;969;4725885;65;33792;0.7150406749212053
2023-01-22;TH;Thailand;627;4726512;44;33836;0.7158767395491644
2023-01-29;TH;Thailand;472;4726984;29;33865;0.716418756653291
2023-02-05;TH;Thailand;252;4727236;17;33882;0.7167401839045057
2023-02-12;TH;Thailand;392;4727628;12;33894;0.7169345811472476
2023-02-19;TH;Thailand;203;4727831;8;33902;0.7170730087433328
2023-02-26;TH;Thailand;204;4728035;9;33911;0.7172324231948367
2023-03-05;TH;Thailand;147;4728182;7;33918;0.7173581727606932
2023-03-12;TH;Thailand;122;4728304;6;33924;0.7174665588337805
2023-03-19;TH;Thailand;178;4728482;5;33929;0.7175452925484331
2023-03-26;TH;Thailand;150;4728632;6;33935;0.7176494174213599
2023-04-02;TH;Thailand;167;4728799;3;33938;0.7176875143138882
2023-04-09;TH;Thailand;168;4728967;2;33940;0.7177043104762626
2023-04-16;TH;Thailand;435;4729402;2;33942;0.7176805862559368
2023-04-23;TH;Thailand;1088;4730490;5;33947;0.7176212189434922
2023-04-30;TH;Thailand;1811;4732301;10;33957;0.7175579068195367
2023-05-07;TH;Thailand;1699;4734000;10;33967;0.7175116180819603
2023-05-14;TH;Thailand;2356;4736356;22;33989;0.7176191992324901
2023-05-21;TH;Thailand;2632;4738988;64;34053;0.7185711379729174
2023-05-28;TH;Thailand;2970;4741958;42;34095;0.7190067900221807
2023-06-04;TH;Thailand;3085;4745043;68;34163;0.7199724006716061
2023-06-11;TH;Thailand;2709;4747752;69;34232;0.7210149140056178
2023-06-18;TH;Thailand;2158;4749910;60;34292;0.7219505211677695
2023-06-25;TH;Thailand;1653;4751563;36;34328;0.7224570104616101
2023-07-02;TH;Thailand;859;4752422;43;34371;0.7232312282032193
2023-07-09;TH;Thailand;1193;4753615;25;34396;0.723575636647057
2023-07-16;TH;Thailand;613;4754228;14;34410;0.7237768150791254
2023-07-23;TH;Thailand;556;4754784;8;34418;0.7238604319354991
2023-07-30;TH;Thailand;391;4755175;7;34425;0.723948119680138
2023-08-06;TH;Thailand;268;4755443;12;34437;0.7241596629378168
2023-08-13;TH;Thailand;318;4755761;7;34444;0.7242584309850727
2023-08-20;TH;Thailand;389;4756150;9;34453;0.7243884234096906
2023-08-27;TH;Thailand;256;4756406;6;34459;0.7244755809323258
2023-09-03;TH;Thailand;187;4756593;6;34465;0.7245732397117013
2023-09-10;TH;Thailand;244;4756837;3;34468;0.7245991401429143
2023-09-17;TH;Thailand;212;4757049;3;34471;0.7246299123679407
2023-09-24;TH;Thailand;234;4757283;2;34473;0.7246363102636526
2023-10-01;TH;Thailand;190;4757473;1;34474;0.7246283899036315
2023-10-08;TH;Thailand;131;4757604;5;34479;0.7247135322738084
2023-10-15;TH;Thailand;124;4757728;3;34482;0.724757699473362
2023-10-22;TH;Thailand;191;4757919;3;34485;0.72479165786555
2023-10-29;TH;Thailand;206;4758125;2;34487;0.724802311835019
2023-11-05;TH;Thailand;304;4758429;1;34488;0.7247770219961253
2023-11-12;TH;Thailand;287;4758716;1;34489;0.7247543244858488
2023-11-19;TH;Thailand;390;4759106;1;34490;0.7247159445492494
2023-11-26;TH;Thailand;480;4759586;2;34492;0.7246848780545199
2023-12-03;TH;Thailand;536;4760122;3;34495;0.7246663005696072
2023-12-10;TH;Thailand;590;4760712;5;34500;0.7246815182266855
2023-12-17;TH;Thailand;514;4761226;6;34506;0.7247293029148375
2023-12-24;TH;Thailand;555;4761781;8;34514;0.7248128378856566
2023-12-31;TH;Thailand;594;4762375;3;34517;0.7247854274390404
2024-01-07;TH;Thailand;664;4763039;4;34521;0.7247683674225636
2024-01-14;TH;Thailand;625;4763664;7;34528;0.7248202224170303
2024-01-21;TH;Thailand;718;4764382;11;34539;0.7249418707400037
2020-01-05;GB;United Kingdom of Great Britain and Northern Ireland;0;0;0;0;0.0
2020-01-12;GB;United Kingdom of Great Britain and Northern Ireland;0;0;0;0;0.0
2020-01-19;GB;United Kingdom of Great Britain and Northern Ireland;0;0;0;0;0.0
2020-01-26;GB;United Kingdom of Great Britain and Northern Ireland;0;0;0;0;0.0
2020-02-09;GB;United Kingdom of Great Britain and Northern Ireland;20;21;1;2;9.523809523809524
2020-02-16;GB;United Kingdom of Great Britain and Northern Ireland;11;32;0;2;6.25
2020-02-23;GB;United Kingdom of Great Britain and Northern Ireland;3;35;0;2;5.714285714285714
2020-03-01;GB;United Kingdom of Great Britain and Northern Ireland;33;68;1;3;4.411764705882353
2020-03-08;GB;United Kingdom of Great Britain and Northern Ireland;311;379;6;9;2.3746701846965697
2020-03-15;GB;United Kingdom of Great Britain and Northern Ireland;1901;2280;46;55;2.4122807017543857
2020-03-22;GB;United Kingdom of Great Britain and Northern Ireland;5455;7735;429;484;6.257272139625081
2020-03-29;GB;United Kingdom of Great Britain and Northern Ireland;16046;23781;2005;2489;10.46633867373113
2020-10-04;GB;United Kingdom of Great Britain and Northern Ireland;74110;519016;412;58856;11.339920156604036
2020-10-11;GB;United Kingdom of Great Britain and Northern Ireland;110514;629530;588;59444;9.442600034946706
2020-10-18;GB;United Kingdom of Great Britain and Northern Ireland;120078;749608;910;60354;8.051408202687272
2020-10-25;GB;United Kingdom of Great Britain and Northern Ireland;151561;901169;1455;61809;6.858757902235873
2020-11-01;GB;United Kingdom of Great Britain and Northern Ireland;153892;1055061;1994;63803;6.047328069182729
2020-11-08;GB;United Kingdom of Great Britain and Northern Ireland;162260;1217321;2558;66361;5.451396961031643
2020-11-15;GB;United Kingdom of Great Britain and Northern Ireland;175280;1392601;3039;69400;4.983480551859435
2020-11-22;GB;United Kingdom of Great Britain and Northern Ireland;141113;1533714;3296;72696;4.739866754818696
2020-11-29;GB;United Kingdom of Great Britain and Northern Ireland;106260;1639974;3432;76128;4.642024812588493
2020-12-06;GB;United Kingdom of Great Britain and Northern Ireland;105190;1745164;3287;79415;4.550575189495085
2020-12-13;GB;United Kingdom of Great Britain and Northern Ireland;138488;1883652;3216;82631;4.386744472970591
2020-12-20;GB;United Kingdom of Great Britain and Northern Ireland;217712;2101364;3617;86248;4.104381725393601
2020-12-27;GB;United Kingdom of Great Britain and Northern Ireland;243069;2344433;4227;90475;3.8591420612148015
2021-01-03;GB;United Kingdom of Great Britain and Northern Ireland;377718;2722151;5231;95706;3.515822597644289
2021-01-10;GB;United Kingdom of Great Britain and Northern Ireland;422675;3144826;6625;102331;3.2539479131754825
2021-01-17;GB;United Kingdom of Great Britain and Northern Ireland;317881;3462707;8794;111125;3.209194425055311
2021-01-24;GB;United Kingdom of Great Britain and Northern Ireland;246142;3708849;9723;120848;3.258369375512457
2021-01-31;GB;United Kingdom of Great Britain and Northern Ireland;171875;3880724;8572;129420;3.3349447165013544
2021-02-07;GB;United Kingdom of Great Britain and Northern Ireland;130901;4011625;6655;136075;3.392016950736921
2021-02-14;GB;United Kingdom of Great Britain and Northern Ireland;94014;4105639;5060;141135;3.437589130461787
2021-02-21;GB;United Kingdom of Great Britain and Northern Ireland;80167;4185806;3864;144999;3.464064029723308
2021-02-28;GB;United Kingdom of Great Britain and Northern Ireland;61484;4247290;2644;147643;3.476169510440775
2021-03-07;GB;United Kingdom of Great Britain and Northern Ireland;41508;4288798;1801;149444;3.4845194387798166
2021-03-14;GB;United Kingdom of Great Britain and Northern Ireland;40316;4329114;1256;150700;3.4810818102734182
2021-03-21;GB;United Kingdom of Great Britain and Northern Ireland;38162;4367276;857;151557;3.4702867416668877
2021-03-28;GB;United Kingdom of Great Britain and Northern Ireland;37987;4405263;654;152211;3.4552080091472406
2021-04-04;GB;United Kingdom of Great Britain and Northern Ireland;27123;4432386;428;152639;3.4437208311730974
2021-04-11;GB;United Kingdom of Great Britain and Northern Ireland;20330;4452716;330;152969;3.435408860569594
2021-04-18;GB;United Kingdom of Great Britain and Northern Ireland;17336;4470052;279;153248;3.428327008276414
2021-04-25;GB;United Kingdom of Great Britain and Northern Ireland;16722;4486774;228;153476;3.4206313935134687
2021-05-02;GB;United Kingdom of Great Britain and Northern Ireland;15041;4501815;151;153627;3.4125569353694014
2021-05-09;GB;United Kingdom of Great Britain and Northern Ireland;14468;4516283;124;153751;3.4043703638589524
2021-05-16;GB;United Kingdom of Great Britain and Northern Ireland;15509;4531792;104;153855;3.395014599081335
2021-05-23;GB;United Kingdom of Great Britain and Northern Ireland;16918;4548710;82;153937;3.3841902429480006
2021-05-30;GB;United Kingdom of Great Britain and Northern Ireland;22380;4571090;83;154020;3.3694370489314367
2021-06-06;GB;United Kingdom of Great Britain and Northern Ireland;33779;4604869;84;154104;3.3465447116953815
2021-06-13;GB;United Kingdom of Great Britain and Northern Ireland;49979;4654848;87;154191;3.312481954297971
2021-06-20;GB;United Kingdom of Great Britain and Northern Ireland;67059;4721907;100;154291;3.2675569425657898
2021-06-27;GB;United Kingdom of Great Britain and Northern Ireland;107478;4829385;133;154424;3.1975914117429034
2021-07-04;GB;United Kingdom of Great Britain and Northern Ireland;175476;5004861;168;154592;3.0888370326368704
2021-07-11;GB;United Kingdom of Great Britain and Northern Ireland;225580;5230441;253;154845;2.9604578275522084
2021-07-18;GB;United Kingdom of Great Britain and Northern Ireland;323274;5553715;328;155173;2.7940396653411277
2021-07-25;GB;United Kingdom of Great Britain and Northern Ireland;257101;5810816;515;155688;2.679279467806243
2021-08-01;GB;United Kingdom of Great Britain and Northern Ireland;188020;5998836;573;156261;2.6048553419363354
2021-08-08;GB;United Kingdom of Great Britain and Northern Ireland;193901;6192737;651;156912;2.5338069419063007
2021-08-15;GB;United Kingdom of Great Britain and Northern Ireland;203157;6395894;650;157562;2.4634867307056685
2021-08-22;GB;United Kingdom of Great Britain and Northern Ireland;232682;6628576;738;158300;2.388144904727652
2021-08-29;GB;United Kingdom of Great Britain and Northern Ireland;244811;6873387;852;159152;2.3154814358626976
2021-09-05;GB;United Kingdom of Great Britain and Northern Ireland;258216;7131603;921;160073;2.2445584814522066
2021-09-12;GB;United Kingdom of Great Britain and Northern Ireland;246171;7377774;1103;161176;2.184615576459783
2021-09-19;GB;United Kingdom of Great Britain and Northern Ireland;203289;7581063;1088;162264;2.1403858535405917
2021-09-26;GB;United Kingdom of Great Britain and Northern Ireland;242060;7823123;1018;163282;2.0871715809658116
2021-10-03;GB;United Kingdom of Great Britain and Northern Ireland;235286;8058409;895;164177;2.037337643199793
2021-10-10;GB;United Kingdom of Great Britain and Northern Ireland;254728;8313137;840;165017;1.9850148024746854
2021-10-17;GB;United Kingdom of Great Britain and Northern Ireland;305103;8618240;947;165964;1.9257296153274914
2021-10-24;GB;United Kingdom of Great Britain and Northern Ireland;329421;8947661;1040;167004;1.8664542610633101
2021-10-31;GB;United Kingdom of Great Britain and Northern Ireland;285143;9232804;1227;168231;1.8221008482363539
2021-11-07;GB;United Kingdom of Great Britain and Northern Ireland;251477;9484281;1234;169465;1.7867985986497026
2021-11-14;GB;United Kingdom of Great Britain and Northern Ireland;266098;9750379;1119;170584;1.7495114805280902
2021-11-21;GB;United Kingdom of Great Britain and Northern Ireland;295358;10045737;1023;171607;1.7082569452096945
2021-11-28;GB;United Kingdom of Great Britain and Northern Ireland;301042;10346779;940;172547;1.6676397553286875
2021-12-05;GB;United Kingdom of Great Britain and Northern Ireland;335799;10682578;941;173488;1.6240274585404384
2021-12-12;GB;United Kingdom of Great Britain and Northern Ireland;364101;11046679;940;174428;1.5790084965807372
2021-12-19;GB;United Kingdom of Great Britain and Northern Ireland;606364;11653043;876;175304;1.5043624227594456
2021-12-26;GB;United Kingdom of Great Britain and Northern Ireland;921736;12574779;855;176159;1.4008914192448234
2022-01-02;GB;United Kingdom of Great Britain and Northern Ireland;1292071;13866850;985;177144;1.277463879684283
2022-01-09;GB;United Kingdom of Great Britain and Northern Ireland;1320332;15187182;1360;178504;1.175359589422185
2022-01-16;GB;United Kingdom of Great Britain and Northern Ireland;723565;15910747;1648;180152;1.1322661343304623
2022-01-23;GB;United Kingdom of Great Britain and Northern Ireland;730232;16640979;1650;181802;1.0924958201076993
2022-01-30;GB;United Kingdom of Great Britain and Northern Ireland;713559;17354538;1482;183284;1.0561156972314678
2022-02-06;GB;United Kingdom of Great Britain and Northern Ireland;588540;17943078;1324;184608;1.0288535779647172
2022-02-13;GB;United Kingdom of Great Britain and Northern Ireland;420192;18363270;1037;185645;1.0109582879301997
2022-02-20;GB;United Kingdom of Great Britain and Northern Ireland;316060;18679330;947;186592;0.9989223382209105
2022-02-27;GB;United Kingdom of Great Britain and Northern Ireland;251631;18930961;845;187437;0.9901082147916315
2022-03-06;GB;United Kingdom of Great Britain and Northern Ireland;277241;19208202;796;188233;0.9799615809954518
2022-03-13;GB;United Kingdom of Great Britain and Northern Ireland;437488;19645690;778;189011;0.9620990660037902
2022-03-20;GB;United Kingdom of Great Britain and Northern Ireland;581248;20226938;951;189962;0.9391535189359852
2022-03-27;GB;United Kingdom of Great Britain and Northern Ireland;606372;20833310;1176;191138;0.9174634275590389
2022-04-03;GB;United Kingdom of Great Britain and Northern Ireland;478671;21311981;1272;192410;0.9028255045835485
2022-04-10;GB;United Kingdom of Great Britain and Northern Ireland;299046;21611027;1426;193836;0.8969309973098456
2022-04-17;GB;United Kingdom of Great Britain and Northern Ireland;209920;21820947;1340;195176;0.8944433071580258
2022-04-24;GB;United Kingdom of Great Britain and Northern Ireland;146688;21967635;1137;196313;0.8936464940354297
2022-05-01;GB;United Kingdom of Great Britain and Northern Ireland;94269;22061904;904;197217;0.8939255650826874
2022-05-08;GB;United Kingdom of Great Britain and Northern Ireland;73460;22135364;712;197929;0.894175492212371
2022-05-15;GB;United Kingdom of Great Britain and Northern Ireland;60338;22195702;592;198521;0.894411900105705
2022-05-22;GB;United Kingdom of Great Britain and Northern Ireland;52075;22247777;441;198962;0.8943005856270494
2022-05-29;GB;United Kingdom of Great Britain and Northern Ireland;42463;22290240;346;199308;0.8941491881648649
2022-06-05;GB;United Kingdom of Great Britain and Northern Ireland;44731;22334971;266;199574;0.8935494028624438
2022-06-12;GB;United Kingdom of Great Britain and Northern Ireland;74352;22409323;258;199832;0.8917359975578021
2022-06-19;GB;United Kingdom of Great Britain and Northern Ireland;96164;22505487;299;200131;0.8892542516409443
2022-06-26;GB;United Kingdom of Great Britain and Northern Ireland;130271;22635758;380;200511;0.8858152662702968
2022-07-03;GB;United Kingdom of Great Britain and Northern Ireland;160214;22795972;513;201024;0.8818400022600484
2022-07-10;GB;United Kingdom of Great Britain and Northern Ireland;195623;22991595;679;201703;0.8772901575554023
2022-07-17;GB;United Kingdom of Great Britain and Northern Ireland;166429;23158024;873;202576;0.8747551172759818
2022-07-24;GB;United Kingdom of Great Britain and Northern Ireland;110346;23268370;1067;203643;0.8751923748848759
2022-07-31;GB;United Kingdom of Great Britain and Northern Ireland;74614;23342984;852;204495;0.8760448107234275
2022-08-07;GB;United Kingdom of Great Britain and Northern Ireland;56953;23399937;649;205144;0.8766861209925481
2022-08-14;GB;United Kingdom of Great Britain and Northern Ireland;45624;23445561;636;205780;0.8776927965170038
2022-08-21;GB;United Kingdom of Great Britain and Northern Ireland;35449;23481010;530;206310;0.8786248973106352
2022-08-28;GB;United Kingdom of Great Britain and Northern Ireland;29390;23510400;425;206735;0.8793342520756772
2022-09-04;GB;United Kingdom of Great Britain and Northern Ireland;29213;23539613;383;207118;0.879870030148754
2022-09-11;GB;United Kingdom of Great Britain and Northern Ireland;28943;23568556;324;207442;0.8801642323780887
2022-09-18;GB;United Kingdom of Great Britain and Northern Ireland;31812;23600368;305;207747;0.8802701720583341
2022-09-25;GB;United Kingdom of Great Britain and Northern Ireland;42707;23643075;320;208067;0.8800335827721224
2022-10-02;GB;United Kingdom of Great Britain and Northern Ireland;53755;23696830;417;208484;0.8797970023838632
2022-10-09;GB;United Kingdom of Great Britain and Northern Ireland;67496;23764326;617;209101;0.8798945107889868
2022-10-16;GB;United Kingdom of Great Britain and Northern Ireland;60442;23824768;751;209852;0.8808144532614127
2022-10-23;GB;United Kingdom of Great Britain and Northern Ireland;52930;23877698;778;210630;0.882120211085675
2022-10-30;GB;United Kingdom of Great Britain and Northern Ireland;37668;23915366;725;211355;0.883762347605301
2022-11-06;GB;United Kingdom of Great Britain and Northern Ireland;28331;23943697;625;211980;0.8853269401128824
2022-11-13;GB;United Kingdom of Great Britain and Northern Ireland;23756;23967453;471;212451;0.8864145889844867
2022-11-20;GB;United Kingdom of Great Britain and Northern Ireland;21872;23989325;398;212849;0.8872654816256814
2022-11-27;GB;United Kingdom of Great Britain and Northern Ireland;22911;24012236;387;213236;0.8880305857397037
2022-12-04;GB;United Kingdom of Great Britain and Northern Ireland;26105;24038341;374;213610;0.8886220559064372
2022-12-11;GB;United Kingdom of Great Britain and Northern Ireland;31048;24069389;450;214060;0.8893453838815768
2022-12-18;GB;United Kingdom of Great Britain and Northern Ireland;41009;24110398;522;214582;0.8899977511777284
2022-12-25;GB;United Kingdom of Great Britain and Northern Ireland;48639;24159037;763;215345;0.8913641715106443
2023-01-01;GB;United Kingdom of Great Britain and Northern Ireland;41644;24200681;971;216316;0.8938426154206156
2023-01-08;GB;United Kingdom of Great Britain and Northern Ireland;33390;24234071;951;217267;0.8965352952873663
2023-01-15;GB;United Kingdom of Great Britain and Northern Ireland;19533;24253604;817;218084;0.8991818288119159
2023-01-22;GB;United Kingdom of Great Britain and Northern Ireland;14136;24267740;679;218763;0.9014560070282606
2023-01-29;GB;United Kingdom of Great Britain and Northern Ireland;16501;24284241;529;219292;0.9030218403778812
2023-02-05;GB;United Kingdom of Great Britain and Northern Ireland;21190;24305431;493;219785;0.9042629196742078
2023-02-12;GB;United Kingdom of Great Britain and Northern Ireland;23225;24328656;475;220260;0.9053521082298998
2023-02-19;GB;United Kingdom of Great Britain and Northern Ireland;27956;24356612;495;220755;0.9063452667390686
2023-02-26;GB;United Kingdom of Great Britain and Northern Ireland;27843;24384455;519;221274;0.9074387760563031
2023-03-05;GB;United Kingdom of Great Britain and Northern Ireland;27238;24411693;582;221856;0.9088103803369966
2023-03-12;GB;United Kingdom of Great Britain and Northern Ireland;29418;24441111;665;222521;0.9104373365024201
2023-03-19;GB;United Kingdom of Great Britain and Northern Ireland;33341;24474452;713;223234;0.9121103099673079
2023-03-26;GB;United Kingdom of Great Britain and Northern Ireland;31649;24506101;739;223973;0.9139479185203717
2023-04-02;GB;United Kingdom of Great Britain and Northern Ireland;25172;24531273;691;224664;0.9158269120399907
2023-04-09;GB;United Kingdom of Great Britain and Northern Ireland;16894;24548167;605;225269;0.9176611842342445
2023-04-16;GB;United Kingdom of Great Britain and Northern Ireland;14917;24563084;550;225819;0.919343027121513
2023-04-23;GB;United Kingdom of Great Britain and Northern Ireland;12823;24575907;520;226339;0.920979233848826
2023-04-30;GB;United Kingdom of Great Britain and Northern Ireland;11492;24587399;406;226745;0.9222000261190701
2023-05-07;GB;United Kingdom of Great Britain and Northern Ireland;11103;24598502;354;227099;0.923222885686291
2023-05-14;GB;United Kingdom of Great Britain and Northern Ireland;8978;24607480;320;227419;0.9241864668791766
2023-05-21;GB;United Kingdom of Great Britain and Northern Ireland;7493;24614973;277;227696;0.9250304682438611
2023-05-28;GB;United Kingdom of Great Britain and Northern Ireland;6759;24621732;236;227932;0.9257350376488542
2023-06-04;GB;United Kingdom of Great Britain and Northern Ireland;5261;24626993;199;228131;0.9263453317260455
2023-06-11;GB;United Kingdom of Great Britain and Northern Ireland;4895;24631888;171;228302;0.9268554647536559
2023-06-18;GB;United Kingdom of Great Britain and Northern Ireland;3620;24635508;187;228489;0.9274783373657243
2023-06-25;GB;United Kingdom of Great Britain and Northern Ireland;2804;24638312;115;228604;0.9278395370591946
2023-07-02;GB;United Kingdom of Great Britain and Northern Ireland;2194;24640506;103;228707;0.9281749327712671
2023-07-09;GB;United Kingdom of Great Britain and Northern Ireland;2455;24642961;75;228782;0.9283868119581895
2023-07-16;GB;United Kingdom of Great Britain and Northern Ireland;3114;24646075;65;228847;0.9285332451516113
2023-07-23;GB;United Kingdom of Great Britain and Northern Ireland;3618;24649693;65;228912;0.9286606530961663
2023-07-30;GB;United Kingdom of Great Britain and Northern Ireland;4677;24654370;84;228996;0.9288251940730994
2023-08-06;GB;United Kingdom of Great Britain and Northern Ireland;6313;24660683;103;229099;0.9290050887884979
2023-08-13;GB;United Kingdom of Great Britain and Northern Ireland;7777;24668460;141;229240;0.9292837899082471
2023-08-20;GB;United Kingdom of Great Britain and Northern Ireland;8546;24677006;206;229446;0.9297967508700204
2023-08-27;GB;United Kingdom of Great Britain and Northern Ireland;8988;24685994;228;229674;0.9303818189374915
2023-09-03;GB;United Kingdom of Great Britain and Northern Ireland;10471;24696465;197;229871;0.9307850334045784
2023-09-10;GB;United Kingdom of Great Britain and Northern Ireland;13933;24710398;287;230158;0.9314216630586039
2023-09-17;GB;United Kingdom of Great Britain and Northern Ireland;12273;24722671;303;230461;0.932184875978813
2023-09-24;GB;United Kingdom of Great Britain and Northern Ireland;13562;24736233;266;230727;0.9327491376718516
2023-10-01;GB;United Kingdom of Great Britain and Northern Ireland;17422;24753655;289;231016;0.9332601589543039
2023-10-08;GB;United Kingdom of Great Britain and Northern Ireland;17083;24770738;344;231360;0.9340052767099631
2023-10-15;GB;United Kingdom of Great Britain and Northern Ireland;13260;24783998;364;231724;0.9349742523381418
2023-10-22;GB;United Kingdom of Great Britain and Northern Ireland;9271;24793269;388;232112;0.9361895762918557
2023-10-29;GB;United Kingdom of Great Britain and Northern Ireland;7325;24800594;0;232112;0.93591306724347
2023-11-05;GB;United Kingdom of Great Britain and Northern Ireland;6600;24807194;0;232112;0.935664065835096
2023-11-12;GB;United Kingdom of Great Britain and Northern Ireland;4883;24812077;0;232112;0.9354799277787185
2023-11-19;GB;United Kingdom of Great Britain and Northern Ireland;5217;24817294;0;232112;0.935283274639048
2023-11-26;GB;United Kingdom of Great Britain and Northern Ireland;4721;24822015;0;232112;0.935105389308644
2023-12-03;GB;United Kingdom of Great Britain and Northern Ireland;5370;24827385;0;232112;0.9349031321663558
2023-12-10;GB;United Kingdom of Great Britain and Northern Ireland;7520;24834905;0;232112;0.9346200438455472
2023-12-17;GB;United Kingdom of Great Britain and Northern Ireland;9423;24844328;0;232112;0.9342655595273095
2023-12-24;GB;United Kingdom of Great Britain and Northern Ireland;10597;24854925;0;232112;0.9338672315446537
2023-12-31;GB;United Kingdom of Great Britain and Northern Ireland;9945;24864870;0;232112;0.9334937202567317
2024-01-07;GB;United Kingdom of Great Britain and Northern Ireland;8642;24873512;0;232112;0.9331693891879844
2024-01-14;GB;United Kingdom of Great Britain and Northern Ireland;6592;24880104;0;232112;0.9329221453415146
2024-01-21;GB;United Kingdom of Great Britain and Northern Ireland;5686;24885790;0;232112;0.9327089877395895
2020-01-05;TL;Timor-Leste;0;0;0;0;0.0
2020-01-12;TL;Timor-Leste;0;0;0;0;0.0
2020-01-19;TL;Timor-Leste;0;0;0;0;0.0
2020-01-26;TL;Timor-Leste;0;0;0;0;0.0
2020-02-02;TL;Timor-Leste;0;0;0;0;0.0
2020-02-09;TL;Timor-Leste;0;0;0;0;0.0
2020-02-16;TL;Timor-Leste;0;0;0;0;0.0
2020-02-23;TL;Timor-Leste;0;0;0;0;0.0
2020-03-01;TL;Timor-Leste;0;0;0;0;0.0
2020-03-08;TL;Timor-Leste;0;0;0;0;0.0
2020-03-15;TL;Timor-Leste;0;0;0;0;0.0
2020-03-22;TL;Timor-Leste;1;1;0;0;0.0
2020-03-29;TL;Timor-Leste;0;1;0;0;0.0
2020-04-05;TL;Timor-Leste;0;1;0;0;0.0
2020-04-12;TL;Timor-Leste;1;2;0;0;0.0
2020-04-19;TL;Timor-Leste;17;19;0;0;0.0
2020-04-26;TL;Timor-Leste;5;24;0;0;0.0
2020-05-03;TL;Timor-Leste;0;24;0;0;0.0
2020-05-10;TL;Timor-Leste;0;24;0;0;0.0
2020-05-17;TL;Timor-Leste;0;24;0;0;0.0
2020-05-24;TL;Timor-Leste;0;24;0;0;0.0
2020-05-31;TL;Timor-Leste;0;24;0;0;0.0
2020-06-07;TL;Timor-Leste;0;24;0;0;0.0
2020-06-14;TL;Timor-Leste;0;24;0;0;0.0
2020-06-21;TL;Timor-Leste;0;24;0;0;0.0
2020-06-28;TL;Timor-Leste;0;24;0;0;0.0
2020-07-05;TL;Timor-Leste;0;24;0;0;0.0
2020-07-12;TL;Timor-Leste;0;24;0;0;0.0
2020-07-19;TL;Timor-Leste;0;24;0;0;0.0
2020-07-26;TL;Timor-Leste;0;24;0;0;0.0
2020-08-02;TL;Timor-Leste;0;24;0;0;0.0
2020-08-09;TL;Timor-Leste;1;25;0;0;0.0
2020-08-16;TL;Timor-Leste;0;25;0;0;0.0
2020-08-23;TL;Timor-Leste;1;26;0;0;0.0
2020-08-30;TL;Timor-Leste;1;27;0;0;0.0
2020-09-06;TL;Timor-Leste;0;27;0;0;0.0
2020-09-13;TL;Timor-Leste;0;27;0;0;0.0
2020-09-20;TL;Timor-Leste;0;27;0;0;0.0
2020-09-27;TL;Timor-Leste;0;27;0;0;0.0
2020-10-04;TL;Timor-Leste;1;28;0;0;0.0
2020-10-11;TL;Timor-Leste;1;29;0;0;0.0
2020-10-18;TL;Timor-Leste;0;29;0;0;0.0
2020-10-25;TL;Timor-Leste;0;29;0;0;0.0
2020-11-01;TL;Timor-Leste;1;30;0;0;0.0
2020-11-08;TL;Timor-Leste;0;30;0;0;0.0
2020-11-15;TL;Timor-Leste;0;30;0;0;0.0
2020-11-22;TL;Timor-Leste;0;30;0;0;0.0
2020-11-29;TL;Timor-Leste;0;30;0;0;0.0
2020-12-06;TL;Timor-Leste;1;31;0;0;0.0
2020-12-13;TL;Timor-Leste;0;31;0;0;0.0
2020-12-20;TL;Timor-Leste;0;31;0;0;0.0
2020-12-27;TL;Timor-Leste;10;41;0;0;0.0
2021-01-03;TL;Timor-Leste;3;44;0;0;0.0
2021-01-10;TL;Timor-Leste;5;49;0;0;0.0
2021-01-17;TL;Timor-Leste;3;52;0;0;0.0
2021-01-24;TL;Timor-Leste;15;67;0;0;0.0
2021-01-31;TL;Timor-Leste;3;70;0;0;0.0
2021-02-07;TL;Timor-Leste;10;80;0;0;0.0
2021-02-14;TL;Timor-Leste;22;102;0;0;0.0
2021-02-21;TL;Timor-Leste;1;103;0;0;0.0
2021-02-28;TL;Timor-Leste;10;113;0;0;0.0
2021-03-07;TL;Timor-Leste;9;122;0;0;0.0
2021-03-14;TL;Timor-Leste;74;196;0;0;0.0
2021-03-21;TL;Timor-Leste;130;326;0;0;0.0
2021-03-28;TL;Timor-Leste;165;491;0;0;0.0
2021-04-04;TL;Timor-Leste;223;714;0;0;0.0
2021-04-11;TL;Timor-Leste;332;1046;1;1;0.09560229445506692
2021-04-18;TL;Timor-Leste;260;1306;1;2;0.1531393568147014
2021-04-25;TL;Timor-Leste;591;1897;1;3;0.158144438587243
2021-05-02;TL;Timor-Leste;547;2444;1;4;0.16366612111292964
2021-05-09;TL;Timor-Leste;783;3227;1;5;0.15494267121165167
2021-05-16;TL;Timor-Leste;1231;4458;5;10;0.22431583669807087
2021-05-23;TL;Timor-Leste;1179;5637;3;13;0.23061912364733014
2021-05-30;TL;Timor-Leste;1260;6897;3;16;0.23198492098013632
2021-06-06;TL;Timor-Leste;843;7740;1;17;0.21963824289405687
2021-06-13;TL;Timor-Leste;545;8285;1;18;0.21726010863005432
2021-06-20;TL;Timor-Leste;422;8707;1;19;0.21821522912599056
2021-06-27;TL;Timor-Leste;328;9035;2;21;0.2324294410625346
2021-07-04;TL;Timor-Leste;441;9476;3;24;0.2532714225411566
2021-07-11;TL;Timor-Leste;347;9823;1;25;0.25450473378804844
2021-07-18;TL;Timor-Leste;305;10128;1;26;0.2567140600315956
2021-07-25;TL;Timor-Leste;220;10348;0;26;0.25125628140703515
2021-08-01;TL;Timor-Leste;618;10966;0;26;0.23709648002918113
2021-08-08;TL;Timor-Leste;563;11529;1;27;0.234192037470726
2021-08-15;TL;Timor-Leste;1036;12565;3;30;0.23875845602865103
2021-08-22;TL;Timor-Leste;1651;14216;18;48;0.3376477208778841
2021-08-29;TL;Timor-Leste;2186;16402;14;62;0.37800268259968295
2021-09-05;TL;Timor-Leste;1216;17618;18;80;0.45408105346804406
2021-09-12;TL;Timor-Leste;897;18515;15;95;0.5130974885228193
2021-09-19;TL;Timor-Leste;518;19033;9;104;0.546419376871749
2021-09-26;TL;Timor-Leste;349;19382;9;113;0.583015168713239
2021-10-03;TL;Timor-Leste;200;19582;5;118;0.6025942191808804
2021-10-10;TL;Timor-Leste;91;19673;1;119;0.6048899506938443
2021-10-17;TL;Timor-Leste;41;19714;0;119;0.6036319366947347
2021-10-24;TL;Timor-Leste;56;19770;2;121;0.6120384420839656
2021-10-31;TL;Timor-Leste;20;19790;1;122;0.6164729661445174
2021-11-07;TL;Timor-Leste;9;19799;0;122;0.6161927370069196
2021-11-14;TL;Timor-Leste;10;19809;0;122;0.6158816699480034
2021-11-21;TL;Timor-Leste;10;19819;0;122;0.6155709167970129
2021-11-28;TL;Timor-Leste;3;19822;0;122;0.6154777519927354
2021-12-05;TL;Timor-Leste;6;19828;0;122;0.6152915069598548
2021-12-12;TL;Timor-Leste;1;19829;0;122;0.6152604770790258
2021-12-19;TL;Timor-Leste;4;19833;0;122;0.6151363888468714
2021-12-26;TL;Timor-Leste;0;19833;0;122;0.6151363888468714
2022-01-02;TL;Timor-Leste;6;19839;0;122;0.6149503503200766
2022-01-09;TL;Timor-Leste;17;19856;0;122;0.6144238517324738
2022-01-16;TL;Timor-Leste;7;19863;0;122;0.6142073201429794
2022-01-23;TL;Timor-Leste;5;19868;0;122;0.6140527481377089
2022-01-30;TL;Timor-Leste;69;19937;0;122;0.6119275718513317
2022-02-06;TL;Timor-Leste;466;20403;0;122;0.5979512816742636
2022-02-13;TL;Timor-Leste;1228;21631;2;124;0.573251352225972
2022-02-20;TL;Timor-Leste;727;22358;1;125;0.5590839967796761
2022-02-27;TL;Timor-Leste;310;22668;3;128;0.5646726663137462
2022-03-06;TL;Timor-Leste;91;22759;1;129;0.5668087350059317
2022-03-13;TL;Timor-Leste;32;22791;0;129;0.5660128998288798
2022-03-20;TL;Timor-Leste;14;22805;1;130;0.5700504275378206
2022-03-27;TL;Timor-Leste;16;22821;0;130;0.5696507602646685
2022-04-03;TL;Timor-Leste;11;22832;0;130;0.5693763139453398
2022-04-10;TL;Timor-Leste;10;22842;0;130;0.5691270466684178
2022-04-17;TL;Timor-Leste;11;22853;0;130;0.5688531046252133
2022-04-24;TL;Timor-Leste;7;22860;0;130;0.5686789151356081
2022-05-01;TL;Timor-Leste;11;22871;0;130;0.5684054042236893
2022-05-08;TL;Timor-Leste;14;22885;0;130;0.5680576797028621
2022-05-15;TL;Timor-Leste;4;22889;1;131;0.5723273187994233
2022-05-22;TL;Timor-Leste;6;22895;0;131;0.5721773312950426
2022-05-29;TL;Timor-Leste;17;22912;0;131;0.5717527932960893
2022-06-05;TL;Timor-Leste;13;22925;0;131;0.5714285714285714
2022-06-12;TL;Timor-Leste;8;22933;2;133;0.579950289975145
2022-06-19;TL;Timor-Leste;11;22944;0;133;0.5796722454672246
2022-06-26;TL;Timor-Leste;7;22951;0;133;0.5794954468214892
2022-07-03;TL;Timor-Leste;8;22959;0;133;0.5792935232370747
2022-07-10;TL;Timor-Leste;12;22971;0;133;0.5789909015715468
2022-07-17;TL;Timor-Leste;7;22978;0;133;0.5788145182348333
2022-07-24;TL;Timor-Leste;8;22986;0;133;0.5786130688245019
2022-07-31;TL;Timor-Leste;18;23004;0;133;0.5781603199443575
2022-08-07;TL;Timor-Leste;35;23039;1;134;0.5816224662528756
2022-08-14;TL;Timor-Leste;44;23083;1;135;0.5848459905558203
2022-08-21;TL;Timor-Leste;33;23116;0;135;0.5840110745803772
2022-08-28;TL;Timor-Leste;44;23160;2;137;0.5915371329879102
2022-09-04;TL;Timor-Leste;25;23185;1;138;0.5952124218244554
2022-09-11;TL;Timor-Leste;33;23218;0;138;0.5943664398311654
2022-09-18;TL;Timor-Leste;21;23239;0;138;0.5938293386118163
2022-09-25;TL;Timor-Leste;14;23253;0;138;0.5934718100890208
2022-10-02;TL;Timor-Leste;4;23257;0;138;0.5933697381433547
2022-10-09;TL;Timor-Leste;14;23271;0;138;0.5930127626659791
2022-10-16;TL;Timor-Leste;16;23287;0;138;0.5926053162708808
2022-10-23;TL;Timor-Leste;12;23299;0;138;0.5923000987166831
2022-10-30;TL;Timor-Leste;2;23301;0;138;0.5922492596884253
2022-11-06;TL;Timor-Leste;4;23305;0;138;0.592147607809483
2022-11-13;TL;Timor-Leste;9;23314;0;138;0.5919190186154242
2022-11-20;TL;Timor-Leste;13;23327;0;138;0.5915891456252411
2022-11-27;TL;Timor-Leste;11;23338;0;138;0.591310309366698
2022-12-04;TL;Timor-Leste;17;23355;0;138;0.5908798972382788
2022-12-11;TL;Timor-Leste;14;23369;0;138;0.5905259103941118
2022-12-18;TL;Timor-Leste;16;23385;0;138;0.59012187299551
2022-12-25;TL;Timor-Leste;3;23388;0;138;0.5900461775269369
2023-01-01;TL;Timor-Leste;9;23397;0;138;0.5898192075907168
2023-01-08;TL;Timor-Leste;6;23403;0;138;0.5896679912831688
2023-01-15;TL;Timor-Leste;2;23405;0;138;0.5896176030762658
2023-01-22;TL;Timor-Leste;5;23410;0;138;0.589491670226399
2023-01-29;TL;Timor-Leste;4;23414;0;138;0.5893909626719057
2023-02-05;TL;Timor-Leste;2;23416;0;138;0.5893406217970618
2023-02-12;TL;Timor-Leste;1;23417;0;138;0.5893154545842764
2023-02-19;TL;Timor-Leste;1;23418;0;138;0.5892902895208814
2023-02-26;TL;Timor-Leste;0;23418;0;138;0.5892902895208814
2023-03-05;TL;Timor-Leste;1;23419;0;138;0.5892651266066016
2023-03-12;TL;Timor-Leste;0;23419;0;138;0.5892651266066016
2023-03-19;TL;Timor-Leste;2;23421;0;138;0.5892148072242859
2023-03-26;TL;Timor-Leste;2;23423;0;138;0.5891644964351279
2023-04-02;TL;Timor-Leste;0;23423;0;138;0.5891644964351279
2023-04-09;TL;Timor-Leste;0;23423;0;138;0.5891644964351279
2023-04-16;TL;Timor-Leste;2;23425;0;138;0.5891141942369263
2023-04-23;TL;Timor-Leste;2;23427;0;138;0.5890639006274812
2023-04-30;TL;Timor-Leste;1;23428;0;138;0.5890387570428547
2023-05-07;TL;Timor-Leste;3;23431;0;138;0.588963339166062
2023-05-14;TL;Timor-Leste;11;23442;0;138;0.5886869721013566
2023-05-21;TL;Timor-Leste;1;23443;0;138;0.5886618606833596
2023-05-28;TL;Timor-Leste;5;23448;0;138;0.5885363357215967
2023-06-04;TL;Timor-Leste;2;23450;0;138;0.5884861407249466
2023-06-11;TL;Timor-Leste;6;23456;0;138;0.5883356070941337
2023-06-18;TL;Timor-Leste;0;23456;0;138;0.5883356070941337
2023-06-25;TL;Timor-Leste;1;23457;0;138;0.5883105256426653
2023-07-02;TL;Timor-Leste;0;23457;0;138;0.5883105256426653
2023-07-09;TL;Timor-Leste;1;23458;0;138;0.5882854463296103
2023-07-16;TL;Timor-Leste;2;23460;0;138;0.5882352941176471
2023-07-23;TL;Timor-Leste;0;23460;0;138;0.5882352941176471
2023-07-30;TL;Timor-Leste;0;23460;0;138;0.5882352941176471
2023-08-06;TL;Timor-Leste;0;23460;0;138;0.5882352941176471
2023-08-13;TL;Timor-Leste;0;23460;0;138;0.5882352941176471
2023-08-20;TL;Timor-Leste;0;23460;0;138;0.5882352941176471
2023-08-27;TL;Timor-Leste;0;23460;0;138;0.5882352941176471
2023-09-03;TL;Timor-Leste;0;23460;0;138;0.5882352941176471
2023-09-10;TL;Timor-Leste;0;23460;0;138;0.5882352941176471
2023-09-17;TL;Timor-Leste;0;23460;0;138;0.5882352941176471
2023-09-24;TL;Timor-Leste;0;23460;0;138;0.5882352941176471
2023-10-01;TL;Timor-Leste;0;23460;0;138;0.5882352941176471
2023-10-08;TL;Timor-Leste;0;23460;0;138;0.5882352941176471
2023-10-15;TL;Timor-Leste;0;23460;0;138;0.5882352941176471
2023-10-22;TL;Timor-Leste;0;23460;0;138;0.5882352941176471
2023-10-29;TL;Timor-Leste;0;23460;0;138;0.5882352941176471
2023-11-05;TL;Timor-Leste;0;23460;0;138;0.5882352941176471
2023-11-12;TL;Timor-Leste;0;23460;0;138;0.5882352941176471
2023-11-19;TL;Timor-Leste;0;23460;0;138;0.5882352941176471
2023-11-26;TL;Timor-Leste;0;23460;0;138;0.5882352941176471
2023-12-03;TL;Timor-Leste;0;23460;0;138;0.5882352941176471
2023-12-10;TL;Timor-Leste;0;23460;0;138;0.5882352941176471
2023-12-17;TL;Timor-Leste;0;23460;0;138;0.5882352941176471
2023-12-24;TL;Timor-Leste;0;23460;0;138;0.5882352941176471
2023-12-31;TL;Timor-Leste;0;23460;0;138;0.5882352941176471
2024-01-07;TL;Timor-Leste;0;23460;0;138;0.5882352941176471
2024-01-14;TL;Timor-Leste;0;23460;0;138;0.5882352941176471
2024-01-21;TL;Timor-Leste;0;23460;0;138;0.5882352941176471
2020-01-05;TG;Togo;0;0;0;0;0.0
2020-01-12;TG;Togo;0;0;0;0;0.0
2020-01-19;TG;Togo;0;0;0;0;0.0
2020-01-26;TG;Togo;0;0;0;0;0.0
2020-02-02;TG;Togo;0;0;0;0;0.0
2020-02-09;TG;Togo;0;0;0;0;0.0
2020-02-16;TG;Togo;0;0;0;0;0.0
2020-02-23;TG;Togo;0;0;0;0;0.0
2020-03-01;TG;Togo;0;0;0;0;0.0
2020-03-08;TG;Togo;1;1;0;0;0.0
2020-03-15;TG;Togo;0;1;0;0;0.0
2020-03-22;TG;Togo;14;15;0;0;0.0
2020-03-29;TG;Togo;13;28;1;1;3.571428571428571
2020-04-05;TG;Togo;13;41;2;3;7.317073170731707
2020-04-12;TG;Togo;35;76;0;3;3.9473684210526314
2020-04-19;TG;Togo;8;84;2;5;5.952380952380952
2020-04-26;TG;Togo;12;96;1;6;6.25
2020-05-03;TG;Togo;27;123;3;9;7.317073170731707
2020-05-10;TG;Togo;50;173;2;11;6.358381502890173
2020-05-17;TG;Togo;125;298;0;11;3.691275167785235
2020-05-24;TG;Togo;75;373;1;12;3.2171581769436997
2020-05-31;TG;Togo;60;433;1;13;3.0023094688221708
2020-06-07;TG;Togo;54;487;0;13;2.6694045174537986
2020-06-14;TG;Togo;38;525;0;13;2.4761904761904763
2020-06-21;TG;Togo;36;561;0;13;2.3172905525846703
2020-06-28;TG;Togo;54;615;1;14;2.2764227642276422
2020-07-05;TG;Togo;61;676;0;14;2.0710059171597637
2020-07-12;TG;Togo;42;718;1;15;2.0891364902506964
2020-07-19;TG;Togo;56;774;0;15;1.937984496124031
2020-07-26;TG;Togo;79;853;2;17;1.992966002344666
2020-08-02;TG;Togo;105;958;2;19;1.9832985386221296
2020-08-09;TG;Togo;88;1046;3;22;2.1032504780114722
2020-08-16;TG;Togo;85;1131;5;27;2.3872679045092835
2020-08-23;TG;Togo;144;1275;0;27;2.1176470588235294
2020-08-30;TG;Togo;115;1390;0;27;1.9424460431654675
2020-09-06;TG;Togo;84;1474;5;32;2.1709633649932156
2020-09-13;TG;Togo;81;1555;5;37;2.3794212218649515
2020-09-20;TG;Togo;104;1659;4;41;2.471368294153104
2020-09-27;TG;Togo;77;1736;5;46;2.6497695852534564
2020-10-04;TG;Togo;104;1840;2;48;2.608695652173913
2020-10-11;TG;Togo;95;1935;1;49;2.5322997416020674
2020-10-18;TG;Togo;114;2049;2;51;2.4890190336749636
2020-10-25;TG;Togo;138;2187;1;52;2.377686328303612
2020-11-01;TG;Togo;144;2331;5;57;2.445302445302445
2020-11-08;TG;Togo;152;2483;0;57;2.29561014901329
2020-11-15;TG;Togo;168;2651;3;60;2.263296869105998
2020-11-22;TG;Togo;178;2829;4;64;2.2622834924001416
2020-11-29;TG;Togo;117;2946;0;64;2.172437202987101
2020-12-06;TG;Togo;139;3085;1;65;2.106969205834684
2020-12-13;TG;Togo;136;3221;1;66;2.049053089102763
2020-12-20;TG;Togo;175;3396;0;66;1.9434628975265018
2020-12-27;TG;Togo;159;3555;2;68;1.912798874824191
2021-01-03;TG;Togo;128;3683;0;68;1.8463209340211784
2021-01-10;TG;Togo;249;3932;4;72;1.8311291963377416
2021-01-17;TG;Togo;340;4272;1;73;1.708801498127341
2021-01-24;TG;Togo;364;4636;1;74;1.5962036238136326
2021-01-31;TG;Togo;405;5041;3;77;1.5274747073993256
2021-02-07;TG;Togo;395;5436;2;79;1.4532744665194997
2021-02-14;TG;Togo;387;5823;1;80;1.3738622703074017
2021-02-21;TG;Togo;445;6268;1;81;1.2922782386726228
2021-02-28;TG;Togo;583;6851;2;83;1.2115019705152532
2021-03-07;TG;Togo;670;7521;7;90;1.1966493817311528
2021-03-14;TG;Togo;549;8070;5;95;1.1771995043370507
2021-03-21;TG;Togo;769;8839;7;102;1.153976694196176
2021-03-28;TG;Togo;988;9827;5;107;1.0888368779892135
2021-04-04;TG;Togo;1237;11064;3;110;0.9942154736080983
2021-04-11;TG;Togo;883;11947;6;116;0.9709550514773584
2021-04-18;TG;Togo;549;12496;3;119;0.9523047375160051
2021-04-25;TG;Togo;291;12787;2;121;0.9462735590834442
2021-05-02;TG;Togo;205;12992;2;123;0.9467364532019705
2021-05-09;TG;Togo;149;13141;1;124;0.9436115972909215
2021-05-16;TG;Togo;103;13244;1;125;0.9438236182422229
2021-05-23;TG;Togo;119;13363;0;125;0.935418693407169
2021-05-30;TG;Togo;84;13447;0;125;0.9295753699709972
2021-06-06;TG;Togo;86;13533;0;125;0.9236680706421341
2021-06-13;TG;Togo;87;13620;1;126;0.9251101321585903
2021-06-20;TG;Togo;95;13715;1;127;0.9259934378417791
2021-06-27;TG;Togo;101;13816;1;128;0.9264620729588882
2021-07-04;TG;Togo;223;14039;2;130;0.925991879763516
2021-07-11;TG;Togo;193;14232;3;133;0.9345137717818999
2021-07-18;TG;Togo;370;14602;4;137;0.9382276400493084
2021-07-25;TG;Togo;470;15072;6;143;0.9487791932059447
2021-08-01;TG;Togo;726;15798;9;152;0.9621471072287632
2021-08-08;TG;Togo;930;16728;5;157;0.9385461501673841
2021-08-15;TG;Togo;1118;17846;8;165;0.924576936008069
2021-08-22;TG;Togo;1645;19491;7;172;0.8824585706223385
2021-08-29;TG;Togo;1546;21037;8;180;0.8556353092170936
2021-09-05;TG;Togo;1407;22444;14;194;0.8643735519515238
2021-09-12;TG;Togo;1174;23618;11;205;0.8679820475908204
2021-09-19;TG;Togo;901;24519;8;213;0.8687140584852563
2021-09-26;TG;Togo;644;25163;9;222;0.8822477447045264
2021-10-03;TG;Togo;372;25535;11;233;0.9124730761699628
2021-10-10;TG;Togo;225;25760;2;235;0.9122670807453416
2021-10-17;TG;Togo;126;25886;3;238;0.9194159004867496
2021-10-24;TG;Togo;103;25989;4;242;0.9311631844241796
2021-10-31;TG;Togo;79;26068;0;242;0.9283412613165567
2021-11-07;TG;Togo;46;26114;1;243;0.9305353450256567
2021-11-14;TG;Togo;38;26152;0;243;0.9291832364637505
2021-11-21;TG;Togo;53;26205;0;243;0.9273039496279336
2021-11-28;TG;Togo;38;26243;0;243;0.9259612087032733
2021-12-05;TG;Togo;48;26291;0;243;0.9242706629645125
2021-12-12;TG;Togo;98;26389;0;243;0.920838228049566
2021-12-19;TG;Togo;213;26602;1;244;0.9172242688519661
2021-12-26;TG;Togo;1390;27992;2;246;0.8788225207202058
2022-01-02;TG;Togo;3173;31165;2;248;0.7957644793839243
2022-01-09;TG;Togo;2750;33915;5;253;0.7459826035677429
2022-01-16;TG;Togo;1936;35851;8;261;0.7280131656020753
2022-01-23;TG;Togo;429;36280;5;266;0.7331863285556781
2022-01-30;TG;Togo;207;36487;2;268;0.7345081809959711
2022-02-06;TG;Togo;70;36557;0;268;0.7331017315425227
2022-02-13;TG;Togo;77;36634;2;270;0.737020254408473
2022-02-20;TG;Togo;90;36724;1;271;0.7379370438950006
2022-02-27;TG;Togo;74;36798;1;272;0.7391706070982118
2022-03-06;TG;Togo;23;36821;0;272;0.7387088889492409
2022-03-13;TG;Togo;29;36850;0;272;0.7381275440976933
2022-03-20;TG;Togo;28;36878;0;272;0.7375671131840121
2022-03-27;TG;Togo;33;36911;0;272;0.7369076968925253
2022-04-03;TG;Togo;32;36943;0;272;0.7362693879760712
2022-04-10;TG;Togo;14;36957;0;272;0.7359904754173769
2022-04-17;TG;Togo;6;36963;1;273;0.7385764142520899
2022-04-24;TG;Togo;14;36977;0;273;0.7382967790788869
2022-05-01;TG;Togo;12;36989;0;273;0.7380572602665657
2022-05-08;TG;Togo;11;37000;0;273;0.7378378378378379
2022-05-15;TG;Togo;23;37023;0;273;0.737379466817924
2022-05-22;TG;Togo;21;37044;0;273;0.7369614512471655
2022-05-29;TG;Togo;35;37079;0;273;0.7362658108363225
2022-06-05;TG;Togo;47;37126;0;273;0.7353337283844207
2022-06-12;TG;Togo;63;37189;0;273;0.7340880367850708
2022-06-19;TG;Togo;58;37247;0;273;0.7329449351625634
2022-06-26;TG;Togo;81;37328;2;275;0.7367123874839262
2022-07-03;TG;Togo;140;37468;0;275;0.7339596455642148
2022-07-10;TG;Togo;140;37608;0;275;0.7312273984258668
2022-07-17;TG;Togo;190;37798;0;275;0.7275517223133499
2022-07-24;TG;Togo;158;37956;1;276;0.7271577616187164
2022-07-31;TG;Togo;128;38084;4;280;0.7352168889822498
2022-08-07;TG;Togo;108;38192;1;281;0.7357561793045664
2022-08-14;TG;Togo;93;38285;0;281;0.7339689173305473
2022-08-21;TG;Togo;70;38355;1;282;0.7352366053969496
2022-08-28;TG;Togo;82;38437;0;282;0.73366808023519
2022-09-04;TG;Togo;102;38539;1;283;0.7343210773502167
2022-09-11;TG;Togo;100;38639;1;284;0.7350086699966355
2022-09-18;TG;Togo;128;38767;0;284;0.7325818350659066
2022-09-25;TG;Togo;196;38963;0;284;0.728896645535508
2022-10-02;TG;Togo;123;39086;1;285;0.7291613365399375
2022-10-09;TG;Togo;103;39189;1;286;0.7297966266044043
2022-10-16;TG;Togo;63;39252;1;287;0.7311729338632427
2022-10-23;TG;Togo;32;39284;2;289;0.7356684655330414
2022-10-30;TG;Togo;14;39298;1;290;0.7379510407654334
2022-11-06;TG;Togo;13;39311;0;290;0.7377070031288951
2022-11-13;TG;Togo;8;39319;0;290;0.7375569063302728
2022-11-20;TG;Togo;4;39323;0;290;0.7374818808331002
2022-11-27;TG;Togo;3;39326;0;290;0.7374256217260846
2022-12-04;TG;Togo;6;39332;0;290;0.7373131292586189
2022-12-11;TG;Togo;5;39337;0;290;0.7372194117497521
2022-12-18;TG;Togo;2;39339;0;290;0.7371819314166603
2022-12-25;TG;Togo;2;39341;0;290;0.737144454894385
2023-01-01;TG;Togo;3;39344;0;290;0.7370882472549817
2023-01-08;TG;Togo;5;39349;0;290;0.7369945869018273
2023-01-15;TG;Togo;2;39351;0;290;0.7369571294249193
2023-01-22;TG;Togo;2;39353;0;290;0.7369196757553427
2023-01-29;TG;Togo;1;39354;0;290;0.7369009503481222
2023-02-05;TG;Togo;2;39356;0;290;0.7368635023884541
2023-02-12;TG;Togo;6;39362;0;290;0.7367511813424115
2023-02-19;TG;Togo;5;39367;0;290;0.736657606624838
2023-02-26;TG;Togo;8;39375;0;290;0.7365079365079366
2023-03-05;TG;Togo;17;39392;0;290;0.7361900893582453
2023-03-12;TG;Togo;15;39407;0;290;0.7359098637297943
2023-03-19;TG;Togo;14;39421;0;290;0.7356485122143019
2023-03-26;TG;Togo;20;39441;0;290;0.7352754747597677
2023-04-02;TG;Togo;17;39458;0;290;0.7349586902529271
2023-04-09;TG;Togo;10;39468;0;290;0.7347724739029087
2023-04-16;TG;Togo;3;39471;0;290;0.7347166273973297
2023-04-23;TG;Togo;5;39476;0;290;0.7346235687506333
2023-04-30;TG;Togo;10;39486;0;290;0.7344375221597528
2023-05-07;TG;Togo;4;39490;0;290;0.7343631299063054
2023-05-14;TG;Togo;1;39491;0;290;0.7343445341976653
2023-05-21;TG;Togo;5;39496;0;290;0.7342515697792181
2023-05-28;TG;Togo;3;39499;0;290;0.7341958024253779
2023-06-04;TG;Togo;0;39499;0;290;0.7341958024253779
2023-06-11;TG;Togo;1;39500;0;290;0.7341772151898734
2023-06-18;TG;Togo;3;39503;0;290;0.7341214591296863
2023-06-25;TG;Togo;1;39504;0;290;0.7341028756581612
2023-07-02;TG;Togo;2;39506;0;290;0.7340657115374879
2023-07-09;TG;Togo;0;39506;0;290;0.7340657115374879
2023-07-16;TG;Togo;1;39507;0;290;0.7340471308881971
2023-07-23;TG;Togo;3;39510;0;290;0.7339913945836497
2023-07-30;TG;Togo;0;39510;0;290;0.7339913945836497
2023-08-06;TG;Togo;1;39511;0;290;0.7339728176963377
2023-08-13;TG;Togo;2;39513;0;290;0.733935666742591
2023-08-20;TG;Togo;0;39513;0;290;0.733935666742591
2023-08-27;TG;Togo;1;39514;0;290;0.7339170926760136
2023-09-03;TG;Togo;0;39514;0;290;0.7339170926760136
2023-09-10;TG;Togo;0;39514;0;290;0.7339170926760136
2023-09-17;TG;Togo;2;39516;0;290;0.7338799473630934
2023-09-24;TG;Togo;2;39518;0;290;0.7338428058100106
2023-10-01;TG;Togo;4;39522;0;290;0.7337685339810739
2023-10-08;TG;Togo;2;39524;0;290;0.7337314037040785
2023-10-15;TG;Togo;1;39525;0;290;0.7337128399746996
2023-10-22;TG;Togo;2;39527;0;290;0.7336757153338225
2023-10-29;TG;Togo;0;39527;0;290;0.7336757153338225
2023-11-05;TG;Togo;0;39527;0;290;0.7336757153338225
2023-11-12;TG;Togo;0;39527;0;290;0.7336757153338225
2023-11-19;TG;Togo;0;39527;0;290;0.7336757153338225
2023-11-26;TG;Togo;0;39527;0;290;0.7336757153338225
2023-12-03;TG;Togo;0;39527;0;290;0.7336757153338225
2023-12-10;TG;Togo;0;39527;0;290;0.7336757153338225
2023-12-17;TG;Togo;0;39527;0;290;0.7336757153338225
2023-12-24;TG;Togo;0;39527;0;290;0.7336757153338225
2023-12-31;TG;Togo;0;39527;0;290;0.7336757153338225
2024-01-07;TG;Togo;0;39527;0;290;0.7336757153338225
2024-01-14;TG;Togo;0;39527;0;290;0.7336757153338225
2024-01-21;TG;Togo;0;39527;0;290;0.7336757153338225
2020-01-05;TK;Tokelau;0;0;0;0;0.0
2020-01-12;TK;Tokelau;0;0;0;0;0.0
2020-01-19;TK;Tokelau;0;0;0;0;0.0
2020-01-26;TK;Tokelau;0;0;0;0;0.0
2020-02-02;TK;Tokelau;0;0;0;0;0.0
2020-02-09;TK;Tokelau;0;0;0;0;0.0
2020-02-16;TK;Tokelau;0;0;0;0;0.0
2020-02-23;TK;Tokelau;0;0;0;0;0.0
2020-03-01;TK;Tokelau;0;0;0;0;0.0
2020-03-08;TK;Tokelau;0;0;0;0;0.0
2020-03-15;TK;Tokelau;0;0;0;0;0.0
2020-03-22;TK;Tokelau;0;0;0;0;0.0
2020-03-29;TK;Tokelau;0;0;0;0;0.0
2020-04-05;TK;Tokelau;0;0;0;0;0.0
2020-04-12;TK;Tokelau;0;0;0;0;0.0
2020-04-19;TK;Tokelau;0;0;0;0;0.0
2020-04-26;TK;Tokelau;0;0;0;0;0.0
2020-05-03;TK;Tokelau;0;0;0;0;0.0
2020-05-10;TK;Tokelau;0;0;0;0;0.0
2020-05-17;TK;Tokelau;0;0;0;0;0.0
2020-05-24;TK;Tokelau;0;0;0;0;0.0
2020-05-31;TK;Tokelau;0;0;0;0;0.0
2020-06-07;TK;Tokelau;0;0;0;0;0.0
2020-06-14;TK;Tokelau;0;0;0;0;0.0
2020-06-21;TK;Tokelau;0;0;0;0;0.0
2020-06-28;TK;Tokelau;0;0;0;0;0.0
2020-07-05;TK;Tokelau;0;0;0;0;0.0
2020-07-12;TK;Tokelau;0;0;0;0;0.0
2020-07-19;TK;Tokelau;0;0;0;0;0.0
2020-07-26;TK;Tokelau;0;0;0;0;0.0
2020-08-02;TK;Tokelau;0;0;0;0;0.0
2020-08-09;TK;Tokelau;0;0;0;0;0.0
2020-08-16;TK;Tokelau;0;0;0;0;0.0
2020-08-23;TK;Tokelau;0;0;0;0;0.0
2020-08-30;TK;Tokelau;0;0;0;0;0.0
2020-09-06;TK;Tokelau;0;0;0;0;0.0
2020-09-13;TK;Tokelau;0;0;0;0;0.0
2020-09-20;TK;Tokelau;0;0;0;0;0.0
2020-09-27;TK;Tokelau;0;0;0;0;0.0
2020-10-04;TK;Tokelau;0;0;0;0;0.0
2020-10-11;TK;Tokelau;0;0;0;0;0.0
2020-10-18;TK;Tokelau;0;0;0;0;0.0
2020-10-25;TK;Tokelau;0;0;0;0;0.0
2020-11-01;TK;Tokelau;0;0;0;0;0.0
2020-11-08;TK;Tokelau;0;0;0;0;0.0
2020-11-15;TK;Tokelau;0;0;0;0;0.0
2020-11-22;TK;Tokelau;0;0;0;0;0.0
2020-11-29;TK;Tokelau;0;0;0;0;0.0
2020-12-06;TK;Tokelau;0;0;0;0;0.0
2020-12-13;TK;Tokelau;0;0;0;0;0.0
2020-12-20;TK;Tokelau;0;0;0;0;0.0
2020-12-27;TK;Tokelau;0;0;0;0;0.0
2021-01-03;TK;Tokelau;0;0;0;0;0.0
2021-01-10;TK;Tokelau;0;0;0;0;0.0
2021-01-17;TK;Tokelau;0;0;0;0;0.0
2021-01-24;TK;Tokelau;0;0;0;0;0.0
2021-01-31;TK;Tokelau;0;0;0;0;0.0
2021-02-07;TK;Tokelau;0;0;0;0;0.0
2021-02-14;TK;Tokelau;0;0;0;0;0.0
2021-02-21;TK;Tokelau;0;0;0;0;0.0
2021-02-28;TK;Tokelau;0;0;0;0;0.0
2021-03-07;TK;Tokelau;0;0;0;0;0.0
2021-03-14;TK;Tokelau;0;0;0;0;0.0
2021-03-21;TK;Tokelau;0;0;0;0;0.0
2021-03-28;TK;Tokelau;0;0;0;0;0.0
2021-04-04;TK;Tokelau;0;0;0;0;0.0
2021-04-11;TK;Tokelau;0;0;0;0;0.0
2021-04-18;TK;Tokelau;0;0;0;0;0.0
2021-04-25;TK;Tokelau;0;0;0;0;0.0
2021-05-02;TK;Tokelau;0;0;0;0;0.0
2021-05-09;TK;Tokelau;0;0;0;0;0.0
2021-05-16;TK;Tokelau;0;0;0;0;0.0
2021-05-23;TK;Tokelau;0;0;0;0;0.0
2021-05-30;TK;Tokelau;0;0;0;0;0.0
2021-06-06;TK;Tokelau;0;0;0;0;0.0
2021-06-13;TK;Tokelau;0;0;0;0;0.0
2021-06-20;TK;Tokelau;0;0;0;0;0.0
2021-06-27;TK;Tokelau;0;0;0;0;0.0
2021-07-04;TK;Tokelau;0;0;0;0;0.0
2021-07-11;TK;Tokelau;0;0;0;0;0.0
2021-07-18;TK;Tokelau;0;0;0;0;0.0
2021-07-25;TK;Tokelau;0;0;0;0;0.0
2021-08-01;TK;Tokelau;0;0;0;0;0.0
2021-08-08;TK;Tokelau;0;0;0;0;0.0
2021-08-15;TK;Tokelau;0;0;0;0;0.0
2021-08-22;TK;Tokelau;0;0;0;0;0.0
2021-08-29;TK;Tokelau;0;0;0;0;0.0
2021-09-05;TK;Tokelau;0;0;0;0;0.0
2021-09-12;TK;Tokelau;0;0;0;0;0.0
2021-09-19;TK;Tokelau;0;0;0;0;0.0
2021-09-26;TK;Tokelau;0;0;0;0;0.0
2021-10-03;TK;Tokelau;0;0;0;0;0.0
2021-10-10;TK;Tokelau;0;0;0;0;0.0
2021-10-17;TK;Tokelau;0;0;0;0;0.0
2021-10-24;TK;Tokelau;0;0;0;0;0.0
2021-10-31;TK;Tokelau;0;0;0;0;0.0
2021-11-07;TK;Tokelau;0;0;0;0;0.0
2021-11-14;TK;Tokelau;0;0;0;0;0.0
2021-11-21;TK;Tokelau;0;0;0;0;0.0
2021-11-28;TK;Tokelau;0;0;0;0;0.0
2021-12-05;TK;Tokelau;0;0;0;0;0.0
2021-12-12;TK;Tokelau;0;0;0;0;0.0
2021-12-19;TK;Tokelau;0;0;0;0;0.0
2021-12-26;TK;Tokelau;0;0;0;0;0.0
2022-01-02;TK;Tokelau;0;0;0;0;0.0
2022-01-09;TK;Tokelau;0;0;0;0;0.0
2022-01-16;TK;Tokelau;0;0;0;0;0.0
2022-01-23;TK;Tokelau;0;0;0;0;0.0
2022-01-30;TK;Tokelau;0;0;0;0;0.0
2022-02-06;TK;Tokelau;0;0;0;0;0.0
2022-02-13;TK;Tokelau;0;0;0;0;0.0
2022-02-20;TK;Tokelau;0;0;0;0;0.0
2022-02-27;TK;Tokelau;0;0;0;0;0.0
2022-03-06;TK;Tokelau;0;0;0;0;0.0
2022-03-13;TK;Tokelau;0;0;0;0;0.0
2022-03-20;TK;Tokelau;0;0;0;0;0.0
2022-03-27;TK;Tokelau;0;0;0;0;0.0
2022-04-03;TK;Tokelau;0;0;0;0;0.0
2022-04-10;TK;Tokelau;0;0;0;0;0.0
2022-04-17;TK;Tokelau;0;0;0;0;0.0
2022-04-24;TK;Tokelau;0;0;0;0;0.0
2022-05-01;TK;Tokelau;0;0;0;0;0.0
2022-05-08;TK;Tokelau;0;0;0;0;0.0
2022-05-15;TK;Tokelau;0;0;0;0;0.0
2022-05-22;TK;Tokelau;0;0;0;0;0.0
2022-05-29;TK;Tokelau;0;0;0;0;0.0
2022-06-05;TK;Tokelau;0;0;0;0;0.0
2022-06-12;TK;Tokelau;0;0;0;0;0.0
2022-06-19;TK;Tokelau;0;0;0;0;0.0
2022-06-26;TK;Tokelau;0;0;0;0;0.0
2022-07-03;TK;Tokelau;0;0;0;0;0.0
2022-07-10;TK;Tokelau;0;0;0;0;0.0
2022-07-17;TK;Tokelau;0;0;0;0;0.0
2022-07-24;TK;Tokelau;0;0;0;0;0.0
2022-07-31;TK;Tokelau;0;0;0;0;0.0
2022-08-07;TK;Tokelau;0;0;0;0;0.0
2022-08-14;TK;Tokelau;0;0;0;0;0.0
2022-08-21;TK;Tokelau;0;0;0;0;0.0
2022-08-28;TK;Tokelau;0;0;0;0;0.0
2022-09-04;TK;Tokelau;0;0;0;0;0.0
2022-09-11;TK;Tokelau;0;0;0;0;0.0
2022-09-18;TK;Tokelau;0;0;0;0;0.0
2022-09-25;TK;Tokelau;0;0;0;0;0.0
2022-10-02;TK;Tokelau;0;0;0;0;0.0
2022-10-09;TK;Tokelau;0;0;0;0;0.0
2022-10-16;TK;Tokelau;0;0;0;0;0.0
2022-10-23;TK;Tokelau;0;0;0;0;0.0
2022-10-30;TK;Tokelau;0;0;0;0;0.0
2022-11-06;TK;Tokelau;0;0;0;0;0.0
2022-11-13;TK;Tokelau;0;0;0;0;0.0
2022-11-20;TK;Tokelau;0;0;0;0;0.0
2022-11-27;TK;Tokelau;0;0;0;0;0.0
2022-12-04;TK;Tokelau;0;0;0;0;0.0
2022-12-11;TK;Tokelau;0;0;0;0;0.0
2022-12-18;TK;Tokelau;5;5;0;0;0.0
2022-12-25;TK;Tokelau;0;5;0;0;0.0
2023-01-01;TK;Tokelau;0;5;0;0;0.0
2023-01-08;TK;Tokelau;0;5;0;0;0.0
2023-01-15;TK;Tokelau;0;5;0;0;0.0
2023-01-22;TK;Tokelau;0;5;0;0;0.0
2023-01-29;TK;Tokelau;0;5;0;0;0.0
2023-02-05;TK;Tokelau;0;5;0;0;0.0
2023-02-12;TK;Tokelau;0;5;0;0;0.0
2023-02-19;TK;Tokelau;0;5;0;0;0.0
2023-02-26;TK;Tokelau;0;5;0;0;0.0
2023-03-05;TK;Tokelau;0;5;0;0;0.0
2023-03-12;TK;Tokelau;0;5;0;0;0.0
2023-03-19;TK;Tokelau;0;5;0;0;0.0
2023-03-26;TK;Tokelau;0;5;0;0;0.0
2023-04-02;TK;Tokelau;0;5;0;0;0.0
2023-04-09;TK;Tokelau;0;5;0;0;0.0
2023-04-16;TK;Tokelau;0;5;0;0;0.0
2023-04-23;TK;Tokelau;0;5;0;0;0.0
2023-04-30;TK;Tokelau;0;5;0;0;0.0
2023-05-07;TK;Tokelau;0;5;0;0;0.0
2023-05-14;TK;Tokelau;0;5;0;0;0.0
2023-05-21;TK;Tokelau;0;5;0;0;0.0
2023-05-28;TK;Tokelau;0;5;0;0;0.0
2023-06-04;TK;Tokelau;0;5;0;0;0.0
2023-06-11;TK;Tokelau;0;5;0;0;0.0
2023-06-18;TK;Tokelau;0;5;0;0;0.0
2023-06-25;TK;Tokelau;14;19;0;0;0.0
2023-07-02;TK;Tokelau;4;23;0;0;0.0
2023-07-09;TK;Tokelau;18;41;0;0;0.0
2023-07-16;TK;Tokelau;39;80;0;0;0.0
2023-07-23;TK;Tokelau;0;80;0;0;0.0
2023-07-30;TK;Tokelau;0;80;0;0;0.0
2023-08-06;TK;Tokelau;0;80;0;0;0.0
2023-08-13;TK;Tokelau;0;80;0;0;0.0
2023-08-20;TK;Tokelau;0;80;0;0;0.0
2023-08-27;TK;Tokelau;0;80;0;0;0.0
2023-09-03;TK;Tokelau;0;80;0;0;0.0
2023-09-10;TK;Tokelau;0;80;0;0;0.0
2023-09-17;TK;Tokelau;0;80;0;0;0.0
2023-09-24;TK;Tokelau;0;80;0;0;0.0
2023-10-01;TK;Tokelau;0;80;0;0;0.0
2023-10-08;TK;Tokelau;0;80;0;0;0.0
2023-10-15;TK;Tokelau;0;80;0;0;0.0
2023-10-22;TK;Tokelau;0;80;0;0;0.0
2023-10-29;TK;Tokelau;0;80;0;0;0.0
2023-11-05;TK;Tokelau;0;80;0;0;0.0
2023-11-12;TK;Tokelau;0;80;0;0;0.0
2023-11-19;TK;Tokelau;0;80;0;0;0.0
2023-11-26;TK;Tokelau;0;80;0;0;0.0
2023-12-03;TK;Tokelau;0;80;0;0;0.0
2023-12-10;TK;Tokelau;0;80;0;0;0.0
2023-12-17;TK;Tokelau;0;80;0;0;0.0
2023-12-24;TK;Tokelau;0;80;0;0;0.0
2023-12-31;TK;Tokelau;0;80;0;0;0.0
2024-01-07;TK;Tokelau;0;80;0;0;0.0
2024-01-14;TK;Tokelau;0;80;0;0;0.0
2024-01-21;TK;Tokelau;0;80;0;0;0.0
2020-01-05;TO;Tonga;0;0;0;0;0.0
2020-01-12;TO;Tonga;0;0;0;0;0.0
2020-01-19;TO;Tonga;0;0;0;0;0.0
2020-01-26;TO;Tonga;0;0;0;0;0.0
2020-02-02;TO;Tonga;0;0;0;0;0.0
2020-02-09;TO;Tonga;0;0;0;0;0.0
2020-02-16;TO;Tonga;0;0;0;0;0.0
2020-02-23;TO;Tonga;0;0;0;0;0.0
2020-03-01;TO;Tonga;0;0;0;0;0.0
2020-03-08;TO;Tonga;0;0;0;0;0.0
2020-03-15;TO;Tonga;0;0;0;0;0.0
2020-03-22;TO;Tonga;0;0;0;0;0.0
2020-03-29;TO;Tonga;0;0;0;0;0.0
2020-04-05;TO;Tonga;0;0;0;0;0.0
2020-04-12;TO;Tonga;0;0;0;0;0.0
2020-04-19;TO;Tonga;0;0;0;0;0.0
2020-04-26;TO;Tonga;0;0;0;0;0.0
2020-05-03;TO;Tonga;0;0;0;0;0.0
2020-05-10;TO;Tonga;0;0;0;0;0.0
2020-05-17;TO;Tonga;0;0;0;0;0.0
2020-05-24;TO;Tonga;0;0;0;0;0.0
2020-05-31;TO;Tonga;0;0;0;0;0.0
2020-06-07;TO;Tonga;0;0;0;0;0.0
2020-06-14;TO;Tonga;0;0;0;0;0.0
2020-06-21;TO;Tonga;0;0;0;0;0.0
2020-06-28;TO;Tonga;0;0;0;0;0.0
2020-07-05;TO;Tonga;0;0;0;0;0.0
2020-07-12;TO;Tonga;0;0;0;0;0.0
2020-07-19;TO;Tonga;0;0;0;0;0.0
2020-07-26;TO;Tonga;0;0;0;0;0.0
2020-08-02;TO;Tonga;0;0;0;0;0.0
2020-08-09;TO;Tonga;0;0;0;0;0.0
2020-08-16;TO;Tonga;0;0;0;0;0.0
2020-08-23;TO;Tonga;0;0;0;0;0.0
2020-08-30;TO;Tonga;0;0;0;0;0.0
2020-09-06;TO;Tonga;0;0;0;0;0.0
2020-09-13;TO;Tonga;0;0;0;0;0.0
2020-09-20;TO;Tonga;0;0;0;0;0.0
2020-09-27;TO;Tonga;0;0;0;0;0.0
2020-10-04;TO;Tonga;0;0;0;0;0.0
2020-10-11;TO;Tonga;0;0;0;0;0.0
2020-10-18;TO;Tonga;0;0;0;0;0.0
2020-10-25;TO;Tonga;0;0;0;0;0.0
2020-11-01;TO;Tonga;0;0;0;0;0.0
2020-11-08;TO;Tonga;0;0;0;0;0.0
2020-11-15;TO;Tonga;0;0;0;0;0.0
2020-11-22;TO;Tonga;0;0;0;0;0.0
2020-11-29;TO;Tonga;0;0;0;0;0.0
2020-12-06;TO;Tonga;0;0;0;0;0.0
2020-12-13;TO;Tonga;0;0;0;0;0.0
2020-12-20;TO;Tonga;0;0;0;0;0.0
2020-12-27;TO;Tonga;0;0;0;0;0.0
2021-01-03;TO;Tonga;0;0;0;0;0.0
2021-01-10;TO;Tonga;0;0;0;0;0.0
2021-01-17;TO;Tonga;0;0;0;0;0.0
2021-01-24;TO;Tonga;0;0;0;0;0.0
2021-01-31;TO;Tonga;0;0;0;0;0.0
2021-02-07;TO;Tonga;0;0;0;0;0.0
2021-02-14;TO;Tonga;0;0;0;0;0.0
2021-02-21;TO;Tonga;0;0;0;0;0.0
2021-02-28;TO;Tonga;0;0;0;0;0.0
2021-03-07;TO;Tonga;0;0;0;0;0.0
2021-03-14;TO;Tonga;0;0;0;0;0.0
2021-03-21;TO;Tonga;0;0;0;0;0.0
2021-03-28;TO;Tonga;0;0;0;0;0.0
2021-04-04;TO;Tonga;0;0;0;0;0.0
2021-04-11;TO;Tonga;0;0;0;0;0.0
2021-04-18;TO;Tonga;0;0;0;0;0.0
2021-04-25;TO;Tonga;0;0;0;0;0.0
2021-05-02;TO;Tonga;0;0;0;0;0.0
2021-05-09;TO;Tonga;0;0;0;0;0.0
2021-05-16;TO;Tonga;0;0;0;0;0.0
2021-05-23;TO;Tonga;0;0;0;0;0.0
2021-05-30;TO;Tonga;0;0;0;0;0.0
2021-06-06;TO;Tonga;0;0;0;0;0.0
2021-06-13;TO;Tonga;0;0;0;0;0.0
2021-06-20;TO;Tonga;0;0;0;0;0.0
2021-06-27;TO;Tonga;0;0;0;0;0.0
2021-07-04;TO;Tonga;0;0;0;0;0.0
2021-07-11;TO;Tonga;0;0;0;0;0.0
2021-07-18;TO;Tonga;0;0;0;0;0.0
2021-07-25;TO;Tonga;0;0;0;0;0.0
2021-08-01;TO;Tonga;0;0;0;0;0.0
2021-08-08;TO;Tonga;0;0;0;0;0.0
2021-08-15;TO;Tonga;0;0;0;0;0.0
2021-08-22;TO;Tonga;0;0;0;0;0.0
2021-08-29;TO;Tonga;0;0;0;0;0.0
2021-09-05;TO;Tonga;0;0;0;0;0.0
2021-09-12;TO;Tonga;0;0;0;0;0.0
2021-09-19;TO;Tonga;0;0;0;0;0.0
2021-09-26;TO;Tonga;0;0;0;0;0.0
2021-10-03;TO;Tonga;0;0;0;0;0.0
2021-10-10;TO;Tonga;0;0;0;0;0.0
2021-10-17;TO;Tonga;0;0;0;0;0.0
2021-10-24;TO;Tonga;0;0;0;0;0.0
2021-10-31;TO;Tonga;1;1;0;0;0.0
2021-11-07;TO;Tonga;0;1;0;0;0.0
2021-11-14;TO;Tonga;0;1;0;0;0.0
2021-11-21;TO;Tonga;0;1;0;0;0.0
2021-11-28;TO;Tonga;0;1;0;0;0.0
2021-12-05;TO;Tonga;0;1;0;0;0.0
2021-12-12;TO;Tonga;0;1;0;0;0.0
2021-12-19;TO;Tonga;0;1;0;0;0.0
2021-12-26;TO;Tonga;0;1;0;0;0.0
2022-01-02;TO;Tonga;0;1;0;0;0.0
2022-01-09;TO;Tonga;0;1;0;0;0.0
2022-01-16;TO;Tonga;0;1;0;0;0.0
2022-01-23;TO;Tonga;0;1;0;0;0.0
2022-01-30;TO;Tonga;0;1;0;0;0.0
2022-02-06;TO;Tonga;20;21;0;0;0.0
2022-02-13;TO;Tonga;120;141;0;0;0.0
2022-02-20;TO;Tonga;90;231;0;0;0.0
2022-02-27;TO;Tonga;124;355;0;0;0.0
2022-03-06;TO;Tonga;647;1002;0;0;0.0
2022-03-13;TO;Tonga;861;1863;2;2;0.10735373054213634
2022-03-20;TO;Tonga;1555;3418;0;2;0.058513750731421885
2022-03-27;TO;Tonga;2173;5591;0;2;0.03577177606868181
2022-04-03;TO;Tonga;1536;7127;7;9;0.1262803423600393
2022-04-10;TO;Tonga;804;7931;0;9;0.1134787542554533
2022-04-17;TO;Tonga;1094;9025;2;11;0.1218836565096953
2022-04-24;TO;Tonga;528;9553;0;11;0.1151470742175233
2022-05-01;TO;Tonga;643;10196;0;11;0.10788544527265594
2022-05-08;TO;Tonga;569;10765;0;11;0.10218300046446818
2022-05-15;TO;Tonga;352;11117;0;11;0.09894755779436899
2022-05-22;TO;Tonga;371;11488;0;11;0.09575208913649025
2022-05-29;TO;Tonga;156;11644;1;12;0.10305736860185502
2022-06-05;TO;Tonga;125;11769;0;12;0.10196278358399186
2022-06-12;TO;Tonga;140;11909;0;12;0.10076412797044253
2022-06-19;TO;Tonga;170;12079;0;12;0.09934597234870436
2022-06-26;TO;Tonga;222;12301;0;12;0.09755304446792944
2022-07-03;TO;Tonga;0;12301;0;12;0.09755304446792944
2022-07-10;TO;Tonga;81;12382;0;12;0.09691487643353255
2022-07-17;TO;Tonga;57;12439;0;12;0.09647077739368116
2022-07-24;TO;Tonga;76;12515;0;12;0.09588493807431082
2022-07-31;TO;Tonga;39;12554;0;12;0.09558706388402102
2022-08-07;TO;Tonga;0;12554;0;12;0.09558706388402102
2022-08-14;TO;Tonga;851;13405;0;12;0.08951883625512869
2022-08-21;TO;Tonga;730;14135;0;12;0.08489564909798374
2022-08-28;TO;Tonga;1100;15235;0;12;0.07876599934361667
2022-09-04;TO;Tonga;947;16182;0;12;0.07415647015202076
2022-09-11;TO;Tonga;0;16182;0;12;0.07415647015202076
2022-09-18;TO;Tonga;0;16182;0;12;0.07415647015202076
2022-09-25;TO;Tonga;0;16182;0;12;0.07415647015202076
2022-10-02;TO;Tonga;0;16182;0;12;0.07415647015202076
2022-10-09;TO;Tonga;0;16182;0;12;0.07415647015202076
2022-10-16;TO;Tonga;0;16182;0;12;0.07415647015202076
2022-10-23;TO;Tonga;0;16182;0;12;0.07415647015202076
2022-10-30;TO;Tonga;0;16182;0;12;0.07415647015202076
2022-11-06;TO;Tonga;0;16182;0;12;0.07415647015202076
2022-11-13;TO;Tonga;0;16182;0;12;0.07415647015202076
2022-11-20;TO;Tonga;0;16182;0;12;0.07415647015202076
2022-11-27;TO;Tonga;29;16211;0;12;0.07402381099253594
2022-12-04;TO;Tonga;0;16211;0;12;0.07402381099253594
2022-12-11;TO;Tonga;0;16211;0;12;0.07402381099253594
2022-12-18;TO;Tonga;0;16211;0;12;0.07402381099253594
2022-12-25;TO;Tonga;201;16412;0;12;0.073117231294175
2023-01-01;TO;Tonga;75;16487;0;12;0.07278461818402378
2023-01-08;TO;Tonga;103;16590;0;12;0.07233273056057866
2023-01-15;TO;Tonga;0;16590;0;12;0.07233273056057866
2023-01-22;TO;Tonga;82;16672;0;12;0.07197696737044146
2023-01-29;TO;Tonga;62;16734;0;12;0.07171029042667623
2023-02-05;TO;Tonga;45;16779;0;12;0.07151796888968354
2023-02-12;TO;Tonga;16;16795;0;12;0.0714498362607919
2023-02-19;TO;Tonga;6;16801;0;12;0.07142431998095351
2023-02-26;TO;Tonga;6;16807;0;12;0.07139882191943833
2023-03-05;TO;Tonga;3;16810;0;12;0.07138607971445568
2023-03-12;TO;Tonga;2;16812;0;12;0.07137758743754462
2023-03-19;TO;Tonga;1;16813;0;12;0.07137334205674181
2023-03-26;TO;Tonga;1;16814;0;12;0.07136909718092066
2023-04-02;TO;Tonga;0;16814;0;12;0.07136909718092066
2023-04-09;TO;Tonga;0;16814;0;12;0.07136909718092066
2023-04-16;TO;Tonga;0;16814;0;12;0.07136909718092066
2023-04-23;TO;Tonga;0;16814;0;12;0.07136909718092066
2023-04-30;TO;Tonga;0;16814;0;12;0.07136909718092066
2023-05-07;TO;Tonga;2;16816;0;12;0.071360608943863
2023-05-14;TO;Tonga;1;16817;0;12;0.07135636558244633
2023-05-21;TO;Tonga;0;16817;0;12;0.07135636558244633
2023-05-28;TO;Tonga;0;16817;0;12;0.07135636558244633
2023-06-04;TO;Tonga;0;16817;0;12;0.07135636558244633
2023-06-11;TO;Tonga;0;16817;0;12;0.07135636558244633
2023-06-18;TO;Tonga;1;16818;0;12;0.07135212272565108
2023-06-25;TO;Tonga;1;16819;0;12;0.07134788037338724
2023-07-02;TO;Tonga;0;16819;0;12;0.07134788037338724
2023-07-09;TO;Tonga;0;16819;0;12;0.07134788037338724
2023-07-16;TO;Tonga;0;16819;0;12;0.07134788037338724
2023-07-23;TO;Tonga;0;16819;0;12;0.07134788037338724
2023-07-30;TO;Tonga;0;16819;0;12;0.07134788037338724
2023-08-06;TO;Tonga;0;16819;0;12;0.07134788037338724
2023-08-13;TO;Tonga;2;16821;0;12;0.07133939718209381
2023-08-20;TO;Tonga;0;16821;0;12;0.07133939718209381
2023-08-27;TO;Tonga;0;16821;0;12;0.07133939718209381
2023-09-03;TO;Tonga;0;16821;0;12;0.07133939718209381
2023-09-10;TO;Tonga;0;16821;0;12;0.07133939718209381
2023-09-17;TO;Tonga;4;16825;0;12;0.0713224368499257
2023-09-24;TO;Tonga;0;16825;0;12;0.0713224368499257
2023-10-01;TO;Tonga;0;16825;0;12;0.0713224368499257
2023-10-08;TO;Tonga;2;16827;0;12;0.07131395970761277
2023-10-15;TO;Tonga;12;16839;0;12;0.07126313914127917
2023-10-22;TO;Tonga;7;16846;0;12;0.07123352724682416
2023-10-29;TO;Tonga;14;16860;0;12;0.0711743772241993
2023-11-05;TO;Tonga;5;16865;0;12;0.07115327601541654
2023-11-12;TO;Tonga;11;16876;0;12;0.0711068973690448
2023-11-19;TO;Tonga;12;16888;0;12;0.07105637138796779
2023-11-26;TO;Tonga;0;16888;0;12;0.07105637138796779
2023-12-03;TO;Tonga;0;16888;0;12;0.07105637138796779
2023-12-10;TO;Tonga;0;16888;0;12;0.07105637138796779
2023-12-17;TO;Tonga;0;16888;0;12;0.07105637138796779
2023-12-24;TO;Tonga;0;16888;0;12;0.07105637138796779
2023-12-31;TO;Tonga;61;16949;0;12;0.07080063720573486
2024-01-07;TO;Tonga;1;16950;0;12;0.07079646017699115
2024-01-14;TO;Tonga;0;16950;0;12;0.07079646017699115
2024-01-21;TO;Tonga;0;16950;0;12;0.07079646017699115
2020-01-05;TT;Trinidad and Tobago;0;0;0;0;0.0
2020-01-12;TT;Trinidad and Tobago;0;0;0;0;0.0
2020-01-19;TT;Trinidad and Tobago;0;0;0;0;0.0
2020-01-26;TT;Trinidad and Tobago;0;0;0;0;0.0
2020-02-02;TT;Trinidad and Tobago;0;0;0;0;0.0
2020-02-09;TT;Trinidad and Tobago;0;0;0;0;0.0
2020-02-16;TT;Trinidad and Tobago;0;0;0;0;0.0
2020-02-23;TT;Trinidad and Tobago;0;0;0;0;0.0
2020-03-01;TT;Trinidad and Tobago;0;0;0;0;0.0
2020-03-08;TT;Trinidad and Tobago;0;0;0;0;0.0
2020-03-15;TT;Trinidad and Tobago;1;1;0;0;0.0
2020-03-22;TT;Trinidad and Tobago;8;9;0;0;0.0
2020-03-29;TT;Trinidad and Tobago;65;74;2;2;2.7027027027027026
2020-04-05;TT;Trinidad and Tobago;26;100;4;6;6.0
2020-04-12;TT;Trinidad and Tobago;9;109;2;8;7.339449541284404
2020-04-19;TT;Trinidad and Tobago;5;114;0;8;7.017543859649122
2020-04-26;TT;Trinidad and Tobago;1;115;0;8;6.956521739130435
2020-05-03;TT;Trinidad and Tobago;1;116;0;8;6.896551724137931
2020-05-10;TT;Trinidad and Tobago;0;116;0;8;6.896551724137931
2020-05-17;TT;Trinidad and Tobago;0;116;0;8;6.896551724137931
2020-05-24;TT;Trinidad and Tobago;0;116;0;8;6.896551724137931
2020-05-31;TT;Trinidad and Tobago;0;116;0;8;6.896551724137931
2020-06-07;TT;Trinidad and Tobago;1;117;0;8;6.837606837606838
2020-06-14;TT;Trinidad and Tobago;0;117;0;8;6.837606837606838
2020-06-21;TT;Trinidad and Tobago;6;123;0;8;6.504065040650407
2020-06-28;TT;Trinidad and Tobago;1;124;0;8;6.451612903225806
2020-07-05;TT;Trinidad and Tobago;6;130;0;8;6.153846153846154
2020-07-12;TT;Trinidad and Tobago;3;133;0;8;6.015037593984962
2020-07-19;TT;Trinidad and Tobago;3;136;0;8;5.88235294117647
2020-07-26;TT;Trinidad and Tobago;11;147;0;8;5.442176870748299
2020-08-02;TT;Trinidad and Tobago;26;173;0;8;4.624277456647398
2020-08-09;TT;Trinidad and Tobago;52;225;0;8;3.5555555555555554
2020-08-16;TT;Trinidad and Tobago;249;474;2;10;2.109704641350211
2020-08-23;TT;Trinidad and Tobago;425;899;3;13;1.4460511679644048
2020-08-30;TT;Trinidad and Tobago;678;1577;6;19;1.2048192771084338
2020-09-06;TT;Trinidad and Tobago;565;2142;13;32;1.4939309056956116
2020-09-13;TT;Trinidad and Tobago;750;2892;18;50;1.7289073305670817
2020-09-20;TT;Trinidad and Tobago;847;3739;10;60;1.6047071409467772
2020-09-27;TT;Trinidad and Tobago;546;4285;10;70;1.633605600933489
2020-10-04;TT;Trinidad and Tobago;424;4709;8;78;1.6564026332554684
2020-10-11;TT;Trinidad and Tobago;312;5021;11;89;1.7725552678749252
2020-10-18;TT;Trinidad and Tobago;220;5241;6;95;1.812631177256249
2020-10-25;TT;Trinidad and Tobago;246;5487;9;104;1.8953891015126665
2020-11-01;TT;Trinidad and Tobago;181;5668;3;107;1.8877911079745944
2020-11-08;TT;Trinidad and Tobago;130;5798;4;111;1.9144532597447397
2020-11-15;TT;Trinidad and Tobago;182;5980;0;111;1.8561872909698998
2020-11-22;TT;Trinidad and Tobago;281;6261;2;113;1.8048235106213066
2020-11-29;TT;Trinidad and Tobago;325;6586;5;118;1.7916793197692076
2020-12-06;TT;Trinidad and Tobago;149;6735;3;121;1.7965850037119524
2020-12-13;TT;Trinidad and Tobago;117;6852;1;122;1.780502043199066
2020-12-20;TT;Trinidad and Tobago;103;6955;1;123;1.768511861969806
2020-12-27;TT;Trinidad and Tobago;142;7097;2;125;1.7613075947583485
2021-01-03;TT;Trinidad and Tobago;61;7158;2;127;1.7742386141380275
2021-01-10;TT;Trinidad and Tobago;61;7219;0;127;1.7592464330239648
2021-01-17;TT;Trinidad and Tobago;124;7343;3;130;1.770393572109492
2021-01-24;TT;Trinidad and Tobago;113;7456;3;133;1.7837982832618025
2021-01-31;TT;Trinidad and Tobago;77;7533;1;134;1.7788397716713127
2021-02-07;TT;Trinidad and Tobago;74;7607;1;135;1.774681214670698
2021-02-14;TT;Trinidad and Tobago;30;7637;2;137;1.793898127536991
2021-02-21;TT;Trinidad and Tobago;29;7666;2;139;1.8132011479259067
2021-02-28;TT;Trinidad and Tobago;38;7704;0;139;1.804257528556594
2021-03-07;TT;Trinidad and Tobago;25;7729;0;139;1.7984215293052144
2021-03-14;TT;Trinidad and Tobago;40;7769;1;140;1.8020337237739734
2021-03-21;TT;Trinidad and Tobago;52;7821;0;140;1.7900524229638153
2021-03-28;TT;Trinidad and Tobago;118;7939;1;141;1.7760423227106688
2021-04-04;TT;Trinidad and Tobago;177;8116;4;145;1.786594381468704
2021-04-11;TT;Trinidad and Tobago;207;8323;0;145;1.7421602787456445
2021-04-18;TT;Trinidad and Tobago;419;8742;5;150;1.7158544955387784
2021-04-25;TT;Trinidad and Tobago;745;9487;7;157;1.6548961737113943
2021-05-02;TT;Trinidad and Tobago;1337;10824;12;169;1.5613451589061345
2021-05-09;TT;Trinidad and Tobago;1896;12720;27;196;1.5408805031446542
2021-05-16;TT;Trinidad and Tobago;2659;15379;69;265;1.7231289420638536
2021-05-23;TT;Trinidad and Tobago;3556;18935;83;348;1.8378663850013202
2021-05-30;TT;Trinidad and Tobago;3685;22620;110;458;2.0247568523430592
2021-06-06;TT;Trinidad and Tobago;3181;25801;98;556;2.1549552342932445
2021-06-13;TT;Trinidad and Tobago;2305;28106;88;644;2.2913256955810146
2021-06-20;TT;Trinidad and Tobago;2077;30183;69;713;2.3622568995792332
2021-06-27;TT;Trinidad and Tobago;1592;31775;78;791;2.4893784421715184
2021-07-04;TT;Trinidad and Tobago;1378;33153;75;866;2.6121316321298225
2021-07-11;TT;Trinidad and Tobago;1249;34402;64;930;2.703331201674321
2021-07-18;TT;Trinidad and Tobago;1277;35679;52;982;2.7523192914599623
2021-07-25;TT;Trinidad and Tobago;1386;37065;44;1026;2.7681100768919467
2021-08-01;TT;Trinidad and Tobago;1492;38557;44;1070;2.7751121715901133
2021-08-08;TT;Trinidad and Tobago;1278;39835;53;1123;2.8191289067403034
2021-08-15;TT;Trinidad and Tobago;1693;41528;44;1167;2.810152186476594
2021-08-22;TT;Trinidad and Tobago;1311;42839;48;1215;2.8362006582786714
2021-08-29;TT;Trinidad and Tobago;1160;43999;52;1267;2.879610900247733
2021-09-05;TT;Trinidad and Tobago;1301;45300;51;1318;2.909492273730684
2021-09-12;TT;Trinidad and Tobago;1435;46735;41;1359;2.9078848828501123
2021-09-19;TT;Trinidad and Tobago;1408;48143;46;1405;2.918388966204848
2021-09-26;TT;Trinidad and Tobago;1545;49688;36;1441;2.900096602801481
2021-10-03;TT;Trinidad and Tobago;1215;50903;48;1489;2.925171404435888
2021-10-10;TT;Trinidad and Tobago;1360;52263;47;1536;2.938981688766431
2021-10-17;TT;Trinidad and Tobago;1426;53689;48;1584;2.950325020022724
2021-10-24;TT;Trinidad and Tobago;1514;55203;49;1633;2.9581725630853395
2021-10-31;TT;Trinidad and Tobago;1918;57121;49;1682;2.9446263195672344
2021-11-07;TT;Trinidad and Tobago;1460;58581;71;1753;2.992437821136546
2021-11-14;TT;Trinidad and Tobago;2938;61519;75;1828;2.9714397178107577
2021-11-21;TT;Trinidad and Tobago;3374;64893;91;1919;2.957175658391506
2021-11-28;TT;Trinidad and Tobago;4115;69008;142;2061;2.986610248087178
2021-12-05;TT;Trinidad and Tobago;4751;73759;154;2215;3.0030233598611695
2021-12-12;TT;Trinidad and Tobago;5478;79237;146;2361;2.979668589169201
2021-12-19;TT;Trinidad and Tobago;5556;84793;199;2560;3.0191171441038764
2021-12-26;TT;Trinidad and Tobago;4151;88944;158;2718;3.055855369670804
2022-01-02;TT;Trinidad and Tobago;2955;91899;151;2869;3.1219055702455956
2022-01-09;TT;Trinidad and Tobago;4656;96555;178;3047;3.1557143596913675
2022-01-16;TT;Trinidad and Tobago;3225;99780;109;3156;3.1629585087191825
2022-01-23;TT;Trinidad and Tobago;6189;105969;130;3286;3.1009068689899877
2022-01-30;TT;Trinidad and Tobago;4772;110741;95;3381;3.0530697754219305
2022-02-06;TT;Trinidad and Tobago;3157;113898;67;3448;3.0272700135208694
2022-02-13;TT;Trinidad and Tobago;5328;119226;59;3507;2.941472497609582
2022-02-20;TT;Trinidad and Tobago;3931;123157;55;3562;2.892243234245719
2022-02-27;TT;Trinidad and Tobago;3777;126934;55;3617;2.849512344998188
2022-03-06;TT;Trinidad and Tobago;3029;129963;35;3652;2.810030547155729
2022-03-13;TT;Trinidad and Tobago;2420;132383;24;3676;2.77679158200071
2022-03-20;TT;Trinidad and Tobago;2062;134445;28;3704;2.755029937892819
2022-03-27;TT;Trinidad and Tobago;2116;136561;25;3729;2.7306478423561633
2022-04-03;TT;Trinidad and Tobago;1598;138159;25;3754;2.7171592151072317
2022-04-10;TT;Trinidad and Tobago;1814;139973;20;3774;2.696234273752795
2022-04-17;TT;Trinidad and Tobago;1880;141853;24;3798;2.6774195822435902
2022-04-24;TT;Trinidad and Tobago;2031;143884;13;3811;2.6486614217008144
2022-05-01;TT;Trinidad and Tobago;3566;147450;13;3824;2.593421498813157
2022-05-08;TT;Trinidad and Tobago;3031;150481;21;3845;2.5551398515427195
2022-05-15;TT;Trinidad and Tobago;2990;153471;21;3866;2.5190426855888086
2022-05-22;TT;Trinidad and Tobago;3892;157363;24;3890;2.471991510075431
2022-05-29;TT;Trinidad and Tobago;3130;160493;13;3903;2.4318817643137085
2022-06-05;TT;Trinidad and Tobago;1948;162441;24;3927;2.417493120579164
2022-06-12;TT;Trinidad and Tobago;1874;164315;29;3956;2.407570824331315
2022-06-19;TT;Trinidad and Tobago;1285;165600;17;3973;2.399154589371981
2022-06-26;TT;Trinidad and Tobago;976;166576;24;3997;2.3995053309000096
2022-07-03;TT;Trinidad and Tobago;724;167300;15;4012;2.3980872683801553
2022-07-10;TT;Trinidad and Tobago;739;168039;12;4024;2.3946821868732853
2022-07-17;TT;Trinidad and Tobago;989;169028;12;4036;2.387770073597274
2022-07-24;TT;Trinidad and Tobago;902;169930;5;4041;2.3780380156535044
2022-07-31;TT;Trinidad and Tobago;1242;171172;7;4048;2.3648727595634798
2022-08-07;TT;Trinidad and Tobago;1404;172576;17;4065;2.3554839606897833
2022-08-14;TT;Trinidad and Tobago;1976;174552;6;4071;2.33225629038911
2022-08-21;TT;Trinidad and Tobago;1916;176468;21;4092;2.3188340095654736
2022-08-28;TT;Trinidad and Tobago;1643;178111;31;4123;2.3148486056447948
2022-09-04;TT;Trinidad and Tobago;1346;179457;27;4150;2.3125316928289226
2022-09-11;TT;Trinidad and Tobago;1515;180972;16;4166;2.3020135711601797
2022-09-18;TT;Trinidad and Tobago;1071;182043;18;4184;2.2983580802337906
2022-09-25;TT;Trinidad and Tobago;554;182597;11;4195;2.2974090483414296
2022-10-02;TT;Trinidad and Tobago;584;183181;12;4207;2.296635568099312
2022-10-09;TT;Trinidad and Tobago;643;183824;17;4224;2.297850117503699
2022-10-16;TT;Trinidad and Tobago;437;184261;11;4235;2.2983702465524445
2022-10-23;TT;Trinidad and Tobago;263;184524;6;4241;2.2983460146105656
2022-10-30;TT;Trinidad and Tobago;189;184713;8;4249;2.300325369627476
2022-11-06;TT;Trinidad and Tobago;141;184854;6;4255;2.3018165687515553
2022-11-13;TT;Trinidad and Tobago;95;184949;2;4257;2.3017156080865537
2022-11-20;TT;Trinidad and Tobago;145;185094;6;4263;2.3031540730655777
2022-11-27;TT;Trinidad and Tobago;143;185237;3;4266;2.3029956218250134
2022-12-04;TT;Trinidad and Tobago;140;185377;1;4267;2.301795799910453
2022-12-11;TT;Trinidad and Tobago;151;185528;1;4268;2.3004613858824543
2022-12-18;TT;Trinidad and Tobago;180;185708;3;4271;2.2998470717470436
2022-12-25;TT;Trinidad and Tobago;174;185882;6;4277;2.3009220903583993
2023-01-01;TT;Trinidad and Tobago;151;186033;6;4283;2.302279703063435
2023-01-08;TT;Trinidad and Tobago;246;186279;6;4289;2.3024602880625302
2023-01-15;TT;Trinidad and Tobago;406;186685;8;4297;2.301738222138897
2023-01-22;TT;Trinidad and Tobago;519;187204;12;4309;2.3017670562594814
2023-01-29;TT;Trinidad and Tobago;381;187585;10;4319;2.302422901617933
2023-02-05;TT;Trinidad and Tobago;323;187908;7;4326;2.3021904336164507
2023-02-12;TT;Trinidad and Tobago;291;188199;5;4331;2.301287466989729
2023-02-19;TT;Trinidad and Tobago;312;188511;5;4336;2.30013102683663
2023-02-26;TT;Trinidad and Tobago;226;188737;3;4339;2.298966286419727
2023-03-05;TT;Trinidad and Tobago;559;189296;8;4347;2.2964035161862904
2023-03-12;TT;Trinidad and Tobago;622;189918;8;4355;2.2930949146473742
2023-03-19;TT;Trinidad and Tobago;367;190285;6;4361;2.291825419765089
2023-03-26;TT;Trinidad and Tobago;450;190735;7;4368;2.290088342464676
2023-04-02;TT;Trinidad and Tobago;272;191007;4;4372;2.288921348432256
2023-04-09;TT;Trinidad and Tobago;0;191007;0;4372;2.288921348432256
2023-04-16;TT;Trinidad and Tobago;250;191257;13;4385;2.2927265407279207
2023-04-23;TT;Trinidad and Tobago;93;191350;2;4387;2.292657434021427
2023-04-30;TT;Trinidad and Tobago;0;191350;0;4387;2.292657434021427
2023-05-07;TT;Trinidad and Tobago;146;191496;3;4390;2.2924760830513433
2023-05-14;TT;Trinidad and Tobago;0;191496;0;4390;2.2924760830513433
2023-05-21;TT;Trinidad and Tobago;0;191496;0;4390;2.2924760830513433
2023-05-28;TT;Trinidad and Tobago;0;191496;0;4390;2.2924760830513433
2023-06-04;TT;Trinidad and Tobago;0;191496;0;4390;2.2924760830513433
2023-06-11;TT;Trinidad and Tobago;0;191496;0;4390;2.2924760830513433
2023-06-18;TT;Trinidad and Tobago;0;191496;0;4390;2.2924760830513433
2023-06-25;TT;Trinidad and Tobago;0;191496;0;4390;2.2924760830513433
2023-07-02;TT;Trinidad and Tobago;0;191496;0;4390;2.2924760830513433
2023-07-09;TT;Trinidad and Tobago;0;191496;0;4390;2.2924760830513433
2023-07-16;TT;Trinidad and Tobago;0;191496;0;4390;2.2924760830513433
2023-07-23;TT;Trinidad and Tobago;0;191496;0;4390;2.2924760830513433
2023-07-30;TT;Trinidad and Tobago;0;191496;0;4390;2.2924760830513433
2023-08-06;TT;Trinidad and Tobago;0;191496;0;4390;2.2924760830513433
2023-08-13;TT;Trinidad and Tobago;0;191496;0;4390;2.2924760830513433
2023-08-20;TT;Trinidad and Tobago;0;191496;0;4390;2.2924760830513433
2023-08-27;TT;Trinidad and Tobago;0;191496;0;4390;2.2924760830513433
2023-09-03;TT;Trinidad and Tobago;0;191496;0;4390;2.2924760830513433
2023-09-10;TT;Trinidad and Tobago;0;191496;0;4390;2.2924760830513433
2023-09-17;TT;Trinidad and Tobago;0;191496;0;4390;2.2924760830513433
2023-09-24;TT;Trinidad and Tobago;0;191496;0;4390;2.2924760830513433
2023-10-01;TT;Trinidad and Tobago;0;191496;0;4390;2.2924760830513433
2023-10-08;TT;Trinidad and Tobago;0;191496;0;4390;2.2924760830513433
2023-10-15;TT;Trinidad and Tobago;0;191496;0;4390;2.2924760830513433
2023-10-22;TT;Trinidad and Tobago;0;191496;0;4390;2.2924760830513433
2023-10-29;TT;Trinidad and Tobago;0;191496;0;4390;2.2924760830513433
2023-11-05;TT;Trinidad and Tobago;0;191496;0;4390;2.2924760830513433
2023-11-12;TT;Trinidad and Tobago;0;191496;0;4390;2.2924760830513433
2023-11-19;TT;Trinidad and Tobago;0;191496;0;4390;2.2924760830513433
2023-11-26;TT;Trinidad and Tobago;0;191496;0;4390;2.2924760830513433
2023-12-03;TT;Trinidad and Tobago;0;191496;0;4390;2.2924760830513433
2023-12-10;TT;Trinidad and Tobago;0;191496;0;4390;2.2924760830513433
2023-12-17;TT;Trinidad and Tobago;0;191496;0;4390;2.2924760830513433
2023-12-24;TT;Trinidad and Tobago;0;191496;0;4390;2.2924760830513433
2023-12-31;TT;Trinidad and Tobago;0;191496;0;4390;2.2924760830513433
2024-01-07;TT;Trinidad and Tobago;0;191496;0;4390;2.2924760830513433
2024-01-14;TT;Trinidad and Tobago;0;191496;0;4390;2.2924760830513433
2024-01-21;TT;Trinidad and Tobago;0;191496;0;4390;2.2924760830513433
2020-01-05;TN;Tunisia;0;0;0;0;0.0
2020-01-12;TN;Tunisia;0;0;0;0;0.0
2020-01-19;TN;Tunisia;0;0;0;0;0.0
2020-01-26;TN;Tunisia;0;0;0;0;0.0
2020-02-02;TN;Tunisia;0;0;0;0;0.0
2020-02-09;TN;Tunisia;0;0;0;0;0.0
2020-02-16;TN;Tunisia;0;0;0;0;0.0
2020-02-23;TN;Tunisia;0;0;0;0;0.0
2020-03-01;TN;Tunisia;0;0;0;0;0.0
2020-03-08;TN;Tunisia;1;1;0;0;0.0
2020-03-15;TN;Tunisia;17;18;0;0;0.0
2020-03-22;TN;Tunisia;42;60;1;1;1.6666666666666667
2020-03-29;TN;Tunisia;218;278;7;8;2.877697841726619
2020-04-05;TN;Tunisia;275;553;11;19;3.4358047016274864
2020-04-12;TN;Tunisia;132;685;9;28;4.087591240875913
2020-04-19;TN;Tunisia;181;866;9;37;4.272517321016166
2020-04-26;TN;Tunisia;73;939;1;38;4.046858359957402
2020-05-03;TN;Tunisia;70;1009;4;42;4.162537165510407
2020-05-10;TN;Tunisia;21;1030;3;45;4.368932038834951
2020-05-17;TN;Tunisia;5;1035;0;45;4.3478260869565215
2020-05-24;TN;Tunisia;13;1048;2;47;4.484732824427481
2020-05-31;TN;Tunisia;28;1076;1;48;4.4609665427509295
2020-06-07;TN;Tunisia;11;1087;1;49;4.507819687212511
2020-06-14;TN;Tunisia;7;1094;0;49;4.478976234003657
2020-06-21;TN;Tunisia;62;1156;1;50;4.325259515570934
2020-06-28;TN;Tunisia;12;1168;0;50;4.280821917808219
2020-07-05;TN;Tunisia;18;1186;0;50;4.215851602023609
2020-07-12;TN;Tunisia;59;1245;0;50;4.016064257028113
2020-07-19;TN;Tunisia;103;1348;0;50;3.7091988130563793
2020-07-26;TN;Tunisia;95;1443;0;50;3.465003465003465
2020-08-02;TN;Tunisia;109;1552;1;51;3.2860824742268044
2020-08-09;TN;Tunisia;126;1678;0;51;3.0393325387365913
2020-08-16;TN;Tunisia;345;2023;3;54;2.6693030153237767
2020-08-23;TN;Tunisia;715;2738;14;68;2.483564645726808
2020-08-30;TN;Tunisia;834;3572;8;76;2.127659574468085
2020-09-06;TN;Tunisia;1204;4776;17;93;1.9472361809045227
2020-09-13;TN;Tunisia;1859;6635;14;107;1.6126601356443104
2020-09-20;TN;Tunisia;3101;9736;48;155;1.5920295809367295
2020-09-27;TN;Tunisia;5442;15178;52;207;1.3638160495453946
2020-10-04;TN;Tunisia;5766;20944;69;276;1.317799847211612
2020-10-11;TN;Tunisia;10315;31259;180;456;1.4587798713970377
2020-10-18;TN;Tunisia;9283;40542;170;626;1.5440777465344582
2020-10-25;TN;Tunisia;9863;50405;251;877;1.739906755282214
2020-11-01;TN;Tunisia;9408;59813;440;1317;2.2018624713691004
2020-11-08;TN;Tunisia;9730;69543;531;1848;2.6573486907381048
2020-11-15;TN;Tunisia;9796;79339;475;2323;2.9279421217812174
2020-11-22;TN;Tunisia;8132;87471;429;2752;3.146185592939374
2020-11-29;TN;Tunisia;7509;94980;401;3153;3.319646241313961
2020-12-06;TN;Tunisia;8011;102991;373;3526;3.4236001203988695
2020-12-13;TN;Tunisia;7402;110393;310;3836;3.4748580073011874
2020-12-20;TN;Tunisia;8758;119151;290;4126;3.4628328759305416
2020-12-27;TN;Tunisia;11079;130230;300;4426;3.398602472548568
2021-01-03;TN;Tunisia;11749;141979;339;4765;3.356130131920918
2021-01-10;TN;Tunisia;15535;157514;388;5153;3.2714552357250786
2021-01-17;TN;Tunisia;19717;177231;463;5616;3.1687458740288097
2021-01-24;TN;Tunisia;18083;195314;538;6154;3.1508238016732033
2021-01-31;TN;Tunisia;12154;207468;526;6680;3.219773651840284
2021-02-07;TN;Tunisia;8708;216176;482;7162;3.3130412256679747
2021-02-14;TN;Tunisia;6328;222504;346;7508;3.374321360514867
2021-02-21;TN;Tunisia;5139;227643;247;7755;3.4066498860057193
2021-02-28;TN;Tunisia;4972;232615;219;7974;3.4279818584356123
2021-03-07;TN;Tunisia;4413;237028;193;8167;3.4455844879086017
2021-03-14;TN;Tunisia;4229;241257;192;8359;3.464769934136626
2021-03-21;TN;Tunisia;4148;245405;167;8526;3.4742568407326666
2021-03-28;TN;Tunisia;4298;249703;179;8705;3.4861415361449404
2021-04-04;TN;Tunisia;8632;258335;226;8931;3.4571389862000887
2021-04-11;TN;Tunisia;11962;270297;304;9235;3.4166120970636005
2021-04-18;TN;Tunisia;13679;283976;482;9717;3.421768036735499
2021-04-25;TN;Tunisia;14596;298572;514;10231;3.426644159532709
2021-05-02;TN;Tunisia;12162;310734;577;10808;3.478216094794905
2021-05-09;TN;Tunisia;8778;319512;542;11350;3.5522922456746544
2021-05-16;TN;Tunisia;6320;325832;429;11779;3.6150531562277495
2021-05-23;TN;Tunisia;8267;334099;403;12182;3.646224622043167
2021-05-30;TN;Tunisia;9275;343374;392;12574;3.6618963579071218
2021-06-06;TN;Tunisia;10408;353782;374;12948;3.6598809436319537
2021-06-13;TN;Tunisia;13265;367047;488;13436;3.660566630431525
2021-06-20;TN;Tunisia;14128;381175;524;13960;3.6623598084869156
2021-06-27;TN;Tunisia;22318;403493;619;14579;3.613197750642514
2021-07-04;TN;Tunisia;35452;438945;682;15261;3.4767453781225437
2021-07-11;TN;Tunisia;52076;491021;983;16244;3.3082088138796504
2021-07-18;TN;Tunisia;49777;540798;1162;17406;3.218576991778816
2021-07-25;TN;Tunisia;28491;569289;1194;18600;3.267233338427407
2021-08-01;TN;Tunisia;23592;592881;1258;19858;3.3494073852931705
2021-08-08;TN;Tunisia;17779;610660;1073;20931;3.4276029214292736
2021-08-15;TN;Tunisia;13280;623940;896;21827;3.4982530371510085
2021-08-22;TN;Tunisia;16957;640897;710;22537;3.516477686742175
2021-08-29;TN;Tunisia;19690;660587;832;23369;3.5376112457556688
2021-09-05;TN;Tunisia;13460;674047;448;23817;3.5334331285503833
2021-09-12;TN;Tunisia;10972;685019;388;24205;3.5334786334393646
2021-09-19;TN;Tunisia;14909;699928;285;24490;3.4989313186499187
2021-09-26;TN;Tunisia;4986;704914;242;24732;3.5085130952144516
2021-10-03;TN;Tunisia;3069;707983;189;24921;3.5199997740058735
2021-10-10;TN;Tunisia;1654;709637;96;25017;3.5253235104708467
2021-10-17;TN;Tunisia;1136;710773;68;25085;3.529256176022443
2021-10-24;TN;Tunisia;920;711693;64;25149;3.5336865755318656
2021-10-31;TN;Tunisia;888;712581;89;25238;3.5417727949524336
2021-11-07;TN;Tunisia;673;713254;34;25272;3.5431977948949465
2021-11-14;TN;Tunisia;2383;715637;36;25308;3.5364297821381507
2021-11-21;TN;Tunisia;546;716183;32;25340;3.5382018283036594
2021-11-28;TN;Tunisia;980;717163;23;25363;3.536573972723077
2021-12-05;TN;Tunisia;1115;718278;35;25398;3.5359568300852873
2021-12-12;TN;Tunisia;1156;719434;29;25427;3.5343061351006484
2021-12-19;TN;Tunisia;1419;720853;33;25460;3.5319267589924714
2021-12-26;TN;Tunisia;1942;722795;63;25523;3.5311533699043296
2022-01-02;TN;Tunisia;5048;727843;53;25576;3.5139446281684377
2022-01-09;TN;Tunisia;13416;741259;79;25655;3.461003508895002
2022-01-16;TN;Tunisia;39487;780746;122;25777;3.3015859191081356
2022-01-23;TN;Tunisia;66015;846761;177;25954;3.0650915665695515
2022-01-30;TN;Tunisia;54346;901107;275;26229;2.910753107011709
2022-02-06;TN;Tunisia;39116;940223;383;26612;2.830392364364624
2022-02-13;TN;Tunisia;24734;964957;453;27065;2.8047881926344904
2022-02-20;TN;Tunisia;21379;986336;383;27448;2.7828245141615024
2022-02-27;TN;Tunisia;10752;997088;295;27743;2.782402355659681
2022-03-06;TN;Tunisia;8079;1005167;179;27922;2.7778468652472674
2022-03-13;TN;Tunisia;24061;1029228;124;28046;2.724955014826647
2022-03-20;TN;Tunisia;534;1029762;19;28065;2.7253870311780783
2022-03-27;TN;Tunisia;3969;1033731;100;28165;2.7245966310384424
2022-04-03;TN;Tunisia;2153;1035884;158;28323;2.734186453309444
2022-04-10;TN;Tunisia;1474;1037358;102;28425;2.740134071362056
2022-04-17;TN;Tunisia;1310;1038668;84;28509;2.744765411084196
2022-04-24;TN;Tunisia;864;1039532;24;28533;2.7447928490897824
2022-05-01;TN;Tunisia;661;1040193;17;28550;2.7446829578741636
2022-05-08;TN;Tunisia;519;1040712;16;28566;2.7448516015958306
2022-05-15;TN;Tunisia;1077;1041789;62;28628;2.747965278957639
2022-05-22;TN;Tunisia;0;1041789;0;28628;2.747965278957639
2022-05-29;TN;Tunisia;573;1042362;4;28632;2.746838430410932
2022-06-05;TN;Tunisia;510;1042872;9;28641;2.7463581340758982
2022-06-12;TN;Tunisia;668;1043540;7;28648;2.745270904804799
2022-06-19;TN;Tunisia;3163;1046703;22;28670;2.739076891916809
2022-06-26;TN;Tunisia;0;1046703;0;28670;2.739076891916809
2022-07-03;TN;Tunisia;5477;1052180;21;28691;2.7268148035507234
2022-07-10;TN;Tunisia;13947;1066127;57;28748;2.6964892550324677
2022-07-17;TN;Tunisia;20903;1087030;75;28823;2.6515367561152865
2022-07-24;TN;Tunisia;27340;1114370;119;28942;2.5971625223220296
2022-07-31;TN;Tunisia;14323;1128693;99;29041;2.572975999673959
2022-08-07;TN;Tunisia;5967;1134660;64;29105;2.565085576295983
2022-08-14;TN;Tunisia;4581;1139241;48;29153;2.5589844466622953
2022-08-21;TN;Tunisia;2532;1141773;56;29209;2.5582142860270825
2022-08-28;TN;Tunisia;1394;1143167;24;29233;2.55719418072775
2022-09-04;TN;Tunisia;695;1143862;1;29234;2.555727876264794
2022-09-11;TN;Tunisia;962;1144824;4;29238;2.553929687008658
2022-09-18;TN;Tunisia;339;1145163;5;29243;2.553610272074805
2022-09-25;TN;Tunisia;182;1145345;3;29246;2.553466422780909
2022-10-02;TN;Tunisia;341;1145686;3;29249;2.552968265301313
2022-10-09;TN;Tunisia;143;1145829;5;29254;2.55308601894349
2022-10-16;TN;Tunisia;101;1145930;0;29254;2.5528609949996945
2022-10-23;TN;Tunisia;114;1146044;3;29257;2.552868825280705
2022-10-30;TN;Tunisia;108;1146152;0;29257;2.552628272689835
2022-11-06;TN;Tunisia;441;1146593;2;29259;2.551820916401897
2022-11-13;TN;Tunisia;109;1146702;4;29263;2.5519271789880893
2022-11-20;TN;Tunisia;97;1146799;3;29266;2.5519729263802984
2022-11-27;TN;Tunisia;192;1146991;2;29268;2.551720109399289
2022-12-04;TN;Tunisia;81;1147072;0;29268;2.5515399207721923
2022-12-11;TN;Tunisia;73;1147145;1;29269;2.5514647232913013
2022-12-18;TN;Tunisia;137;1147282;3;29272;2.551421533676986
2022-12-25;TN;Tunisia;195;1147477;7;29279;2.5515979840990277
2023-01-01;TN;Tunisia;94;1147571;5;29284;2.551824680128724
2023-01-08;TN;Tunisia;74;1147645;1;29285;2.551747273764971
2023-01-15;TN;Tunisia;2469;1150114;3;29288;2.5465301700527077
2023-01-22;TN;Tunisia;103;1150217;3;29291;2.5465629529036695
2023-01-29;TN;Tunisia;61;1150278;11;29302;2.5473841975591984
2023-02-05;TN;Tunisia;78;1150356;6;29308;2.547733049595082
2023-02-12;TN;Tunisia;121;1150477;4;29312;2.5478127767873673
2023-02-19;TN;Tunisia;129;1150606;14;29326;2.548743879312293
2023-02-26;TN;Tunisia;187;1150793;4;29330;2.548677303389923
2023-03-05;TN;Tunisia;169;1150962;1;29331;2.54838995553285
2023-03-12;TN;Tunisia;164;1151126;10;29341;2.548895603087759
2023-03-19;TN;Tunisia;207;1151333;4;29345;2.5487847564518695
2023-03-26;TN;Tunisia;260;1151593;10;29355;2.549077668933382
2023-04-02;TN;Tunisia;239;1151832;7;29362;2.5491564742080444
2023-04-09;TN;Tunisia;201;1152033;1;29363;2.5487985153203074
2023-04-16;TN;Tunisia;229;1152262;4;29367;2.5486391115909406
2023-04-23;TN;Tunisia;221;1152483;11;29378;2.5491048457981593
2023-04-30;TN;Tunisia;129;1152612;9;29387;2.5496003859060985
2023-05-07;TN;Tunisia;265;1152877;11;29398;2.549968470183723
2023-05-14;TN;Tunisia;186;1153063;9;29407;2.550337665851736
2023-05-21;TN;Tunisia;98;1153161;5;29412;2.5505545192735446
2023-05-28;TN;Tunisia;100;1153261;3;29415;2.5505934909790584
2023-06-04;TN;Tunisia;62;1153323;5;29420;2.5508899068170843
2023-06-11;TN;Tunisia;38;1153361;3;29423;2.551065971538833
2023-06-18;TN;Tunisia;0;1153361;0;29423;2.551065971538833
2023-06-25;TN;Tunisia;0;1153361;0;29423;2.551065971538833
2023-07-02;TN;Tunisia;0;1153361;0;29423;2.551065971538833
2023-07-09;TN;Tunisia;0;1153361;0;29423;2.551065971538833
2023-07-16;TN;Tunisia;0;1153361;0;29423;2.551065971538833
2023-07-23;TN;Tunisia;0;1153361;0;29423;2.551065971538833
2023-07-30;TN;Tunisia;0;1153361;0;29423;2.551065971538833
2023-08-06;TN;Tunisia;0;1153361;0;29423;2.551065971538833
2023-08-13;TN;Tunisia;0;1153361;0;29423;2.551065971538833
2023-08-20;TN;Tunisia;0;1153361;0;29423;2.551065971538833
2023-08-27;TN;Tunisia;0;1153361;0;29423;2.551065971538833
2023-09-03;TN;Tunisia;0;1153361;0;29423;2.551065971538833
2023-09-10;TN;Tunisia;0;1153361;0;29423;2.551065971538833
2023-09-17;TN;Tunisia;0;1153361;0;29423;2.551065971538833
2023-09-24;TN;Tunisia;0;1153361;0;29423;2.551065971538833
2023-10-01;TN;Tunisia;0;1153361;0;29423;2.551065971538833
2023-10-08;TN;Tunisia;0;1153361;0;29423;2.551065971538833
2023-10-15;TN;Tunisia;0;1153361;0;29423;2.551065971538833
2023-10-22;TN;Tunisia;0;1153361;0;29423;2.551065971538833
2023-10-29;TN;Tunisia;0;1153361;0;29423;2.551065971538833
2023-11-05;TN;Tunisia;0;1153361;0;29423;2.551065971538833
2023-11-12;TN;Tunisia;0;1153361;0;29423;2.551065971538833
2023-11-19;TN;Tunisia;0;1153361;0;29423;2.551065971538833
2023-11-26;TN;Tunisia;0;1153361;0;29423;2.551065971538833
2023-12-03;TN;Tunisia;0;1153361;0;29423;2.551065971538833
2023-12-10;TN;Tunisia;0;1153361;0;29423;2.551065971538833
2023-12-17;TN;Tunisia;0;1153361;0;29423;2.551065971538833
2023-12-24;TN;Tunisia;0;1153361;0;29423;2.551065971538833
2023-12-31;TN;Tunisia;0;1153361;0;29423;2.551065971538833
2024-01-07;TN;Tunisia;0;1153361;0;29423;2.551065971538833
2024-01-14;TN;Tunisia;0;1153361;0;29423;2.551065971538833
2024-01-21;TN;Tunisia;0;1153361;0;29423;2.551065971538833
2020-01-05;TR;Türkiye;0;0;0;0;0.0
2020-01-12;TR;Türkiye;0;0;0;0;0.0
2020-01-19;TR;Türkiye;0;0;0;0;0.0
2020-01-26;TR;Türkiye;0;0;0;0;0.0
2020-02-02;TR;Türkiye;0;0;0;0;0.0
2020-02-09;TR;Türkiye;0;0;0;0;0.0
2020-02-16;TR;Türkiye;0;0;0;0;0.0
2020-02-23;TR;Türkiye;0;0;0;0;0.0
2020-03-01;TR;Türkiye;0;0;0;0;0.0
2020-03-08;TR;Türkiye;0;0;0;0;0.0
2020-03-15;TR;Türkiye;6;6;0;0;0.0
2020-03-22;TR;Türkiye;941;947;21;21;2.2175290390707496
2020-03-29;TR;Türkiye;6455;7402;87;108;1.4590651175358011
2020-04-05;TR;Türkiye;16532;23934;393;501;2.0932564552519426
2020-04-12;TR;Türkiye;28233;52167;600;1101;2.110529645177986
2020-04-19;TR;Türkiye;30162;82329;789;1890;2.295667383303575
2020-04-26;TR;Türkiye;25444;107773;816;2706;2.5108329544505583
2020-05-03;TR;Türkiye;16602;124375;630;3336;2.6822110552763823
2020-05-10;TR;Türkiye;12740;137115;403;3739;2.726908069868359
2020-05-17;TR;Türkiye;10952;148067;357;4096;2.766315249177737
2020-05-24;TR;Türkiye;7619;155686;212;4308;2.7671081535912028
2020-05-31;TR;Türkiye;7417;163103;207;4515;2.768189426313434
2020-06-07;TR;Türkiye;6115;169218;154;4669;2.759162736824688
2020-06-14;TR;Türkiye;7459;176677;123;4792;2.7122941865664463
2020-06-21;TR;Türkiye;9816;186493;135;4927;2.64192221691967
2020-06-28;TR;Türkiye;9390;195883;155;5082;2.594405844305019
2020-07-05;TR;Türkiye;8727;204610;124;5206;2.5443526709349493
2020-07-12;TR;Türkiye;7371;211981;138;5344;2.520980653926531
2020-07-19;TR;Türkiye;6736;218717;131;5475;2.5032347737030043
2020-07-26;TR;Türkiye;6456;225173;121;5596;2.485200268238199
2020-08-02;TR;Türkiye;40346;265519;114;5710;2.1505052369133657
2020-08-09;TR;Türkiye;54863;320382;119;5829;1.8193906024683035
2020-08-16;TR;Türkiye;55605;375987;126;5955;1.5838313558713468
2020-08-23;TR;Türkiye;56025;432012;147;6102;1.4124607649787506
2020-08-30;TR;Türkiye;57142;489154;182;6284;1.2846669964878137
2020-09-06;TR;Türkiye;58274;547428;336;6620;1.2092914501998435
2020-09-13;TR;Türkiye;58517;605945;379;6999;1.155055326803588
2020-09-20;TR;Türkiye;58823;664768;446;7445;1.1199395879464715
2020-09-27;TR;Türkiye;58728;723496;484;7929;1.0959286575184934
2020-10-04;TR;Türkiye;57158;780654;455;8384;1.0739713112339142
2020-10-11;TR;Türkiye;58127;838781;394;8778;1.046518697967646
2020-10-18;TR;Türkiye;58757;897538;446;9224;1.0277002199349776
2020-10-25;TR;Türkiye;61216;958754;503;9727;1.0145459627808595
2020-11-01;TR;Türkiye;62693;1021447;525;10252;1.0036741994445135
2020-11-08;TR;Türkiye;63482;1084929;551;10803;0.9957333613536
2020-11-15;TR;Türkiye;66426;1151355;615;11418;0.9917010826374142
2020-11-22;TR;Türkiye;76864;1228219;801;12219;0.9948551520535018
2020-11-29;TR;Türkiye;142929;1371148;1154;13373;0.9753141163463026
2020-12-06;TR;Türkiye;219546;1590694;1332;14705;0.9244392699035767
2020-12-13;TR;Türkiye;219115;1809809;1494;16199;0.8950668274939511
2020-12-20;TR;Türkiye;194476;2004285;1652;17851;0.8906417999436207
2020-12-27;TR;Türkiye;129088;2133373;1773;19624;0.9198578963922389
2021-01-03;TR;Türkiye;98662;2232035;1671;21295;0.9540621002806856
2021-01-10;TR;Türkiye;85083;2317118;1336;22631;0.9766874194581372
2021-01-17;TR;Türkiye;63547;2380665;1201;23832;1.001064828524803
2021-01-24;TR;Türkiye;43663;2424328;1101;24933;1.0284499457169163
2021-01-31;TR;Türkiye;46573;2470901;932;25865;1.0467841487781178
2021-02-07;TR;Türkiye;53885;2524786;820;26685;1.0569212598612316
2021-02-14;TR;Türkiye;55110;2579896;692;27377;1.0611668067239919
2021-02-21;TR;Türkiye;51980;2631876;606;27983;1.0632339821480952
2021-02-28;TR;Türkiye;61288;2693164;520;28503;1.0583462425607946
2021-03-07;TR;Türkiye;76066;2769230;462;28965;1.0459586238773955
2021-03-14;TR;Türkiye;96782;2866012;456;29421;1.0265483884924418
2021-03-21;TR;Türkiye;126682;2992694;538;29959;1.0010712755797953
2021-03-28;TR;Türkiye;186421;3179115;964;30923;0.9726920856905146
2021-04-04;TR;Türkiye;265937;3445052;1155;32078;0.9311325344290885
2021-04-11;TR;Türkiye;353281;3798333;1624;33702;0.887283974311889
2021-04-18;TR;Türkiye;414312;4212645;1906;35608;0.8452646733821625
2021-04-25;TR;Türkiye;378771;4591416;2403;38011;0.8278709661681711
2021-05-02;TR;Türkiye;257992;4849408;2493;40504;0.835235971071108
2021-05-09;TR;Türkiye;166733;5016141;2242;42746;0.8521690279439912
2021-05-16;TR;Türkiye;90721;5106862;1791;44537;0.8721011063153851
2021-05-23;TR;Türkiye;71786;5178648;1534;46071;0.8896337422431492
2021-05-30;TR;Türkiye;57330;5235978;1200;47271;0.9028112799557217
2021-06-06;TR;Türkiye;46616;5282594;797;48068;0.9099317494397638
2021-06-13;TR;Türkiye;42841;5325435;600;48668;0.9138783967882437
2021-06-20;TR;Türkiye;39773;5365208;454;49122;0.9155656220597599
2021-06-27;TR;Türkiye;38936;5404144;402;49524;0.9164078529365614
2021-07-04;TR;Türkiye;36224;5440368;350;49874;0.9167394558603388
2021-07-11;TR;Türkiye;35926;5476294;326;50200;0.9166783229680511
2021-07-18;TR;Türkiye;45745;5522039;295;50495;0.9144267181017737
2021-07-25;TR;Türkiye;65339;5587378;371;50866;0.9103733450645366
2021-08-01;TR;Türkiye;139667;5727045;432;51298;0.8957149804131102
2021-08-08;TR;Türkiye;168796;5895841;723;52021;0.8823338349863912
2021-08-15;TR;Türkiye;163965;6059806;884;52905;0.873047751033614
2021-08-22;TR;Türkiye;137235;6197041;1235;54140;0.8736427595040924
2021-08-29;TR;Türkiye;132508;6329549;1618;55758;0.880915844083046
2021-09-05;TR;Türkiye;149114;6478663;1846;57604;0.889134069791869
2021-09-12;TR;Türkiye;158236;6636899;1825;59429;0.8954332437483229
2021-09-19;TR;Türkiye;183962;6820861;1756;61185;0.8970275160276686
2021-09-26;TR;Türkiye;192778;7013639;1605;62790;0.8952556582966417
2021-10-03;TR;Türkiye;197277;7210916;1519;64309;0.8918284445415811
2021-10-10;TR;Türkiye;205266;7416182;1514;65823;0.8875591240883786
2021-10-17;TR;Türkiye;213981;7630163;1447;67270;0.8816325417949787
2021-10-24;TR;Türkiye;196850;7827013;1475;68745;0.8783044055248151
2021-10-31;TR;Türkiye;182027;8009040;1507;70252;0.8771588105440853
2021-11-07;TR;Türkiye;197335;8206375;1517;71769;0.8745517966215289
2021-11-14;TR;Türkiye;180167;8386542;1403;73172;0.8724930966779872
2021-11-21;TR;Türkiye;163835;8550377;1519;74691;0.8735404298547303
2021-11-28;TR;Türkiye;174023;8724400;1395;76086;0.872105818165146
2021-12-05;TR;Türkiye;157360;8881760;1376;77462;0.8721469618634144
2021-12-12;TR;Türkiye;140463;9022223;1361;78823;0.8736538655717111
2021-12-19;TR;Türkiye;131986;9154209;1275;80098;0.8749854848190597
2021-12-26;TR;Türkiye;132777;9286986;1205;81303;0.8754508728666115
2022-01-02;TR;Türkiye;232295;9519281;1103;82406;0.8656746239553176
2022-01-09;TR;Türkiye;397444;9916725;1027;83433;0.8413362274339562
2022-01-16;TR;Türkiye;486339;10403064;1057;84490;0.8121645699766915
2022-01-23;TR;Türkiye;478562;10881626;1155;85645;0.7870606837617833
2022-01-30;TR;Türkiye;556850;11438476;1271;86916;0.7598564703899365
2022-02-06;TR;Türkiye;712091;12150567;1441;88357;0.7271841717345372
2022-02-13;TR;Türkiye;683967;12834534;1682;90039;0.7015369626976717
2022-02-20;TR;Türkiye;599596;13434130;1916;91955;0.6844879422783612
2022-02-27;TR;Türkiye;541259;13975389;1895;93850;0.671537658093095
2022-03-06;TR;Türkiye;350828;14326217;1400;95250;0.6648649814532336
2022-03-13;TR;Türkiye;208022;14534239;1012;96262;0.6623119380381731
2022-03-20;TR;Türkiye;146597;14680836;860;97122;0.6615563309882353
2022-03-27;TR;Türkiye;108647;14789483;589;97711;0.6606789432734059
2022-04-03;TR;Türkiye;96227;14885710;412;98123;0.6591758135822879
2022-04-10;TR;Türkiye;67655;14953365;264;98387;0.657958927639364
2022-04-17;TR;Türkiye;38304;14991669;190;98577;0.6575452006044157
2022-04-24;TR;Türkiye;24601;15016270;128;98705;0.6573203598496831
2022-05-01;TR;Türkiye;15823;15032093;97;98802;0.6572737409221723
2022-05-08;TR;Türkiye;9806;15041899;66;98868;0.6572840304272752
2022-05-15;TR;Türkiye;11269;15053168;53;98921;0.6571440642926459
2022-05-22;TR;Türkiye;9225;15062393;35;98956;0.656973961574366
2022-05-29;TR;Türkiye;7607;15070000;30;98986;0.6568414067684141
2022-06-05;TR;Türkiye;7320;15077320;18;99004;0.656641896570478
2022-06-12;TR;Türkiye;7555;15084875;23;99027;0.6564654993826597
2022-06-19;TR;Türkiye;10956;15095831;15;99042;0.6560884260031793
2022-06-26;TR;Türkiye;26635;15122466;13;99055;0.6550188309234751
2022-07-03;TR;Türkiye;57114;15179580;29;99084;0.6527453328748226
2022-07-10;TR;Türkiye;117096;15296676;31;99115;0.6479512280968754
2022-07-17;TR;Türkiye;226532;15523208;94;99209;0.6391011445572333
2022-07-24;TR;Türkiye;365422;15888630;158;99367;0.625396903320173
2022-07-31;TR;Türkiye;406321;16294951;336;99703;0.6118643744310738
2022-08-07;TR;Türkiye;232254;16527205;381;100084;0.6055712384519948
2022-08-14;TR;Türkiye;143777;16670982;341;100425;0.6023940281382345
2022-08-21;TR;Türkiye;80022;16751004;228;100653;0.6008774160641356
2022-08-28;TR;Türkiye;45882;16796886;206;100859;0.6004624904878202
2022-09-04;TR;Türkiye;32191;16829077;141;101000;0.6001517492611151
2022-09-11;TR;Türkiye;22441;16851518;89;101089;0.5998806754382602
2022-09-18;TR;Türkiye;21411;16872929;73;101162;0.599552099105022
2022-09-25;TR;Türkiye;22729;16895658;38;101200;0.5989704573802334
2022-10-02;TR;Türkiye;23116;16918774;24;101224;0.5982939425752718
2022-10-09;TR;Türkiye;18723;16937497;38;101262;0.5978569324617445
2022-10-16;TR;Türkiye;15482;16952979;25;101287;0.5974584171902767
2022-10-23;TR;Türkiye;11808;16964787;42;101329;0.5972901398644145
2022-10-30;TR;Türkiye;11083;16975870;25;101354;0.5970474561833944
2022-11-06;TR;Türkiye;13508;16989378;30;101384;0.5967493336130375
2022-11-13;TR;Türkiye;15299;17004677;35;101419;0.59641826775069
2022-11-20;TR;Türkiye;0;17004677;0;101419;0.59641826775069
2022-11-27;TR;Türkiye;0;17004677;0;101419;0.59641826775069
2022-12-04;TR;Türkiye;0;17004677;0;101419;0.59641826775069
2022-12-11;TR;Türkiye;0;17004677;0;101419;0.59641826775069
2022-12-18;TR;Türkiye;0;17004677;0;101419;0.59641826775069
2022-12-25;TR;Türkiye;0;17004677;0;101419;0.59641826775069
2023-01-01;TR;Türkiye;0;17004677;0;101419;0.59641826775069
2023-01-08;TR;Türkiye;0;17004677;0;101419;0.59641826775069
2023-01-15;TR;Türkiye;0;17004677;0;101419;0.59641826775069
2023-01-22;TR;Türkiye;0;17004677;0;101419;0.59641826775069
2023-01-29;TR;Türkiye;0;17004677;0;101419;0.59641826775069
2023-02-05;TR;Türkiye;0;17004677;0;101419;0.59641826775069
2023-02-12;TR;Türkiye;0;17004677;0;101419;0.59641826775069
2023-02-19;TR;Türkiye;0;17004677;0;101419;0.59641826775069
2023-02-26;TR;Türkiye;0;17004677;0;101419;0.59641826775069
2023-03-05;TR;Türkiye;0;17004677;0;101419;0.59641826775069
2023-03-12;TR;Türkiye;0;17004677;0;101419;0.59641826775069
2023-03-19;TR;Türkiye;0;17004677;0;101419;0.59641826775069
2023-03-26;TR;Türkiye;0;17004677;0;101419;0.59641826775069
2023-04-02;TR;Türkiye;0;17004677;0;101419;0.59641826775069
2023-04-09;TR;Türkiye;0;17004677;0;101419;0.59641826775069
2023-04-16;TR;Türkiye;0;17004677;0;101419;0.59641826775069
2023-04-23;TR;Türkiye;0;17004677;0;101419;0.59641826775069
2023-04-30;TR;Türkiye;0;17004677;0;101419;0.59641826775069
2023-05-07;TR;Türkiye;0;17004677;0;101419;0.59641826775069
2023-05-14;TR;Türkiye;0;17004677;0;101419;0.59641826775069
2023-05-21;TR;Türkiye;0;17004677;0;101419;0.59641826775069
2023-05-28;TR;Türkiye;0;17004677;0;101419;0.59641826775069
2023-06-04;TR;Türkiye;0;17004677;0;101419;0.59641826775069
2023-06-11;TR;Türkiye;0;17004677;0;101419;0.59641826775069
2023-06-18;TR;Türkiye;0;17004677;0;101419;0.59641826775069
2023-06-25;TR;Türkiye;0;17004677;0;101419;0.59641826775069
2023-07-02;TR;Türkiye;0;17004677;0;101419;0.59641826775069
2023-07-09;TR;Türkiye;0;17004677;0;101419;0.59641826775069
2023-07-16;TR;Türkiye;0;17004677;0;101419;0.59641826775069
2023-07-23;TR;Türkiye;0;17004677;0;101419;0.59641826775069
2023-07-30;TR;Türkiye;0;17004677;0;101419;0.59641826775069
2023-08-06;TR;Türkiye;0;17004677;0;101419;0.59641826775069
2023-08-13;TR;Türkiye;0;17004677;0;101419;0.59641826775069
2023-08-20;TR;Türkiye;0;17004677;0;101419;0.59641826775069
2023-08-27;TR;Türkiye;0;17004677;0;101419;0.59641826775069
2023-09-03;TR;Türkiye;0;17004677;0;101419;0.59641826775069
2023-09-10;TR;Türkiye;0;17004677;0;101419;0.59641826775069
2023-09-17;TR;Türkiye;0;17004677;0;101419;0.59641826775069
2023-09-24;TR;Türkiye;0;17004677;0;101419;0.59641826775069
2023-10-01;TR;Türkiye;0;17004677;0;101419;0.59641826775069
2023-10-08;TR;Türkiye;0;17004677;0;101419;0.59641826775069
2023-10-15;TR;Türkiye;0;17004677;0;101419;0.59641826775069
2023-10-22;TR;Türkiye;0;17004677;0;101419;0.59641826775069
2023-10-29;TR;Türkiye;0;17004677;0;101419;0.59641826775069
2023-11-05;TR;Türkiye;0;17004677;0;101419;0.59641826775069
2023-11-12;TR;Türkiye;0;17004677;0;101419;0.59641826775069
2023-11-19;TR;Türkiye;0;17004677;0;101419;0.59641826775069
2023-11-26;TR;Türkiye;0;17004677;0;101419;0.59641826775069
2023-12-03;TR;Türkiye;0;17004677;0;101419;0.59641826775069
2023-12-10;TR;Türkiye;0;17004677;0;101419;0.59641826775069
2023-12-17;TR;Türkiye;0;17004677;0;101419;0.59641826775069
2023-12-24;TR;Türkiye;0;17004677;0;101419;0.59641826775069
2023-12-31;TR;Türkiye;0;17004677;0;101419;0.59641826775069
2024-01-07;TR;Türkiye;0;17004677;0;101419;0.59641826775069
2024-01-14;TR;Türkiye;0;17004677;0;101419;0.59641826775069
2024-01-21;TR;Türkiye;0;17004677;0;101419;0.59641826775069
2020-01-05;TM;Turkmenistan;0;0;0;0;0.0
2020-01-12;TM;Turkmenistan;0;0;0;0;0.0
2020-01-19;TM;Turkmenistan;0;0;0;0;0.0
2020-01-26;TM;Turkmenistan;0;0;0;0;0.0
2020-02-02;TM;Turkmenistan;0;0;0;0;0.0
2020-02-09;TM;Turkmenistan;0;0;0;0;0.0
2020-02-16;TM;Turkmenistan;0;0;0;0;0.0
2020-02-23;TM;Turkmenistan;0;0;0;0;0.0
2020-03-01;TM;Turkmenistan;0;0;0;0;0.0
2020-03-08;TM;Turkmenistan;0;0;0;0;0.0
2020-03-15;TM;Turkmenistan;0;0;0;0;0.0
2020-03-22;TM;Turkmenistan;0;0;0;0;0.0
2020-03-29;TM;Turkmenistan;0;0;0;0;0.0
2020-04-05;TM;Turkmenistan;0;0;0;0;0.0
2020-04-12;TM;Turkmenistan;0;0;0;0;0.0
2020-04-19;TM;Turkmenistan;0;0;0;0;0.0
2020-04-26;TM;Turkmenistan;0;0;0;0;0.0
2020-05-03;TM;Turkmenistan;0;0;0;0;0.0
2020-05-10;TM;Turkmenistan;0;0;0;0;0.0
2020-05-17;TM;Turkmenistan;0;0;0;0;0.0
2020-05-24;TM;Turkmenistan;0;0;0;0;0.0
2020-05-31;TM;Turkmenistan;0;0;0;0;0.0
2020-06-07;TM;Turkmenistan;0;0;0;0;0.0
2020-06-14;TM;Turkmenistan;0;0;0;0;0.0
2020-06-21;TM;Turkmenistan;0;0;0;0;0.0
2020-06-28;TM;Turkmenistan;0;0;0;0;0.0
2020-07-05;TM;Turkmenistan;0;0;0;0;0.0
2020-07-12;TM;Turkmenistan;0;0;0;0;0.0
2020-07-19;TM;Turkmenistan;0;0;0;0;0.0
2020-07-26;TM;Turkmenistan;0;0;0;0;0.0
2020-08-02;TM;Turkmenistan;0;0;0;0;0.0
2020-08-09;TM;Turkmenistan;0;0;0;0;0.0
2020-08-16;TM;Turkmenistan;0;0;0;0;0.0
2020-08-23;TM;Turkmenistan;0;0;0;0;0.0
2020-08-30;TM;Turkmenistan;0;0;0;0;0.0
2020-09-06;TM;Turkmenistan;0;0;0;0;0.0
2020-09-13;TM;Turkmenistan;0;0;0;0;0.0
2020-09-20;TM;Turkmenistan;0;0;0;0;0.0
2020-09-27;TM;Turkmenistan;0;0;0;0;0.0
2020-10-04;TM;Turkmenistan;0;0;0;0;0.0
2020-10-11;TM;Turkmenistan;0;0;0;0;0.0
2020-10-18;TM;Turkmenistan;0;0;0;0;0.0
2020-10-25;TM;Turkmenistan;0;0;0;0;0.0
2020-11-01;TM;Turkmenistan;0;0;0;0;0.0
2020-11-08;TM;Turkmenistan;0;0;0;0;0.0
2020-11-15;TM;Turkmenistan;0;0;0;0;0.0
2020-11-22;TM;Turkmenistan;0;0;0;0;0.0
2020-11-29;TM;Turkmenistan;0;0;0;0;0.0
2020-12-06;TM;Turkmenistan;0;0;0;0;0.0
2020-12-13;TM;Turkmenistan;0;0;0;0;0.0
2020-12-20;TM;Turkmenistan;0;0;0;0;0.0
2020-12-27;TM;Turkmenistan;0;0;0;0;0.0
2021-01-03;TM;Turkmenistan;0;0;0;0;0.0
2021-01-10;TM;Turkmenistan;0;0;0;0;0.0
2021-01-17;TM;Turkmenistan;0;0;0;0;0.0
2021-01-24;TM;Turkmenistan;0;0;0;0;0.0
2021-01-31;TM;Turkmenistan;0;0;0;0;0.0
2021-02-07;TM;Turkmenistan;0;0;0;0;0.0
2021-02-14;TM;Turkmenistan;0;0;0;0;0.0
2021-02-21;TM;Turkmenistan;0;0;0;0;0.0
2021-02-28;TM;Turkmenistan;0;0;0;0;0.0
2021-03-07;TM;Turkmenistan;0;0;0;0;0.0
2021-03-14;TM;Turkmenistan;0;0;0;0;0.0
2021-03-21;TM;Turkmenistan;0;0;0;0;0.0
2021-03-28;TM;Turkmenistan;0;0;0;0;0.0
2021-04-04;TM;Turkmenistan;0;0;0;0;0.0
2021-04-11;TM;Turkmenistan;0;0;0;0;0.0
2021-04-18;TM;Turkmenistan;0;0;0;0;0.0
2021-04-25;TM;Turkmenistan;0;0;0;0;0.0
2021-05-02;TM;Turkmenistan;0;0;0;0;0.0
2021-05-09;TM;Turkmenistan;0;0;0;0;0.0
2021-05-16;TM;Turkmenistan;0;0;0;0;0.0
2021-05-23;TM;Turkmenistan;0;0;0;0;0.0
2021-05-30;TM;Turkmenistan;0;0;0;0;0.0
2021-06-06;TM;Turkmenistan;0;0;0;0;0.0
2021-06-13;TM;Turkmenistan;0;0;0;0;0.0
2021-06-20;TM;Turkmenistan;0;0;0;0;0.0
2021-06-27;TM;Turkmenistan;0;0;0;0;0.0
2021-07-04;TM;Turkmenistan;0;0;0;0;0.0
2021-07-11;TM;Turkmenistan;0;0;0;0;0.0
2021-07-18;TM;Turkmenistan;0;0;0;0;0.0
2021-07-25;TM;Turkmenistan;0;0;0;0;0.0
2021-08-01;TM;Turkmenistan;0;0;0;0;0.0
2021-08-08;TM;Turkmenistan;0;0;0;0;0.0
2021-08-15;TM;Turkmenistan;0;0;0;0;0.0
2021-08-22;TM;Turkmenistan;0;0;0;0;0.0
2021-08-29;TM;Turkmenistan;0;0;0;0;0.0
2021-09-05;TM;Turkmenistan;0;0;0;0;0.0
2021-09-12;TM;Turkmenistan;0;0;0;0;0.0
2021-09-19;TM;Turkmenistan;0;0;0;0;0.0
2021-09-26;TM;Turkmenistan;0;0;0;0;0.0
2021-10-03;TM;Turkmenistan;0;0;0;0;0.0
2021-10-10;TM;Turkmenistan;0;0;0;0;0.0
2021-10-17;TM;Turkmenistan;0;0;0;0;0.0
2021-10-24;TM;Turkmenistan;0;0;0;0;0.0
2021-10-31;TM;Turkmenistan;0;0;0;0;0.0
2021-11-07;TM;Turkmenistan;0;0;0;0;0.0
2021-11-14;TM;Turkmenistan;0;0;0;0;0.0
2021-11-21;TM;Turkmenistan;0;0;0;0;0.0
2021-11-28;TM;Turkmenistan;0;0;0;0;0.0
2021-12-05;TM;Turkmenistan;0;0;0;0;0.0
2021-12-12;TM;Turkmenistan;0;0;0;0;0.0
2021-12-19;TM;Turkmenistan;0;0;0;0;0.0
2021-12-26;TM;Turkmenistan;0;0;0;0;0.0
2022-01-02;TM;Turkmenistan;0;0;0;0;0.0
2022-01-09;TM;Turkmenistan;0;0;0;0;0.0
2022-01-16;TM;Turkmenistan;0;0;0;0;0.0
2022-01-23;TM;Turkmenistan;0;0;0;0;0.0
2022-01-30;TM;Turkmenistan;0;0;0;0;0.0
2022-02-06;TM;Turkmenistan;0;0;0;0;0.0
2022-02-13;TM;Turkmenistan;0;0;0;0;0.0
2022-02-20;TM;Turkmenistan;0;0;0;0;0.0
2022-02-27;TM;Turkmenistan;0;0;0;0;0.0
2022-03-06;TM;Turkmenistan;0;0;0;0;0.0
2022-03-13;TM;Turkmenistan;0;0;0;0;0.0
2022-03-20;TM;Turkmenistan;0;0;0;0;0.0
2022-03-27;TM;Turkmenistan;0;0;0;0;0.0
2022-04-03;TM;Turkmenistan;0;0;0;0;0.0
2022-04-10;TM;Turkmenistan;0;0;0;0;0.0
2022-04-17;TM;Turkmenistan;0;0;0;0;0.0
2022-04-24;TM;Turkmenistan;0;0;0;0;0.0
2022-05-01;TM;Turkmenistan;0;0;0;0;0.0
2022-05-08;TM;Turkmenistan;0;0;0;0;0.0
2022-05-15;TM;Turkmenistan;0;0;0;0;0.0
2022-05-22;TM;Turkmenistan;0;0;0;0;0.0
2022-05-29;TM;Turkmenistan;0;0;0;0;0.0
2022-06-05;TM;Turkmenistan;0;0;0;0;0.0
2022-06-12;TM;Turkmenistan;0;0;0;0;0.0
2022-06-19;TM;Turkmenistan;0;0;0;0;0.0
2022-06-26;TM;Turkmenistan;0;0;0;0;0.0
2022-07-03;TM;Turkmenistan;0;0;0;0;0.0
2022-07-10;TM;Turkmenistan;0;0;0;0;0.0
2022-07-17;TM;Turkmenistan;0;0;0;0;0.0
2022-07-24;TM;Turkmenistan;0;0;0;0;0.0
2022-07-31;TM;Turkmenistan;0;0;0;0;0.0
2022-08-07;TM;Turkmenistan;0;0;0;0;0.0
2022-08-14;TM;Turkmenistan;0;0;0;0;0.0
2022-08-21;TM;Turkmenistan;0;0;0;0;0.0
2022-08-28;TM;Turkmenistan;0;0;0;0;0.0
2022-09-04;TM;Turkmenistan;0;0;0;0;0.0
2022-09-11;TM;Turkmenistan;0;0;0;0;0.0
2022-09-18;TM;Turkmenistan;0;0;0;0;0.0
2022-09-25;TM;Turkmenistan;0;0;0;0;0.0
2022-10-02;TM;Turkmenistan;0;0;0;0;0.0
2022-10-09;TM;Turkmenistan;0;0;0;0;0.0
2022-10-16;TM;Turkmenistan;0;0;0;0;0.0
2022-10-23;TM;Turkmenistan;0;0;0;0;0.0
2022-10-30;TM;Turkmenistan;0;0;0;0;0.0
2022-11-06;TM;Turkmenistan;0;0;0;0;0.0
2022-11-13;TM;Turkmenistan;0;0;0;0;0.0
2022-11-20;TM;Turkmenistan;0;0;0;0;0.0
2022-11-27;TM;Turkmenistan;0;0;0;0;0.0
2022-12-04;TM;Turkmenistan;0;0;0;0;0.0
2022-12-11;TM;Turkmenistan;0;0;0;0;0.0
2022-12-18;TM;Turkmenistan;0;0;0;0;0.0
2022-12-25;TM;Turkmenistan;0;0;0;0;0.0
2023-01-01;TM;Turkmenistan;0;0;0;0;0.0
2023-01-08;TM;Turkmenistan;0;0;0;0;0.0
2023-01-15;TM;Turkmenistan;0;0;0;0;0.0
2023-01-22;TM;Turkmenistan;0;0;0;0;0.0
2023-01-29;TM;Turkmenistan;0;0;0;0;0.0
2023-02-05;TM;Turkmenistan;0;0;0;0;0.0
2023-02-12;TM;Turkmenistan;0;0;0;0;0.0
2023-02-19;TM;Turkmenistan;0;0;0;0;0.0
2023-02-26;TM;Turkmenistan;0;0;0;0;0.0
2023-03-05;TM;Turkmenistan;0;0;0;0;0.0
2023-03-12;TM;Turkmenistan;0;0;0;0;0.0
2023-03-19;TM;Turkmenistan;0;0;0;0;0.0
2023-03-26;TM;Turkmenistan;0;0;0;0;0.0
2023-04-02;TM;Turkmenistan;0;0;0;0;0.0
2023-04-09;TM;Turkmenistan;0;0;0;0;0.0
2023-04-16;TM;Turkmenistan;0;0;0;0;0.0
2023-04-23;TM;Turkmenistan;0;0;0;0;0.0
2023-04-30;TM;Turkmenistan;0;0;0;0;0.0
2023-05-07;TM;Turkmenistan;0;0;0;0;0.0
2023-05-14;TM;Turkmenistan;0;0;0;0;0.0
2023-05-21;TM;Turkmenistan;0;0;0;0;0.0
2023-05-28;TM;Turkmenistan;0;0;0;0;0.0
2023-06-04;TM;Turkmenistan;0;0;0;0;0.0
2023-06-11;TM;Turkmenistan;0;0;0;0;0.0
2023-06-18;TM;Turkmenistan;0;0;0;0;0.0
2023-06-25;TM;Turkmenistan;0;0;0;0;0.0
2023-07-02;TM;Turkmenistan;0;0;0;0;0.0
2023-07-09;TM;Turkmenistan;0;0;0;0;0.0
2023-07-16;TM;Turkmenistan;0;0;0;0;0.0
2023-07-23;TM;Turkmenistan;0;0;0;0;0.0
2023-07-30;TM;Turkmenistan;0;0;0;0;0.0
2023-08-06;TM;Turkmenistan;0;0;0;0;0.0
2023-08-13;TM;Turkmenistan;0;0;0;0;0.0
2023-08-20;TM;Turkmenistan;0;0;0;0;0.0
2023-08-27;TM;Turkmenistan;0;0;0;0;0.0
2023-09-03;TM;Turkmenistan;0;0;0;0;0.0
2023-09-10;TM;Turkmenistan;0;0;0;0;0.0
2023-09-17;TM;Turkmenistan;0;0;0;0;0.0
2023-09-24;TM;Turkmenistan;0;0;0;0;0.0
2023-10-01;TM;Turkmenistan;0;0;0;0;0.0
2023-10-08;TM;Turkmenistan;0;0;0;0;0.0
2023-10-15;TM;Turkmenistan;0;0;0;0;0.0
2023-10-22;TM;Turkmenistan;0;0;0;0;0.0
2023-10-29;TM;Turkmenistan;0;0;0;0;0.0
2023-11-05;TM;Turkmenistan;0;0;0;0;0.0
2023-11-12;TM;Turkmenistan;0;0;0;0;0.0
2023-11-19;TM;Turkmenistan;0;0;0;0;0.0
2023-11-26;TM;Turkmenistan;0;0;0;0;0.0
2023-12-03;TM;Turkmenistan;0;0;0;0;0.0
2023-12-10;TM;Turkmenistan;0;0;0;0;0.0
2023-12-17;TM;Turkmenistan;0;0;0;0;0.0
2023-12-24;TM;Turkmenistan;0;0;0;0;0.0
2023-12-31;TM;Turkmenistan;0;0;0;0;0.0
2024-01-07;TM;Turkmenistan;0;0;0;0;0.0
2024-01-14;TM;Turkmenistan;0;0;0;0;0.0
2024-01-21;TM;Turkmenistan;0;0;0;0;0.0
2020-01-05;TC;Turks and Caicos Islands;0;0;0;0;0.0
2020-01-12;TC;Turks and Caicos Islands;0;0;0;0;0.0
2020-01-19;TC;Turks and Caicos Islands;0;0;0;0;0.0
2020-01-26;TC;Turks and Caicos Islands;0;0;0;0;0.0
2020-02-02;TC;Turks and Caicos Islands;0;0;0;0;0.0
2020-02-09;TC;Turks and Caicos Islands;0;0;0;0;0.0
2020-02-16;TC;Turks and Caicos Islands;0;0;0;0;0.0
2020-02-23;TC;Turks and Caicos Islands;0;0;0;0;0.0
2020-03-01;TC;Turks and Caicos Islands;0;0;0;0;0.0
2020-03-08;TC;Turks and Caicos Islands;0;0;0;0;0.0
2020-03-15;TC;Turks and Caicos Islands;0;0;0;0;0.0
2020-03-22;TC;Turks and Caicos Islands;0;0;0;0;0.0
2020-03-29;TC;Turks and Caicos Islands;2;2;0;0;0.0
2020-04-05;TC;Turks and Caicos Islands;3;5;0;0;0.0
2020-04-19;TC;Turks and Caicos Islands;3;11;0;1;9.090909090909092
2020-04-26;TC;Turks and Caicos Islands;0;11;0;1;9.090909090909092
2020-05-03;TC;Turks and Caicos Islands;1;12;0;1;8.333333333333332
2020-05-10;TC;Turks and Caicos Islands;0;12;0;1;8.333333333333332
2020-05-17;TC;Turks and Caicos Islands;0;12;0;1;8.333333333333332
2020-05-24;TC;Turks and Caicos Islands;0;12;0;1;8.333333333333332
2020-05-31;TC;Turks and Caicos Islands;0;12;0;1;8.333333333333332
2020-06-07;TC;Turks and Caicos Islands;0;12;0;1;8.333333333333332
2020-06-14;TC;Turks and Caicos Islands;0;12;0;1;8.333333333333332
2020-06-21;TC;Turks and Caicos Islands;0;12;0;1;8.333333333333332
2020-06-28;TC;Turks and Caicos Islands;4;16;0;1;6.25
2020-07-05;TC;Turks and Caicos Islands;29;45;1;2;4.444444444444445
2020-07-12;TC;Turks and Caicos Islands;24;69;0;2;2.898550724637681
2020-07-19;TC;Turks and Caicos Islands;6;75;0;2;2.666666666666667
2020-07-26;TC;Turks and Caicos Islands;17;92;0;2;2.1739130434782608
2020-08-02;TC;Turks and Caicos Islands;22;114;0;2;1.7543859649122806
2020-08-09;TC;Turks and Caicos Islands;56;170;0;2;1.1764705882352942
2020-08-16;TC;Turks and Caicos Islands;104;274;0;2;0.7299270072992701
2020-08-23;TC;Turks and Caicos Islands;73;347;0;2;0.5763688760806917
2020-08-30;TC;Turks and Caicos Islands;143;490;1;3;0.6122448979591837
2020-09-06;TC;Turks and Caicos Islands;101;591;2;5;0.8460236886632826
2020-09-13;TC;Turks and Caicos Islands;50;641;0;5;0.7800312012480499
2020-09-20;TC;Turks and Caicos Islands;26;667;0;5;0.7496251874062968
2020-09-27;TC;Turks and Caicos Islands;13;680;0;5;0.7352941176470588
2020-10-04;TC;Turks and Caicos Islands;15;695;1;6;0.8633093525179856
2020-10-11;TC;Turks and Caicos Islands;0;695;0;6;0.8633093525179856
2020-10-18;TC;Turks and Caicos Islands;2;697;0;6;0.860832137733142
2020-10-25;TC;Turks and Caicos Islands;2;699;0;6;0.8583690987124464
2020-11-01;TC;Turks and Caicos Islands;4;703;0;6;0.8534850640113799
2020-11-08;TC;Turks and Caicos Islands;4;707;0;6;0.8486562942008486
2020-11-15;TC;Turks and Caicos Islands;9;716;0;6;0.8379888268156425
2020-11-22;TC;Turks and Caicos Islands;24;740;0;6;0.8108108108108109
2020-11-29;TC;Turks and Caicos Islands;8;748;0;6;0.8021390374331552
2020-12-06;TC;Turks and Caicos Islands;7;755;0;6;0.7947019867549668
2020-12-13;TC;Turks and Caicos Islands;14;769;0;6;0.7802340702210664
2020-12-20;TC;Turks and Caicos Islands;20;789;0;6;0.7604562737642585
2020-12-27;TC;Turks and Caicos Islands;55;844;0;6;0.7109004739336493
2021-01-03;TC;Turks and Caicos Islands;64;908;0;6;0.6607929515418502
2021-01-10;TC;Turks and Caicos Islands;57;965;0;6;0.6217616580310881
2021-01-17;TC;Turks and Caicos Islands;114;1079;0;6;0.5560704355885079
2021-01-24;TC;Turks and Caicos Islands;165;1244;1;7;0.5627009646302251
2021-01-31;TC;Turks and Caicos Islands;215;1459;1;8;0.5483207676490748
2021-02-07;TC;Turks and Caicos Islands;195;1654;1;9;0.5441354292623942
2021-02-14;TC;Turks and Caicos Islands;179;1833;3;12;0.6546644844517185
2021-02-21;TC;Turks and Caicos Islands;165;1998;2;14;0.7007007007007007
2021-02-28;TC;Turks and Caicos Islands;101;2099;0;14;0.6669842782277274
2021-03-07;TC;Turks and Caicos Islands;73;2172;0;14;0.6445672191528545
2021-03-14;TC;Turks and Caicos Islands;28;2200;1;15;0.6818181818181818
2021-03-21;TC;Turks and Caicos Islands;90;2290;0;15;0.6550218340611353
2021-03-28;TC;Turks and Caicos Islands;35;2325;2;17;0.7311827956989247
2021-04-04;TC;Turks and Caicos Islands;19;2344;0;17;0.7252559726962458
2021-04-11;TC;Turks and Caicos Islands;0;2344;0;17;0.7252559726962458
2021-04-18;TC;Turks and Caicos Islands;25;2369;0;17;0.7176023638666104
2021-04-25;TC;Turks and Caicos Islands;7;2376;0;17;0.7154882154882155
2021-05-02;TC;Turks and Caicos Islands;14;2390;0;17;0.7112970711297071
2021-05-09;TC;Turks and Caicos Islands;12;2402;0;17;0.7077435470441299
2021-05-16;TC;Turks and Caicos Islands;2;2404;0;17;0.7071547420965058
2021-05-23;TC;Turks and Caicos Islands;4;2408;0;17;0.7059800664451827
2021-05-30;TC;Turks and Caicos Islands;4;2412;0;17;0.7048092868988391
2021-06-06;TC;Turks and Caicos Islands;8;2420;0;17;0.7024793388429752
2021-06-13;TC;Turks and Caicos Islands;1;2421;1;18;0.7434944237918215
2021-06-20;TC;Turks and Caicos Islands;2;2423;0;18;0.7428807263722659
2021-06-27;TC;Turks and Caicos Islands;1;2424;0;18;0.7425742574257426
2021-07-04;TC;Turks and Caicos Islands;1;2425;0;18;0.7422680412371134
2021-07-11;TC;Turks and Caicos Islands;5;2430;0;18;0.7407407407407408
2021-07-18;TC;Turks and Caicos Islands;16;2446;0;18;0.7358953393295176
2021-07-25;TC;Turks and Caicos Islands;16;2462;0;18;0.7311129163281885
2021-08-01;TC;Turks and Caicos Islands;22;2484;0;18;0.7246376811594203
2021-08-08;TC;Turks and Caicos Islands;30;2514;0;18;0.7159904534606205
2021-08-15;TC;Turks and Caicos Islands;48;2562;1;19;0.741608118657299
2021-08-22;TC;Turks and Caicos Islands;45;2607;0;19;0.728807057920982
2021-08-29;TC;Turks and Caicos Islands;30;2637;1;20;0.7584376185058779
2021-09-05;TC;Turks and Caicos Islands;55;2692;0;20;0.7429420505200593
2021-09-12;TC;Turks and Caicos Islands;61;2753;0;20;0.726480203414457
2021-09-19;TC;Turks and Caicos Islands;47;2800;1;21;0.75
2021-09-26;TC;Turks and Caicos Islands;30;2830;1;22;0.7773851590106008
2021-10-03;TC;Turks and Caicos Islands;29;2859;1;23;0.8044770898915705
2021-10-10;TC;Turks and Caicos Islands;31;2890;0;23;0.795847750865052
2021-10-17;TC;Turks and Caicos Islands;32;2922;0;23;0.7871321013004791
2021-10-24;TC;Turks and Caicos Islands;29;2951;0;23;0.7793968146391054
2021-10-31;TC;Turks and Caicos Islands;29;2980;0;23;0.7718120805369127
2021-11-07;TC;Turks and Caicos Islands;31;3011;0;23;0.7638658253072069
2021-11-14;TC;Turks and Caicos Islands;20;3031;0;23;0.7588254701418674
2021-11-21;TC;Turks and Caicos Islands;45;3076;0;23;0.7477243172951885
2021-11-28;TC;Turks and Caicos Islands;20;3096;1;24;0.7751937984496124
2021-12-05;TC;Turks and Caicos Islands;7;3103;1;25;0.8056719303899453
2021-12-12;TC;Turks and Caicos Islands;27;3130;0;25;0.7987220447284344
2021-12-19;TC;Turks and Caicos Islands;33;3163;0;25;0.7903888713246918
2021-12-26;TC;Turks and Caicos Islands;72;3235;1;26;0.80370942812983
2022-01-02;TC;Turks and Caicos Islands;173;3408;0;26;0.7629107981220657
2022-01-09;TC;Turks and Caicos Islands;472;3880;0;26;0.6701030927835051
2022-01-16;TC;Turks and Caicos Islands;1076;4956;4;30;0.6053268765133172
2022-01-23;TC;Turks and Caicos Islands;568;5524;3;33;0.5973931933381608
2022-01-30;TC;Turks and Caicos Islands;168;5692;1;34;0.5973295853829936
2022-02-06;TC;Turks and Caicos Islands;86;5778;1;35;0.6057459328487366
2022-02-13;TC;Turks and Caicos Islands;45;5823;0;35;0.6010647432594882
2022-02-20;TC;Turks and Caicos Islands;20;5843;1;36;0.616121855211364
2022-02-27;TC;Turks and Caicos Islands;12;5855;0;36;0.6148590947907772
2022-03-06;TC;Turks and Caicos Islands;12;5867;0;36;0.6136014999147775
2022-03-13;TC;Turks and Caicos Islands;7;5874;0;36;0.6128702757916241
2022-03-20;TC;Turks and Caicos Islands;0;5874;0;36;0.6128702757916241
2022-03-27;TC;Turks and Caicos Islands;14;5888;0;36;0.6114130434782609
2022-04-03;TC;Turks and Caicos Islands;22;5910;0;36;0.6091370558375634
2022-04-10;TC;Turks and Caicos Islands;13;5923;0;36;0.6078001013000169
2022-04-17;TC;Turks and Caicos Islands;13;5936;0;36;0.6064690026954178
2022-04-24;TC;Turks and Caicos Islands;5;5941;0;36;0.6059585928294899
2022-05-01;TC;Turks and Caicos Islands;22;5963;0;36;0.6037229582424953
2022-05-08;TC;Turks and Caicos Islands;32;5995;0;36;0.6005004170141784
2022-05-15;TC;Turks and Caicos Islands;51;6046;0;36;0.5954349983460139
2022-05-22;TC;Turks and Caicos Islands;51;6097;0;36;0.5904543217976054
2022-05-29;TC;Turks and Caicos Islands;26;6123;0;36;0.5879470847623713
2022-06-05;TC;Turks and Caicos Islands;25;6148;0;36;0.5855562784645413
2022-06-12;TC;Turks and Caicos Islands;12;6160;0;36;0.5844155844155844
2022-06-19;TC;Turks and Caicos Islands;29;6189;0;36;0.58167716917111
2022-06-26;TC;Turks and Caicos Islands;22;6211;0;36;0.5796168088874577
2022-07-03;TC;Turks and Caicos Islands;8;6219;0;36;0.5788712011577424
2022-07-10;TC;Turks and Caicos Islands;15;6234;0;36;0.5774783445620789
2022-07-17;TC;Turks and Caicos Islands;21;6255;0;36;0.5755395683453237
2022-07-24;TC;Turks and Caicos Islands;24;6279;0;36;0.5733397037744864
2022-07-31;TC;Turks and Caicos Islands;24;6303;0;36;0.5711565920990005
2022-08-07;TC;Turks and Caicos Islands;25;6328;0;36;0.5689001264222503
2022-08-14;TC;Turks and Caicos Islands;10;6338;0;36;0.5680025244556642
2022-08-21;TC;Turks and Caicos Islands;13;6351;0;36;0.5668398677373643
2022-08-28;TC;Turks and Caicos Islands;8;6359;0;36;0.5661267494889133
2022-09-04;TC;Turks and Caicos Islands;10;6369;0;36;0.5652378709373528
2022-09-11;TC;Turks and Caicos Islands;3;6372;0;36;0.5649717514124294
2022-09-18;TC;Turks and Caicos Islands;8;6380;0;36;0.5642633228840125
2022-09-25;TC;Turks and Caicos Islands;0;6380;0;36;0.5642633228840125
2022-10-02;TC;Turks and Caicos Islands;0;6380;0;36;0.5642633228840125
2022-10-09;TC;Turks and Caicos Islands;0;6380;0;36;0.5642633228840125
2022-10-16;TC;Turks and Caicos Islands;0;6380;0;36;0.5642633228840125
2022-10-23;TC;Turks and Caicos Islands;0;6380;0;36;0.5642633228840125
2022-10-30;TC;Turks and Caicos Islands;49;6429;0;36;0.5599626691553896
2022-11-06;TC;Turks and Caicos Islands;2;6431;0;36;0.5597885243352512
2022-11-13;TC;Turks and Caicos Islands;7;6438;0;36;0.5591798695246971
2022-11-20;TC;Turks and Caicos Islands;2;6440;0;36;0.5590062111801243
2022-11-27;TC;Turks and Caicos Islands;6;6446;0;36;0.5584858827179646
2022-12-04;TC;Turks and Caicos Islands;0;6446;0;36;0.5584858827179646
2022-12-11;TC;Turks and Caicos Islands;0;6446;0;36;0.5584858827179646
2022-12-18;TC;Turks and Caicos Islands;17;6463;0;36;0.557016865232864
2022-12-25;TC;Turks and Caicos Islands;16;6479;0;36;0.5556413026701652
2023-01-01;TC;Turks and Caicos Islands;0;6479;0;36;0.5556413026701652
2023-01-08;TC;Turks and Caicos Islands;0;6479;0;36;0.5556413026701652
2023-01-15;TC;Turks and Caicos Islands;0;6479;0;36;0.5556413026701652
2023-01-22;TC;Turks and Caicos Islands;43;6522;2;38;0.5826433609322293
2023-01-29;TC;Turks and Caicos Islands;0;6522;0;38;0.5826433609322293
2023-02-05;TC;Turks and Caicos Islands;15;6537;0;38;0.5813064096680434
2023-02-12;TC;Turks and Caicos Islands;7;6544;0;38;0.5806845965770171
2023-02-19;TC;Turks and Caicos Islands;7;6551;0;38;0.5800641123492597
2023-02-26;TC;Turks and Caicos Islands;0;6551;0;38;0.5800641123492597
2023-03-05;TC;Turks and Caicos Islands;6;6557;0;38;0.5795333231660821
2023-03-12;TC;Turks and Caicos Islands;4;6561;0;38;0.5791800030483159
2023-03-19;TC;Turks and Caicos Islands;1;6562;0;38;0.5790917403230723
2023-03-26;TC;Turks and Caicos Islands;3;6565;0;38;0.5788271134805788
2023-04-02;TC;Turks and Caicos Islands;0;6565;0;38;0.5788271134805788
2023-04-09;TC;Turks and Caicos Islands;0;6565;0;38;0.5788271134805788
2023-04-16;TC;Turks and Caicos Islands;0;6565;0;38;0.5788271134805788
2023-04-23;TC;Turks and Caicos Islands;0;6565;0;38;0.5788271134805788
2023-04-30;TC;Turks and Caicos Islands;0;6565;0;38;0.5788271134805788
2023-05-07;TC;Turks and Caicos Islands;23;6588;0;38;0.5768063145112325
2023-05-14;TC;Turks and Caicos Islands;0;6588;0;38;0.5768063145112325
2023-05-21;TC;Turks and Caicos Islands;5;6593;0;38;0.5763688760806917
2023-05-28;TC;Turks and Caicos Islands;2;6595;0;38;0.576194086429113
2023-06-04;TC;Turks and Caicos Islands;3;6598;0;38;0.5759321006365565
2023-06-11;TC;Turks and Caicos Islands;4;6602;0;38;0.5755831566192063
2023-06-18;TC;Turks and Caicos Islands;2;6604;0;38;0.5754088431253785
2023-06-25;TC;Turks and Caicos Islands;4;6608;1;39;0.5901937046004843
2023-07-02;TC;Turks and Caicos Islands;4;6612;0;39;0.58983666061706
2023-07-09;TC;Turks and Caicos Islands;4;6616;0;39;0.5894800483675937
2023-07-16;TC;Turks and Caicos Islands;4;6620;0;39;0.5891238670694864
2023-07-23;TC;Turks and Caicos Islands;5;6625;0;39;0.5886792452830188
2023-07-30;TC;Turks and Caicos Islands;16;6641;0;39;0.5872609546755007
2023-08-06;TC;Turks and Caicos Islands;3;6644;0;39;0.5869957856712823
2023-08-13;TC;Turks and Caicos Islands;2;6646;0;39;0.586819139331929
2023-08-20;TC;Turks and Caicos Islands;3;6649;0;39;0.5865543690780568
2023-08-27;TC;Turks and Caicos Islands;2;6651;0;39;0.5863779882724403
2023-09-03;TC;Turks and Caicos Islands;0;6651;0;39;0.5863779882724403
2023-09-10;TC;Turks and Caicos Islands;0;6651;0;39;0.5863779882724403
2023-09-17;TC;Turks and Caicos Islands;0;6651;0;39;0.5863779882724403
2023-09-24;TC;Turks and Caicos Islands;0;6651;0;39;0.5863779882724403
2023-10-01;TC;Turks and Caicos Islands;0;6651;1;40;0.6014133213050669
2023-10-08;TC;Turks and Caicos Islands;15;6666;0;40;0.6000600060006
2023-10-15;TC;Turks and Caicos Islands;1;6667;0;40;0.5999700014999251
2023-10-22;TC;Turks and Caicos Islands;1;6668;0;40;0.599880023995201
2023-10-29;TC;Turks and Caicos Islands;5;6673;0;40;0.5994305409860633
2023-11-05;TC;Turks and Caicos Islands;0;6673;0;40;0.5994305409860633
2023-11-12;TC;Turks and Caicos Islands;0;6673;0;40;0.5994305409860633
2023-11-19;TC;Turks and Caicos Islands;23;6696;0;40;0.5973715651135006
2023-11-26;TC;Turks and Caicos Islands;1;6697;0;40;0.5972823652381664
2023-12-03;TC;Turks and Caicos Islands;1;6698;0;40;0.5971931919976112
2023-12-10;TC;Turks and Caicos Islands;6;6704;0;40;0.5966587112171837
2023-12-17;TC;Turks and Caicos Islands;7;6711;0;40;0.5960363582178513
2023-12-24;TC;Turks and Caicos Islands;0;6711;0;40;0.5960363582178513
2023-12-31;TC;Turks and Caicos Islands;2;6713;0;40;0.5958587814687919
2024-01-07;TC;Turks and Caicos Islands;0;6713;0;40;0.5958587814687919
2024-01-14;TC;Turks and Caicos Islands;10;6723;0;40;0.5949724825226833
2024-01-21;TC;Turks and Caicos Islands;0;6723;0;40;0.5949724825226833
2020-01-05;TV;Tuvalu;0;0;0;0;0.0
2020-01-12;TV;Tuvalu;0;0;0;0;0.0
2020-01-19;TV;Tuvalu;0;0;0;0;0.0
2020-01-26;TV;Tuvalu;0;0;0;0;0.0
2020-02-02;TV;Tuvalu;0;0;0;0;0.0
2020-02-09;TV;Tuvalu;0;0;0;0;0.0
2020-02-16;TV;Tuvalu;0;0;0;0;0.0
2020-02-23;TV;Tuvalu;0;0;0;0;0.0
2020-03-01;TV;Tuvalu;0;0;0;0;0.0
2020-03-08;TV;Tuvalu;0;0;0;0;0.0
2020-03-15;TV;Tuvalu;0;0;0;0;0.0
2020-03-22;TV;Tuvalu;0;0;0;0;0.0
2020-03-29;TV;Tuvalu;0;0;0;0;0.0
2020-04-05;TV;Tuvalu;0;0;0;0;0.0
2020-04-12;TV;Tuvalu;0;0;0;0;0.0
2020-04-19;TV;Tuvalu;0;0;0;0;0.0
2020-04-26;TV;Tuvalu;0;0;0;0;0.0
2020-05-03;TV;Tuvalu;0;0;0;0;0.0
2020-05-10;TV;Tuvalu;0;0;0;0;0.0
2020-05-17;TV;Tuvalu;0;0;0;0;0.0
2020-05-24;TV;Tuvalu;0;0;0;0;0.0
2020-05-31;TV;Tuvalu;0;0;0;0;0.0
2020-06-07;TV;Tuvalu;0;0;0;0;0.0
2020-06-14;TV;Tuvalu;0;0;0;0;0.0
2020-06-21;TV;Tuvalu;0;0;0;0;0.0
2020-06-28;TV;Tuvalu;0;0;0;0;0.0
2020-07-05;TV;Tuvalu;0;0;0;0;0.0
2020-07-12;TV;Tuvalu;0;0;0;0;0.0
2020-07-19;TV;Tuvalu;0;0;0;0;0.0
2020-07-26;TV;Tuvalu;0;0;0;0;0.0
2020-08-02;TV;Tuvalu;0;0;0;0;0.0
2020-08-09;TV;Tuvalu;0;0;0;0;0.0
2020-08-16;TV;Tuvalu;0;0;0;0;0.0
2020-08-23;TV;Tuvalu;0;0;0;0;0.0
2020-08-30;TV;Tuvalu;0;0;0;0;0.0
2020-09-06;TV;Tuvalu;0;0;0;0;0.0
2020-09-13;TV;Tuvalu;0;0;0;0;0.0
2020-09-20;TV;Tuvalu;0;0;0;0;0.0
2020-09-27;TV;Tuvalu;0;0;0;0;0.0
2020-10-04;TV;Tuvalu;0;0;0;0;0.0
2020-10-11;TV;Tuvalu;0;0;0;0;0.0
2020-10-18;TV;Tuvalu;0;0;0;0;0.0
2020-10-25;TV;Tuvalu;0;0;0;0;0.0
2020-11-01;TV;Tuvalu;0;0;0;0;0.0
2020-11-08;TV;Tuvalu;0;0;0;0;0.0
2020-11-15;TV;Tuvalu;0;0;0;0;0.0
2020-11-22;TV;Tuvalu;0;0;0;0;0.0
2020-11-29;TV;Tuvalu;0;0;0;0;0.0
2020-12-06;TV;Tuvalu;0;0;0;0;0.0
2020-12-13;TV;Tuvalu;0;0;0;0;0.0
2020-12-20;TV;Tuvalu;0;0;0;0;0.0
2020-12-27;TV;Tuvalu;0;0;0;0;0.0
2021-01-03;TV;Tuvalu;0;0;0;0;0.0
2021-01-10;TV;Tuvalu;0;0;0;0;0.0
2021-01-17;TV;Tuvalu;0;0;0;0;0.0
2021-01-24;TV;Tuvalu;0;0;0;0;0.0
2021-01-31;TV;Tuvalu;0;0;0;0;0.0
2021-02-07;TV;Tuvalu;0;0;0;0;0.0
2021-02-14;TV;Tuvalu;0;0;0;0;0.0
2021-02-21;TV;Tuvalu;0;0;0;0;0.0
2021-02-28;TV;Tuvalu;0;0;0;0;0.0
2021-03-07;TV;Tuvalu;0;0;0;0;0.0
2021-03-14;TV;Tuvalu;0;0;0;0;0.0
2021-03-21;TV;Tuvalu;0;0;0;0;0.0
2021-03-28;TV;Tuvalu;0;0;0;0;0.0
2021-04-04;TV;Tuvalu;0;0;0;0;0.0
2021-04-11;TV;Tuvalu;0;0;0;0;0.0
2021-04-18;TV;Tuvalu;0;0;0;0;0.0
2021-04-25;TV;Tuvalu;0;0;0;0;0.0
2021-05-02;TV;Tuvalu;0;0;0;0;0.0
2021-05-09;TV;Tuvalu;0;0;0;0;0.0
2021-05-16;TV;Tuvalu;0;0;0;0;0.0
2021-05-23;TV;Tuvalu;0;0;0;0;0.0
2021-05-30;TV;Tuvalu;0;0;0;0;0.0
2021-06-06;TV;Tuvalu;0;0;0;0;0.0
2021-06-13;TV;Tuvalu;0;0;0;0;0.0
2021-06-20;TV;Tuvalu;0;0;0;0;0.0
2021-06-27;TV;Tuvalu;0;0;0;0;0.0
2021-07-04;TV;Tuvalu;0;0;0;0;0.0
2021-07-11;TV;Tuvalu;0;0;0;0;0.0
2021-07-18;TV;Tuvalu;0;0;0;0;0.0
2021-07-25;TV;Tuvalu;0;0;0;0;0.0
2021-08-01;TV;Tuvalu;0;0;0;0;0.0
2021-08-08;TV;Tuvalu;0;0;0;0;0.0
2021-08-15;TV;Tuvalu;0;0;0;0;0.0
2021-08-22;TV;Tuvalu;0;0;0;0;0.0
2021-08-29;TV;Tuvalu;0;0;0;0;0.0
2021-09-05;TV;Tuvalu;0;0;0;0;0.0
2021-09-12;TV;Tuvalu;0;0;0;0;0.0
2021-09-19;TV;Tuvalu;0;0;0;0;0.0
2021-09-26;TV;Tuvalu;0;0;0;0;0.0
2021-10-03;TV;Tuvalu;0;0;0;0;0.0
2021-10-10;TV;Tuvalu;0;0;0;0;0.0
2021-10-17;TV;Tuvalu;0;0;0;0;0.0
2021-10-24;TV;Tuvalu;0;0;0;0;0.0
2021-10-31;TV;Tuvalu;0;0;0;0;0.0
2021-11-07;TV;Tuvalu;0;0;0;0;0.0
2021-11-14;TV;Tuvalu;0;0;0;0;0.0
2021-11-21;TV;Tuvalu;0;0;0;0;0.0
2021-11-28;TV;Tuvalu;0;0;0;0;0.0
2021-12-05;TV;Tuvalu;0;0;0;0;0.0
2021-12-12;TV;Tuvalu;0;0;0;0;0.0
2021-12-19;TV;Tuvalu;0;0;0;0;0.0
2021-12-26;TV;Tuvalu;0;0;0;0;0.0
2022-01-02;TV;Tuvalu;0;0;0;0;0.0
2022-01-09;TV;Tuvalu;0;0;0;0;0.0
2022-01-16;TV;Tuvalu;0;0;0;0;0.0
2022-01-23;TV;Tuvalu;0;0;0;0;0.0
2022-01-30;TV;Tuvalu;0;0;0;0;0.0
2022-02-06;TV;Tuvalu;0;0;0;0;0.0
2022-02-13;TV;Tuvalu;0;0;0;0;0.0
2022-02-20;TV;Tuvalu;0;0;0;0;0.0
2022-02-27;TV;Tuvalu;0;0;0;0;0.0
2022-03-06;TV;Tuvalu;0;0;0;0;0.0
2022-03-13;TV;Tuvalu;0;0;0;0;0.0
2022-03-20;TV;Tuvalu;0;0;0;0;0.0
2022-03-27;TV;Tuvalu;0;0;0;0;0.0
2022-04-03;TV;Tuvalu;0;0;0;0;0.0
2022-04-10;TV;Tuvalu;0;0;0;0;0.0
2022-04-17;TV;Tuvalu;0;0;0;0;0.0
2022-04-24;TV;Tuvalu;0;0;0;0;0.0
2022-05-01;TV;Tuvalu;0;0;0;0;0.0
2022-05-08;TV;Tuvalu;0;0;0;0;0.0
2022-05-15;TV;Tuvalu;0;0;0;0;0.0
2022-05-22;TV;Tuvalu;3;3;0;0;0.0
2022-05-29;TV;Tuvalu;0;3;0;0;0.0
2022-06-05;TV;Tuvalu;0;3;0;0;0.0
2022-06-12;TV;Tuvalu;0;3;0;0;0.0
2022-06-19;TV;Tuvalu;0;3;0;0;0.0
2022-06-26;TV;Tuvalu;0;3;0;0;0.0
2022-07-03;TV;Tuvalu;0;3;0;0;0.0
2022-07-10;TV;Tuvalu;5;8;0;0;0.0
2022-07-17;TV;Tuvalu;0;8;0;0;0.0
2022-07-24;TV;Tuvalu;0;8;0;0;0.0
2022-07-31;TV;Tuvalu;0;8;0;0;0.0
2022-08-07;TV;Tuvalu;0;8;0;0;0.0
2022-08-14;TV;Tuvalu;0;8;0;0;0.0
2022-08-21;TV;Tuvalu;0;8;0;0;0.0
2022-08-28;TV;Tuvalu;12;20;0;0;0.0
2022-09-04;TV;Tuvalu;0;20;0;0;0.0
2022-09-11;TV;Tuvalu;0;20;0;0;0.0
2022-09-18;TV;Tuvalu;0;20;0;0;0.0
2022-09-25;TV;Tuvalu;0;20;0;0;0.0
2022-10-02;TV;Tuvalu;0;20;0;0;0.0
2022-10-09;TV;Tuvalu;3;23;0;0;0.0
2022-10-16;TV;Tuvalu;0;23;0;0;0.0
2022-10-23;TV;Tuvalu;0;23;0;0;0.0
2022-10-30;TV;Tuvalu;0;23;0;0;0.0
2022-11-06;TV;Tuvalu;140;163;0;0;0.0
2022-11-13;TV;Tuvalu;1096;1259;0;0;0.0
2022-11-20;TV;Tuvalu;998;2257;0;0;0.0
2022-11-27;TV;Tuvalu;453;2710;0;0;0.0
2022-12-04;TV;Tuvalu;69;2779;0;0;0.0
2022-12-11;TV;Tuvalu;0;2779;0;0;0.0
2022-12-18;TV;Tuvalu;0;2779;0;0;0.0
2022-12-25;TV;Tuvalu;0;2779;0;0;0.0
2023-01-01;TV;Tuvalu;0;2779;0;0;0.0
2023-01-08;TV;Tuvalu;0;2779;0;0;0.0
2023-01-15;TV;Tuvalu;0;2779;0;0;0.0
2023-01-22;TV;Tuvalu;0;2779;0;0;0.0
2023-01-29;TV;Tuvalu;0;2779;0;0;0.0
2023-02-05;TV;Tuvalu;0;2779;0;0;0.0
2023-02-12;TV;Tuvalu;0;2779;0;0;0.0
2023-02-19;TV;Tuvalu;0;2779;0;0;0.0
2023-02-26;TV;Tuvalu;0;2779;0;0;0.0
2023-03-05;TV;Tuvalu;0;2779;0;0;0.0
2023-03-12;TV;Tuvalu;0;2779;0;0;0.0
2023-03-19;TV;Tuvalu;0;2779;0;0;0.0
2023-03-26;TV;Tuvalu;0;2779;0;0;0.0
2023-04-02;TV;Tuvalu;0;2779;0;0;0.0
2023-04-09;TV;Tuvalu;0;2779;0;0;0.0
2023-04-16;TV;Tuvalu;0;2779;0;0;0.0
2023-04-23;TV;Tuvalu;0;2779;0;0;0.0
2023-04-30;TV;Tuvalu;0;2779;0;0;0.0
2023-05-07;TV;Tuvalu;0;2779;0;0;0.0
2023-05-14;TV;Tuvalu;0;2779;0;0;0.0
2023-05-21;TV;Tuvalu;0;2779;0;0;0.0
2023-05-28;TV;Tuvalu;0;2779;0;0;0.0
2023-06-04;TV;Tuvalu;0;2779;0;0;0.0
2023-06-11;TV;Tuvalu;162;2941;0;0;0.0
2023-06-18;TV;Tuvalu;2;2943;1;1;0.03397893306150187
2023-06-25;TV;Tuvalu;0;2943;0;1;0.03397893306150187
2023-07-02;TV;Tuvalu;0;2943;0;1;0.03397893306150187
2023-07-09;TV;Tuvalu;0;2943;0;1;0.03397893306150187
2023-07-16;TV;Tuvalu;0;2943;0;1;0.03397893306150187
2023-07-23;TV;Tuvalu;0;2943;0;1;0.03397893306150187
2023-07-30;TV;Tuvalu;0;2943;0;1;0.03397893306150187
2023-08-06;TV;Tuvalu;0;2943;0;1;0.03397893306150187
2023-08-13;TV;Tuvalu;0;2943;0;1;0.03397893306150187
2023-08-20;TV;Tuvalu;0;2943;0;1;0.03397893306150187
2023-08-27;TV;Tuvalu;0;2943;0;1;0.03397893306150187
2023-09-03;TV;Tuvalu;0;2943;0;1;0.03397893306150187
2023-09-10;TV;Tuvalu;0;2943;0;1;0.03397893306150187
2023-09-17;TV;Tuvalu;0;2943;0;1;0.03397893306150187
2023-09-24;TV;Tuvalu;0;2943;0;1;0.03397893306150187
2023-10-01;TV;Tuvalu;0;2943;0;1;0.03397893306150187
2023-10-08;TV;Tuvalu;0;2943;0;1;0.03397893306150187
2023-10-15;TV;Tuvalu;0;2943;0;1;0.03397893306150187
2023-10-22;TV;Tuvalu;0;2943;0;1;0.03397893306150187
2023-10-29;TV;Tuvalu;0;2943;0;1;0.03397893306150187
2023-11-05;TV;Tuvalu;0;2943;0;1;0.03397893306150187
2023-11-12;TV;Tuvalu;0;2943;0;1;0.03397893306150187
2023-11-19;TV;Tuvalu;0;2943;0;1;0.03397893306150187
2023-11-26;TV;Tuvalu;0;2943;0;1;0.03397893306150187
2023-12-03;TV;Tuvalu;0;2943;0;1;0.03397893306150187
2023-12-10;TV;Tuvalu;0;2943;0;1;0.03397893306150187
2023-12-17;TV;Tuvalu;0;2943;0;1;0.03397893306150187
2023-12-24;TV;Tuvalu;0;2943;0;1;0.03397893306150187
2023-12-31;TV;Tuvalu;0;2943;0;1;0.03397893306150187
2024-01-07;TV;Tuvalu;0;2943;0;1;0.03397893306150187
2024-01-14;TV;Tuvalu;0;2943;0;1;0.03397893306150187
2024-01-21;TV;Tuvalu;0;2943;0;1;0.03397893306150187
2020-01-05;UG;Uganda;0;0;0;0;0.0
2020-01-12;UG;Uganda;0;0;0;0;0.0
2020-01-19;UG;Uganda;0;0;0;0;0.0
2020-01-26;UG;Uganda;0;0;0;0;0.0
2020-02-02;UG;Uganda;0;0;0;0;0.0
2020-02-09;UG;Uganda;0;0;0;0;0.0
2020-02-16;UG;Uganda;0;0;0;0;0.0
2020-02-23;UG;Uganda;0;0;0;0;0.0
2020-03-01;UG;Uganda;0;0;0;0;0.0
2020-03-08;UG;Uganda;0;0;0;0;0.0
2020-03-15;UG;Uganda;0;0;0;0;0.0
2020-03-22;UG;Uganda;1;1;0;0;0.0
2020-03-29;UG;Uganda;26;27;0;0;0.0
2020-04-05;UG;Uganda;16;43;0;0;0.0
2020-04-12;UG;Uganda;5;48;0;0;0.0
2020-04-19;UG;Uganda;2;50;0;0;0.0
2020-04-26;UG;Uganda;1;51;0;0;0.0
2020-05-03;UG;Uganda;3;54;0;0;0.0
2020-05-10;UG;Uganda;7;61;0;0;0.0
2020-05-17;UG;Uganda;37;98;0;0;0.0
2020-05-24;UG;Uganda;100;198;0;0;0.0
2020-05-31;UG;Uganda;212;410;0;0;0.0
2020-06-07;UG;Uganda;196;606;0;0;0.0
2020-06-14;UG;Uganda;88;694;0;0;0.0
2020-06-21;UG;Uganda;74;768;0;0;0.0
2020-06-28;UG;Uganda;89;857;0;0;0.0
2020-07-05;UG;Uganda;80;937;0;0;0.0
2020-07-12;UG;Uganda;86;1023;0;0;0.0
2020-07-19;UG;Uganda;40;1063;0;0;0.0
2020-07-26;UG;Uganda;52;1115;2;2;0.17937219730941703
2020-08-02;UG;Uganda;67;1182;2;4;0.338409475465313
2020-08-09;UG;Uganda;101;1283;3;7;0.5455962587685114
2020-08-16;UG;Uganda;217;1500;11;18;1.2
2020-08-23;UG;Uganda;763;2263;7;25;1.104728236853734
2020-08-30;UG;Uganda;665;2928;11;36;1.2295081967213115
2020-09-06;UG;Uganda;739;3667;15;51;1.3907826561221708
2020-09-13;UG;Uganda;1132;4799;11;62;1.2919358199624922
2020-09-20;UG;Uganda;1488;6287;13;75;1.1929378081756004
2020-09-27;UG;Uganda;1243;7530;8;83;1.1022576361221779
2020-10-04;UG;Uganda;1278;8808;15;98;1.1126248864668482
2020-10-11;UG;Uganda;993;9801;12;110;1.122334455667789
2020-10-18;UG;Uganda;789;10590;8;118;1.1142587346553352
2020-10-25;UG;Uganda;853;11443;11;129;1.1273267499781525
2020-11-01;UG;Uganda;1300;12743;11;140;1.098642391901436
2020-11-08;UG;Uganda;1662;14405;27;167;1.1593196806664354
2020-11-15;UG;Uganda;1615;16020;13;180;1.1235955056179776
2020-11-22;UG;Uganda;1949;17969;23;203;1.1297234125438256
2020-11-29;UG;Uganda;2178;20147;23;226;1.1217551000148906
2020-12-06;UG;Uganda;2354;22501;15;241;1.0710635082885205
2020-12-13;UG;Uganda;5034;27535;17;258;0.936989286362811
2020-12-20;UG;Uganda;3656;31191;19;277;0.8880766887884325
2020-12-27;UG;Uganda;2624;33815;21;298;0.8812657104835132
2021-01-03;UG;Uganda;2107;35922;7;305;0.8490618562440844
2021-01-10;UG;Uganda;1820;37742;6;311;0.8240156854432727
2021-01-17;UG;Uganda;677;38419;4;315;0.819906816939535
2021-01-24;UG;Uganda;730;39149;4;319;0.8148356279853891
2021-01-31;UG;Uganda;430;39579;2;321;0.8110361555370272
2021-02-07;UG;Uganda;269;39848;3;324;0.8130897410158603
2021-02-14;UG;Uganda;208;40056;2;326;0.8138605951667665
2021-02-21;UG;Uganda;157;40213;4;330;0.8206301444806406
2021-02-28;UG;Uganda;144;40357;1;331;0.8201798944421043
2021-03-07;UG;Uganda;122;40479;0;331;0.8177079473307147
2021-03-14;UG;Uganda;102;40581;0;331;0.8156526453266307
2021-03-21;UG;Uganda;107;40688;1;332;0.8159653952025167
2021-03-28;UG;Uganda;132;40820;1;333;0.8157765801077903
2021-04-04;UG;Uganda;196;41016;1;334;0.8143163643456212
2021-04-11;UG;Uganda;158;41174;1;335;0.8136202457861758
2021-04-18;UG;Uganda;222;41396;3;338;0.8165040100492802
2021-04-25;UG;Uganda;321;41717;1;339;0.8126183570247142
2021-05-02;UG;Uganda;264;41981;4;343;0.8170362783163811
2021-05-09;UG;Uganda;405;42386;3;346;0.8163072712688152
2021-05-16;UG;Uganda;475;42861;3;349;0.8142600499288397
2021-05-23;UG;Uganda;1060;43921;4;353;0.8037157623915667
2021-05-30;UG;Uganda;3226;47147;9;362;0.7678113135512333
2021-06-06;UG;Uganda;6814;53961;21;383;0.7097718722781268
2021-06-13;UG;Uganda;9138;63099;51;434;0.68780804767112
2021-06-20;UG;Uganda;9580;72679;246;680;0.9356210184509969
2021-06-27;UG;Uganda;6410;79089;276;956;1.208764809265511
2021-07-04;UG;Uganda;5027;84116;1010;1966;2.3372485615102954
2021-07-11;UG;Uganda;3640;87756;163;2129;2.4260449427959343
2021-07-18;UG;Uganda;2900;90656;263;2392;2.6385457112601483
2021-07-25;UG;Uganda;2068;92724;187;2579;2.781372675898365
2021-08-01;UG;Uganda;1701;94425;131;2710;2.8700026476039184
2021-08-08;UG;Uganda;1450;95875;98;2808;2.928813559322034
2021-08-15;UG;Uganda;1249;97124;85;2893;2.9786664470161854
2021-08-22;UG;Uganda;21653;118777;67;2960;2.492064962071782
2021-08-29;UG;Uganda;955;119732;33;2993;2.499749440416931
2021-09-05;UG;Uganda;930;120662;60;3053;2.5302083505991946
2021-09-12;UG;Uganda;925;121587;46;3099;2.548792222852772
2021-09-19;UG;Uganda;690;122277;30;3129;2.5589440368998257
2021-09-26;UG;Uganda;968;123245;19;3148;2.5542618361799665
2021-10-03;UG;Uganda;794;124039;16;3164;2.5508106321398913
2021-10-10;UG;Uganda;697;124736;13;3177;2.5469792201128785
2021-10-17;UG;Uganda;525;125261;8;3185;2.542690861481227
2021-10-24;UG;Uganda;497;125758;15;3200;2.5445697291623595
2021-10-31;UG;Uganda;478;126236;15;3215;2.5468170727843087
2021-11-07;UG;Uganda;389;126625;13;3228;2.549259624876604
2021-11-14;UG;Uganda;340;126965;11;3239;2.551096758949317
2021-11-21;UG;Uganda;272;127237;10;3249;2.5535025189213827
2021-11-28;UG;Uganda;286;127523;3;3252;2.5501282121656486
2021-12-05;UG;Uganda;233;127756;4;3256;2.548608284542409
2021-12-12;UG;Uganda;344;128100;13;3269;2.551912568306011
2021-12-19;UG;Uganda;1219;129319;5;3274;2.531723876615192
2021-12-26;UG;Uganda;5772;135091;6;3280;2.427992982508087
2022-01-02;UG;Uganda;10939;146030;26;3306;2.2639183729370678
2022-01-09;UG;Uganda;8548;154578;51;3357;2.171719132088654
2022-01-16;UG;Uganda;4165;158743;67;3424;2.1569455031087985
2022-01-23;UG;Uganda;1896;160639;64;3488;2.171328257770529
2022-01-30;UG;Uganda;1200;161839;45;3533;2.183033755769623
2022-02-06;UG;Uganda;536;162375;33;3566;2.196150885296382
2022-02-13;UG;Uganda;447;162822;13;3579;2.1981059070641558
2022-02-20;UG;Uganda;294;163116;6;3585;2.197822408592658
2022-02-27;UG;Uganda;217;163333;3;3588;2.1967391770187286
2022-03-06;UG;Uganda;107;163440;2;3590;2.1965247185511503
2022-03-13;UG;Uganda;144;163584;2;3592;2.195813771517997
2022-03-20;UG;Uganda;105;163689;3;3595;2.1962379878916725
2022-03-27;UG;Uganda;116;163805;1;3596;2.1952931839687433
2022-04-03;UG;Uganda;80;163885;0;3596;2.1942215577996764
2022-04-10;UG;Uganda;47;163932;0;3596;2.1935924651684844
2022-04-17;UG;Uganda;62;163994;1;3597;2.193372928277864
2022-04-24;UG;Uganda;60;164054;0;3597;2.1925707389030444
2022-05-01;UG;Uganda;50;164104;0;3597;2.1919026958514114
2022-05-08;UG;Uganda;45;164149;1;3598;2.191911007682045
2022-05-15;UG;Uganda;66;164215;0;3598;2.191030052065889
2022-05-22;UG;Uganda;116;164331;2;3600;2.1907004764773537
2022-05-29;UG;Uganda;81;164412;2;3602;2.1908376517529136
2022-06-05;UG;Uganda;267;164679;0;3602;2.1872855676801537
2022-06-12;UG;Uganda;572;165251;3;3605;2.1815299150988494
2022-06-19;UG;Uganda;683;165934;10;3615;2.178577024600142
2022-06-26;UG;Uganda;532;166466;5;3620;2.174618240361395
2022-07-03;UG;Uganda;527;166993;0;3620;2.1677555346631294
2022-07-10;UG;Uganda;415;167408;6;3626;2.1659657841919144
2022-07-17;UG;Uganda;382;167790;0;3626;2.161034626616604
2022-07-24;UG;Uganda;244;168034;1;3627;2.1584917338157754
2022-07-31;UG;Uganda;304;168338;0;3627;2.154593734035096
2022-08-07;UG;Uganda;163;168501;0;3627;2.152509480655901
2022-08-14;UG;Uganda;154;168655;0;3627;2.150544009961163
2022-08-21;UG;Uganda;111;168766;0;3627;2.1491295640117083
2022-08-28;UG;Uganda;125;168891;1;3628;2.1481310430988034
2022-09-04;UG;Uganda;46;168937;0;3628;2.147546126662602
2022-09-11;UG;Uganda;56;168993;0;3628;2.146834484268579
2022-09-18;UG;Uganda;58;169051;2;3630;2.1472809980420107
2022-09-25;UG;Uganda;55;169106;0;3630;2.1465826168202193
2022-10-02;UG;Uganda;93;169199;0;3630;2.145402750607273
2022-10-09;UG;Uganda;82;169281;0;3630;2.144363513920641
2022-10-16;UG;Uganda;0;169281;0;3630;2.144363513920641
2022-10-23;UG;Uganda;94;169375;0;3630;2.143173431734317
2022-10-30;UG;Uganda;3;169378;0;3630;2.143135472139239
2022-11-06;UG;Uganda;108;169486;0;3630;2.1417698216961876
2022-11-13;UG;Uganda;82;169568;0;3630;2.140734100773731
2022-11-20;UG;Uganda;70;169638;0;3630;2.139850740989637
2022-11-27;UG;Uganda;77;169715;0;3630;2.1388798868691627
2022-12-04;UG;Uganda;89;169804;0;3630;2.1377588278250217
2022-12-11;UG;Uganda;86;169890;0;3630;2.1366766731414444
2022-12-18;UG;Uganda;0;169890;0;3630;2.1366766731414444
2022-12-25;UG;Uganda;0;169890;0;3630;2.1366766731414444
2023-01-01;UG;Uganda;224;170114;0;3630;2.1338631741067755
2023-01-08;UG;Uganda;70;170184;0;3630;2.132985474545198
2023-01-15;UG;Uganda;49;170233;0;3630;2.132371514336233
2023-01-22;UG;Uganda;72;170305;0;3630;2.1314700096885
2023-01-29;UG;Uganda;0;170305;0;3630;2.1314700096885
2023-02-05;UG;Uganda;64;170369;0;3630;2.130669311905335
2023-02-12;UG;Uganda;14;170383;0;3630;2.1304942394487716
2023-02-19;UG;Uganda;26;170409;0;3630;2.130169181205218
2023-02-26;UG;Uganda;40;170449;0;3630;2.129669285240747
2023-03-05;UG;Uganda;14;170463;0;3630;2.1294943770788968
2023-03-12;UG;Uganda;12;170475;0;3630;2.129344478662561
2023-03-19;UG;Uganda;16;170491;2;3632;2.1303177293816096
2023-03-26;UG;Uganda;19;170510;0;3632;2.130080347193713
2023-04-02;UG;Uganda;5;170515;0;3632;2.1300178869894144
2023-04-09;UG;Uganda;24;170539;0;3632;2.1297181289910228
2023-04-16;UG;Uganda;13;170552;0;3632;2.129555795299967
2023-04-23;UG;Uganda;50;170602;0;3632;2.1289316655138864
2023-04-30;UG;Uganda;69;170671;0;3632;2.128070966948105
2023-05-07;UG;Uganda;104;170775;0;3632;2.126774996340214
2023-05-14;UG;Uganda;0;170775;0;3632;2.126774996340214
2023-05-21;UG;Uganda;0;170775;0;3632;2.126774996340214
2023-05-28;UG;Uganda;0;170775;0;3632;2.126774996340214
2023-06-04;UG;Uganda;549;171324;0;3632;2.1199598421703905
2023-06-11;UG;Uganda;0;171324;0;3632;2.1199598421703905
2023-06-18;UG;Uganda;0;171324;0;3632;2.1199598421703905
2023-06-25;UG;Uganda;0;171324;0;3632;2.1199598421703905
2023-07-02;UG;Uganda;405;171729;0;3632;2.114960198918063
2023-07-09;UG;Uganda;0;171729;0;3632;2.114960198918063
2023-07-16;UG;Uganda;0;171729;0;3632;2.114960198918063
2023-07-23;UG;Uganda;0;171729;0;3632;2.114960198918063
2023-07-30;UG;Uganda;0;171729;0;3632;2.114960198918063
2023-08-06;UG;Uganda;100;171829;0;3632;2.113729347199832
2023-08-13;UG;Uganda;6;171835;0;3632;2.1136555416533302
2023-08-20;UG;Uganda;6;171841;0;3632;2.1135817412608167
2023-08-27;UG;Uganda;2;171843;0;3632;2.113557142275216
2023-09-03;UG;Uganda;2;171845;0;3632;2.1135325438622012
2023-09-10;UG;Uganda;7;171852;0;3632;2.1134464539254707
2023-09-17;UG;Uganda;5;171857;0;3632;2.113384965407286
2023-09-24;UG;Uganda;6;171863;0;3632;2.1133111839081127
2023-10-01;UG;Uganda;6;171869;0;3632;2.1132374075604097
2023-10-08;UG;Uganda;2;171871;0;3632;2.113212816589186
2023-10-15;UG;Uganda;12;171883;0;3632;2.1130652827795653
2023-10-22;UG;Uganda;5;171888;0;3632;2.1130038164386113
2023-10-29;UG;Uganda;0;171888;0;3632;2.1130038164386113
2023-11-05;UG;Uganda;0;171888;0;3632;2.1130038164386113
2023-11-12;UG;Uganda;0;171888;0;3632;2.1130038164386113
2023-11-19;UG;Uganda;0;171888;0;3632;2.1130038164386113
2023-11-26;UG;Uganda;0;171888;0;3632;2.1130038164386113
2023-12-03;UG;Uganda;0;171888;0;3632;2.1130038164386113
2023-12-10;UG;Uganda;0;171888;0;3632;2.1130038164386113
2023-12-17;UG;Uganda;0;171888;0;3632;2.1130038164386113
2023-12-24;UG;Uganda;0;171888;0;3632;2.1130038164386113
2023-12-31;UG;Uganda;0;171888;0;3632;2.1130038164386113
2024-01-07;UG;Uganda;0;171888;0;3632;2.1130038164386113
2024-01-14;UG;Uganda;0;171888;0;3632;2.1130038164386113
2024-01-21;UG;Uganda;0;171888;0;3632;2.1130038164386113
2020-01-05;UA;Ukraine;0;0;0;0;0.0
2020-01-12;UA;Ukraine;0;0;0;0;0.0
2020-01-19;UA;Ukraine;0;0;0;0;0.0
2020-01-26;UA;Ukraine;0;0;0;0;0.0
2020-02-02;UA;Ukraine;0;0;0;0;0.0
2020-02-09;UA;Ukraine;0;0;0;0;0.0
2020-02-16;UA;Ukraine;0;0;0;0;0.0
2020-02-23;UA;Ukraine;0;0;0;0;0.0
2020-03-01;UA;Ukraine;0;0;0;0;0.0
2020-03-08;UA;Ukraine;0;0;0;0;0.0
2020-03-15;UA;Ukraine;18;18;2;2;11.11111111111111
2020-03-22;UA;Ukraine;107;125;3;5;4.0
2020-03-29;UA;Ukraine;390;515;8;13;2.524271844660194
2020-04-05;UA;Ukraine;765;1280;23;36;2.8125
2020-04-12;UA;Ukraine;1685;2965;29;65;2.1922428330522767
2020-04-19;UA;Ukraine;2473;5438;20;85;1.5630746598013976
2020-04-26;UA;Ukraine;3011;8449;45;130;1.5386436264646703
2020-05-03;UA;Ukraine;2946;11395;25;155;1.3602457218078103
2020-05-10;UA;Ukraine;2985;14380;40;195;1.3560500695410291
2020-05-17;UA;Ukraine;2612;16992;43;238;1.4006591337099812
2020-05-24;UA;Ukraine;2338;19330;23;261;1.3502327987584066
2020-05-31;UA;Ukraine;2436;21766;33;294;1.3507304971055776
2020-06-07;UA;Ukraine;3135;24901;27;321;1.2891048552266977
2020-06-14;UA;Ukraine;3937;28838;33;354;1.2275469866148832
2020-06-21;UA;Ukraine;4884;33722;40;394;1.1683767273589942
2020-06-28;UA;Ukraine;6184;39906;68;462;1.1577206435122538
2020-07-05;UA;Ukraine;5188;45094;53;515;1.142058810484765
2020-07-12;UA;Ukraine;4945;50039;56;571;1.141109934251284
2020-07-19;UA;Ukraine;5084;55123;52;623;1.1301997351377828
2020-07-26;UA;Ukraine;6046;61169;97;720;1.1770668148898953
2020-08-02;UA;Ukraine;7012;68181;79;799;1.1718807292354174
2020-08-09;UA;Ukraine;8131;76312;127;926;1.2134395638955864
2020-08-16;UA;Ukraine;10024;86336;121;1047;1.2127038547071904
2020-08-23;UA;Ukraine;13252;99588;102;1149;1.153753464272804
2020-08-30;UA;Ukraine;13822;113410;218;1367;1.2053610792699057
2020-09-06;UA;Ukraine;17414;130824;202;1569;1.1993212254632177
2020-09-13;UA;Ukraine;18911;149735;137;1706;1.1393461782482386
2020-09-20;UA;Ukraine;21092;170827;326;2032;1.1895075134492792
2020-09-27;UA;Ukraine;21299;192126;278;2310;1.202335967021642
2020-10-04;UA;Ukraine;27198;219324;278;2588;1.1799894220422753
2020-10-11;UA;Ukraine;33814;253138;442;3030;1.196975562736531
2020-10-18;UA;Ukraine;35486;288624;405;3435;1.1901297189422917
2020-10-25;UA;Ukraine;41583;330207;445;3880;1.1750205174330042
2020-11-01;UA;Ukraine;48518;378725;923;4803;1.2682025216185886
2020-11-08;UA;Ukraine;59561;438286;1192;5995;1.3678283130193527
2020-11-15;UA;Ukraine;75319;513605;1130;7125;1.3872528499527848
2020-11-22;UA;Ukraine;88651;602256;1379;8504;1.412024122632236
2020-11-29;UA;Ukraine;95555;697811;1252;9756;1.3980863013050813
2020-12-06;UA;Ukraine;87403;785214;1406;11162;1.4215233044749584
2020-12-13;UA;Ukraine;76767;861981;1514;12676;1.4705660565604115
2020-12-20;UA;Ukraine;68736;930717;1620;14296;1.5360200791432843
2020-12-27;UA;Ukraine;57391;988108;982;15278;1.5461872588826322
2021-01-03;UA;Ukraine;49251;1037359;1254;16532;1.5936623676085135
2021-01-10;UA;Ukraine;39656;1077015;732;17264;1.60294889114822
2021-01-17;UA;Ukraine;44402;1121417;1034;18298;1.6316856263102844
2021-01-24;UA;Ukraine;30612;1152029;1055;19353;1.6799056273756996
2021-01-31;UA;Ukraine;27158;1179187;844;20197;1.7127902529454615
2021-02-07;UA;Ukraine;25508;1204695;876;21073;1.749239434047622
2021-02-14;UA;Ukraine;26498;1231193;748;21821;1.7723460091147367
2021-02-21;UA;Ukraine;34188;1265381;764;22585;1.7848379262846528
2021-02-28;UA;Ukraine;44472;1309853;895;23480;1.7925675629250002
2021-03-07;UA;Ukraine;55376;1365229;1145;24625;1.8037267007952513
2021-03-14;UA;Ukraine;60038;1425267;1238;25863;1.814607368303623
2021-03-21;UA;Ukraine;80339;1505606;1643;27506;1.8269055782190027
2021-03-28;UA;Ukraine;104522;1610128;2057;29563;1.8360652072381825
2021-04-04;UA;Ukraine;103479;1713607;2454;32017;1.8683980632665482
2021-04-11;UA;Ukraine;105217;1818824;2714;34731;1.9095305538083949
2021-04-18;UA;Ukraine;91911;1910735;2699;37430;1.9589320340078555
2021-04-25;UA;Ukraine;77317;1988052;2518;39948;2.0094041805747533
2021-05-02;UA;Ukraine;55605;2043657;2232;42180;2.0639471300712398
2021-05-09;UA;Ukraine;36932;2080589;1872;44052;2.117285057260228
2021-05-16;UA;Ukraine;33146;2113735;1562;45614;2.157981014649424
2021-05-23;UA;Ukraine;27840;2141575;1262;46876;2.188856332372203
2021-05-30;UA;Ukraine;19626;2161201;1260;48136;2.2272801095316908
2021-06-06;UA;Ukraine;11571;2172772;519;48655;2.239305366600821
2021-06-13;UA;Ukraine;9373;2182145;544;49199;2.2546164439118392
2021-06-20;UA;Ukraine;5609;2187754;292;49491;2.2621830425175777
2021-06-27;UA;Ukraine;4360;2192114;249;49740;2.269042577165239
2021-07-04;UA;Ukraine;3429;2195543;184;49924;2.2738794002212663
2021-07-11;UA;Ukraine;3551;2199094;154;50078;2.277210523970326
2021-07-18;UA;Ukraine;3301;2202395;93;50171;2.2780200645206694
2021-07-25;UA;Ukraine;4154;2206549;143;50314;2.2802122227967745
2021-08-01;UA;Ukraine;4705;2211254;81;50395;2.279023576667357
2021-08-08;UA;Ukraine;5921;2217175;145;50540;2.279477262732982
2021-08-15;UA;Ukraine;6879;2224054;169;50709;2.2800255749185943
2021-08-22;UA;Ukraine;9078;2233132;231;50940;2.2811011619554957
2021-08-29;UA;Ukraine;9533;2242665;238;51178;2.282017153698836
2021-09-05;UA;Ukraine;13367;2256032;263;51441;2.2801538276052824
2021-09-12;UA;Ukraine;19517;2275549;359;51800;2.2763737454126454
2021-09-19;UA;Ukraine;32822;2308371;559;52359;2.2682229156405103
2021-09-26;UA;Ukraine;44759;2353130;801;53160;2.2591187057238655
2021-10-03;UA;Ukraine;64606;2417736;1169;54329;2.247102247722663
2021-10-10;UA;Ukraine;90079;2507815;1811;56140;2.238602129742425
2021-10-17;UA;Ukraine;94605;2602420;2109;58249;2.2382628476571806
2021-10-24;UA;Ukraine;139344;2741764;3392;61641;2.2482241359941995
2021-10-31;UA;Ukraine;152199;2893963;3825;65466;2.2621574636579664
2021-11-07;UA;Ukraine;152263;3046226;4530;69996;2.2977940573023803
2021-11-14;UA;Ukraine;139941;3186167;4591;74587;2.340963295395376
2021-11-21;UA;Ukraine;111965;3298132;4450;79037;2.3964171233898464
2021-11-28;UA;Ukraine;87420;3385552;3814;82851;2.447193249431703
2021-12-05;UA;Ukraine;74128;3459680;3106;85957;2.484536142070943
2021-12-12;UA;Ukraine;61210;3520890;2695;88652;2.517886102661543
2021-12-19;UA;Ukraine;47521;3568411;2047;90699;2.5417195496819174
2021-12-26;UA;Ukraine;37673;3606084;1834;92533;2.5660245296559925
2022-01-02;UA;Ukraine;27983;3634067;1205;93738;2.579424099775816
2022-01-09;UA;Ukraine;28100;3662167;1024;94762;2.58759362967336
2022-01-16;UA;Ukraine;55088;3717255;1036;95798;2.5771167165018274
2022-01-23;UA;Ukraine;110840;3828095;921;96719;2.5265569428135928
2022-01-30;UA;Ukraine;194125;4022220;921;97640;2.427515153323289
2022-02-06;UA;Ukraine;242942;4265162;1189;98829;2.317121834997123
2022-02-13;UA;Ukraine;235256;4500418;1558;100387;2.2306150228712087
2022-02-20;UA;Ukraine;191640;4692058;1695;102082;2.1756338050382156
2022-02-27;UA;Ukraine;101143;4793201;1302;103384;2.1568884759892186
2022-03-06;UA;Ukraine;39531;4832732;731;104115;2.154371481803667
2022-03-13;UA;Ukraine;31401;4864133;505;104620;2.1508457930735037
2022-03-20;UA;Ukraine;30357;4894490;413;105033;2.1459437040427094
2022-03-27;UA;Ukraine;22317;4916807;264;105297;2.141572772736453
2022-04-03;UA;Ukraine;14656;4931463;158;105455;2.1384120696028743
2022-04-10;UA;Ukraine;11391;4942854;120;105575;2.135911762718462
2022-04-17;UA;Ukraine;8035;4950889;117;105692;2.134808516207897
2022-04-24;UA;Ukraine;5353;4956242;73;105765;2.133975701751448
2022-05-01;UA;Ukraine;4221;4960463;83;105848;2.1338330716306118
2022-05-08;UA;Ukraine;3732;4964195;38;105886;2.1329943727029255
2022-05-15;UA;Ukraine;2841;4967036;48;105934;2.132740733105216
2022-05-22;UA;Ukraine;2132;4969168;41;105975;2.1326507777559542
2022-05-29;UA;Ukraine;1896;4971064;31;106006;2.1324609781728823
2022-06-05;UA;Ukraine;1600;4972664;35;106041;2.1324786874801918
2022-06-12;UA;Ukraine;1065;4973729;17;106058;2.132363866225924
2022-06-19;UA;Ukraine;1044;4974773;16;106074;2.132237993572772
2022-06-26;UA;Ukraine;981;4975754;18;106092;2.1321793641727464
2022-07-03;UA;Ukraine;1106;4976860;15;106107;2.132006928063076
2022-07-10;UA;Ukraine;1056;4977916;19;106126;2.1319363364106585
2022-07-17;UA;Ukraine;1431;4979347;9;106135;2.131504392041768
2022-07-24;UA;Ukraine;2098;4981445;14;106149;2.1308877243450444
2022-07-31;UA;Ukraine;2786;4984231;14;106163;2.129977523112392
2022-08-07;UA;Ukraine;3893;4988124;16;106179;2.128635936075366
2022-08-14;UA;Ukraine;5439;4993563;37;106216;2.127058374951913
2022-08-21;UA;Ukraine;9113;5002676;23;106239;2.123643426038384
2022-08-28;UA;Ukraine;11437;5014113;38;106277;2.119557337459287
2022-09-04;UA;Ukraine;16155;5030268;44;106321;2.1136249599424923
2022-09-11;UA;Ukraine;23864;5054132;70;106391;2.105030102102597
2022-09-18;UA;Ukraine;36683;5090815;90;106481;2.091629729228031
2022-09-25;UA;Ukraine;44137;5134952;161;106642;2.076786696350813
2022-10-02;UA;Ukraine;42802;5177754;202;106844;2.063520205865323
2022-10-09;UA;Ukraine;36413;5214167;208;107052;2.053098797947975
2022-10-16;UA;Ukraine;22914;5237081;203;107255;2.0479920016513016
2022-10-23;UA;Ukraine;16908;5253989;189;107444;2.0449985715615315
2022-10-30;UA;Ukraine;16378;5270367;179;107623;2.0420399566102323
2022-11-06;UA;Ukraine;9587;5279954;114;107737;2.0404912618556903
2022-11-13;UA;Ukraine;7317;5287271;103;107840;2.03961552188265
2022-11-20;UA;Ukraine;6757;5294028;102;107942;2.038938970477678
2022-11-27;UA;Ukraine;4991;5299019;80;108022;2.0385282634389497
2022-12-04;UA;Ukraine;4810;5303829;54;108076;2.0376976708713648
2022-12-11;UA;Ukraine;4286;5308115;56;108132;2.037107334712982
2022-12-18;UA;Ukraine;4358;5312473;70;108202;2.036753880913842
2022-12-25;UA;Ukraine;3203;5315676;47;108249;2.0364107970463214
2023-01-01;UA;Ukraine;3411;5319087;46;108295;2.0359697068312665
2023-01-08;UA;Ukraine;2970;5322057;61;108356;2.035979697323798
2023-01-15;UA;Ukraine;2710;5324767;58;108414;2.0360327503532076
2023-01-22;UA;Ukraine;3099;5327866;42;108456;2.035636782156308
2023-01-29;UA;Ukraine;2973;5330839;43;108499;2.0353081381748725
2023-02-05;UA;Ukraine;3708;5334547;68;108567;2.035168122054225
2023-02-12;UA;Ukraine;5283;5339830;44;108611;2.03397860980593
2023-02-19;UA;Ukraine;7344;5347174;60;108671;2.0323071588843002
2023-02-26;UA;Ukraine;9792;5356966;63;108734;2.029768342752222
2023-03-05;UA;Ukraine;12757;5369723;67;108801;2.026193902367031
2023-03-12;UA;Ukraine;15372;5385095;92;108893;2.0221184584487366
2023-03-19;UA;Ukraine;18619;5403714;101;108994;2.017020145773814
2023-03-26;UA;Ukraine;19975;5423689;118;109112;2.0117672676290987
2023-04-02;UA;Ukraine;18982;5442671;113;109225;2.006827162619236
2023-04-09;UA;Ukraine;17083;5459754;123;109348;2.0028008587932717
2023-04-16;UA;Ukraine;16595;5476349;111;109459;1.9987586620209923
2023-04-23;UA;Ukraine;10845;5487194;105;109564;1.9967218217544342
2023-04-30;UA;Ukraine;8898;5496092;82;109646;1.9949811611596022
2023-05-07;UA;Ukraine;6612;5502704;61;109707;1.9936925555145253
2023-05-14;UA;Ukraine;4739;5507443;44;109751;1.992775957917313
2023-05-21;UA;Ukraine;3323;5510766;37;109788;1.992245724097158
2023-05-28;UA;Ukraine;2999;5513765;42;109830;1.9919238487675843
2023-06-04;UA;Ukraine;1965;5515730;24;109854;1.9916493374403752
2023-06-11;UA;Ukraine;1551;5517281;15;109869;1.991361324536488
2023-06-18;UA;Ukraine;1308;5518589;20;109889;1.9912517493149064
2023-06-25;UA;Ukraine;996;5519585;16;109905;1.9911823080901916
2023-07-02;UA;Ukraine;898;5520483;13;109918;1.9910938952261967
2023-07-09;UA;Ukraine;0;5520483;0;109918;1.9910938952261967
2023-07-16;UA;Ukraine;0;5520483;0;109918;1.9910938952261967
2023-07-23;UA;Ukraine;0;5520483;0;109918;1.9910938952261967
2023-07-30;UA;Ukraine;0;5520483;0;109918;1.9910938952261967
2023-08-06;UA;Ukraine;0;5520483;0;109918;1.9910938952261967
2023-08-13;UA;Ukraine;0;5520483;0;109918;1.9910938952261967
2023-08-20;UA;Ukraine;0;5520483;0;109918;1.9910938952261967
2023-08-27;UA;Ukraine;0;5520483;0;109918;1.9910938952261967
2023-09-03;UA;Ukraine;0;5520483;0;109918;1.9910938952261967
2023-09-10;UA;Ukraine;0;5520483;0;109918;1.9910938952261967
2023-09-17;UA;Ukraine;0;5520483;0;109918;1.9910938952261967
2023-09-24;UA;Ukraine;0;5520483;0;109918;1.9910938952261967
2023-10-01;UA;Ukraine;0;5520483;0;109918;1.9910938952261967
2023-10-08;UA;Ukraine;0;5520483;0;109918;1.9910938952261967
2023-10-15;UA;Ukraine;0;5520483;0;109918;1.9910938952261967
2023-10-22;UA;Ukraine;0;5520483;0;109918;1.9910938952261967
2023-10-29;UA;Ukraine;0;5520483;0;109918;1.9910938952261967
2023-11-05;UA;Ukraine;0;5520483;0;109918;1.9910938952261967
2023-11-12;UA;Ukraine;0;5520483;0;109918;1.9910938952261967
2023-11-19;UA;Ukraine;0;5520483;0;109918;1.9910938952261967
2023-11-26;UA;Ukraine;0;5520483;0;109918;1.9910938952261967
2023-12-03;UA;Ukraine;0;5520483;0;109918;1.9910938952261967
2023-12-10;UA;Ukraine;0;5520483;0;109918;1.9910938952261967
2023-12-17;UA;Ukraine;0;5520483;0;109918;1.9910938952261967
2023-12-24;UA;Ukraine;0;5520483;0;109918;1.9910938952261967
2023-12-31;UA;Ukraine;0;5520483;0;109918;1.9910938952261967
2024-01-07;UA;Ukraine;0;5520483;0;109918;1.9910938952261967
2024-01-14;UA;Ukraine;549;5521032;0;109918;1.9908959049684913
2024-01-21;UA;Ukraine;0;5521032;0;109918;1.9908959049684913
2020-01-05;AE;United Arab Emirates;0;0;0;0;0.0
2020-01-12;AE;United Arab Emirates;0;0;0;0;0.0
2020-01-19;AE;United Arab Emirates;0;0;0;0;0.0
2020-01-26;AE;United Arab Emirates;0;0;0;0;0.0
2020-02-02;AE;United Arab Emirates;5;5;0;0;0.0
2020-02-09;AE;United Arab Emirates;2;7;0;0;0.0
2020-02-16;AE;United Arab Emirates;1;8;0;0;0.0
2020-02-23;AE;United Arab Emirates;5;13;0;0;0.0
2020-03-01;AE;United Arab Emirates;6;19;0;0;0.0
2020-03-08;AE;United Arab Emirates;26;45;0;0;0.0
2020-03-15;AE;United Arab Emirates;41;86;0;0;0.0
2020-03-22;AE;United Arab Emirates;67;153;2;2;1.3071895424836601
2020-03-29;AE;United Arab Emirates;315;468;0;2;0.4273504273504274
2020-04-05;AE;United Arab Emirates;1037;1505;8;10;0.6644518272425249
2020-04-12;AE;United Arab Emirates;2231;3736;10;20;0.5353319057815845
2020-04-19;AE;United Arab Emirates;2566;6302;17;37;0.587115201523326
2020-04-26;AE;United Arab Emirates;3511;9813;34;71;0.7235300112096199
2020-05-03;AE;United Arab Emirates;3786;13599;48;119;0.8750643429663946
2020-05-10;AE;United Arab Emirates;3818;17417;66;185;1.06218062812195
2020-05-17;AE;United Arab Emirates;5210;22627;29;214;0.9457727493702214
2020-05-24;AE;United Arab Emirates;6077;28704;30;244;0.8500557413600892
2020-05-31;AE;United Arab Emirates;5192;33896;18;262;0.7729525607741327
2020-06-07;AE;United Arab Emirates;4372;38268;13;275;0.7186160760949096
2020-06-14;AE;United Arab Emirates;3722;41990;13;288;0.6858775899023577
2020-06-21;AE;United Arab Emirates;2543;44533;13;301;0.6759032627489727
2020-06-28;AE;United Arab Emirates;2827;47360;10;311;0.6566722972972973
2020-07-05;AE;United Arab Emirates;3497;50857;10;321;0.631181548262776
2020-07-12;AE;United Arab Emirates;3596;54453;10;331;0.6078636622408315
2020-07-19;AE;United Arab Emirates;2258;56711;7;338;0.5960043025162667
2020-07-26;AE;United Arab Emirates;1851;58562;5;343;0.5857040401625627
2020-08-02;AE;United Arab Emirates;2198;60760;8;351;0.5776826859776168
2020-08-09;AE;United Arab Emirates;1540;62300;5;356;0.5714285714285714
2020-08-16;AE;United Arab Emirates;1802;64102;5;361;0.5631649558516115
2020-08-23;AE;United Arab Emirates;2515;66617;11;372;0.5584160199348515
2020-08-30;AE;United Arab Emirates;2711;69328;7;379;0.5466766674359567
2020-09-06;AE;United Arab Emirates;4143;73471;9;388;0.5280995222604837
2020-09-13;AE;United Arab Emirates;5378;78849;11;399;0.5060305140204695
2020-09-20;AE;United Arab Emirates;5393;84242;5;404;0.47957076042828994
2020-09-27;AE;United Arab Emirates;6376;90618;7;411;0.45355227438257306
2020-10-04;AE;United Arab Emirates;7142;97760;15;426;0.4357610474631751
2020-10-11;AE;United Arab Emirates;7373;105133;17;443;0.4213710252727498
2020-10-18;AE;United Arab Emirates;9254;114387;16;459;0.40126937501639176
2020-10-25;AE;United Arab Emirates;9377;123764;16;475;0.38379496461006435
2020-11-01;AE;United Arab Emirates;8865;132629;20;495;0.37322154279984016
2020-11-08;AE;United Arab Emirates;8403;141032;19;514;0.3644562936071246
2020-11-15;AE;United Arab Emirates;8103;149135;14;528;0.35404164012471917
2020-11-22;AE;United Arab Emirates;8650;157785;20;548;0.3473080457584688
2020-11-29;AE;United Arab Emirates;8717;166502;21;569;0.34173763678514374
2020-12-06;AE;United Arab Emirates;8774;175276;20;589;0.33604144320956664
2020-12-13;AE;United Arab Emirates;8479;183755;20;609;0.3314195532094365
2020-12-20;AE;United Arab Emirates;8649;192404;25;634;0.3295149788985676
2020-12-27;AE;United Arab Emirates;8488;200892;21;655;0.3260458355733429
2021-01-03;AE;United Arab Emirates;10749;211641;19;674;0.3184638137222939
2021-01-10;AE;United Arab Emirates;16061;227702;28;702;0.30829768732817453
2021-01-17;AE;United Arab Emirates;22106;249808;38;740;0.29622750272209053
2021-01-24;AE;United Arab Emirates;24568;274376;43;783;0.28537481412368426
2021-01-31;AE;United Arab Emirates;26285;300661;55;838;0.2787192219809021
2021-02-07;AE;United Arab Emirates;22741;323402;76;914;0.28262039195799654
2021-02-14;AE;United Arab Emirates;22203;345605;87;1001;0.2896370133533948
2021-02-21;AE;United Arab Emirates;22570;368175;107;1108;0.30094384463909823
2021-02-28;AE;United Arab Emirates;20419;388594;105;1213;0.3121509853471747
2021-03-07;AE;United Arab Emirates;19642;408236;97;1310;0.3208928169000284
2021-03-14;AE;United Arab Emirates;16169;424405;78;1388;0.3270460998338851
2021-03-21;AE;United Arab Emirates;14233;438638;45;1433;0.3266930817667416
2021-03-28;AE;United Arab Emirates;14431;453069;44;1477;0.32599890965835226
2021-04-04;AE;United Arab Emirates;14954;468023;27;1504;0.32135172844069626
2021-04-11;AE;United Arab Emirates;13914;481937;25;1529;0.31726138478680826
2021-04-18;AE;United Arab Emirates;13287;495224;21;1550;0.3129896773985106
2021-04-25;AE;United Arab Emirates;13701;508925;19;1569;0.3082969003291251
2021-05-02;AE;United Arab Emirates;13023;521948;22;1591;0.30481963720523886
2021-05-09;AE;United Arab Emirates;12497;534445;19;1610;0.30124708810074
2021-05-16;AE;United Arab Emirates;10486;544931;19;1629;0.2989369296296228
2021-05-23;AE;United Arab Emirates;9585;554516;19;1648;0.297196113367333
2021-05-30;AE;United Arab Emirates;12747;567263;25;1673;0.2949249290011864
2021-06-06;AE;United Arab Emirates;13934;581197;23;1696;0.2918115544299093
2021-06-13;AE;United Arab Emirates;14820;596017;28;1724;0.289253494447306
2021-06-20;AE;United Arab Emirates;14162;610179;28;1752;0.28712885890861534
2021-06-27;AE;United Arab Emirates;14635;624814;40;1792;0.2868053532731341
2021-07-04;AE;United Arab Emirates;13063;637877;39;1831;0.2870459351881319
2021-07-11;AE;United Arab Emirates;10825;648702;29;1860;0.28672641675222216
2021-07-18;AE;United Arab Emirates;10747;659449;36;1896;0.28751275686216826
2021-07-25;AE;United Arab Emirates;10659;670108;20;1916;0.2859240600022683
2021-08-01;AE;United Arab Emirates;10750;680858;33;1949;0.28625645876232636
2021-08-08;AE;United Arab Emirates;10696;691554;22;1971;0.28501028119279187
2021-08-15;AE;United Arab Emirates;9033;700587;26;1997;0.2850466822821434
2021-08-22;AE;United Arab Emirates;7715;708302;21;2018;0.2849067205796397
2021-08-29;AE;United Arab Emirates;7092;715394;18;2036;0.2845984170960338
2021-09-05;AE;United Arab Emirates;6898;722292;9;2045;0.2831264917789481
2021-09-12;AE;United Arab Emirates;5974;728266;17;2062;0.2831383038615012
2021-09-19;AE;United Arab Emirates;4033;732299;11;2073;0.28308109119362446
2021-09-26;AE;United Arab Emirates;2297;734596;16;2089;0.2843739960468067
2021-10-03;AE;United Arab Emirates;1928;736524;11;2100;0.28512309171187905
2021-10-10;AE;United Arab Emirates;1131;737655;13;2113;0.28644827188862004
2021-10-17;AE;United Arab Emirates;832;738487;5;2118;0.2868026112849651
2021-10-24;AE;United Arab Emirates;703;739190;11;2129;0.2880179656110067
2021-10-31;AE;United Arab Emirates;634;739824;7;2136;0.2887173165509635
2021-11-07;AE;United Arab Emirates;538;740362;3;2139;0.2889127210742853
2021-11-14;AE;United Arab Emirates;517;740879;4;2143;0.2892510112987411
2021-11-21;AE;United Arab Emirates;491;741370;1;2144;0.2891943294171601
2021-11-28;AE;United Arab Emirates;488;741858;1;2145;0.28913889180948377
2021-12-05;AE;United Arab Emirates;420;742278;3;2148;0.2893794508257014
2021-12-12;AE;United Arab Emirates;441;742719;3;2151;0.2896115489168851
2021-12-19;AE;United Arab Emirates;1133;743852;0;2151;0.2891704263751392
2021-12-26;AE;United Arab Emirates;5678;749530;5;2156;0.2876469254065881
2022-01-02;AE;United Arab Emirates;14963;764493;9;2165;0.2831942215298243
2022-01-09;AE;United Arab Emirates;18373;782866;8;2173;0.2775698523118899
2022-01-16;AE;United Arab Emirates;19315;802181;15;2188;0.2727563978703061
2022-01-23;AE;United Arab Emirates;20705;822886;23;2211;0.2686884939104566
2022-01-30;AE;United Arab Emirates;17853;840739;28;2239;0.2663133267280333
2022-02-06;AE;United Arab Emirates;14903;855642;23;2262;0.26436289943691405
2022-02-13;AE;United Arab Emirates;11329;866971;22;2284;0.2634459514793459
2022-02-20;AE;United Arab Emirates;6911;873882;9;2293;0.26239240538196235
2022-02-27;AE;United Arab Emirates;4864;878746;8;2301;0.261850409560897
2022-03-06;AE;United Arab Emirates;3731;882477;0;2301;0.2607433394864682
2022-03-13;AE;United Arab Emirates;2612;885089;1;2302;0.26008683872469324
2022-03-20;AE;United Arab Emirates;2296;887385;0;2302;0.2594138958851006
2022-03-27;AE;United Arab Emirates;2412;889797;0;2302;0.25871069468654084
2022-04-03;AE;United Arab Emirates;2075;891872;0;2302;0.25810878691112626
2022-04-10;AE;United Arab Emirates;1666;893538;0;2302;0.25762754354039785
2022-04-17;AE;United Arab Emirates;1726;895264;0;2302;0.25713085749008113
2022-04-24;AE;United Arab Emirates;1628;896892;0;2302;0.2566641245545729
2022-05-01;AE;United Arab Emirates;1679;898571;0;2302;0.25618454190041745
2022-05-08;AE;United Arab Emirates;1455;900026;0;2302;0.2557703888554331
2022-05-15;AE;United Arab Emirates;2135;902161;0;2302;0.25516509802574044
2022-05-22;AE;United Arab Emirates;2305;904466;0;2302;0.2545148186885964
2022-05-29;AE;United Arab Emirates;2603;907069;0;2302;0.25378444197740196
2022-06-05;AE;United Arab Emirates;3269;910338;3;2305;0.2532026565956821
2022-06-12;AE;United Arab Emirates;5909;916247;0;2305;0.25156971864573635
2022-06-19;AE;United Arab Emirates;9651;925898;3;2308;0.24927151802898376
2022-06-26;AE;United Arab Emirates;11139;937037;3;2311;0.24662846824618453
2022-07-03;AE;United Arab Emirates;12347;949384;6;2317;0.24405298593614386
2022-07-10;AE;United Arab Emirates;11961;961345;6;2323;0.2416406180923602
2022-07-17;AE;United Arab Emirates;10662;972007;2;2325;0.2391958082606401
2022-07-24;AE;United Arab Emirates;9650;981657;6;2331;0.2374556489690391
2022-07-31;AE;United Arab Emirates;8743;990400;3;2334;0.23566235864297255
2022-08-07;AE;United Arab Emirates;7369;997769;3;2337;0.23422255051018825
2022-08-14;AE;United Arab Emirates;6160;1003929;2;2339;0.23298460349287647
2022-08-21;AE;United Arab Emirates;5187;1009116;2;2341;0.23198522270977767
2022-08-28;AE;United Arab Emirates;4215;1013331;0;2341;0.23102026879667156
2022-09-04;AE;United Arab Emirates;3414;1016745;0;2341;0.23024455492773507
2022-09-11;AE;United Arab Emirates;2880;1019625;1;2342;0.22969228883167833
2022-09-18;AE;United Arab Emirates;2913;1022538;0;2342;0.22903794284417794
2022-09-25;AE;United Arab Emirates;2675;1025213;1;2343;0.2285378745685043
2022-10-02;AE;United Arab Emirates;2720;1027933;2;2345;0.22812770871253282
2022-10-09;AE;United Arab Emirates;2545;1030478;1;2346;0.22766133774811298
2022-10-16;AE;United Arab Emirates;2044;1032522;0;2346;0.22721065507563037
2022-10-23;AE;United Arab Emirates;2262;1034784;2;2348;0.22690725793982125
2022-10-30;AE;United Arab Emirates;2239;1037023;0;2348;0.2264173504348505
2022-11-06;AE;United Arab Emirates;2067;1039090;0;2348;0.22596695185210136
2022-11-13;AE;United Arab Emirates;1731;1040821;0;2348;0.22559114391427537
2022-11-20;AE;United Arab Emirates;1519;1042340;0;2348;0.22526239039085136
2022-11-27;AE;United Arab Emirates;1458;1043798;0;2348;0.22494773893032943
2022-12-04;AE;United Arab Emirates;906;1044704;0;2348;0.22475265721199497
2022-12-11;AE;United Arab Emirates;719;1045423;0;2348;0.2245980813508025
2022-12-18;AE;United Arab Emirates;663;1046086;0;2348;0.2244557330850427
2022-12-25;AE;United Arab Emirates;463;1046549;0;2348;0.22435643242695755
2023-01-01;AE;United Arab Emirates;459;1047008;0;2348;0.22425807634707662
2023-01-08;AE;United Arab Emirates;456;1047464;0;2348;0.22416044847364683
2023-01-15;AE;United Arab Emirates;556;1048020;0;2348;0.22404152592507776
2023-01-22;AE;United Arab Emirates;603;1048623;0;2348;0.22391269312231374
2023-01-29;AE;United Arab Emirates;586;1049209;0;2348;0.22378763430355628
2023-02-05;AE;United Arab Emirates;520;1049729;0;2348;0.22367677753020063
2023-02-12;AE;United Arab Emirates;601;1050330;0;2348;0.2235487894280845
2023-02-19;AE;United Arab Emirates;631;1050961;1;2349;0.2235097211028763
2023-02-26;AE;United Arab Emirates;771;1051732;0;2349;0.2233458713816828
2023-03-05;AE;United Arab Emirates;787;1052519;0;2349;0.22317886898003741
2023-03-12;AE;United Arab Emirates;1067;1053586;0;2349;0.22295284865212714
2023-03-19;AE;United Arab Emirates;1287;1054873;0;2349;0.2226808345649192
2023-03-26;AE;United Arab Emirates;1612;1056485;0;2349;0.22234106494649714
2023-04-02;AE;United Arab Emirates;1515;1058000;0;2349;0.22202268431001893
2023-04-09;AE;United Arab Emirates;1468;1059468;0;2349;0.22171504943990758
2023-04-16;AE;United Arab Emirates;1149;1060617;0;2349;0.22147485850217374
2023-04-23;AE;United Arab Emirates;1040;1061657;0;2349;0.22125790156331096
2023-04-30;AE;United Arab Emirates;1143;1062800;0;2349;0.22101994730899513
2023-05-07;AE;United Arab Emirates;1437;1064237;0;2349;0.2207215122195526
2023-05-14;AE;United Arab Emirates;1370;1065607;0;2349;0.2204377411184424
2023-05-21;AE;United Arab Emirates;1034;1066641;0;2349;0.22022404914118246
2023-05-28;AE;United Arab Emirates;389;1067030;0;2349;0.2201437635305474
2023-06-04;AE;United Arab Emirates;0;1067030;0;2349;0.2201437635305474
2023-06-11;AE;United Arab Emirates;0;1067030;0;2349;0.2201437635305474
2023-06-18;AE;United Arab Emirates;0;1067030;0;2349;0.2201437635305474
2023-06-25;AE;United Arab Emirates;0;1067030;0;2349;0.2201437635305474
2023-07-02;AE;United Arab Emirates;0;1067030;0;2349;0.2201437635305474
2023-07-09;AE;United Arab Emirates;0;1067030;0;2349;0.2201437635305474
2023-07-16;AE;United Arab Emirates;0;1067030;0;2349;0.2201437635305474
2023-07-23;AE;United Arab Emirates;0;1067030;0;2349;0.2201437635305474
2023-07-30;AE;United Arab Emirates;0;1067030;0;2349;0.2201437635305474
2023-08-06;AE;United Arab Emirates;0;1067030;0;2349;0.2201437635305474
2023-08-13;AE;United Arab Emirates;0;1067030;0;2349;0.2201437635305474
2023-08-20;AE;United Arab Emirates;0;1067030;0;2349;0.2201437635305474
2023-08-27;AE;United Arab Emirates;0;1067030;0;2349;0.2201437635305474
2023-09-03;AE;United Arab Emirates;0;1067030;0;2349;0.2201437635305474
2023-09-10;AE;United Arab Emirates;0;1067030;0;2349;0.2201437635305474
2023-09-17;AE;United Arab Emirates;0;1067030;0;2349;0.2201437635305474
2023-09-24;AE;United Arab Emirates;0;1067030;0;2349;0.2201437635305474
2023-10-01;AE;United Arab Emirates;0;1067030;0;2349;0.2201437635305474
2023-10-08;AE;United Arab Emirates;0;1067030;0;2349;0.2201437635305474
2023-10-15;AE;United Arab Emirates;0;1067030;0;2349;0.2201437635305474
2023-10-22;AE;United Arab Emirates;0;1067030;0;2349;0.2201437635305474
2023-10-29;AE;United Arab Emirates;0;1067030;0;2349;0.2201437635305474
2023-11-05;AE;United Arab Emirates;0;1067030;0;2349;0.2201437635305474
2023-11-12;AE;United Arab Emirates;0;1067030;0;2349;0.2201437635305474
2023-11-19;AE;United Arab Emirates;0;1067030;0;2349;0.2201437635305474
2023-11-26;AE;United Arab Emirates;0;1067030;0;2349;0.2201437635305474
2023-12-03;AE;United Arab Emirates;0;1067030;0;2349;0.2201437635305474
2023-12-10;AE;United Arab Emirates;0;1067030;0;2349;0.2201437635305474
2023-12-17;AE;United Arab Emirates;0;1067030;0;2349;0.2201437635305474
2023-12-24;AE;United Arab Emirates;0;1067030;0;2349;0.2201437635305474
2023-12-31;AE;United Arab Emirates;0;1067030;0;2349;0.2201437635305474
2024-01-07;AE;United Arab Emirates;0;1067030;0;2349;0.2201437635305474
2024-01-14;AE;United Arab Emirates;0;1067030;0;2349;0.2201437635305474
2024-01-21;AE;United Arab Emirates;0;1067030;0;2349;0.2201437635305474
2020-01-05;TZ;United Republic of Tanzania;0;0;0;0;0.0
2020-01-12;TZ;United Republic of Tanzania;0;0;0;0;0.0
2020-01-19;TZ;United Republic of Tanzania;0;0;0;0;0.0
2020-01-26;TZ;United Republic of Tanzania;0;0;0;0;0.0
2020-02-02;TZ;United Republic of Tanzania;0;0;0;0;0.0
2020-02-09;TZ;United Republic of Tanzania;0;0;0;0;0.0
2020-02-16;TZ;United Republic of Tanzania;0;0;0;0;0.0
2020-02-23;TZ;United Republic of Tanzania;0;0;0;0;0.0
2020-03-01;TZ;United Republic of Tanzania;0;0;0;0;0.0
2020-03-08;TZ;United Republic of Tanzania;0;0;0;0;0.0
2020-03-15;TZ;United Republic of Tanzania;0;0;0;0;0.0
2020-03-22;TZ;United Republic of Tanzania;6;6;0;0;0.0
2020-03-29;TZ;United Republic of Tanzania;8;14;0;0;0.0
2020-04-05;TZ;United Republic of Tanzania;6;20;1;1;5.0
2020-04-12;TZ;United Republic of Tanzania;12;32;2;3;9.375
2020-04-19;TZ;United Republic of Tanzania;116;148;2;5;3.3783783783783785
2020-04-26;TZ;United Republic of Tanzania;152;300;5;10;3.3333333333333335
2020-05-03;TZ;United Republic of Tanzania;180;480;8;18;3.75
2020-05-10;TZ;United Republic of Tanzania;29;509;3;21;4.12573673870334
2020-05-17;TZ;United Republic of Tanzania;0;509;0;21;4.12573673870334
2020-05-24;TZ;United Republic of Tanzania;0;509;0;21;4.12573673870334
2020-05-31;TZ;United Republic of Tanzania;0;509;0;21;4.12573673870334
2020-06-07;TZ;United Republic of Tanzania;0;509;0;21;4.12573673870334
2020-06-14;TZ;United Republic of Tanzania;0;509;0;21;4.12573673870334
2020-06-21;TZ;United Republic of Tanzania;0;509;0;21;4.12573673870334
2020-06-28;TZ;United Republic of Tanzania;0;509;0;21;4.12573673870334
2020-07-05;TZ;United Republic of Tanzania;0;509;0;21;4.12573673870334
2020-07-12;TZ;United Republic of Tanzania;0;509;0;21;4.12573673870334
2020-07-19;TZ;United Republic of Tanzania;0;509;0;21;4.12573673870334
2020-07-26;TZ;United Republic of Tanzania;0;509;0;21;4.12573673870334
2020-08-02;TZ;United Republic of Tanzania;0;509;0;21;4.12573673870334
2020-08-09;TZ;United Republic of Tanzania;0;509;0;21;4.12573673870334
2020-08-16;TZ;United Republic of Tanzania;0;509;0;21;4.12573673870334
2020-08-23;TZ;United Republic of Tanzania;0;509;0;21;4.12573673870334
2020-08-30;TZ;United Republic of Tanzania;0;509;0;21;4.12573673870334
2020-09-06;TZ;United Republic of Tanzania;0;509;0;21;4.12573673870334
2020-09-13;TZ;United Republic of Tanzania;0;509;0;21;4.12573673870334
2020-09-20;TZ;United Republic of Tanzania;0;509;0;21;4.12573673870334
2020-09-27;TZ;United Republic of Tanzania;0;509;0;21;4.12573673870334
2020-10-04;TZ;United Republic of Tanzania;0;509;0;21;4.12573673870334
2020-10-11;TZ;United Republic of Tanzania;0;509;0;21;4.12573673870334
2020-10-18;TZ;United Republic of Tanzania;0;509;0;21;4.12573673870334
2020-10-25;TZ;United Republic of Tanzania;0;509;0;21;4.12573673870334
2020-11-01;TZ;United Republic of Tanzania;0;509;0;21;4.12573673870334
2020-11-08;TZ;United Republic of Tanzania;0;509;0;21;4.12573673870334
2020-11-15;TZ;United Republic of Tanzania;0;509;0;21;4.12573673870334
2020-11-22;TZ;United Republic of Tanzania;0;509;0;21;4.12573673870334
2020-11-29;TZ;United Republic of Tanzania;0;509;0;21;4.12573673870334
2020-12-06;TZ;United Republic of Tanzania;0;509;0;21;4.12573673870334
2020-12-13;TZ;United Republic of Tanzania;0;509;0;21;4.12573673870334
2020-12-20;TZ;United Republic of Tanzania;0;509;0;21;4.12573673870334
2020-12-27;TZ;United Republic of Tanzania;0;509;0;21;4.12573673870334
2021-01-03;TZ;United Republic of Tanzania;0;509;0;21;4.12573673870334
2021-01-10;TZ;United Republic of Tanzania;0;509;0;21;4.12573673870334
2021-01-17;TZ;United Republic of Tanzania;0;509;0;21;4.12573673870334
2021-01-24;TZ;United Republic of Tanzania;0;509;0;21;4.12573673870334
2021-01-31;TZ;United Republic of Tanzania;0;509;0;21;4.12573673870334
2021-02-07;TZ;United Republic of Tanzania;0;509;0;21;4.12573673870334
2021-02-14;TZ;United Republic of Tanzania;0;509;0;21;4.12573673870334
2021-02-21;TZ;United Republic of Tanzania;0;509;0;21;4.12573673870334
2021-02-28;TZ;United Republic of Tanzania;0;509;0;21;4.12573673870334
2021-03-07;TZ;United Republic of Tanzania;0;509;0;21;4.12573673870334
2021-03-14;TZ;United Republic of Tanzania;0;509;0;21;4.12573673870334
2021-03-21;TZ;United Republic of Tanzania;0;509;0;21;4.12573673870334
2021-03-28;TZ;United Republic of Tanzania;0;509;0;21;4.12573673870334
2021-04-04;TZ;United Republic of Tanzania;0;509;0;21;4.12573673870334
2021-04-11;TZ;United Republic of Tanzania;0;509;0;21;4.12573673870334
2021-04-18;TZ;United Republic of Tanzania;0;509;0;21;4.12573673870334
2021-04-25;TZ;United Republic of Tanzania;0;509;0;21;4.12573673870334
2021-05-02;TZ;United Republic of Tanzania;0;509;0;21;4.12573673870334
2021-05-09;TZ;United Republic of Tanzania;0;509;0;21;4.12573673870334
2021-05-16;TZ;United Republic of Tanzania;0;509;0;21;4.12573673870334
2021-05-23;TZ;United Republic of Tanzania;0;509;0;21;4.12573673870334
2021-05-30;TZ;United Republic of Tanzania;0;509;0;21;4.12573673870334
2021-06-06;TZ;United Republic of Tanzania;0;509;0;21;4.12573673870334
2021-06-13;TZ;United Republic of Tanzania;0;509;0;21;4.12573673870334
2021-06-20;TZ;United Republic of Tanzania;0;509;0;21;4.12573673870334
2021-06-27;TZ;United Republic of Tanzania;0;509;0;21;4.12573673870334
2021-07-04;TZ;United Republic of Tanzania;100;609;0;21;3.4482758620689653
2021-07-11;TZ;United Republic of Tanzania;0;609;0;21;3.4482758620689653
2021-07-18;TZ;United Republic of Tanzania;408;1017;0;21;2.0648967551622417
2021-07-25;TZ;United Republic of Tanzania;350;1367;29;50;3.6576444769568397
2021-08-01;TZ;United Republic of Tanzania;0;1367;0;50;3.6576444769568397
2021-08-08;TZ;United Republic of Tanzania;20607;21974;553;603;2.7441521798489124
2021-08-15;TZ;United Republic of Tanzania;1403;23377;28;631;2.699234290114215
2021-08-22;TZ;United Republic of Tanzania;855;24232;27;658;2.7154176295807195
2021-08-29;TZ;United Republic of Tanzania;603;24835;20;678;2.730018119589289
2021-09-05;TZ;United Republic of Tanzania;466;25301;17;695;2.7469269989328486
2021-09-12;TZ;United Republic of Tanzania;213;25514;9;704;2.7592694207101984
2021-09-19;TZ;United Republic of Tanzania;195;25709;11;715;2.7811272317087403
2021-09-26;TZ;United Republic of Tanzania;137;25846;4;719;2.7818617967964094
2021-10-03;TZ;United Republic of Tanzania;111;25957;4;723;2.785375813845976
2021-10-10;TZ;United Republic of Tanzania;77;26034;1;724;2.7809787201352076
2021-10-17;TZ;United Republic of Tanzania;81;26115;1;725;2.7761822707256365
2021-10-24;TZ;United Republic of Tanzania;39;26154;0;725;2.7720425173969563
2021-10-31;TZ;United Republic of Tanzania;42;26196;0;725;2.7675981065811572
2021-11-07;TZ;United Republic of Tanzania;12;26208;0;725;2.7663308913308913
2021-11-14;TZ;United Republic of Tanzania;19;26227;2;727;2.7719525679643113
2021-11-21;TZ;United Republic of Tanzania;34;26261;3;730;2.7797875176116675
2021-11-28;TZ;United Republic of Tanzania;9;26270;0;730;2.77883517320137
2021-12-05;TZ;United Republic of Tanzania;39;26309;4;734;2.7899197993082216
2021-12-12;TZ;United Republic of Tanzania;174;26483;0;734;2.771589321451497
2021-12-19;TZ;United Republic of Tanzania;0;26483;0;734;2.771589321451497
2021-12-26;TZ;United Republic of Tanzania;2823;29306;3;737;2.5148433767829115
2022-01-02;TZ;United Republic of Tanzania;1258;30564;3;740;2.421149064258605
2022-01-09;TZ;United Republic of Tanzania;831;31395;5;745;2.3729893295110687
2022-01-16;TZ;United Republic of Tanzania;998;32393;8;753;2.3245762973481927
2022-01-23;TZ;United Republic of Tanzania;527;32920;25;778;2.3633049817739975
2022-01-30;TZ;United Republic of Tanzania;310;33230;11;789;2.374360517604574
2022-02-06;TZ;United Republic of Tanzania;206;33436;3;792;2.3687043904773297
2022-02-13;TZ;United Republic of Tanzania;113;33549;4;796;2.372648961220901
2022-02-20;TZ;United Republic of Tanzania;71;33620;2;798;2.373587150505651
2022-02-27;TZ;United Republic of Tanzania;0;33620;0;798;2.373587150505651
2022-03-06;TZ;United Republic of Tanzania;106;33726;2;800;2.3720571665777146
2022-03-13;TZ;United Republic of Tanzania;47;33773;0;800;2.368756106949338
2022-03-20;TZ;United Republic of Tanzania;24;33797;0;800;2.367074000650945
2022-03-27;TZ;United Republic of Tanzania;18;33815;0;800;2.3658139878752036
2022-04-03;TZ;United Republic of Tanzania;21;33836;3;803;2.3732119635890765
2022-04-10;TZ;United Republic of Tanzania;15;33851;0;803;2.3721603497681016
2022-04-17;TZ;United Republic of Tanzania;13;33864;0;803;2.3712497047011576
2022-04-24;TZ;United Republic of Tanzania;8;33872;0;803;2.3706896551724137
2022-05-01;TZ;United Republic of Tanzania;32;33904;0;803;2.3684521000471923
2022-05-08;TZ;United Republic of Tanzania;737;34641;37;840;2.424872261193384
2022-05-15;TZ;United Republic of Tanzania;41;34682;0;840;2.42200565134652
2022-05-22;TZ;United Republic of Tanzania;83;34765;0;840;2.416223213001582
2022-05-29;TZ;United Republic of Tanzania;71;34836;0;840;2.411298656562177
2022-06-05;TZ;United Republic of Tanzania;152;34988;0;840;2.4008231393620667
2022-06-12;TZ;United Republic of Tanzania;171;35159;0;840;2.389146448988879
2022-06-19;TZ;United Republic of Tanzania;207;35366;1;841;2.377990160040717
2022-06-26;TZ;United Republic of Tanzania;402;35768;0;841;2.3512636993961085
2022-07-03;TZ;United Republic of Tanzania;406;36174;0;841;2.324874219052358
2022-07-10;TZ;United Republic of Tanzania;346;36520;0;841;2.3028477546549837
2022-07-17;TZ;United Republic of Tanzania;366;36886;0;841;2.279997831155452
2022-07-24;TZ;United Republic of Tanzania;443;37329;0;841;2.2529400734013767
2022-07-31;TZ;United Republic of Tanzania;536;37865;0;841;2.221048461640037
2022-08-07;TZ;United Republic of Tanzania;340;38205;0;841;2.201282554639445
2022-08-14;TZ;United Republic of Tanzania;249;38454;0;841;2.1870286576168927
2022-08-21;TZ;United Republic of Tanzania;258;38712;0;841;2.172452986154164
2022-08-28;TZ;United Republic of Tanzania;239;38951;4;845;2.1693923134194244
2022-09-04;TZ;United Republic of Tanzania;227;39178;0;845;2.156822706621063
2022-09-11;TZ;United Republic of Tanzania;85;39263;0;845;2.1521534268904565
2022-09-18;TZ;United Republic of Tanzania;88;39351;0;845;2.1473406012553684
2022-09-25;TZ;United Republic of Tanzania;99;39450;0;845;2.1419518377693283
2022-10-02;TZ;United Republic of Tanzania;73;39523;0;845;2.13799559750019
2022-10-09;TZ;United Republic of Tanzania;166;39689;0;845;2.1290533901080906
2022-10-16;TZ;United Republic of Tanzania;125;39814;0;845;2.122369015924047
2022-10-23;TZ;United Republic of Tanzania;471;40285;0;845;2.097554921186546
2022-10-30;TZ;United Republic of Tanzania;0;40285;0;845;2.097554921186546
2022-11-06;TZ;United Republic of Tanzania;1134;41419;0;845;2.0401265119872525
2022-11-13;TZ;United Republic of Tanzania;243;41662;0;845;2.0282271614420813
2022-11-20;TZ;United Republic of Tanzania;0;41662;0;845;2.0282271614420813
2022-11-27;TZ;United Republic of Tanzania;185;41847;0;845;2.019260639950295
2022-12-04;TZ;United Republic of Tanzania;150;41997;0;845;2.0120484796533087
2022-12-11;TZ;United Republic of Tanzania;114;42111;0;845;2.0066016005319276
2022-12-18;TZ;United Republic of Tanzania;117;42228;0;845;2.0010419626787916
2022-12-25;TZ;United Republic of Tanzania;123;42351;0;845;1.9952303369459987
2023-01-01;TZ;United Republic of Tanzania;45;42396;0;845;1.9931125577884705
2023-01-08;TZ;United Republic of Tanzania;71;42467;1;846;1.9921350695834412
2023-01-15;TZ;United Republic of Tanzania;63;42530;0;846;1.989184105337409
2023-01-22;TZ;United Republic of Tanzania;70;42600;0;846;1.9859154929577465
2023-01-29;TZ;United Republic of Tanzania;64;42664;0;846;1.9829364335270956
2023-02-05;TZ;United Republic of Tanzania;53;42717;0;846;1.9804761570334994
2023-02-12;TZ;United Republic of Tanzania;58;42775;0;846;1.9777907656341323
2023-02-19;TZ;United Republic of Tanzania;48;42823;0;846;1.9755738738528361
2023-02-26;TZ;United Republic of Tanzania;23;42846;0;846;1.974513373477104
2023-03-05;TZ;United Republic of Tanzania;60;42906;0;846;1.9717522024891625
2023-03-12;TZ;United Republic of Tanzania;21;42927;0;846;1.9707876161856173
2023-03-19;TZ;United Republic of Tanzania;15;42942;0;846;1.9700992035769176
2023-03-26;TZ;United Republic of Tanzania;17;42959;0;846;1.9693195837891944
2023-04-02;TZ;United Republic of Tanzania;14;42973;0;846;1.9686780071207504
2023-04-09;TZ;United Republic of Tanzania;25;42998;0;846;1.9675333736452856
2023-04-16;TZ;United Republic of Tanzania;25;43023;0;846;1.9663900704274457
2023-04-23;TZ;United Republic of Tanzania;25;43048;0;846;1.9652480951496003
2023-04-30;TZ;United Republic of Tanzania;30;43078;0;846;1.9638794744417105
2023-05-07;TZ;United Republic of Tanzania;0;43078;0;846;1.9638794744417105
2023-05-14;TZ;United Republic of Tanzania;0;43078;0;846;1.9638794744417105
2023-05-21;TZ;United Republic of Tanzania;0;43078;0;846;1.9638794744417105
2023-05-28;TZ;United Republic of Tanzania;0;43078;0;846;1.9638794744417105
2023-06-04;TZ;United Republic of Tanzania;0;43078;0;846;1.9638794744417105
2023-06-11;TZ;United Republic of Tanzania;0;43078;0;846;1.9638794744417105
2023-06-18;TZ;United Republic of Tanzania;0;43078;0;846;1.9638794744417105
2023-06-25;TZ;United Republic of Tanzania;0;43078;0;846;1.9638794744417105
2023-07-02;TZ;United Republic of Tanzania;0;43078;0;846;1.9638794744417105
2023-07-09;TZ;United Republic of Tanzania;0;43078;0;846;1.9638794744417105
2023-07-16;TZ;United Republic of Tanzania;0;43078;0;846;1.9638794744417105
2023-07-23;TZ;United Republic of Tanzania;0;43078;0;846;1.9638794744417105
2023-07-30;TZ;United Republic of Tanzania;0;43078;0;846;1.9638794744417105
2023-08-06;TZ;United Republic of Tanzania;0;43078;0;846;1.9638794744417105
2023-08-13;TZ;United Republic of Tanzania;0;43078;0;846;1.9638794744417105
2023-08-20;TZ;United Republic of Tanzania;0;43078;0;846;1.9638794744417105
2023-08-27;TZ;United Republic of Tanzania;0;43078;0;846;1.9638794744417105
2023-09-03;TZ;United Republic of Tanzania;0;43078;0;846;1.9638794744417105
2023-09-10;TZ;United Republic of Tanzania;0;43078;0;846;1.9638794744417105
2023-09-17;TZ;United Republic of Tanzania;0;43078;0;846;1.9638794744417105
2023-09-24;TZ;United Republic of Tanzania;0;43078;0;846;1.9638794744417105
2023-10-01;TZ;United Republic of Tanzania;0;43078;0;846;1.9638794744417105
2023-10-08;TZ;United Republic of Tanzania;6;43084;0;846;1.9636059790177327
2023-10-15;TZ;United Republic of Tanzania;24;43108;0;846;1.9625127586526865
2023-10-22;TZ;United Republic of Tanzania;2;43110;0;846;1.962421711899791
2023-10-29;TZ;United Republic of Tanzania;5;43115;0;846;1.9621941319726313
2023-11-05;TZ;United Republic of Tanzania;2;43117;0;846;1.9621031147807129
2023-11-12;TZ;United Republic of Tanzania;0;43117;0;846;1.9621031147807129
2023-11-19;TZ;United Republic of Tanzania;10;43127;0;846;1.961648155447863
2023-11-26;TZ;United Republic of Tanzania;31;43158;0;846;1.9602391213679966
2023-12-03;TZ;United Republic of Tanzania;33;43191;0;846;1.9587414044592621
2023-12-10;TZ;United Republic of Tanzania;32;43223;0;846;1.957291256969669
2023-12-17;TZ;United Republic of Tanzania;0;43223;0;846;1.957291256969669
2023-12-24;TZ;United Republic of Tanzania;0;43223;0;846;1.957291256969669
2023-12-31;TZ;United Republic of Tanzania;0;43223;0;846;1.957291256969669
2024-01-07;TZ;United Republic of Tanzania;0;43223;0;846;1.957291256969669
2024-01-14;TZ;United Republic of Tanzania;0;43223;0;846;1.957291256969669
2024-01-21;TZ;United Republic of Tanzania;0;43223;0;846;1.957291256969669
2020-01-05;US;United States of America;0;0;0;0;0.0
2020-01-12;US;United States of America;0;0;0;0;0.0
2020-01-19;US;United States of America;0;0;0;0;0.0
2020-01-26;US;United States of America;7;7;0;0;0.0
2020-02-02;US;United States of America;2;9;0;0;0.0
2020-02-09;US;United States of America;11;20;0;0;0.0
2020-02-16;US;United States of America;4;24;0;0;0.0
2020-02-23;US;United States of America;16;40;0;0;0.0
2020-03-01;US;United States of America;33;73;1;1;1.36986301369863
2020-03-08;US;United States of America;391;464;18;19;4.094827586206897
2020-03-15;US;United States of America;3465;3929;50;69;1.7561720539577501
2020-03-22;US;United States of America;27486;31415;305;374;1.1905140856278849
2020-03-29;US;United States of America;94894;126309;1732;2106;1.6673396195045482
2020-04-05;US;United States of America;176151;302460;6642;8748;2.8922832771275537
2020-04-12;US;United States of America;219172;521632;13889;22637;4.339649408011778
2020-04-19;US;United States of America;196150;717782;15898;38535;5.36862167064652
2020-04-26;US;United States of America;205165;922947;14899;53434;5.7894982052057165
2020-05-03;US;United States of America;198436;1121383;13635;67069;5.98091820546593
2020-05-10;US;United States of America;182246;1303629;12758;79827;6.123444630335778
2020-05-17;US;United States of America;169032;1472661;10130;89957;6.1084662390054465
2020-05-24;US;United States of America;166325;1638986;8558;98515;6.010728584624884
2020-05-31;US;United States of America;146436;1785422;6810;105325;5.899165575421385
2020-06-07;US;United States of America;149780;1935202;5987;111312;5.751957676769661
2020-06-14;US;United States of America;151876;2087078;5370;116682;5.590687075423151
2020-06-21;US;United States of America;180021;2267099;4455;121137;5.34326026344681
2020-06-28;US;United States of America;258278;2525377;6081;127218;5.037584487385447
2020-07-05;US;United States of America;342166;2867543;4451;131669;4.59170097885193
2020-07-12;US;United States of America;392205;3259748;5529;137198;4.208852954277447
2020-07-19;US;United States of America;466267;3726015;6666;143864;3.861068728923528
2020-07-26;US;United States of America;467901;4193916;7726;151590;3.6145216070135886
2020-08-02;US;United States of America;431250;4625166;8146;159736;3.453627394130286
2020-08-09;US;United States of America;375909;5001075;7799;167535;3.3499797543528143
2020-08-16;US;United States of America;362662;5363737;7404;174939;3.2615133814353685
2020-08-23;US;United States of America;315788;5679525;6677;181616;3.1977322047178243
2020-08-30;US;United States of America;294946;5974471;6343;187959;3.1460358582374908
2020-09-06;US;United States of America;295253;6269724;5705;193664;3.0888760015592394
2020-09-13;US;United States of America;245621;6515345;4977;198641;3.048817829293767
2020-09-20;US;United States of America;280977;6796322;5176;203817;2.9989308923267615
2020-09-27;US;United States of America;304774;7101096;4776;208593;2.9374761304452157
2020-10-04;US;United States of America;298348;7399444;4687;213280;2.882378730077557
2020-10-11;US;United States of America;334249;7733693;4615;217895;2.8174767216645398
2020-10-18;US;United States of America;387634;8121327;4801;222696;2.74211345017877
2020-10-25;US;United States of America;449438;8570765;5723;228419;2.665094656077958
2020-11-01;US;United States of America;559394;9130159;6096;234515;2.5685752022500377
2020-11-08;US;United States of America;790094;9920253;7204;241719;2.436621324073086
2020-11-15;US;United States of America;1004845;10925098;8717;250436;2.2922998036264755
2020-11-22;US;United States of America;1175483;12100581;10820;261256;2.1590368264135416
2020-11-29;US;United States of America;1162401;13262982;11950;273206;2.0599138263174903
2020-12-06;US;United States of America;1280932;14543914;14801;288007;1.9802578590604976
2020-12-13;US;United States of America;1468482;16012396;17714;305721;1.9092770376151078
2020-12-20;US;United States of America;1517928;17530324;18866;324587;1.851574448937738
2020-12-27;US;United States of America;1360122;18890446;18333;342920;1.8153091779834103
2021-01-03;US;United States of America;1380995;20271441;19650;362570;1.7885753657078447
2021-01-10;US;United States of America;1667151;21938592;21497;384067;1.7506456202841094
2021-01-17;US;United States of America;1589955;23528547;23312;407379;1.7314243841746795
2021-01-24;US;United States of America;1265861;24794408;22495;429874;1.7337538367522225
2021-01-31;US;United States of America;1068625;25863033;22249;452123;1.7481437695261806
2021-02-07;US;United States of America;857250;26720283;20100;472223;1.7672829288522132
2021-02-14;US;United States of America;670572;27390855;19838;492061;1.7964426448170385
2021-02-21;US;United States of America;473485;27864340;14432;506493;1.8177103782110036
2021-02-28;US;United States of America;465751;28330091;13360;519853;1.8349852811980025
2021-03-07;US;United States of America;420739;28750830;10446;530299;1.844465011966611
2021-03-14;US;United States of America;384000;29134830;8559;538858;1.8495319862858306
2021-03-21;US;United States of America;379551;29514381;6264;545122;1.8469708038261077
2021-03-28;US;United States of America;417818;29932199;6111;551233;1.841605422976107
2021-04-04;US;United States of America;449960;30382159;5352;556585;1.8319468343247098
2021-04-11;US;United States of America;455950;30838109;4903;561488;1.820760151019636
2021-04-18;US;United States of America;467217;31305326;4875;566363;1.8091586077078385
2021-04-25;US;United States of America;406095;31711421;4721;571084;1.8008779865147009
2021-05-02;US;United States of America;338407;32049828;4493;575577;1.7958817126881306
2021-05-09;US;United States of America;292324;32342152;4451;580028;1.7934118917009603
2021-05-16;US;United States of America;233350;32575502;3973;584001;1.7927613210688205
2021-05-23;US;United States of America;181609;32757111;3624;587625;1.7938853032552229
2021-05-30;US;United States of America;147811;32904922;3534;591159;1.796567091087467
2021-06-06;US;United States of America;99112;33004034;2675;593834;1.7992770217119518
2021-06-13;US;United States of America;99565;33103599;2624;596458;1.8017920045491125
2021-06-20;US;United States of America;80627;33184226;1762;598220;1.8027239809661373
2021-06-27;US;United States of America;87637;33271863;2101;600321;1.8042903098032113
2021-07-04;US;United States of America;97037;33368900;1717;602038;1.804188930411251
2021-07-11;US;United States of America;286510;33655410;1509;603547;1.7933134672850515
2021-07-18;US;United States of America;222579;33877989;1931;605478;1.7872312314641818
2021-07-25;US;United States of America;359027;34237016;2084;607562;1.774576382474454
2021-08-01;US;United States of America;547086;34784102;2927;610489;1.7550805250053603
2021-08-08;US;United States of America;743056;35527158;4453;614942;1.7309068178208906
2021-08-15;US;United States of America;886464;36413622;5637;620579;1.704249580006076
2021-08-22;US;United States of America;1019966;37433588;8055;628634;1.6793314068638037
2021-08-29;US;United States of America;1094890;38528478;10183;638817;1.6580385033636675
2021-09-05;US;United States of America;1144251;39672729;11709;650526;1.6397309093609365
2021-09-12;US;United States of America;1022570;40695299;12085;662611;1.6282249210160613
2021-09-19;US;United States of America;1037454;41732753;13590;676201;1.6203124677636294
2021-09-26;US;United States of America;852294;42585047;13384;689585;1.6193125253566114
2021-10-03;US;United States of America;755688;43340735;12992;702577;1.6210546498576914
2021-10-10;US;United States of America;681984;44022719;11684;714261;1.62248270035297
2021-10-17;US;United States of America;582237;44604956;10462;724723;1.62475891692394
2021-10-24;US;United States of America;508543;45113499;11091;735814;1.631028442285091
2021-10-31;US;United States of America;526186;45639685;8915;744729;1.6317575373274378
2021-11-07;US;United States of America;510211;46149896;7407;752136;1.6297674863665998
2021-11-14;US;United States of America;557180;46707076;7529;759665;1.6264452092869184
2021-11-21;US;United States of America;676876;47383952;10276;769941;1.6248982355882853
2021-11-28;US;United States of America;592394;47976346;5690;775631;1.6166946102981665
2021-12-05;US;United States of America;751017;48727363;8304;783935;1.6088188478412018
2021-12-12;US;United States of America;834969;49562332;8586;792521;1.5990389637033222
2021-12-19;US;United States of America;899109;50461441;9065;801586;1.5885119095191909
2021-12-26;US;United States of America;1417419;51878860;11001;812587;1.5663162220603921
2022-01-02;US;United States of America;2712038;54590898;9146;821733;1.5052564257140448
2022-01-09;US;United States of America;4682897;59273795;11716;833449;1.4061002842824557
2022-01-16;US;United States of America;5650933;64924728;14380;847829;1.3058645390089274
2022-01-23;US;United States of America;5042888;69967616;16308;864137;1.2350527992836
2022-01-30;US;United States of America;3789262;73756878;18403;882540;1.1965528150472964
2022-02-06;US;United States of America;2188710;75945588;18654;901194;1.1866311443924826
2022-02-13;US;United States of America;1222112;77167700;17550;918744;1.1905810332561422
2022-02-20;US;United States of America;708156;77875856;15372;934116;1.1994937172825426
2022-02-27;US;United States of America;458272;78334128;13046;947162;1.209130712478219
2022-03-06;US;United States of America;332509;78666637;9678;956840;1.2163224925961942
2022-03-13;US;United States of America;234332;78900969;8606;965446;1.2236174184375352
2022-03-20;US;United States of America;208740;79109709;3245;968691;1.2244906627074055
2022-03-27;US;United States of America;193469;79303178;4991;973682;1.2277969490705656
2022-04-03;US;United States of America;194464;79497642;4172;977854;1.2300415149420407
2022-04-10;US;United States of America;201192;79698834;3467;981321;1.2312865204527335
2022-04-17;US;United States of America;247939;79946773;3123;984444;1.2313742794846765
2022-04-24;US;United States of America;300721;80247494;2443;986887;1.2298041356905176
2022-05-01;US;United States of America;378549;80626043;2242;989129;1.2268107961096393
2022-05-08;US;United States of America;465658;81091701;2641;991770;1.223022809695409
2022-05-15;US;United States of America;604955;81696656;1966;993736;1.2163729198414193
2022-05-22;US;United States of America;734495;82431151;2081;995817;1.2080590746573465
2022-05-29;US;United States of America;740720;83171871;2629;998446;1.2004611511023962
2022-06-05;US;United States of America;675627;83847498;1979;1000425;1.1931483036023327
2022-06-12;US;United States of America;741044;84588542;2284;1002709;1.185395771450937
2022-06-19;US;United States of America;672256;85260798;2202;1004911;1.1786319429006518
2022-06-26;US;United States of America;709637;85970435;2501;1007412;1.1718121468153557
2022-07-03;US;United States of America;773772;86744207;2642;1010054;1.1644051342817625
2022-07-10;US;United States of America;743769;87487976;2454;1012508;1.157311034375741
2022-07-17;US;United States of America;888229;88376205;2785;1015293;1.1488307288143909
2022-07-24;US;United States of America;908695;89284900;3187;1018480;1.1407080032569896
2022-07-31;US;United States of America;947983;90232883;3113;1021593;1.1321737331611137
2022-08-07;US;United States of America;788051;91020934;3261;1024854;1.1259541678620877
2022-08-14;US;United States of America;701618;91722552;3442;1028296;1.1210939704337926
2022-08-21;US;United States of America;644925;92367477;3231;1031527;1.1167642913966351
2022-08-28;US;United States of America;610329;92977806;3221;1034748;1.1128978457504148
2022-09-04;US;United States of America;580363;93558169;3090;1037838;1.1092970406464453
2022-09-11;US;United States of America;449509;94007678;2625;1040463;1.1067851287636314
2022-09-18;US;United States of America;406901;94414579;2899;1043362;1.1050856880906073
2022-09-25;US;United States of America;368725;94783304;2705;1046067;1.1036405736605257
2022-10-02;US;United States of America;321234;95104538;2982;1049049;1.1030483109018414
2022-10-09;US;United States of America;280584;95385122;2560;1051609;1.1024874508206846
2022-10-16;US;United States of America;251280;95636402;2274;1053883;1.1019684743054219
2022-10-23;US;United States of America;283734;95920136;2955;1056838;1.1017895137262943
2022-10-30;US;United States of America;255156;96175292;3081;1059919;1.1020699578432265
2022-11-06;US;United States of America;267304;96442596;2463;1062382;1.1015692692469623
2022-11-13;US;United States of America;282897;96725493;2290;1064672;1.100714989377206
2022-11-20;US;United States of America;274984;97000477;2202;1066874;1.0998646944798014
2022-11-27;US;United States of America;300171;97300648;2619;1069493;1.099163286147899
2022-12-04;US;United States of America;302599;97603247;1763;1071256;1.0975618464824228
2022-12-11;US;United States of America;462223;98065470;3035;1074291;1.0954834561033562
2022-12-18;US;United States of America;446014;98511484;2652;1076943;1.0932156904671135
2022-12-25;US;United States of America;508009;99019493;3033;1079976;1.0906700966445062
2023-01-01;US;United States of America;392203;99411696;2480;1082456;1.0888618176275757
2023-01-08;US;United States of America;471714;99883410;2764;1085220;1.0864867348842016
2023-01-15;US;United States of America;448092;100331502;4407;1089627;1.0860267994393227
2023-01-22;US;United States of America;308025;100639527;3664;1093291;1.0863435397505397
2023-01-29;US;United States of America;294867;100934394;3743;1097034;1.0868782746146968
2023-02-05;US;United States of America;285402;101219796;3452;1100486;1.0872240841109777
2023-02-12;US;United States of America;278228;101498024;3440;1103926;1.0876329966778466
2023-02-19;US;United States of America;254372;101752396;2857;1106783;1.0877218065705303
2023-02-26;US;United States of America;267168;102019564;2362;1109145;1.087188531799646
2023-03-05;US;United States of America;227828;102247392;2197;1111342;1.0869147645350212
2023-03-12;US;United States of America;170593;102417985;1887;1113229;1.0869467896678497
2023-03-19;US;United States of America;126613;102544598;1741;1114970;1.0873025217769152
2023-03-26;US;United States of America;152968;102697566;2084;1117054;1.0877122443194027
2023-04-02;US;United States of America;176358;102873924;1746;1118800;1.0875447892898495
2023-04-09;US;United States of America;103472;102977396;1729;1120529;1.0881310302311393
2023-04-16;US;United States of America;104057;103081453;1290;1121819;1.088284038836744
2023-04-23;US;United States of America;98467;103179920;1198;1123017;1.0884065426683796
2023-04-30;US;United States of America;86484;103266404;1046;1124063;1.0885079333255374
2023-05-07;US;United States of America;77165;103343569;1146;1125209;1.088804084170927
2023-05-14;US;United States of America;93260;103436829;1943;1127152;1.0897008453343053
2023-05-21;US;United States of America;0;103436829;755;1127907;1.0904307594348237
2023-05-28;US;United States of America;0;103436829;738;1128645;1.0911442383834098
2023-06-04;US;United States of America;0;103436829;689;1129334;1.0918103454234855
2023-06-11;US;United States of America;0;103436829;631;1129965;1.0924203795922631
2023-06-18;US;United States of America;0;103436829;611;1130576;1.0930110782881792
2023-06-25;US;United States of America;0;103436829;577;1131153;1.0935689066802308
2023-07-02;US;United States of America;0;103436829;540;1131693;1.094090964447489
2023-07-09;US;United States of America;0;103436829;488;1132181;1.0945627499853074
2023-07-16;US;United States of America;0;103436829;507;1132688;1.0950529042223442
2023-07-23;US;United States of America;0;103436829;535;1133223;1.095570128121387
2023-07-30;US;United States of America;0;103436829;545;1133768;1.0960970197568605
2023-08-06;US;United States of America;0;103436829;670;1134438;1.0967447580977179
2023-08-13;US;United States of America;0;103436829;749;1135187;1.0974688715563776
2023-08-20;US;United States of America;0;103436829;916;1136103;1.0983544362134303
2023-08-27;US;United States of America;0;103436829;1056;1137159;1.0993753491805127
2023-09-03;US;United States of America;0;103436829;1183;1138342;1.1005190424002653
2023-09-10;US;United States of America;0;103436829;1302;1139644;1.1017777816835435
2023-09-17;US;United States of America;0;103436829;1399;1141043;1.1031302980101991
2023-09-24;US;United States of America;0;103436829;1404;1142447;1.1044876482050703
2023-10-01;US;United States of America;0;103436829;1442;1143889;1.105881735798378
2023-10-08;US;United States of America;0;103436829;1376;1145265;1.107212016331243
2023-10-15;US;United States of America;0;103436829;1297;1146562;1.1084659217463055
2023-10-22;US;United States of America;0;103436829;1364;1147926;1.109784600995454
2023-10-29;US;United States of America;0;103436829;1274;1149200;1.111016270616726
2023-11-05;US;United States of America;0;103436829;1223;1150423;1.1121986347822013
2023-11-12;US;United States of America;0;103436829;1361;1151784;1.1135144137104203
2023-11-19;US;United States of America;0;103436829;1396;1153180;1.114864029716147
2023-11-26;US;United States of America;0;103436829;1379;1154559;1.1161972105699411
2023-12-03;US;United States of America;0;103436829;1655;1156214;1.117797220949223
2023-12-10;US;United States of America;0;103436829;1712;1157926;1.1194523374261598
2023-12-17;US;United States of America;0;103436829;1722;1159648;1.1211171216395275
2023-12-24;US;United States of America;0;103436829;1712;1161360;1.1227722381164642
2023-12-31;US;United States of America;0;103436829;1768;1163128;1.124481493917413
2024-01-07;US;United States of America;0;103436829;1697;1164825;1.126122108789704
2024-01-14;US;United States of America;0;103436829;955;1165780;1.1270453776188363
2024-01-21;US;United States of America;0;103436829;0;1165780;1.1270453776188363
2020-01-05;VI;United States Virgin Islands;0;0;0;0;0.0
2020-01-12;VI;United States Virgin Islands;0;0;0;0;0.0
2020-01-19;VI;United States Virgin Islands;0;0;0;0;0.0
2020-01-26;VI;United States Virgin Islands;0;0;0;0;0.0
2020-02-02;VI;United States Virgin Islands;0;0;0;0;0.0
2020-02-09;VI;United States Virgin Islands;0;0;0;0;0.0
2020-02-16;VI;United States Virgin Islands;0;0;0;0;0.0
2020-02-23;VI;United States Virgin Islands;0;0;0;0;0.0
2020-03-01;VI;United States Virgin Islands;0;0;0;0;0.0
2020-03-08;VI;United States Virgin Islands;0;0;0;0;0.0
2020-03-15;VI;United States Virgin Islands;0;0;0;0;0.0
2020-03-22;VI;United States Virgin Islands;6;6;0;0;0.0
2020-03-29;VI;United States Virgin Islands;11;17;0;0;0.0
2020-04-05;VI;United States Virgin Islands;23;40;0;0;0.0
2020-04-12;VI;United States Virgin Islands;11;51;1;1;1.9607843137254901
2020-04-19;VI;United States Virgin Islands;2;53;2;3;5.660377358490567
2020-04-26;VI;United States Virgin Islands;2;55;0;3;5.454545454545454
2020-05-03;VI;United States Virgin Islands;11;66;1;4;6.0606060606060606
2020-05-10;VI;United States Virgin Islands;2;68;0;4;5.88235294117647
2020-05-17;VI;United States Virgin Islands;1;69;2;6;8.695652173913043
2020-05-24;VI;United States Virgin Islands;0;69;0;6;8.695652173913043
2020-05-31;VI;United States Virgin Islands;0;69;0;6;8.695652173913043
2020-06-07;VI;United States Virgin Islands;2;71;0;6;8.450704225352112
2020-06-14;VI;United States Virgin Islands;1;72;0;6;8.333333333333332
2020-06-21;VI;United States Virgin Islands;2;74;0;6;8.108108108108109
2020-06-28;VI;United States Virgin Islands;7;81;0;6;7.4074074074074066
2020-07-05;VI;United States Virgin Islands;30;111;0;6;5.405405405405405
2020-07-12;VI;United States Virgin Islands;56;167;0;6;3.592814371257485
2020-07-19;VI;United States Virgin Islands;116;283;0;6;2.1201413427561837
2020-07-26;VI;United States Virgin Islands;69;352;1;7;1.9886363636363635
2020-08-02;VI;United States Virgin Islands;69;421;1;8;1.9002375296912115
2020-08-09;VI;United States Virgin Islands;107;528;1;9;1.7045454545454544
2020-08-16;VI;United States Virgin Islands;206;734;0;9;1.226158038147139
2020-08-23;VI;United States Virgin Islands;198;932;1;10;1.0729613733905579
2020-08-30;VI;United States Virgin Islands;186;1118;4;14;1.2522361359570662
2020-09-06;VI;United States Virgin Islands;49;1167;2;16;1.371036846615253
2020-09-13;VI;United States Virgin Islands;44;1211;3;19;1.568951279933939
2020-09-20;VI;United States Virgin Islands;31;1242;0;19;1.529790660225443
2020-09-27;VI;United States Virgin Islands;54;1296;0;19;1.4660493827160492
2020-10-04;VI;United States Virgin Islands;30;1326;1;20;1.5082956259426847
2020-10-11;VI;United States Virgin Islands;-2;1324;0;20;1.5105740181268883
2020-10-18;VI;United States Virgin Islands;5;1329;1;21;1.580135440180587
2020-10-25;VI;United States Virgin Islands;17;1346;0;21;1.5601783060921248
2020-11-01;VI;United States Virgin Islands;30;1376;0;21;1.5261627906976742
2020-11-08;VI;United States Virgin Islands;14;1390;2;23;1.6546762589928057
2020-11-15;VI;United States Virgin Islands;44;1434;0;23;1.6039051603905161
2020-11-22;VI;United States Virgin Islands;57;1491;0;23;1.5425888665325285
2020-11-29;VI;United States Virgin Islands;47;1538;0;23;1.495448634590377
2020-12-06;VI;United States Virgin Islands;95;1633;0;23;1.4084507042253522
2020-12-13;VI;United States Virgin Islands;158;1791;0;23;1.2841987716359575
2020-12-20;VI;United States Virgin Islands;119;1910;0;23;1.2041884816753925
2020-12-27;VI;United States Virgin Islands;69;1979;0;23;1.1622031328954017
2021-01-03;VI;United States Virgin Islands;57;2036;0;23;1.1296660117878194
2021-01-10;VI;United States Virgin Islands;107;2143;1;24;1.1199253383107792
2021-01-17;VI;United States Virgin Islands;109;2252;0;24;1.0657193605683837
2021-01-24;VI;United States Virgin Islands;83;2335;0;24;1.0278372591006424
2021-01-31;VI;United States Virgin Islands;63;2398;0;24;1.0008340283569641
2021-02-07;VI;United States Virgin Islands;51;2449;0;24;0.9799918334013884
2021-02-14;VI;United States Virgin Islands;75;2524;1;25;0.9904912836767036
2021-02-21;VI;United States Virgin Islands;51;2575;0;25;0.9708737864077669
2021-02-28;VI;United States Virgin Islands;71;2646;0;25;0.944822373393802
2021-03-07;VI;United States Virgin Islands;68;2714;0;25;0.9211495946941783
2021-03-14;VI;United States Virgin Islands;53;2767;0;25;0.9035056017347307
2021-03-21;VI;United States Virgin Islands;47;2814;0;25;0.8884150675195452
2021-03-28;VI;United States Virgin Islands;87;2901;1;26;0.8962426749396759
2021-04-04;VI;United States Virgin Islands;30;2931;0;26;0.8870692596383487
2021-04-11;VI;United States Virgin Islands;40;2971;0;26;0.8751262201279031
2021-04-18;VI;United States Virgin Islands;68;3039;1;27;0.8884501480750246
2021-04-25;VI;United States Virgin Islands;41;3080;0;27;0.8766233766233765
2021-05-02;VI;United States Virgin Islands;45;3125;0;27;0.864
2021-05-09;VI;United States Virgin Islands;85;3210;0;27;0.8411214953271028
2021-05-16;VI;United States Virgin Islands;57;3267;0;27;0.8264462809917356
2021-05-23;VI;United States Virgin Islands;79;3346;0;27;0.8069336521219366
2021-05-30;VI;United States Virgin Islands;119;3465;0;27;0.7792207792207793
2021-06-06;VI;United States Virgin Islands;95;3560;1;28;0.7865168539325843
2021-06-13;VI;United States Virgin Islands;130;3690;0;28;0.7588075880758808
2021-06-20;VI;United States Virgin Islands;78;3768;2;30;0.7961783439490446
2021-06-27;VI;United States Virgin Islands;71;3839;0;30;0.7814535035165407
2021-07-04;VI;United States Virgin Islands;63;3902;0;30;0.768836494105587
2021-07-11;VI;United States Virgin Islands;103;4005;2;32;0.7990012484394506
2021-07-18;VI;United States Virgin Islands;155;4160;0;32;0.7692307692307693
2021-07-25;VI;United States Virgin Islands;176;4336;3;35;0.8071955719557196
2021-08-01;VI;United States Virgin Islands;293;4629;2;37;0.7993087059840137
2021-08-08;VI;United States Virgin Islands;278;4907;3;40;0.8151620134501733
2021-08-15;VI;United States Virgin Islands;335;5242;1;41;0.782144219763449
2021-08-22;VI;United States Virgin Islands;352;5594;4;45;0.8044333214158027
2021-08-29;VI;United States Virgin Islands;180;5774;8;53;0.9179078628333911
2021-09-05;VI;United States Virgin Islands;199;5973;7;60;1.0045203415369162
2021-09-12;VI;United States Virgin Islands;241;6214;4;64;1.0299324106855487
2021-09-19;VI;United States Virgin Islands;225;6439;3;67;1.0405342444478958
2021-09-26;VI;United States Virgin Islands;192;6631;2;69;1.04056703362992
2021-10-03;VI;United States Virgin Islands;155;6786;2;71;1.0462717359269083
2021-10-10;VI;United States Virgin Islands;164;6950;2;73;1.0503597122302157
2021-10-17;VI;United States Virgin Islands;95;7045;5;78;1.107168204400284
2021-10-24;VI;United States Virgin Islands;81;7126;0;78;1.094583216390682
2021-10-31;VI;United States Virgin Islands;78;7204;3;81;1.1243753470294282
2021-11-07;VI;United States Virgin Islands;71;7275;2;83;1.140893470790378
2021-11-14;VI;United States Virgin Islands;69;7344;1;84;1.1437908496732025
2021-11-21;VI;United States Virgin Islands;95;7439;1;85;1.142626697136712
2021-11-28;VI;United States Virgin Islands;51;7490;0;85;1.1348464619492658
2021-12-05;VI;United States Virgin Islands;40;7530;2;87;1.1553784860557768
2021-12-12;VI;United States Virgin Islands;68;7598;0;87;1.1450381679389312
2021-12-19;VI;United States Virgin Islands;42;7640;1;88;1.1518324607329842
2021-12-26;VI;United States Virgin Islands;367;8007;0;88;1.0990383414512301
2022-01-02;VI;United States Virgin Islands;2099;10106;1;89;0.8806649515139521
2022-01-09;VI;United States Virgin Islands;2032;12138;0;89;0.7332344702586917
2022-01-16;VI;United States Virgin Islands;1383;13521;2;91;0.6730271429627986
2022-01-23;VI;United States Virgin Islands;780;14301;4;95;0.6642892105447172
2022-01-30;VI;United States Virgin Islands;545;14846;4;99;0.6668462885625758
2022-02-06;VI;United States Virgin Islands;142;14988;3;102;0.6805444355484388
2022-02-13;VI;United States Virgin Islands;183;15171;3;105;0.6921099466086613
2022-02-20;VI;United States Virgin Islands;112;15283;3;108;0.7066675390957273
2022-02-27;VI;United States Virgin Islands;112;15395;1;109;0.7080220850925625
2022-03-06;VI;United States Virgin Islands;31;15426;0;109;0.7065992480228186
2022-03-13;VI;United States Virgin Islands;130;15556;0;109;0.7006942658781178
2022-03-20;VI;United States Virgin Islands;22;15578;1;110;0.7061240210553344
2022-03-27;VI;United States Virgin Islands;33;15611;0;110;0.7046313496893216
2022-04-03;VI;United States Virgin Islands;45;15656;1;111;0.7089933571793562
2022-04-10;VI;United States Virgin Islands;108;15764;0;111;0.704136006089825
2022-04-17;VI;United States Virgin Islands;118;15882;0;111;0.6989044200982244
2022-04-24;VI;United States Virgin Islands;209;16091;0;111;0.6898266111490896
2022-05-01;VI;United States Virgin Islands;258;16349;0;111;0.6789406079882562
2022-05-08;VI;United States Virgin Islands;818;17167;2;113;0.6582396458321198
2022-05-15;VI;United States Virgin Islands;870;18037;0;113;0.626489992792593
2022-05-22;VI;United States Virgin Islands;817;18854;0;113;0.5993423146281956
2022-05-29;VI;United States Virgin Islands;678;19532;0;113;0.5785377841490887
2022-06-05;VI;United States Virgin Islands;551;20083;0;113;0.5626649404969377
2022-06-12;VI;United States Virgin Islands;328;20411;2;115;0.5634216843858704
2022-06-19;VI;United States Virgin Islands;195;20606;2;117;0.5677957876346695
2022-06-26;VI;United States Virgin Islands;183;20789;1;118;0.5676078695463947
2022-07-03;VI;United States Virgin Islands;171;20960;0;118;0.5629770992366412
2022-07-10;VI;United States Virgin Islands;143;21103;1;119;0.5639008671752831
2022-07-17;VI;United States Virgin Islands;223;21326;1;120;0.5626934258651412
2022-07-24;VI;United States Virgin Islands;243;21569;0;120;0.5563540266122676
2022-07-31;VI;United States Virgin Islands;206;21775;0;120;0.5510907003444316
2022-08-07;VI;United States Virgin Islands;182;21957;1;121;0.5510771052511728
2022-08-14;VI;United States Virgin Islands;178;22135;1;122;0.5511633160153603
2022-08-21;VI;United States Virgin Islands;165;22300;0;122;0.547085201793722
2022-08-28;VI;United States Virgin Islands;181;22481;0;122;0.5426804857435168
2022-09-04;VI;United States Virgin Islands;290;22771;0;122;0.5357691800974924
2022-09-11;VI;United States Virgin Islands;140;22911;0;122;0.5324953079306883
2022-09-18;VI;United States Virgin Islands;120;23031;1;123;0.5340627849420346
2022-09-25;VI;United States Virgin Islands;89;23120;0;123;0.5320069204152249
2022-10-02;VI;United States Virgin Islands;34;23154;0;123;0.5312257061414873
2022-10-09;VI;United States Virgin Islands;53;23207;0;123;0.5300124962295859
2022-10-16;VI;United States Virgin Islands;33;23240;0;123;0.5292598967297762
2022-10-23;VI;United States Virgin Islands;43;23283;0;123;0.5282824378301765
2022-10-30;VI;United States Virgin Islands;50;23333;1;124;0.5314361633737625
2022-11-06;VI;United States Virgin Islands;69;23402;0;124;0.5298692419451329
2022-11-13;VI;United States Virgin Islands;43;23445;0;124;0.5288974194924291
2022-11-20;VI;United States Virgin Islands;24;23469;0;124;0.5283565554561337
2022-11-27;VI;United States Virgin Islands;26;23495;0;124;0.5277718663545435
2022-12-04;VI;United States Virgin Islands;50;23545;1;125;0.5308982798895732
2022-12-11;VI;United States Virgin Islands;88;23633;1;126;0.5331527948208014
2022-12-18;VI;United States Virgin Islands;46;23679;0;126;0.5321170657544659
2022-12-25;VI;United States Virgin Islands;55;23734;1;127;0.5350973287267212
2023-01-01;VI;United States Virgin Islands;47;23781;0;127;0.5340397796560279
2023-01-08;VI;United States Virgin Islands;50;23831;0;127;0.5329193067852797
2023-01-15;VI;United States Virgin Islands;201;24032;1;128;0.5326231691078562
2023-01-22;VI;United States Virgin Islands;237;24269;1;129;0.53154229675718
2023-01-29;VI;United States Virgin Islands;206;24475;0;129;0.5270684371807968
2023-02-05;VI;United States Virgin Islands;109;24584;0;129;0.5247315327041978
2023-02-12;VI;United States Virgin Islands;88;24672;0;129;0.5228599221789882
2023-02-19;VI;United States Virgin Islands;33;24705;1;130;0.5262092693786683
2023-02-26;VI;United States Virgin Islands;51;24756;0;130;0.5251252221683632
2023-03-05;VI;United States Virgin Islands;24;24780;0;130;0.5246166263115416
2023-03-12;VI;United States Virgin Islands;33;24813;0;130;0.5239189134727764
2023-03-19;VI;United States Virgin Islands;18;24831;0;130;0.523539124481495
2023-03-26;VI;United States Virgin Islands;7;24838;0;130;0.5233915774216925
2023-04-02;VI;United States Virgin Islands;25;24863;0;130;0.5228653018541608
2023-04-09;VI;United States Virgin Islands;23;24886;0;130;0.5223820622036486
2023-04-16;VI;United States Virgin Islands;12;24898;0;130;0.5221302915896859
2023-04-23;VI;United States Virgin Islands;9;24907;0;130;0.5219416228369534
2023-04-30;VI;United States Virgin Islands;12;24919;0;130;0.5216902764958465
2023-05-07;VI;United States Virgin Islands;17;24936;1;131;0.5253448829002246
2023-05-14;VI;United States Virgin Islands;58;24994;0;131;0.5241257901896456
2023-05-21;VI;United States Virgin Islands;52;25046;0;131;0.5230376107961351
2023-05-28;VI;United States Virgin Islands;40;25086;0;131;0.5222036195487523
2023-06-04;VI;United States Virgin Islands;36;25122;0;131;0.5214552981450521
2023-06-11;VI;United States Virgin Islands;60;25182;0;131;0.5202128504487332
2023-06-18;VI;United States Virgin Islands;29;25211;0;131;0.519614454008171
2023-06-25;VI;United States Virgin Islands;34;25245;0;131;0.5189146365616953
2023-07-02;VI;United States Virgin Islands;25;25270;1;132;0.5223585278986942
2023-07-09;VI;United States Virgin Islands;23;25293;0;132;0.5218835250859922
2023-07-16;VI;United States Virgin Islands;5;25298;0;132;0.5217803778954858
2023-07-23;VI;United States Virgin Islands;27;25325;0;132;0.5212240868706811
2023-07-30;VI;United States Virgin Islands;64;25389;0;132;0.5199101973295521
2023-08-06;VI;United States Virgin Islands;0;25389;0;132;0.5199101973295521
2023-08-13;VI;United States Virgin Islands;0;25389;0;132;0.5199101973295521
2023-08-20;VI;United States Virgin Islands;0;25389;0;132;0.5199101973295521
2023-08-27;VI;United States Virgin Islands;0;25389;0;132;0.5199101973295521
2023-09-03;VI;United States Virgin Islands;0;25389;0;132;0.5199101973295521
2023-09-10;VI;United States Virgin Islands;0;25389;0;132;0.5199101973295521
2023-09-17;VI;United States Virgin Islands;0;25389;0;132;0.5199101973295521
2023-09-24;VI;United States Virgin Islands;0;25389;0;132;0.5199101973295521
2023-10-01;VI;United States Virgin Islands;0;25389;0;132;0.5199101973295521
2023-10-08;VI;United States Virgin Islands;0;25389;0;132;0.5199101973295521
2023-10-15;VI;United States Virgin Islands;0;25389;0;132;0.5199101973295521
2023-10-22;VI;United States Virgin Islands;0;25389;0;132;0.5199101973295521
2023-10-29;VI;United States Virgin Islands;0;25389;0;132;0.5199101973295521
2023-11-05;VI;United States Virgin Islands;0;25389;0;132;0.5199101973295521
2023-11-12;VI;United States Virgin Islands;0;25389;0;132;0.5199101973295521
2023-11-19;VI;United States Virgin Islands;0;25389;0;132;0.5199101973295521
2023-11-26;VI;United States Virgin Islands;0;25389;0;132;0.5199101973295521
2023-12-03;VI;United States Virgin Islands;0;25389;0;132;0.5199101973295521
2023-12-10;VI;United States Virgin Islands;0;25389;0;132;0.5199101973295521
2023-12-17;VI;United States Virgin Islands;0;25389;0;132;0.5199101973295521
2023-12-24;VI;United States Virgin Islands;0;25389;0;132;0.5199101973295521
2023-12-31;VI;United States Virgin Islands;0;25389;0;132;0.5199101973295521
2024-01-07;VI;United States Virgin Islands;0;25389;0;132;0.5199101973295521
2024-01-14;VI;United States Virgin Islands;0;25389;0;132;0.5199101973295521
2024-01-21;VI;United States Virgin Islands;0;25389;0;132;0.5199101973295521
2020-01-05;UY;Uruguay;0;0;0;0;0.0
2020-01-12;UY;Uruguay;0;0;0;0;0.0
2020-01-19;UY;Uruguay;0;0;0;0;0.0
2020-01-26;UY;Uruguay;0;0;0;0;0.0
2020-02-02;UY;Uruguay;0;0;0;0;0.0
2020-02-09;UY;Uruguay;0;0;0;0;0.0
2020-02-16;UY;Uruguay;0;0;0;0;0.0
2020-02-23;UY;Uruguay;0;0;0;0;0.0
2020-03-01;UY;Uruguay;0;0;0;0;0.0
2020-03-08;UY;Uruguay;0;0;0;0;0.0
2020-03-15;UY;Uruguay;4;4;0;0;0.0
2020-03-22;UY;Uruguay;90;94;0;0;0.0
2020-03-29;UY;Uruguay;180;274;0;0;0.0
2020-04-05;UY;Uruguay;112;386;4;4;1.0362694300518136
2020-04-12;UY;Uruguay;108;494;3;7;1.417004048582996
2020-04-19;UY;Uruguay;14;508;2;9;1.7716535433070866
2020-04-26;UY;Uruguay;55;563;3;12;2.1314387211367674
2020-05-03;UY;Uruguay;85;648;5;17;2.6234567901234565
2020-05-10;UY;Uruguay;46;694;0;17;2.4495677233429394
2020-05-17;UY;Uruguay;38;732;2;19;2.5956284153005464
2020-05-24;UY;Uruguay;21;753;1;20;2.6560424966799467
2020-05-31;UY;Uruguay;63;816;2;22;2.696078431372549
2020-06-07;UY;Uruguay;18;834;1;23;2.7577937649880093
2020-06-14;UY;Uruguay;13;847;0;23;2.715466351829988
2020-06-21;UY;Uruguay;6;853;1;24;2.813599062133646
2020-06-28;UY;Uruguay;66;919;2;26;2.8291621327529923
2020-07-05;UY;Uruguay;33;952;2;28;2.941176470588235
2020-07-12;UY;Uruguay;33;985;1;29;2.9441624365482233
2020-07-19;UY;Uruguay;52;1037;3;32;3.085824493731919
2020-07-26;UY;Uruguay;129;1166;2;34;2.9159519725557463
2020-08-02;UY;Uruguay;99;1265;1;35;2.766798418972332
2020-08-09;UY;Uruguay;60;1325;2;37;2.7924528301886795
2020-08-16;UY;Uruguay;96;1421;1;38;2.674173117522871
2020-08-23;UY;Uruguay;95;1516;4;42;2.7704485488126647
2020-08-30;UY;Uruguay;40;1556;1;43;2.763496143958869
2020-09-06;UY;Uruguay;97;1653;2;45;2.722323049001815
2020-09-13;UY;Uruguay;120;1773;0;45;2.5380710659898478
2020-09-20;UY;Uruguay;117;1890;1;46;2.433862433862434
2020-09-27;UY;Uruguay;77;1967;1;47;2.389425521098119
2020-10-04;UY;Uruguay;130;2097;1;48;2.28898426323319
2020-10-11;UY;Uruguay;154;2251;1;49;2.176810306530431
2020-10-18;UY;Uruguay;199;2450;2;51;2.0816326530612246
2020-10-25;UY;Uruguay;309;2759;2;53;1.9209858644436388
2020-11-01;UY;Uruguay;323;3082;5;58;1.881894873458793
2020-11-08;UY;Uruguay;288;3370;3;61;1.8100890207715135
2020-11-15;UY;Uruguay;513;3883;3;64;1.6482101467937165
2020-11-22;UY;Uruguay;594;4477;5;69;1.541210632119723
2020-11-29;UY;Uruguay;826;5303;5;74;1.3954365453516877
2020-12-06;UY;Uruguay;1428;6731;6;80;1.1885306789481502
2020-12-13;UY;Uruguay;2118;8849;10;90;1.0170640750367272
2020-12-20;UY;Uruguay;3101;11950;19;109;0.9121338912133891
2020-12-27;UY;Uruguay;3898;15848;34;143;0.9023220595658759
2021-01-03;UY;Uruguay;3905;19753;50;193;0.9770667746671392
2021-01-10;UY;Uruguay;4586;24339;47;240;0.9860717367188463
2021-01-17;UY;Uruguay;6607;30946;51;291;0.940347702449428
2021-01-24;UY;Uruguay;5224;36170;73;364;1.006358860934476
2021-01-31;UY;Uruguay;4359;40529;61;425;1.048631843864887
2021-02-07;UY;Uruguay;3774;44303;53;478;1.0789337065210032
2021-02-14;UY;Uruguay;3525;47828;49;527;1.1018650163084387
2021-02-21;UY;Uruguay;3549;51377;36;563;1.0958210872569438
2021-02-28;UY;Uruguay;5165;56542;38;601;1.0629266739768668
2021-03-07;UY;Uruguay;5387;61929;36;637;1.028597264609472
2021-03-14;UY;Uruguay;7145;69074;52;689;0.9974809624460724
2021-03-21;UY;Uruguay;9327;78401;71;760;0.9693753906200177
2021-03-28;UY;Uruguay;13942;92343;115;875;0.9475542271747723
2021-04-04;UY;Uruguay;19225;111568;166;1041;0.933063243940915
2021-04-11;UY;Uruguay;26378;137946;322;1363;0.9880677946442811
2021-04-18;UY;Uruguay;21623;159569;425;1788;1.1205183964303844
2021-04-25;UY;Uruguay;19968;179537;439;2227;1.2404128396932108
2021-05-02;UY;Uruguay;18891;198428;389;2616;1.3183623278972725
2021-05-09;UY;Uruguay;17718;216146;416;3032;1.4027555448631943
2021-05-16;UY;Uruguay;19060;235206;337;3369;1.432361419351547
2021-05-23;UY;Uruguay;23334;258540;391;3760;1.4543204146360331
2021-05-30;UY;Uruguay;23658;282198;358;4118;1.459259101765427
2021-06-06;UY;Uruguay;26292;308490;398;4516;1.463904826736685
2021-06-13;UY;Uruguay;24994;333484;390;4906;1.4711350469587747
2021-06-20;UY;Uruguay;17894;351378;301;5207;1.4818799128004598
2021-06-27;UY;Uruguay;12202;363580;240;5447;1.4981572143682271
2021-07-04;UY;Uruguay;7837;371417;195;5642;1.5190473241666376
2021-07-11;UY;Uruguay;4485;375902;148;5790;1.540295076908343
2021-07-18;UY;Uruguay;2578;378480;81;5871;1.5512048192771084
2021-07-25;UY;Uruguay;1671;380151;48;5919;1.5570128712011806
2021-08-01;UY;Uruguay;1213;381364;40;5959;1.5625491656265404
2021-08-08;UY;Uruguay;931;382295;27;5986;1.565806510678926
2021-08-15;UY;Uruguay;806;383101;12;5998;1.565644568925688
2021-08-22;UY;Uruguay;802;383903;17;6015;1.566802030721302
2021-08-29;UY;Uruguay;628;384531;11;6026;1.5671038225786738
2021-09-05;UY;Uruguay;892;385423;8;6034;1.5655526525401962
2021-09-12;UY;Uruguay;987;386410;3;6037;1.5623301674387309
2021-09-19;UY;Uruguay;1039;387449;9;6046;1.560463441640061
2021-09-26;UY;Uruguay;864;388313;5;6051;1.5582790171845908
2021-10-03;UY;Uruguay;712;389025;5;6056;1.5567122935543989
2021-10-10;UY;Uruguay;792;389817;6;6062;1.5550886698117323
2021-10-17;UY;Uruguay;945;390762;4;6066;1.5523515592611359
2021-10-24;UY;Uruguay;1128;391890;4;6070;1.5489040291918652
2021-10-31;UY;Uruguay;1564;393454;7;6077;1.5445261707848947
2021-11-07;UY;Uruguay;1460;394914;7;6084;1.5405885838435711
2021-11-14;UY;Uruguay;1261;396175;15;6099;1.5394711932857954
2021-11-21;UY;Uruguay;1374;397549;11;6110;1.536917461746854
2021-11-28;UY;Uruguay;1341;398890;14;6124;1.5352603474642132
2021-12-05;UY;Uruguay;1652;400542;8;6132;1.530925595817667
2021-12-12;UY;Uruguay;1607;402149;9;6141;1.5270459456569578
2021-12-19;UY;Uruguay;1750;403899;9;6150;1.5226578921958211
2021-12-26;UY;Uruguay;2840;406739;12;6162;1.5149764345194339
2022-01-02;UY;Uruguay;6644;413383;8;6170;1.4925625872375012
2022-01-09;UY;Uruguay;23679;437062;18;6188;1.4158174355125817
2022-01-16;UY;Uruguay;53564;490626;26;6214;1.2665451892072577
2022-01-23;UY;Uruguay;78411;569037;70;6284;1.104321863077445
2022-01-30;UY;Uruguay;75594;644631;127;6411;0.9945224477259084
2022-02-06;UY;Uruguay;66243;710874;195;6606;0.9292786063352999
2022-02-13;UY;Uruguay;55086;765960;123;6729;0.8785054049819835
2022-02-20;UY;Uruguay;42052;808012;125;6854;0.848254728890165
2022-02-27;UY;Uruguay;27334;835346;95;6949;0.831870865485679
2022-03-06;UY;Uruguay;15895;851241;82;7031;0.8259705535800084
2022-03-13;UY;Uruguay;10912;862153;52;7083;0.8215479155091961
2022-03-20;UY;Uruguay;10785;872938;44;7127;0.8164382808401054
2022-03-27;UY;Uruguay;9441;882379;22;7149;0.810196072209334
2022-04-03;UY;Uruguay;6260;888639;12;7161;0.805839041500542
2022-04-10;UY;Uruguay;4370;893009;20;7181;0.8041352326796258
2022-04-17;UY;Uruguay;2442;895451;12;7193;0.8032823683261284
2022-04-24;UY;Uruguay;2416;897867;10;7203;0.8022346294050232
2022-05-01;UY;Uruguay;1856;899723;7;7210;0.8013577512189862
2022-05-08;UY;Uruguay;2817;902540;3;7213;0.7991889556141557
2022-05-15;UY;Uruguay;5538;908078;2;7215;0.7945352711991701
2022-05-22;UY;Uruguay;8310;916388;12;7227;0.7886397464829309
2022-05-29;UY;Uruguay;9389;925777;11;7238;0.781829749496909
2022-06-05;UY;Uruguay;9184;934961;24;7262;0.7767168897954032
2022-06-12;UY;Uruguay;8916;943877;28;7290;0.7723463968292479
2022-06-19;UY;Uruguay;8071;951948;22;7312;0.7681091824343347
2022-06-26;UY;Uruguay;5681;957629;19;7331;0.7655365491228858
2022-07-03;UY;Uruguay;4622;962251;20;7351;0.7639378914649089
2022-07-10;UY;Uruguay;3119;965370;22;7373;0.7637486145208573
2022-07-17;UY;Uruguay;2438;967808;14;7387;0.7632712273508795
2022-07-24;UY;Uruguay;1995;969803;16;7403;0.7633509073492245
2022-07-31;UY;Uruguay;1925;971728;12;7415;0.7630736173085472
2022-08-07;UY;Uruguay;1692;973420;8;7423;0.7625690863142324
2022-08-14;UY;Uruguay;1844;975264;6;7429;0.7617424615283657
2022-08-21;UY;Uruguay;2041;977305;9;7438;0.7610725413253795
2022-08-28;UY;Uruguay;1855;979160;7;7445;0.7603456023530373
2022-09-04;UY;Uruguay;2026;981186;10;7455;0.7597947789715711
2022-09-11;UY;Uruguay;1660;982846;7;7462;0.7592237237573334
2022-09-18;UY;Uruguay;1306;984152;11;7473;0.7593339240279957
2022-09-25;UY;Uruguay;1270;985422;12;7485;0.7595730560105214
2022-10-02;UY;Uruguay;1024;986446;10;7495;0.7597983062428151
2022-10-09;UY;Uruguay;1117;987563;6;7501;0.7595464795663669
2022-10-16;UY;Uruguay;964;988527;9;7510;0.7597162242407137
2022-10-23;UY;Uruguay;1102;989629;5;7515;0.7593754831355993
2022-10-30;UY;Uruguay;931;990560;3;7518;0.7589646260701017
2022-11-06;UY;Uruguay;659;991219;8;7526;0.7592671246212996
2022-11-13;UY;Uruguay;816;992035;3;7529;0.7589449969003109
2022-11-20;UY;Uruguay;852;992887;1;7530;0.7583944597925041
2022-11-27;UY;Uruguay;988;993875;7;7537;0.758344862281474
2022-12-04;UY;Uruguay;1527;995402;4;7541;0.7575833683275701
2022-12-11;UY;Uruguay;2645;998047;7;7548;0.7562770089985742
2022-12-18;UY;Uruguay;4941;1002988;4;7552;0.7529501848476752
2022-12-25;UY;Uruguay;9000;1011988;10;7562;0.7472420621588398
2023-01-01;UY;Uruguay;8173;1020161;8;7570;0.7420397368650635
2023-01-08;UY;Uruguay;5649;1025810;16;7586;0.7395131652060324
2023-01-15;UY;Uruguay;3754;1029564;11;7597;0.7378851630398887
2023-01-22;UY;Uruguay;2017;1031581;4;7601;0.7368301665114034
2023-01-29;UY;Uruguay;1129;1032710;8;7609;0.7367992950586322
2023-02-05;UY;Uruguay;555;1033265;5;7614;0.7368874393306654
2023-02-12;UY;Uruguay;501;1033766;3;7617;0.7368205183764991
2023-02-19;UY;Uruguay;280;1034046;0;7617;0.7366210013867855
2023-02-26;UY;Uruguay;257;1034303;0;7617;0.7364379683709706
2023-03-05;UY;Uruguay;0;1034303;0;7617;0.7364379683709706
2023-03-12;UY;Uruguay;743;1035046;2;7619;0.7361025500315928
2023-03-19;UY;Uruguay;0;1035046;0;7619;0.7361025500315928
2023-03-26;UY;Uruguay;1113;1036159;2;7621;0.7355048790774389
2023-04-02;UY;Uruguay;0;1036159;0;7621;0.7355048790774389
2023-04-09;UY;Uruguay;0;1036159;0;7621;0.7355048790774389
2023-04-16;UY;Uruguay;936;1037095;0;7621;0.7348410704901672
2023-04-23;UY;Uruguay;798;1037893;4;7625;0.7346614728107811
2023-04-30;UY;Uruguay;0;1037893;0;7625;0.7346614728107811
2023-05-07;UY;Uruguay;0;1037893;0;7625;0.7346614728107811
2023-05-14;UY;Uruguay;0;1037893;0;7625;0.7346614728107811
2023-05-21;UY;Uruguay;0;1037893;0;7625;0.7346614728107811
2023-05-28;UY;Uruguay;98;1037991;0;7625;0.7345921111069363
2023-06-04;UY;Uruguay;58;1038049;0;7625;0.7345510664718139
2023-06-11;UY;Uruguay;61;1038110;1;7626;0.734604232692104
2023-06-18;UY;Uruguay;45;1038155;0;7626;0.7345723904426603
2023-06-25;UY;Uruguay;34;1038189;0;7626;0.7345483336849071
2023-07-02;UY;Uruguay;49;1038238;0;7626;0.7345136664233056
2023-07-09;UY;Uruguay;38;1038276;0;7626;0.7344867838609387
2023-07-16;UY;Uruguay;27;1038303;0;7626;0.7344676842886904
2023-07-23;UY;Uruguay;23;1038326;0;7626;0.7344514150661738
2023-07-30;UY;Uruguay;20;1038346;0;7626;0.7344372685020215
2023-08-06;UY;Uruguay;48;1038394;0;7626;0.7344033189714116
2023-08-13;UY;Uruguay;41;1038435;0;7626;0.7343743228993629
2023-08-20;UY;Uruguay;69;1038504;0;7626;0.7343255298005592
2023-08-27;UY;Uruguay;85;1038589;0;7626;0.7342654312726208
2023-09-03;UY;Uruguay;120;1038709;0;7626;0.7341806030370392
2023-09-10;UY;Uruguay;149;1038858;0;7626;0.7340753019180677
2023-09-17;UY;Uruguay;220;1039078;1;7627;0.7340161181355008
2023-09-24;UY;Uruguay;263;1039341;0;7627;0.7338303790574989
2023-10-01;UY;Uruguay;207;1039548;7;7634;0.7343576246599484
2023-10-08;UY;Uruguay;199;1039747;7;7641;0.7348903146630863
2023-10-15;UY;Uruguay;211;1039958;5;7646;0.7352219993499738
2023-10-22;UY;Uruguay;224;1040182;3;7649;0.7353520826163115
2023-10-29;UY;Uruguay;191;1040373;5;7654;0.7356976776598393
2023-11-05;UY;Uruguay;115;1040488;1;7655;0.7357124733778766
2023-11-12;UY;Uruguay;108;1040596;1;7656;0.7357322149998654
2023-11-19;UY;Uruguay;144;1040740;2;7658;0.7358225877740838
2023-11-26;UY;Uruguay;128;1040868;2;7660;0.7359242478393033
2023-12-03;UY;Uruguay;129;1040997;0;7660;0.7358330523526966
2023-12-10;UY;Uruguay;114;1041111;0;7660;0.7357524798028261
2023-12-17;UY;Uruguay;0;1041111;0;7660;0.7357524798028261
2023-12-24;UY;Uruguay;0;1041111;0;7660;0.7357524798028261
2023-12-31;UY;Uruguay;0;1041111;0;7660;0.7357524798028261
2024-01-07;UY;Uruguay;0;1041111;0;7660;0.7357524798028261
2024-01-14;UY;Uruguay;0;1041111;0;7660;0.7357524798028261
2024-01-21;UY;Uruguay;0;1041111;0;7660;0.7357524798028261
2020-01-05;UZ;Uzbekistan;0;0;0;0;0.0
2020-01-12;UZ;Uzbekistan;0;0;0;0;0.0
2020-01-19;UZ;Uzbekistan;0;0;0;0;0.0
2020-01-26;UZ;Uzbekistan;0;0;0;0;0.0
2020-02-02;UZ;Uzbekistan;0;0;0;0;0.0
2020-02-09;UZ;Uzbekistan;0;0;0;0;0.0
2020-02-16;UZ;Uzbekistan;0;0;0;0;0.0
2020-02-23;UZ;Uzbekistan;0;0;0;0;0.0
2020-03-01;UZ;Uzbekistan;0;0;0;0;0.0
2020-03-08;UZ;Uzbekistan;0;0;0;0;0.0
2020-03-15;UZ;Uzbekistan;0;0;0;0;0.0
2020-03-22;UZ;Uzbekistan;0;0;0;0;0.0
2020-03-29;UZ;Uzbekistan;0;0;0;0;0.0
2020-04-05;UZ;Uzbekistan;0;0;0;0;0.0
2020-04-12;UZ;Uzbekistan;0;0;0;0;0.0
2020-04-19;UZ;Uzbekistan;0;0;0;0;0.0
2020-04-26;UZ;Uzbekistan;0;0;0;0;0.0
2020-05-03;UZ;Uzbekistan;0;0;0;0;0.0
2020-05-10;UZ;Uzbekistan;0;0;0;0;0.0
2020-05-17;UZ;Uzbekistan;0;0;0;0;0.0
2020-05-24;UZ;Uzbekistan;0;0;0;0;0.0
2020-05-31;UZ;Uzbekistan;0;0;0;0;0.0
2020-06-07;UZ;Uzbekistan;0;0;0;0;0.0
2020-06-14;UZ;Uzbekistan;0;0;0;0;0.0
2020-06-21;UZ;Uzbekistan;0;0;0;0;0.0
2020-06-28;UZ;Uzbekistan;0;0;0;0;0.0
2020-07-05;UZ;Uzbekistan;0;0;0;0;0.0
2020-07-12;UZ;Uzbekistan;0;0;0;0;0.0
2020-07-19;UZ;Uzbekistan;0;0;0;0;0.0
2020-07-26;UZ;Uzbekistan;0;0;0;0;0.0
2020-08-02;UZ;Uzbekistan;0;0;0;0;0.0
2020-08-09;UZ;Uzbekistan;0;0;0;0;0.0
2020-08-16;UZ;Uzbekistan;0;0;0;0;0.0
2020-08-23;UZ;Uzbekistan;0;0;0;0;0.0
2020-08-30;UZ;Uzbekistan;0;0;0;0;0.0
2020-09-06;UZ;Uzbekistan;0;0;0;0;0.0
2020-09-13;UZ;Uzbekistan;0;0;0;0;0.0
2020-09-20;UZ;Uzbekistan;0;0;0;0;0.0
2020-09-27;UZ;Uzbekistan;0;0;0;0;0.0
2020-10-04;UZ;Uzbekistan;0;0;0;0;0.0
2020-10-11;UZ;Uzbekistan;4;4;0;0;0.0
2020-10-18;UZ;Uzbekistan;5;9;0;0;0.0
2020-10-25;UZ;Uzbekistan;0;9;0;0;0.0
2020-11-01;UZ;Uzbekistan;0;9;0;0;0.0
2020-11-08;UZ;Uzbekistan;0;9;0;0;0.0
2020-11-15;UZ;Uzbekistan;0;9;0;0;0.0
2020-11-22;UZ;Uzbekistan;0;9;0;0;0.0
2020-11-29;UZ;Uzbekistan;0;9;0;0;0.0
2020-12-06;UZ;Uzbekistan;0;9;0;0;0.0
2020-12-13;UZ;Uzbekistan;0;9;0;0;0.0
2020-12-20;UZ;Uzbekistan;0;9;0;0;0.0
2020-12-27;UZ;Uzbekistan;0;9;0;0;0.0
2021-01-03;UZ;Uzbekistan;0;9;0;0;0.0
2021-01-10;UZ;Uzbekistan;0;9;0;0;0.0
2021-01-17;UZ;Uzbekistan;0;9;0;0;0.0
2021-01-24;UZ;Uzbekistan;0;9;0;0;0.0
2021-01-31;UZ;Uzbekistan;0;9;0;0;0.0
2021-02-07;UZ;Uzbekistan;0;9;0;0;0.0
2021-02-14;UZ;Uzbekistan;0;9;0;0;0.0
2021-02-21;UZ;Uzbekistan;0;9;0;0;0.0
2021-02-28;UZ;Uzbekistan;0;9;0;0;0.0
2021-03-07;UZ;Uzbekistan;0;9;0;0;0.0
2021-03-14;UZ;Uzbekistan;0;9;0;0;0.0
2021-03-21;UZ;Uzbekistan;0;9;0;0;0.0
2021-03-28;UZ;Uzbekistan;1123;1132;4;4;0.35335689045936397
2021-04-04;UZ;Uzbekistan;1271;2403;5;9;0.37453183520599254
2021-04-11;UZ;Uzbekistan;1312;3715;3;12;0.3230148048452221
2021-04-18;UZ;Uzbekistan;1868;5583;4;16;0.28658427368798134
2021-04-25;UZ;Uzbekistan;2373;7956;7;23;0.28908999497234794
2021-05-02;UZ;Uzbekistan;2651;10607;8;31;0.29225982841519754
2021-05-09;UZ;Uzbekistan;2753;13360;9;40;0.29940119760479045
2021-05-16;UZ;Uzbekistan;2134;15494;8;48;0.30979734090615724
2021-05-23;UZ;Uzbekistan;1764;17258;10;58;0.3360760227141036
2021-05-30;UZ;Uzbekistan;1678;18936;10;68;0.35910435149978875
2021-06-06;UZ;Uzbekistan;1629;20565;6;74;0.3598346705567712
2021-06-13;UZ;Uzbekistan;1849;22414;12;86;0.38368876594985274
2021-06-20;UZ;Uzbekistan;2639;25053;10;96;0.38318764219853907
2021-06-27;UZ;Uzbekistan;3240;28293;13;109;0.3852543031845333
2021-07-04;UZ;Uzbekistan;3380;31673;20;129;0.40728696365989964
2021-07-11;UZ;Uzbekistan;3349;35022;23;152;0.4340129061732625
2021-07-18;UZ;Uzbekistan;3552;38574;27;179;0.46404313786488305
2021-07-25;UZ;Uzbekistan;5022;43596;37;216;0.495458298926507
2021-08-01;UZ;Uzbekistan;6084;49680;47;263;0.5293880837359097
2021-08-08;UZ;Uzbekistan;6412;56092;48;311;0.5544462668473223
2021-08-15;UZ;Uzbekistan;6406;62498;48;359;0.5744183813882044
2021-08-22;UZ;Uzbekistan;5958;68456;47;406;0.593081687507304
2021-08-29;UZ;Uzbekistan;5763;74219;47;453;0.6103558388013851
2021-09-05;UZ;Uzbekistan;4872;79091;45;498;0.6296544486730474
2021-09-12;UZ;Uzbekistan;4379;83470;39;537;0.6433449143404816
2021-09-19;UZ;Uzbekistan;4048;87518;33;570;0.6512945908270298
2021-09-26;UZ;Uzbekistan;3555;91073;33;603;0.6621062224808669
2021-10-03;UZ;Uzbekistan;3222;94295;24;627;0.6649345140251339
2021-10-10;UZ;Uzbekistan;2922;97217;22;649;0.6675787156567267
2021-10-17;UZ;Uzbekistan;2675;99892;19;668;0.6687222199975974
2021-10-24;UZ;Uzbekistan;2616;102508;16;684;0.6672649939516916
2021-10-31;UZ;Uzbekistan;2316;104824;19;703;0.6706479432191101
2021-11-07;UZ;Uzbekistan;1915;106739;15;718;0.6726688464385089
2021-11-14;UZ;Uzbekistan;1746;108485;18;736;0.678434806655298
2021-11-21;UZ;Uzbekistan;1489;109974;21;757;0.6883445177951152
2021-11-28;UZ;Uzbekistan;1489;111463;21;778;0.6979894673568808
2021-12-05;UZ;Uzbekistan;1491;112954;22;800;0.7082529171167024
2021-12-12;UZ;Uzbekistan;1402;114356;19;819;0.7161845465039002
2021-12-19;UZ;Uzbekistan;1310;115666;21;840;0.7262289696194214
2021-12-26;UZ;Uzbekistan;1119;116785;20;860;0.7363959412595796
2022-01-02;UZ;Uzbekistan;799;117584;4;864;0.7347938495033338
2022-01-09;UZ;Uzbekistan;1548;119132;12;876;0.7353188060302858
2022-01-16;UZ;Uzbekistan;5392;124524;21;897;0.7203430663968392
2022-01-23;UZ;Uzbekistan;8941;133465;24;921;0.6900685572996665
2022-01-30;UZ;Uzbekistan;7945;141410;22;943;0.6668552436178488
2022-02-06;UZ;Uzbekistan;6620;148030;22;965;0.651894886171722
2022-02-13;UZ;Uzbekistan;4133;152163;18;983;0.6460177572734501
2022-02-20;UZ;Uzbekistan;1666;153829;17;1000;0.6500724830818636
2022-02-27;UZ;Uzbekistan;978;154807;14;1014;0.6550091404135472
2022-03-06;UZ;Uzbekistan;562;155369;2;1016;0.6539271025751598
2022-03-13;UZ;Uzbekistan;293;155662;0;1016;0.6526962264393364
2022-03-20;UZ;Uzbekistan;248;155910;0;1016;0.6516580078250273
2022-03-27;UZ;Uzbekistan;171;156081;0;1016;0.650944061096482
2022-04-03;UZ;Uzbekistan;209;156290;0;1016;0.6500735811632222
2022-04-10;UZ;Uzbekistan;200;156490;0;1016;0.649242763115854
2022-04-17;UZ;Uzbekistan;225;156715;0;1016;0.6483106275723447
2022-04-24;UZ;Uzbekistan;190;156905;0;1016;0.6475255727988273
2022-05-01;UZ;Uzbekistan;124;157029;0;1016;0.6470142457762579
2022-05-08;UZ;Uzbekistan;109;157138;0;1016;0.6465654392953964
2022-05-15;UZ;Uzbekistan;82;157220;0;1016;0.6462282152397913
2022-05-22;UZ;Uzbekistan;122;157342;0;1016;0.6457271421489494
2022-05-29;UZ;Uzbekistan;85;157427;0;1016;0.6453784928887675
2022-06-05;UZ;Uzbekistan;110;157537;0;1016;0.6449278582174346
2022-06-12;UZ;Uzbekistan;137;157674;0;1016;0.6443674924210713
2022-06-19;UZ;Uzbekistan;454;158128;0;1016;0.6425174542143074
2022-06-26;UZ;Uzbekistan;752;158880;0;1016;0.6394763343403826
2022-07-03;UZ;Uzbekistan;644;159524;0;1016;0.6368947619167022
2022-07-10;UZ;Uzbekistan;616;160140;0;1016;0.6344448607468465
2022-07-17;UZ;Uzbekistan;567;160707;0;1016;0.6322064378029582
2022-07-24;UZ;Uzbekistan;442;161149;0;1016;0.6304724199343464
2022-07-31;UZ;Uzbekistan;384;161533;0;1016;0.6289736462518495
2022-08-07;UZ;Uzbekistan;229;161762;0;1016;0.6280832333922677
2022-08-14;UZ;Uzbekistan;202;161964;0;1016;0.6272998938035613
2022-08-21;UZ;Uzbekistan;115;162079;0;1016;0.6268548053726887
2022-08-28;UZ;Uzbekistan;101;162180;0;1016;0.6264644222468861
2022-09-04;UZ;Uzbekistan;85;162265;0;1016;0.6261362585893446
2022-09-11;UZ;Uzbekistan;107;162372;0;1016;0.6257236469342005
2022-09-18;UZ;Uzbekistan;90;162462;0;1016;0.6253770112395515
2022-09-25;UZ;Uzbekistan;100;162562;0;1016;0.6249923106260996
2022-10-02;UZ;Uzbekistan;85;162647;0;1016;0.6246656870400314
2022-10-09;UZ;Uzbekistan;89;162736;0;1016;0.6243240585979746
2022-10-16;UZ;Uzbekistan;87;162823;0;1016;0.6239904681771002
2022-10-23;UZ;Uzbekistan;70;162893;0;1016;0.6237223207872652
2022-10-30;UZ;Uzbekistan;148;163041;0;1016;0.623156138639974
2022-11-06;UZ;Uzbekistan;179;163220;0;1016;0.6224727361842912
2022-11-13;UZ;Uzbekistan;220;163440;0;1016;0.6216348507097406
2022-11-20;UZ;Uzbekistan;461;163901;0;1016;0.619886394835907
2022-11-27;UZ;Uzbekistan;740;164641;0;1016;0.6171002362716456
2022-12-04;UZ;Uzbekistan;1056;165697;0;1016;0.6131674079796254
2022-12-11;UZ;Uzbekistan;906;166603;0;1016;0.6098329561892644
2022-12-18;UZ;Uzbekistan;689;167292;0;1016;0.6073213303684576
2022-12-25;UZ;Uzbekistan;0;167292;0;1016;0.6073213303684576
2023-01-01;UZ;Uzbekistan;0;167292;0;1016;0.6073213303684576
2023-01-08;UZ;Uzbekistan;291;167583;0;1016;0.606266745433606
2023-01-15;UZ;Uzbekistan;229;167812;0;1016;0.6054394203036731
2023-01-22;UZ;Uzbekistan;167;167979;0;1016;0.604837509450586
2023-01-29;UZ;Uzbekistan;135;168114;0;1016;0.6043518088915855
2023-02-05;UZ;Uzbekistan;113;168227;0;1016;0.6039458588692659
2023-02-12;UZ;Uzbekistan;123;168350;0;1016;0.6035046035046036
2023-02-19;UZ;Uzbekistan;128;168478;0;1016;0.6030460950391149
2023-02-26;UZ;Uzbekistan;129;168607;0;1016;0.6025847088199185
2023-03-05;UZ;Uzbekistan;173;168780;0;1016;0.6019670577082593
2023-03-12;UZ;Uzbekistan;180;168960;0;1016;0.6013257575757576
2023-03-19;UZ;Uzbekistan;0;168960;0;1016;0.6013257575757576
2023-03-26;UZ;Uzbekistan;169;169129;0;1016;0.6007248904682225
2023-04-02;UZ;Uzbekistan;246;169375;0;1016;0.5998523985239853
2023-04-09;UZ;Uzbekistan;212;169587;0;1016;0.5991025255473592
2023-04-16;UZ;Uzbekistan;235;169822;0;1016;0.5982734863563025
2023-04-23;UZ;Uzbekistan;0;169822;0;1016;0.5982734863563025
2023-04-30;UZ;Uzbekistan;273;170095;0;1016;0.597313266115994
2023-05-07;UZ;Uzbekistan;305;170400;0;1016;0.596244131455399
2023-05-14;UZ;Uzbekistan;231;170631;0;1016;0.5954369370161343
2023-05-21;UZ;Uzbekistan;260;170891;0;1016;0.594531016846996
2023-05-28;UZ;Uzbekistan;0;170891;0;1016;0.594531016846996
2023-06-04;UZ;Uzbekistan;0;170891;0;1016;0.594531016846996
2023-06-11;UZ;Uzbekistan;194;171085;0;1016;0.5938568547797878
2023-06-18;UZ;Uzbekistan;182;171267;0;1016;0.5932257819661698
2023-06-25;UZ;Uzbekistan;150;171417;0;1016;0.5927066743671865
2023-07-02;UZ;Uzbekistan;108;171525;0;1016;0.5923334790846816
2023-07-09;UZ;Uzbekistan;157;171682;0;1016;0.5917918011206766
2023-07-16;UZ;Uzbekistan;160;171842;0;1016;0.5912407909591368
2023-07-23;UZ;Uzbekistan;125;171967;0;1016;0.5908110276971744
2023-07-30;UZ;Uzbekistan;186;172153;0;1016;0.5901726952187879
2023-08-06;UZ;Uzbekistan;176;172329;0;1016;0.5895699505016567
2023-08-13;UZ;Uzbekistan;0;172329;0;1016;0.5895699505016567
2023-08-20;UZ;Uzbekistan;324;172653;0;1016;0.5884635656490185
2023-08-27;UZ;Uzbekistan;360;173013;0;1016;0.5872391091998868
2023-09-03;UZ;Uzbekistan;321;173334;0;1016;0.5861515917246471
2023-09-10;UZ;Uzbekistan;404;173738;0;1016;0.5847885897155487
2023-09-17;UZ;Uzbekistan;385;174123;0;1016;0.583495574967121
2023-09-24;UZ;Uzbekistan;0;174123;0;1016;0.583495574967121
2023-10-01;UZ;Uzbekistan;276;174399;0;1016;0.5825721477760767
2023-10-08;UZ;Uzbekistan;0;174399;0;1016;0.5825721477760767
2023-10-15;UZ;Uzbekistan;176;174575;0;1016;0.5819848202778175
2023-10-22;UZ;Uzbekistan;0;174575;0;1016;0.5819848202778175
2023-10-29;UZ;Uzbekistan;0;174575;0;1016;0.5819848202778175
2023-11-05;UZ;Uzbekistan;0;174575;0;1016;0.5819848202778175
2023-11-12;UZ;Uzbekistan;117;174692;0;1016;0.5815950358344973
2023-11-19;UZ;Uzbekistan;122;174814;0;1016;0.5811891496104431
2023-11-26;UZ;Uzbekistan;102;174916;0;1016;0.5808502366850374
2023-12-03;UZ;Uzbekistan;82;174998;0;1016;0.5805780637493
2023-12-10;UZ;Uzbekistan;83;175081;0;1016;0.5803028312609592
2023-12-17;UZ;Uzbekistan;0;175081;0;1016;0.5803028312609592
2023-12-24;UZ;Uzbekistan;0;175081;0;1016;0.5803028312609592
2023-12-31;UZ;Uzbekistan;0;175081;0;1016;0.5803028312609592
2024-01-07;UZ;Uzbekistan;0;175081;0;1016;0.5803028312609592
2024-01-14;UZ;Uzbekistan;0;175081;0;1016;0.5803028312609592
2024-01-21;UZ;Uzbekistan;0;175081;0;1016;0.5803028312609592
2020-01-05;VU;Vanuatu;0;0;0;0;0.0
2020-01-12;VU;Vanuatu;0;0;0;0;0.0
2020-01-19;VU;Vanuatu;0;0;0;0;0.0
2020-01-26;VU;Vanuatu;0;0;0;0;0.0
2020-02-02;VU;Vanuatu;0;0;0;0;0.0
2020-02-09;VU;Vanuatu;0;0;0;0;0.0
2020-02-16;VU;Vanuatu;0;0;0;0;0.0
2020-02-23;VU;Vanuatu;0;0;0;0;0.0
2020-03-01;VU;Vanuatu;0;0;0;0;0.0
2020-03-08;VU;Vanuatu;0;0;0;0;0.0
2020-03-15;VU;Vanuatu;0;0;0;0;0.0
2020-03-22;VU;Vanuatu;0;0;0;0;0.0
2020-03-29;VU;Vanuatu;0;0;0;0;0.0
2020-04-05;VU;Vanuatu;0;0;0;0;0.0
2020-04-12;VU;Vanuatu;0;0;0;0;0.0
2020-04-19;VU;Vanuatu;0;0;0;0;0.0
2020-04-26;VU;Vanuatu;0;0;0;0;0.0
2020-05-03;VU;Vanuatu;0;0;0;0;0.0
2020-05-10;VU;Vanuatu;0;0;0;0;0.0
2020-05-17;VU;Vanuatu;0;0;0;0;0.0
2020-05-24;VU;Vanuatu;0;0;0;0;0.0
2020-05-31;VU;Vanuatu;0;0;0;0;0.0
2020-06-07;VU;Vanuatu;0;0;0;0;0.0
2020-06-14;VU;Vanuatu;0;0;0;0;0.0
2020-06-21;VU;Vanuatu;0;0;0;0;0.0
2020-06-28;VU;Vanuatu;0;0;0;0;0.0
2020-07-05;VU;Vanuatu;0;0;0;0;0.0
2020-07-12;VU;Vanuatu;0;0;0;0;0.0
2020-07-19;VU;Vanuatu;0;0;0;0;0.0
2020-07-26;VU;Vanuatu;0;0;0;0;0.0
2020-08-02;VU;Vanuatu;0;0;0;0;0.0
2020-08-09;VU;Vanuatu;0;0;0;0;0.0
2020-08-16;VU;Vanuatu;0;0;0;0;0.0
2020-08-23;VU;Vanuatu;0;0;0;0;0.0
2020-08-30;VU;Vanuatu;0;0;0;0;0.0
2020-09-06;VU;Vanuatu;0;0;0;0;0.0
2020-09-13;VU;Vanuatu;0;0;0;0;0.0
2020-09-20;VU;Vanuatu;0;0;0;0;0.0
2020-09-27;VU;Vanuatu;0;0;0;0;0.0
2020-10-04;VU;Vanuatu;0;0;0;0;0.0
2020-10-11;VU;Vanuatu;0;0;0;0;0.0
2020-10-18;VU;Vanuatu;0;0;0;0;0.0
2020-10-25;VU;Vanuatu;0;0;0;0;0.0
2020-11-01;VU;Vanuatu;0;0;0;0;0.0
2020-11-08;VU;Vanuatu;0;0;0;0;0.0
2020-11-15;VU;Vanuatu;1;1;0;0;0.0
2020-11-22;VU;Vanuatu;0;1;0;0;0.0
2020-11-29;VU;Vanuatu;0;1;0;0;0.0
2020-12-06;VU;Vanuatu;0;1;0;0;0.0
2020-12-13;VU;Vanuatu;0;1;0;0;0.0
2020-12-20;VU;Vanuatu;0;1;0;0;0.0
2020-12-27;VU;Vanuatu;0;1;0;0;0.0
2021-01-03;VU;Vanuatu;0;1;0;0;0.0
2021-01-10;VU;Vanuatu;0;1;0;0;0.0
2021-01-17;VU;Vanuatu;0;1;0;0;0.0
2021-01-24;VU;Vanuatu;0;1;0;0;0.0
2021-01-31;VU;Vanuatu;0;1;0;0;0.0
2021-02-07;VU;Vanuatu;0;1;0;0;0.0
2021-02-14;VU;Vanuatu;0;1;0;0;0.0
2021-02-21;VU;Vanuatu;0;1;0;0;0.0
2021-02-28;VU;Vanuatu;0;1;0;0;0.0
2021-03-07;VU;Vanuatu;2;3;0;0;0.0
2021-03-14;VU;Vanuatu;0;3;0;0;0.0
2021-03-21;VU;Vanuatu;0;3;0;0;0.0
2021-03-28;VU;Vanuatu;0;3;0;0;0.0
2021-04-04;VU;Vanuatu;0;3;0;0;0.0
2021-04-11;VU;Vanuatu;0;3;0;0;0.0
2021-04-18;VU;Vanuatu;0;3;0;0;0.0
2021-04-25;VU;Vanuatu;0;3;0;0;0.0
2021-05-02;VU;Vanuatu;0;3;0;0;0.0
2021-05-09;VU;Vanuatu;0;3;0;0;0.0
2021-05-16;VU;Vanuatu;0;3;0;0;0.0
2021-05-23;VU;Vanuatu;0;3;0;0;0.0
2021-05-30;VU;Vanuatu;0;3;0;0;0.0
2021-06-06;VU;Vanuatu;0;3;0;0;0.0
2021-06-13;VU;Vanuatu;0;3;0;0;0.0
2021-06-20;VU;Vanuatu;0;3;0;0;0.0
2021-06-27;VU;Vanuatu;0;3;0;0;0.0
2021-07-04;VU;Vanuatu;0;3;0;0;0.0
2021-07-11;VU;Vanuatu;0;3;0;0;0.0
2021-07-18;VU;Vanuatu;0;3;0;0;0.0
2021-07-25;VU;Vanuatu;0;3;0;0;0.0
2021-08-01;VU;Vanuatu;0;3;0;0;0.0
2021-08-08;VU;Vanuatu;0;3;0;0;0.0
2021-08-15;VU;Vanuatu;0;3;0;0;0.0
2021-08-22;VU;Vanuatu;0;3;0;0;0.0
2021-08-29;VU;Vanuatu;0;3;0;0;0.0
2021-09-05;VU;Vanuatu;0;3;0;0;0.0
2021-09-12;VU;Vanuatu;0;3;0;0;0.0
2021-09-19;VU;Vanuatu;0;3;0;0;0.0
2021-09-26;VU;Vanuatu;0;3;0;0;0.0
2021-10-03;VU;Vanuatu;0;3;0;0;0.0
2021-10-10;VU;Vanuatu;0;3;0;0;0.0
2021-10-17;VU;Vanuatu;0;3;0;0;0.0
2021-10-24;VU;Vanuatu;0;3;0;0;0.0
2021-10-31;VU;Vanuatu;2;5;0;0;0.0
2021-11-07;VU;Vanuatu;0;5;0;0;0.0
2021-11-14;VU;Vanuatu;0;5;0;0;0.0
2021-11-21;VU;Vanuatu;0;5;0;0;0.0
2021-11-28;VU;Vanuatu;0;5;0;0;0.0
2021-12-05;VU;Vanuatu;0;5;0;0;0.0
2021-12-12;VU;Vanuatu;1;6;0;0;0.0
2021-12-19;VU;Vanuatu;1;7;0;0;0.0
2021-12-26;VU;Vanuatu;0;7;0;0;0.0
2022-01-02;VU;Vanuatu;0;7;0;0;0.0
2022-01-09;VU;Vanuatu;0;7;0;0;0.0
2022-01-16;VU;Vanuatu;0;7;0;0;0.0
2022-01-23;VU;Vanuatu;0;7;0;0;0.0
2022-01-30;VU;Vanuatu;0;7;0;0;0.0
2022-02-06;VU;Vanuatu;0;7;0;0;0.0
2022-02-13;VU;Vanuatu;0;7;0;0;0.0
2022-02-20;VU;Vanuatu;8;15;0;0;0.0
2022-02-27;VU;Vanuatu;3;18;0;0;0.0
2022-03-06;VU;Vanuatu;1;19;0;0;0.0
2022-03-13;VU;Vanuatu;227;246;0;0;0.0
2022-03-20;VU;Vanuatu;698;944;0;0;0.0
2022-03-27;VU;Vanuatu;1591;2535;0;0;0.0
2022-04-03;VU;Vanuatu;1579;4114;2;2;0.04861448711716091
2022-04-10;VU;Vanuatu;1373;5487;2;4;0.07289958082741024
2022-04-17;VU;Vanuatu;142;5629;2;6;0.10659086871558003
2022-04-24;VU;Vanuatu;1233;6862;6;12;0.17487612940833577
2022-05-01;VU;Vanuatu;651;7513;1;13;0.17303340875815254
2022-05-08;VU;Vanuatu;394;7907;1;14;0.17705830276969772
2022-05-15;VU;Vanuatu;555;8462;0;14;0.16544552115339162
2022-05-22;VU;Vanuatu;204;8666;0;14;0.16155088852988692
2022-05-29;VU;Vanuatu;346;9012;0;14;0.1553484243231247
2022-06-05;VU;Vanuatu;1105;10117;0;14;0.1383809429672828
2022-06-12;VU;Vanuatu;521;10638;0;14;0.13160368490317728
2022-06-19;VU;Vanuatu;293;10931;0;14;0.1280761138047754
2022-06-26;VU;Vanuatu;250;11181;0;14;0.12521241391646543
2022-07-03;VU;Vanuatu;92;11273;0;14;0.12419054377716668
2022-07-10;VU;Vanuatu;315;11588;0;14;0.12081463583016915
2022-07-17;VU;Vanuatu;132;11720;0;14;0.11945392491467575
2022-07-24;VU;Vanuatu;0;11720;0;14;0.11945392491467575
2022-07-31;VU;Vanuatu;5;11725;0;14;0.11940298507462686
2022-08-07;VU;Vanuatu;6;11731;0;14;0.11934191458528684
2022-08-14;VU;Vanuatu;3;11734;0;14;0.11931140276120675
2022-08-21;VU;Vanuatu;36;11770;0;14;0.11894647408666101
2022-08-28;VU;Vanuatu;10;11780;0;14;0.11884550084889642
2022-09-04;VU;Vanuatu;83;11863;0;14;0.11801399308775183
2022-09-11;VU;Vanuatu;36;11899;0;14;0.11765694596184555
2022-09-18;VU;Vanuatu;51;11950;0;14;0.11715481171548119
2022-09-25;VU;Vanuatu;0;11950;0;14;0.11715481171548119
2022-10-02;VU;Vanuatu;24;11974;0;14;0.11691999331885754
2022-10-09;VU;Vanuatu;2;11976;0;14;0.11690046760187041
2022-10-16;VU;Vanuatu;0;11976;0;14;0.11690046760187041
2022-10-23;VU;Vanuatu;5;11981;0;14;0.11685168182956347
2022-10-30;VU;Vanuatu;0;11981;0;14;0.11685168182956347
2022-11-06;VU;Vanuatu;0;11981;0;14;0.11685168182956347
2022-11-13;VU;Vanuatu;0;11981;0;14;0.11685168182956347
2022-11-20;VU;Vanuatu;0;11981;0;14;0.11685168182956347
2022-11-27;VU;Vanuatu;0;11981;0;14;0.11685168182956347
2022-12-04;VU;Vanuatu;30;12011;0;14;0.11655982016484888
2022-12-11;VU;Vanuatu;0;12011;0;14;0.11655982016484888
2022-12-18;VU;Vanuatu;0;12011;0;14;0.11655982016484888
2022-12-25;VU;Vanuatu;2;12013;0;14;0.11654041455090318
2023-01-01;VU;Vanuatu;1;12014;0;14;0.1165307141668054
2023-01-08;VU;Vanuatu;0;12014;0;14;0.1165307141668054
2023-01-15;VU;Vanuatu;0;12014;0;14;0.1165307141668054
2023-01-22;VU;Vanuatu;0;12014;0;14;0.1165307141668054
2023-01-29;VU;Vanuatu;0;12014;0;14;0.1165307141668054
2023-02-05;VU;Vanuatu;0;12014;0;14;0.1165307141668054
2023-02-12;VU;Vanuatu;0;12014;0;14;0.1165307141668054
2023-02-19;VU;Vanuatu;0;12014;0;14;0.1165307141668054
2023-02-26;VU;Vanuatu;0;12014;0;14;0.1165307141668054
2023-03-05;VU;Vanuatu;0;12014;0;14;0.1165307141668054
2023-03-12;VU;Vanuatu;0;12014;0;14;0.1165307141668054
2023-03-19;VU;Vanuatu;0;12014;0;14;0.1165307141668054
2023-03-26;VU;Vanuatu;0;12014;0;14;0.1165307141668054
2023-04-02;VU;Vanuatu;0;12014;0;14;0.1165307141668054
2023-04-09;VU;Vanuatu;0;12014;0;14;0.1165307141668054
2023-04-16;VU;Vanuatu;0;12014;0;14;0.1165307141668054
2023-04-23;VU;Vanuatu;2;12016;0;14;0.11651131824234355
2023-04-30;VU;Vanuatu;0;12016;0;14;0.11651131824234355
2023-05-07;VU;Vanuatu;0;12016;0;14;0.11651131824234355
2023-05-14;VU;Vanuatu;0;12016;0;14;0.11651131824234355
2023-05-21;VU;Vanuatu;0;12016;0;14;0.11651131824234355
2023-05-28;VU;Vanuatu;0;12016;0;14;0.11651131824234355
2023-06-04;VU;Vanuatu;3;12019;0;14;0.11648223645894001
2023-06-11;VU;Vanuatu;0;12019;0;14;0.11648223645894001
2023-06-18;VU;Vanuatu;0;12019;0;14;0.11648223645894001
2023-06-25;VU;Vanuatu;0;12019;0;14;0.11648223645894001
2023-07-02;VU;Vanuatu;0;12019;0;14;0.11648223645894001
2023-07-09;VU;Vanuatu;0;12019;0;14;0.11648223645894001
2023-07-16;VU;Vanuatu;0;12019;0;14;0.11648223645894001
2023-07-23;VU;Vanuatu;0;12019;0;14;0.11648223645894001
2023-07-30;VU;Vanuatu;0;12019;0;14;0.11648223645894001
2023-08-06;VU;Vanuatu;0;12019;0;14;0.11648223645894001
2023-08-13;VU;Vanuatu;0;12019;0;14;0.11648223645894001
2023-08-20;VU;Vanuatu;0;12019;0;14;0.11648223645894001
2023-08-27;VU;Vanuatu;0;12019;0;14;0.11648223645894001
2023-09-03;VU;Vanuatu;0;12019;0;14;0.11648223645894001
2023-09-10;VU;Vanuatu;0;12019;0;14;0.11648223645894001
2023-09-17;VU;Vanuatu;0;12019;0;14;0.11648223645894001
2023-09-24;VU;Vanuatu;0;12019;0;14;0.11648223645894001
2023-10-01;VU;Vanuatu;0;12019;0;14;0.11648223645894001
2023-10-08;VU;Vanuatu;0;12019;0;14;0.11648223645894001
2023-10-15;VU;Vanuatu;0;12019;0;14;0.11648223645894001
2023-10-22;VU;Vanuatu;0;12019;0;14;0.11648223645894001
2023-10-29;VU;Vanuatu;0;12019;0;14;0.11648223645894001
2023-11-05;VU;Vanuatu;0;12019;0;14;0.11648223645894001
2023-11-12;VU;Vanuatu;0;12019;0;14;0.11648223645894001
2023-11-19;VU;Vanuatu;0;12019;0;14;0.11648223645894001
2023-11-26;VU;Vanuatu;0;12019;0;14;0.11648223645894001
2023-12-03;VU;Vanuatu;0;12019;0;14;0.11648223645894001
2023-12-10;VU;Vanuatu;0;12019;0;14;0.11648223645894001
2023-12-17;VU;Vanuatu;0;12019;0;14;0.11648223645894001
2023-12-24;VU;Vanuatu;0;12019;0;14;0.11648223645894001
2023-12-31;VU;Vanuatu;0;12019;0;14;0.11648223645894001
2024-01-07;VU;Vanuatu;0;12019;0;14;0.11648223645894001
2024-01-14;VU;Vanuatu;0;12019;0;14;0.11648223645894001
2024-01-21;VU;Vanuatu;0;12019;0;14;0.11648223645894001
2020-01-05;VE;Venezuela (Bolivarian Republic of);0;0;0;0;0.0
2020-01-12;VE;Venezuela (Bolivarian Republic of);0;0;0;0;0.0
2020-01-19;VE;Venezuela (Bolivarian Republic of);0;0;0;0;0.0
2020-01-26;VE;Venezuela (Bolivarian Republic of);0;0;0;0;0.0
2020-02-02;VE;Venezuela (Bolivarian Republic of);0;0;0;0;0.0
2020-02-09;VE;Venezuela (Bolivarian Republic of);0;0;0;0;0.0
2020-02-16;VE;Venezuela (Bolivarian Republic of);0;0;0;0;0.0
2020-02-23;VE;Venezuela (Bolivarian Republic of);0;0;0;0;0.0
2020-03-01;VE;Venezuela (Bolivarian Republic of);0;0;0;0;0.0
2020-03-08;VE;Venezuela (Bolivarian Republic of);0;0;0;0;0.0
2020-03-15;VE;Venezuela (Bolivarian Republic of);21;21;0;0;0.0
2020-03-22;VE;Venezuela (Bolivarian Republic of);19;40;0;0;0.0
2020-03-29;VE;Venezuela (Bolivarian Republic of);73;113;2;2;1.7699115044247788
2020-04-05;VE;Venezuela (Bolivarian Republic of);31;144;1;3;2.083333333333333
2020-04-12;VE;Venezuela (Bolivarian Republic of);27;171;6;9;5.263157894736842
2020-04-19;VE;Venezuela (Bolivarian Republic of);33;204;0;9;4.411764705882353
2020-04-26;VE;Venezuela (Bolivarian Republic of);114;318;1;10;3.1446540880503147
2020-05-03;VE;Venezuela (Bolivarian Republic of);27;345;0;10;2.898550724637681
2020-05-10;VE;Venezuela (Bolivarian Republic of);43;388;0;10;2.5773195876288657
2020-05-17;VE;Venezuela (Bolivarian Republic of);116;504;0;10;1.984126984126984
2020-05-24;VE;Venezuela (Bolivarian Republic of);440;944;0;10;1.059322033898305
2020-05-31;VE;Venezuela (Bolivarian Republic of);426;1370;4;14;1.0218978102189782
2020-06-07;VE;Venezuela (Bolivarian Republic of);775;2145;6;20;0.9324009324009324
2020-06-14;VE;Venezuela (Bolivarian Republic of);734;2879;3;23;0.798888502952414
2020-06-21;VE;Venezuela (Bolivarian Republic of);712;3591;7;30;0.835421888053467
2020-06-28;VE;Venezuela (Bolivarian Republic of);1188;4779;11;41;0.857920066959615
2020-07-05;VE;Venezuela (Bolivarian Republic of);1758;6537;18;59;0.90255468869512
2020-07-12;VE;Venezuela (Bolivarian Republic of);2266;8803;24;83;0.9428603885039192
2020-07-19;VE;Venezuela (Bolivarian Republic of);2388;11191;24;107;0.9561254579572871
2020-07-26;VE;Venezuela (Bolivarian Republic of);3072;14263;27;134;0.9394937951342636
2020-08-02;VE;Venezuela (Bolivarian Republic of);4311;18574;30;164;0.8829546678152256
2020-08-09;VE;Venezuela (Bolivarian Republic of);5592;24166;44;208;0.860713398990317
2020-08-16;VE;Venezuela (Bolivarian Republic of);7215;31381;58;266;0.8476466651795673
2020-08-23;VE;Venezuela (Bolivarian Republic of);6807;38188;51;317;0.8301036974965958
2020-08-30;VE;Venezuela (Bolivarian Republic of);5691;43879;41;358;0.8158800337291187
2020-09-06;VE;Venezuela (Bolivarian Republic of);7094;50973;54;412;0.8082710454554372
2020-09-13;VE;Venezuela (Bolivarian Republic of);7690;58663;56;468;0.7977771337981351
2020-09-20;VE;Venezuela (Bolivarian Republic of);6511;65174;62;530;0.8132077208702857
2020-09-27;VE;Venezuela (Bolivarian Republic of);6099;71273;61;591;0.8292060106912855
2020-10-04;VE;Venezuela (Bolivarian Republic of);5547;76820;52;643;0.837021608956001
2020-10-11;VE;Venezuela (Bolivarian Republic of);4876;81696;41;684;0.8372502937720329
2020-10-18;VE;Venezuela (Bolivarian Republic of);4062;85758;41;725;0.8454021782224399
2020-10-25;VE;Venezuela (Bolivarian Republic of);2658;88416;34;759;0.8584419109663409
2020-11-01;VE;Venezuela (Bolivarian Republic of);3173;91589;34;793;0.8658244985751564
2020-11-08;VE;Venezuela (Bolivarian Republic of);2716;94305;28;821;0.8705795026774826
2020-11-15;VE;Venezuela (Bolivarian Republic of);2136;96441;23;844;0.8751464626040792
2020-11-22;VE;Venezuela (Bolivarian Republic of);2576;99017;22;866;0.8745972913742085
2020-11-29;VE;Venezuela (Bolivarian Republic of);2507;101524;22;888;0.8746700287616722
2020-12-06;VE;Venezuela (Bolivarian Republic of);2353;103877;25;913;0.8789241121711255
2020-12-13;VE;Venezuela (Bolivarian Republic of);2838;106715;31;944;0.884599166002905
2020-12-20;VE;Venezuela (Bolivarian Republic of);2680;109395;35;979;0.8949220713926596
2020-12-27;VE;Venezuela (Bolivarian Republic of);2208;111603;31;1010;0.9049935933621855
2021-01-03;VE;Venezuela (Bolivarian Republic of);1959;113562;18;1028;0.9052323840721368
2021-01-10;VE;Venezuela (Bolivarian Republic of);2105;115667;28;1056;0.9129656686868338
2021-01-17;VE;Venezuela (Bolivarian Republic of);3189;118856;39;1095;0.9212828969509322
2021-01-24;VE;Venezuela (Bolivarian Republic of);3939;122795;41;1136;0.9251191009405921
2021-01-31;VE;Venezuela (Bolivarian Republic of);2981;125776;41;1177;0.93579061188144
2021-02-07;VE;Venezuela (Bolivarian Republic of);3455;129231;46;1223;0.9463673576773375
2021-02-14;VE;Venezuela (Bolivarian Republic of);3028;132259;44;1267;0.9579688338789799
2021-02-21;VE;Venezuela (Bolivarian Republic of);2855;135114;41;1308;0.968071406367956
2021-02-28;VE;Venezuela (Bolivarian Republic of);3181;138295;30;1338;0.9674970172457429
2021-03-07;VE;Venezuela (Bolivarian Republic of);3061;141356;33;1371;0.9698916211550979
2021-03-14;VE;Venezuela (Bolivarian Republic of);3430;144786;51;1422;0.9821391571008247
2021-03-21;VE;Venezuela (Bolivarian Republic of);4359;149145;53;1475;0.9889704649837407
2021-03-28;VE;Venezuela (Bolivarian Republic of);5760;154905;68;1543;0.9960943804267132
2021-04-04;VE;Venezuela (Bolivarian Republic of);7825;162730;86;1629;1.0010446752289066
2021-04-11;VE;Venezuela (Bolivarian Republic of);9731;172461;110;1739;1.0083439154359537
2021-04-18;VE;Venezuela (Bolivarian Republic of);8148;180609;131;1870;1.0353858334855959
2021-04-25;VE;Venezuela (Bolivarian Republic of);8772;189381;139;2009;1.060824475528168
2021-05-02;VE;Venezuela (Bolivarian Republic of);8302;197683;127;2136;1.0805177986979153
2021-05-09;VE;Venezuela (Bolivarian Republic of);7498;205181;127;2263;1.1029286337428903
2021-05-16;VE;Venezuela (Bolivarian Republic of);7817;212998;103;2366;1.1108085521929782
2021-05-23;VE;Venezuela (Bolivarian Republic of);8044;221042;117;2483;1.1233159309090581
2021-05-30;VE;Venezuela (Bolivarian Republic of);9105;230147;112;2595;1.127540224291431
2021-06-06;VE;Venezuela (Bolivarian Republic of);9105;239252;103;2698;1.1276812733017905
2021-06-13;VE;Venezuela (Bolivarian Republic of);9568;248820;99;2797;1.124105779278193
2021-06-20;VE;Venezuela (Bolivarian Republic of);9320;258140;128;2925;1.133106066475556
2021-06-27;VE;Venezuela (Bolivarian Republic of);8812;266952;113;3038;1.1380323054331865
2021-07-04;VE;Venezuela (Bolivarian Republic of);8253;275205;116;3154;1.1460547591795207
2021-07-11;VE;Venezuela (Bolivarian Republic of);7735;282940;110;3264;1.1536014702763837
2021-07-18;VE;Venezuela (Bolivarian Republic of);7584;290524;86;3350;1.1530889014332724
2021-07-25;VE;Venezuela (Bolivarian Republic of);7258;297782;108;3458;1.161252191200274
2021-08-01;VE;Venezuela (Bolivarian Republic of);6944;304726;118;3576;1.1735132545302995
2021-08-08;VE;Venezuela (Bolivarian Republic of);6234;310960;106;3682;1.1840751222022126
2021-08-15;VE;Venezuela (Bolivarian Republic of);6374;317334;99;3781;1.1914890935103077
2021-08-22;VE;Venezuela (Bolivarian Republic of);6192;323526;90;3871;1.1965035267644641
2021-08-29;VE;Venezuela (Bolivarian Republic of);7586;331112;99;3970;1.198990069825316
2021-09-05;VE;Venezuela (Bolivarian Republic of);7188;338300;102;4072;1.2036653857522908
2021-09-12;VE;Venezuela (Bolivarian Republic of);7260;345560;107;4179;1.2093413589535826
2021-09-19;VE;Venezuela (Bolivarian Republic of);7841;353401;96;4275;1.20967399639503
2021-09-26;VE;Venezuela (Bolivarian Republic of);7448;360849;104;4379;1.2135269877427954
2021-10-03;VE;Venezuela (Bolivarian Republic of);9519;370368;104;4483;1.2104177466735788
2021-10-10;VE;Venezuela (Bolivarian Republic of);10488;380856;109;4592;1.2057050433759742
2021-10-17;VE;Venezuela (Bolivarian Republic of);9189;390045;101;4693;1.2031945031983489
2021-10-24;VE;Venezuela (Bolivarian Republic of);8566;398611;97;4790;1.2016728088286575
2021-10-31;VE;Venezuela (Bolivarian Republic of);6834;405445;84;4874;1.2021359247246852
2021-11-07;VE;Venezuela (Bolivarian Republic of);6129;411574;72;4946;1.2017280003110011
2021-11-14;VE;Venezuela (Bolivarian Republic of);6424;417998;64;5010;1.1985703280876943
2021-11-21;VE;Venezuela (Bolivarian Republic of);5635;423633;56;5066;1.195846404789051
2021-11-28;VE;Venezuela (Bolivarian Republic of);5727;429360;58;5124;1.1934041363890442
2021-12-05;VE;Venezuela (Bolivarian Republic of);4300;433660;53;5177;1.193792371904257
2021-12-12;VE;Venezuela (Bolivarian Republic of);3453;437113;52;5229;1.1962581758035107
2021-12-19;VE;Venezuela (Bolivarian Republic of);3671;440784;43;5272;1.1960506733456748
2021-12-26;VE;Venezuela (Bolivarian Republic of);2215;442999;40;5312;1.1990997722342487
2022-01-02;VE;Venezuela (Bolivarian Republic of);1636;444635;16;5328;1.1982862347768395
2022-01-09;VE;Venezuela (Bolivarian Republic of);1792;446427;20;5348;1.1979562168058833
2022-01-16;VE;Venezuela (Bolivarian Republic of);6003;452430;28;5376;1.1882501160400505
2022-01-23;VE;Venezuela (Bolivarian Republic of);13033;465463;23;5399;1.1599203373844968
2022-01-30;VE;Venezuela (Bolivarian Republic of);13548;479011;31;5430;1.133585658784454
2022-02-06;VE;Venezuela (Bolivarian Republic of);13667;492678;44;5474;1.1110705166457604
2022-02-13;VE;Venezuela (Bolivarian Republic of);10484;503162;55;5529;1.0988508671163562
2022-02-20;VE;Venezuela (Bolivarian Republic of);6785;509947;62;5591;1.0963884482112847
2022-02-27;VE;Venezuela (Bolivarian Republic of);3480;513427;37;5628;1.0961636220923325
2022-03-06;VE;Venezuela (Bolivarian Republic of);2809;516236;17;5645;1.0934921237573514
2022-03-13;VE;Venezuela (Bolivarian Republic of);1763;517999;11;5656;1.0918939997953663
2022-03-20;VE;Venezuela (Bolivarian Republic of);1421;519420;10;5666;1.0908320819375457
2022-03-27;VE;Venezuela (Bolivarian Republic of);618;520038;8;5674;1.0910741138147597
2022-04-03;VE;Venezuela (Bolivarian Republic of);589;520627;10;5684;1.0917605118443723
2022-04-10;VE;Venezuela (Bolivarian Republic of);698;521325;8;5692;1.091833309355968
2022-04-17;VE;Venezuela (Bolivarian Republic of);621;521946;8;5700;1.0920669954363094
2022-04-24;VE;Venezuela (Bolivarian Republic of);142;522088;5;5705;1.0927276627694948
2022-05-01;VE;Venezuela (Bolivarian Republic of);217;522305;3;5708;1.092848048554006
2022-05-08;VE;Venezuela (Bolivarian Republic of);320;522625;1;5709;1.092370246352547
2022-05-15;VE;Venezuela (Bolivarian Republic of);296;522921;2;5711;1.0921343759382391
2022-05-22;VE;Venezuela (Bolivarian Republic of);317;523238;5;5716;1.092428302225756
2022-05-29;VE;Venezuela (Bolivarian Republic of);302;523540;4;5720;1.092562172899874
2022-06-05;VE;Venezuela (Bolivarian Republic of);257;523797;2;5722;1.0924079366624857
2022-06-12;VE;Venezuela (Bolivarian Republic of);355;524152;1;5723;1.0918588501045499
2022-06-19;VE;Venezuela (Bolivarian Republic of);566;524718;1;5724;1.090871668210353
2022-06-26;VE;Venezuela (Bolivarian Republic of);821;525539;2;5726;1.0895480639876394
2022-07-03;VE;Venezuela (Bolivarian Republic of);915;526454;8;5734;1.0891739829120874
2022-07-10;VE;Venezuela (Bolivarian Republic of);1335;527789;5;5739;1.0873663528417608
2022-07-17;VE;Venezuela (Bolivarian Republic of);1595;529384;6;5745;1.08522358061445
2022-07-24;VE;Venezuela (Bolivarian Republic of);2579;531963;10;5755;1.081842158195213
2022-07-31;VE;Venezuela (Bolivarian Republic of);2943;534906;6;5761;1.0770116618620842
2022-08-07;VE;Venezuela (Bolivarian Republic of);2936;537842;6;5767;1.072247983608569
2022-08-14;VE;Venezuela (Bolivarian Republic of);1887;539729;6;5773;1.069610860265059
2022-08-21;VE;Venezuela (Bolivarian Republic of);1458;541187;13;5786;1.0691313723352556
2022-08-28;VE;Venezuela (Bolivarian Republic of);852;542039;8;5794;1.068926774641677
2022-09-04;VE;Venezuela (Bolivarian Republic of);665;542704;3;5797;1.0681697573631297
2022-09-11;VE;Venezuela (Bolivarian Republic of);890;543594;8;5805;1.0678925815958233
2022-09-18;VE;Venezuela (Bolivarian Republic of);496;544090;4;5809;1.0676542483780256
2022-09-25;VE;Venezuela (Bolivarian Republic of);315;544405;5;5814;1.0679549232648486
2022-10-02;VE;Venezuela (Bolivarian Republic of);398;544803;0;5814;1.0671747402272014
2022-10-09;VE;Venezuela (Bolivarian Republic of);129;544932;4;5818;1.0676561479230435
2022-10-16;VE;Venezuela (Bolivarian Republic of);261;545193;1;5819;1.0673284506587575
2022-10-23;VE;Venezuela (Bolivarian Republic of);330;545523;1;5820;1.066866108303408
2022-10-30;VE;Venezuela (Bolivarian Republic of);280;545803;0;5820;1.0663188000065957
2022-11-06;VE;Venezuela (Bolivarian Republic of);244;546047;1;5821;1.0660254520215293
2022-11-13;VE;Venezuela (Bolivarian Republic of);215;546262;3;5824;1.066155068447009
2022-11-20;VE;Venezuela (Bolivarian Republic of);471;546733;1;5825;1.0654195009264118
2022-11-27;VE;Venezuela (Bolivarian Republic of);471;547204;2;5827;1.0648679468717333
2022-12-04;VE;Venezuela (Bolivarian Republic of);493;547697;2;5829;1.0642745897823067
2022-12-11;VE;Venezuela (Bolivarian Republic of);536;548233;0;5829;1.0632340628893189
2022-12-18;VE;Venezuela (Bolivarian Republic of);732;548965;1;5830;1.0619984880639022
2022-12-25;VE;Venezuela (Bolivarian Republic of);879;549844;0;5830;1.060300739846211
2023-01-01;VE;Venezuela (Bolivarian Republic of);678;550522;2;5832;1.0593582091178917
2023-01-08;VE;Venezuela (Bolivarian Republic of);194;550716;0;5832;1.0589850303967925
2023-01-15;VE;Venezuela (Bolivarian Republic of);165;550881;2;5834;1.0590308977801013
2023-01-22;VE;Venezuela (Bolivarian Republic of);323;551204;6;5840;1.0594988425337988
2023-01-29;VE;Venezuela (Bolivarian Republic of);195;551399;5;5845;1.060030939483024
2023-02-05;VE;Venezuela (Bolivarian Republic of);188;551587;0;5845;1.0596696441359206
2023-02-12;VE;Venezuela (Bolivarian Republic of);106;551693;6;5851;1.060553604994082
2023-02-19;VE;Venezuela (Bolivarian Republic of);215;551908;1;5852;1.060321647810867
2023-02-26;VE;Venezuela (Bolivarian Republic of);49;551957;0;5852;1.060227517723301
2023-03-05;VE;Venezuela (Bolivarian Republic of);77;552034;2;5854;1.0604419293014562
2023-03-12;VE;Venezuela (Bolivarian Republic of);128;552162;0;5854;1.0601961018686545
2023-03-19;VE;Venezuela (Bolivarian Republic of);88;552250;0;5854;1.0600271616115888
2023-03-26;VE;Venezuela (Bolivarian Republic of);47;552297;0;5854;1.0599369542112305
2023-04-02;VE;Venezuela (Bolivarian Republic of);101;552398;0;5854;1.059743156202593
2023-04-09;VE;Venezuela (Bolivarian Republic of);0;552398;0;5854;1.059743156202593
2023-04-16;VE;Venezuela (Bolivarian Republic of);31;552429;2;5856;1.060045725333029
2023-04-23;VE;Venezuela (Bolivarian Republic of);126;552555;0;5856;1.0598040014116243
2023-04-30;VE;Venezuela (Bolivarian Republic of);23;552578;0;5856;1.059759889101629
2023-05-07;VE;Venezuela (Bolivarian Republic of);117;552695;0;5856;1.0595355485394296
2023-05-14;VE;Venezuela (Bolivarian Republic of);0;552695;0;5856;1.0595355485394296
2023-05-21;VE;Venezuela (Bolivarian Republic of);0;552695;0;5856;1.0595355485394296
2023-05-28;VE;Venezuela (Bolivarian Republic of);0;552695;0;5856;1.0595355485394296
2023-06-04;VE;Venezuela (Bolivarian Republic of);0;552695;0;5856;1.0595355485394296
2023-06-11;VE;Venezuela (Bolivarian Republic of);0;552695;0;5856;1.0595355485394296
2023-06-18;VE;Venezuela (Bolivarian Republic of);0;552695;0;5856;1.0595355485394296
2023-06-25;VE;Venezuela (Bolivarian Republic of);0;552695;0;5856;1.0595355485394296
2023-07-02;VE;Venezuela (Bolivarian Republic of);0;552695;0;5856;1.0595355485394296
2023-07-09;VE;Venezuela (Bolivarian Republic of);0;552695;0;5856;1.0595355485394296
2023-07-16;VE;Venezuela (Bolivarian Republic of);0;552695;0;5856;1.0595355485394296
2023-07-23;VE;Venezuela (Bolivarian Republic of);0;552695;0;5856;1.0595355485394296
2023-07-30;VE;Venezuela (Bolivarian Republic of);0;552695;0;5856;1.0595355485394296
2023-08-06;VE;Venezuela (Bolivarian Republic of);0;552695;0;5856;1.0595355485394296
2023-08-13;VE;Venezuela (Bolivarian Republic of);0;552695;0;5856;1.0595355485394296
2023-08-20;VE;Venezuela (Bolivarian Republic of);0;552695;0;5856;1.0595355485394296
2023-08-27;VE;Venezuela (Bolivarian Republic of);0;552695;0;5856;1.0595355485394296
2023-09-03;VE;Venezuela (Bolivarian Republic of);0;552695;0;5856;1.0595355485394296
2023-09-10;VE;Venezuela (Bolivarian Republic of);0;552695;0;5856;1.0595355485394296
2023-09-17;VE;Venezuela (Bolivarian Republic of);0;552695;0;5856;1.0595355485394296
2023-09-24;VE;Venezuela (Bolivarian Republic of);0;552695;0;5856;1.0595355485394296
2023-10-01;VE;Venezuela (Bolivarian Republic of);0;552695;0;5856;1.0595355485394296
2023-10-08;VE;Venezuela (Bolivarian Republic of);0;552695;0;5856;1.0595355485394296
2023-10-15;VE;Venezuela (Bolivarian Republic of);0;552695;0;5856;1.0595355485394296
2023-10-22;VE;Venezuela (Bolivarian Republic of);0;552695;0;5856;1.0595355485394296
2023-10-29;VE;Venezuela (Bolivarian Republic of);0;552695;0;5856;1.0595355485394296
2023-11-05;VE;Venezuela (Bolivarian Republic of);0;552695;0;5856;1.0595355485394296
2023-11-12;VE;Venezuela (Bolivarian Republic of);0;552695;0;5856;1.0595355485394296
2023-11-19;VE;Venezuela (Bolivarian Republic of);0;552695;0;5856;1.0595355485394296
2023-11-26;VE;Venezuela (Bolivarian Republic of);0;552695;0;5856;1.0595355485394296
2023-12-03;VE;Venezuela (Bolivarian Republic of);0;552695;0;5856;1.0595355485394296
2023-12-10;VE;Venezuela (Bolivarian Republic of);0;552695;0;5856;1.0595355485394296
2023-12-17;VE;Venezuela (Bolivarian Republic of);0;552695;0;5856;1.0595355485394296
2023-12-24;VE;Venezuela (Bolivarian Republic of);0;552695;0;5856;1.0595355485394296
2023-12-31;VE;Venezuela (Bolivarian Republic of);0;552695;0;5856;1.0595355485394296
2024-01-07;VE;Venezuela (Bolivarian Republic of);0;552695;0;5856;1.0595355485394296
2024-01-14;VE;Venezuela (Bolivarian Republic of);0;552695;0;5856;1.0595355485394296
2024-01-21;VE;Venezuela (Bolivarian Republic of);0;552695;0;5856;1.0595355485394296
2020-01-05;VN;Viet Nam;0;0;0;0;0.0
2020-01-12;VN;Viet Nam;0;0;0;0;0.0
2020-01-19;VN;Viet Nam;0;0;0;0;0.0
2020-01-26;VN;Viet Nam;2;2;0;0;0.0
2020-02-02;VN;Viet Nam;4;6;0;0;0.0
2020-02-09;VN;Viet Nam;7;13;0;0;0.0
2020-02-16;VN;Viet Nam;3;16;0;0;0.0
2020-02-23;VN;Viet Nam;0;16;0;0;0.0
2020-03-01;VN;Viet Nam;0;16;0;0;0.0
2020-03-08;VN;Viet Nam;4;20;0;0;0.0
2020-03-15;VN;Viet Nam;33;53;0;0;0.0
2020-03-22;VN;Viet Nam;41;94;0;0;0.0
2020-03-29;VN;Viet Nam;80;174;0;0;0.0
2020-04-05;VN;Viet Nam;66;240;0;0;0.0
2020-04-12;VN;Viet Nam;18;258;0;0;0.0
2020-04-19;VN;Viet Nam;10;268;0;0;0.0
2020-04-26;VN;Viet Nam;2;270;0;0;0.0
2020-05-03;VN;Viet Nam;0;270;0;0;0.0
2020-05-10;VN;Viet Nam;18;288;0;0;0.0
2020-05-17;VN;Viet Nam;30;318;0;0;0.0
2020-05-24;VN;Viet Nam;7;325;0;0;0.0
2020-05-31;VN;Viet Nam;3;328;0;0;0.0
2020-06-07;VN;Viet Nam;1;329;0;0;0.0
2020-06-14;VN;Viet Nam;5;334;0;0;0.0
2020-06-21;VN;Viet Nam;15;349;0;0;0.0
2020-06-28;VN;Viet Nam;6;355;0;0;0.0
2020-07-05;VN;Viet Nam;0;355;0;0;0.0
2020-07-12;VN;Viet Nam;15;370;0;0;0.0
2020-07-19;VN;Viet Nam;12;382;0;0;0.0
2020-07-26;VN;Viet Nam;36;418;0;0;0.0
2020-08-02;VN;Viet Nam;172;590;3;3;0.5084745762711864
2020-08-09;VN;Viet Nam;222;812;7;10;1.2315270935960592
2020-08-16;VN;Viet Nam;139;951;13;23;2.4185068349106205
2020-08-23;VN;Viet Nam;63;1014;3;26;2.564102564102564
2020-08-30;VN;Viet Nam;26;1040;6;32;3.076923076923077
2020-09-06;VN;Viet Nam;9;1049;3;35;3.336510962821735
2020-09-13;VN;Viet Nam;11;1060;0;35;3.30188679245283
2020-09-20;VN;Viet Nam;8;1068;0;35;3.2771535580524342
2020-09-27;VN;Viet Nam;1;1069;0;35;3.274087932647334
2020-10-04;VN;Viet Nam;27;1096;0;35;3.1934306569343067
2020-10-11;VN;Viet Nam;11;1107;0;35;3.1616982836495033
2020-10-18;VN;Viet Nam;19;1126;0;35;3.108348134991119
2020-10-25;VN;Viet Nam;34;1160;0;35;3.0172413793103448
2020-11-01;VN;Viet Nam;20;1180;0;35;2.9661016949152543
2020-11-08;VN;Viet Nam;33;1213;0;35;2.8854080791426218
2020-11-15;VN;Viet Nam;52;1265;0;35;2.766798418972332
2020-11-22;VN;Viet Nam;41;1306;0;35;2.679938744257274
2020-11-29;VN;Viet Nam;35;1341;0;35;2.609992542878449
2020-12-06;VN;Viet Nam;24;1365;0;35;2.564102564102564
2020-12-13;VN;Viet Nam;30;1395;0;35;2.5089605734767026
2020-12-20;VN;Viet Nam;16;1411;0;35;2.4805102763997167
2020-12-27;VN;Viet Nam;29;1440;0;35;2.430555555555556
2021-01-03;VN;Viet Nam;54;1494;0;35;2.3427041499330654
2021-01-10;VN;Viet Nam;20;1514;0;35;2.3117569352708056
2021-01-17;VN;Viet Nam;23;1537;0;35;2.277163305139883
2021-01-24;VN;Viet Nam;11;1548;0;35;2.260981912144703
2021-01-31;VN;Viet Nam;271;1819;0;35;1.9241341396371632
2021-02-07;VN;Viet Nam;186;2005;0;35;1.7456359102244388
2021-02-14;VN;Viet Nam;224;2229;0;35;1.570210856886496
2021-02-21;VN;Viet Nam;154;2383;0;35;1.4687368862778012
2021-02-28;VN;Viet Nam;65;2448;0;35;1.4297385620915033
2021-03-07;VN;Viet Nam;64;2512;0;35;1.393312101910828
2021-03-14;VN;Viet Nam;42;2554;0;35;1.370399373531715
2021-03-21;VN;Viet Nam;18;2572;0;35;1.3608087091757388
2021-03-28;VN;Viet Nam;19;2591;0;35;1.3508297954457738
2021-04-04;VN;Viet Nam;40;2631;0;35;1.330292664386165
2021-04-11;VN;Viet Nam;65;2696;0;35;1.298219584569733
2021-04-18;VN;Viet Nam;89;2785;0;35;1.2567324955116697
2021-04-25;VN;Viet Nam;61;2846;0;35;1.229796205200281
2021-05-02;VN;Viet Nam;116;2962;0;35;1.1816340310600946
2021-05-09;VN;Viet Nam;450;3412;0;35;1.0257913247362251
2021-05-16;VN;Viet Nam;800;4212;2;37;0.8784425451092117
2021-05-23;VN;Viet Nam;1063;5275;5;42;0.7962085308056872
2021-05-30;VN;Viet Nam;1893;7168;5;47;0.6556919642857143
2021-06-06;VN;Viet Nam;1623;8791;6;53;0.6028893186213173
2021-06-13;VN;Viet Nam;1839;10630;7;60;0.5644402634054563
2021-06-20;VN;Viet Nam;2628;13258;7;67;0.5053552572031981
2021-06-27;VN;Viet Nam;2482;15740;13;80;0.5082592121982211
2021-07-04;VN;Viet Nam;4521;20261;19;99;0.48862346379744337
2021-07-11;VN;Viet Nam;10217;30478;63;162;0.5315309403504167
2021-07-18;VN;Viet Nam;25367;55845;92;254;0.454830333960068
2021-07-25;VN;Viet Nam;45328;101173;116;370;0.36571021912960966
2021-08-01;VN;Viet Nam;56334;157507;936;1306;0.8291694972286946
2021-08-08;VN;Viet Nam;58053;215560;2091;3397;1.575895342364075
2021-08-15;VN;Viet Nam;59484;275044;2377;5774;2.0993004755602738
2021-08-22;VN;Viet Nam;73015;348059;2503;8277;2.3780451015488753
2021-08-29;VN;Viet Nam;87206;435265;2472;10749;2.4695300564024216
2021-09-05;VN;Viet Nam;89042;524307;2325;13074;2.493577236237548
2021-09-12;VN;Viet Nam;89068;613375;2205;15279;2.4909720807010394
2021-09-19;VN;Viet Nam;73688;687063;1811;17090;2.48739926324078
2021-09-26;VN;Viet Nam;69626;756689;1494;18584;2.455962753522253
2021-10-03;VN;Viet Nam;51889;808578;1131;19715;2.4382310673800176
2021-10-10;VN;Viet Nam;31084;839662;840;20555;2.448008841652951
2021-10-17;VN;Viet Nam;24391;864053;639;21194;2.4528587945415388
2021-10-24;VN;Viet Nam;24887;888940;479;21673;2.4380723108421263
2021-10-31;VN;Viet Nam;32182;921122;410;22083;2.397402298501176
2021-11-07;VN;Viet Nam;47562;968684;448;22531;2.3259391091418875
2021-11-14;VN;Viet Nam;57838;1026522;551;23082;2.248563596298959
2021-11-21;VN;Viet Nam;67992;1094514;679;23761;2.170917868569977
2021-11-28;VN;Viet Nam;115826;1210340;1121;24882;2.0557859774939273
2021-12-05;VN;Viet Nam;98752;1309092;1378;26260;2.0059705505800967
2021-12-12;VN;Viet Nam;103959;1413051;1579;27839;1.970134128209102
2021-12-19;VN;Viet Nam;127427;1540478;1727;29566;1.9192744070346996
2021-12-26;VN;Viet Nam;111195;1651673;1648;31214;1.889841391122819
2022-01-02;VN;Viet Nam;111367;1763040;1617;32831;1.8621812324167348
2022-01-09;VN;Viet Nam;136535;1899575;1488;34319;1.8066672808391349
2022-01-16;VN;Viet Nam;123971;2023546;1290;35609;1.7597326673077853
2022-01-23;VN;Viet Nam;117876;2141422;1110;36719;1.714701726236118
2022-01-30;VN;Viet Nam;121631;2263053;949;37668;1.6644771465803054
2022-02-06;VN;Viet Nam;78918;2341971;656;38324;1.636399425953609
2022-02-13;VN;Viet Nam;168889;2510860;622;38946;1.5511020128561528
2022-02-20;VN;Viet Nam;276633;2787493;555;39501;1.4170797917698807
2022-02-27;VN;Viet Nam;533512;3321005;643;40144;1.2087907124499964
2022-03-06;VN;Viet Nam;1113695;4434700;669;40813;0.9203102802895349
2022-03-13;VN;Viet Nam;1677948;6112648;572;41385;0.6770388218003065
2022-03-20;VN;Viet Nam;1845400;7958048;495;41880;0.5262597058977277
2022-03-27;VN;Viet Nam;1053425;9011473;426;42306;0.4694681990391582
2022-04-03;VN;Viet Nam;806855;9818328;294;42600;0.4338824288616147
2022-04-10;VN;Viet Nam;379908;10198236;213;42813;0.41980789618910563
2022-04-17;VN;Viet Nam;234311;10432547;131;42944;0.41163485771978786
2022-04-24;VN;Viet Nam;130955;10563502;69;43013;0.4071850414758288
2022-05-01;VN;Viet Nam;90024;10653526;29;43042;0.4040164730437603
2022-05-08;VN;Viet Nam;22658;10676184;14;43056;0.4032901643508579
2022-05-15;VN;Viet Nam;20446;10696630;9;43065;0.40260343678336075
2022-05-22;VN;Viet Nam;12257;10708887;10;43075;0.4022360120150675
2022-05-29;VN;Viet Nam;8364;10717251;3;43078;0.4019500896265283
2022-06-05;VN;Viet Nam;7988;10725239;3;43081;0.4016786945260614
2022-06-12;VN;Viet Nam;6573;10731812;2;43083;0.4014513112976634
2022-06-19;VN;Viet Nam;5828;10737640;0;43083;0.40123341814402425
2022-06-26;VN;Viet Nam;5808;10743448;1;43084;0.40102581592054987
2022-07-03;VN;Viet Nam;4679;10748127;4;43088;0.4008884524717655
2022-07-10;VN;Viet Nam;6221;10754348;1;43089;0.4006658516164811
2022-07-17;VN;Viet Nam;5502;10759850;2;43091;0.40047956058866996
2022-07-24;VN;Viet Nam;7350;10767200;1;43092;0.4002154692027639
2022-07-31;VN;Viet Nam;7479;10774679;1;43093;0.3999469496956708
2022-08-07;VN;Viet Nam;571458;11346137;1;43094;0.3798120893481191
2022-08-14;VN;Viet Nam;18218;11364355;4;43098;0.37923841696251126
2022-08-21;VN;Viet Nam;17903;11382258;8;43106;0.37871220279842543
2022-08-28;VN;Viet Nam;19339;11401597;7;43113;0.3781312389834512
2022-09-04;VN;Viet Nam;15906;11417503;9;43122;0.3776832815371277
2022-09-11;VN;Viet Nam;20467;11437970;8;43130;0.3770774009723753
2022-09-18;VN;Viet Nam;18588;11456558;11;43141;0.37656161649947567
2022-09-25;VN;Viet Nam;14782;11471340;5;43146;0.3761199650607514
2022-10-02;VN;Viet Nam;8688;11480028;5;43151;0.3758788741630247
2022-10-09;VN;Viet Nam;5333;11485361;2;43153;0.37572175572017286
2022-10-16;VN;Viet Nam;6912;11492273;2;43155;0.37551318177004667
2022-10-23;VN;Viet Nam;4556;11496829;4;43159;0.37539916441307425
2022-10-30;VN;Viet Nam;5340;11502169;4;43163;0.37525965754806767
2022-11-06;VN;Viet Nam;3439;11505608;3;43166;0.3751735675333281
2022-11-13;VN;Viet Nam;2839;11508447;0;43166;0.37508101657851833
2022-11-20;VN;Viet Nam;2731;11511178;3;43169;0.3750180911110922
2022-11-27;VN;Viet Nam;2996;11514174;1;43170;0.3749291959631668
2022-12-04;VN;Viet Nam;3343;11517517;7;43177;0.3748811484280857
2022-12-11;VN;Viet Nam;2928;11520445;2;43179;0.37480323025716455
2022-12-18;VN;Viet Nam;2305;11522750;1;43180;0.37473693345772496
2022-12-25;VN;Viet Nam;1452;11524202;4;43184;0.37472442777382764
2023-01-01;VN;Viet Nam;1029;11525231;2;43186;0.37470832471817705
2023-01-08;VN;Viet Nam;480;11525711;0;43186;0.37469271960749323
2023-01-15;VN;Viet Nam;407;11526118;0;43186;0.37467948879232366
2023-01-22;VN;Viet Nam;200;11526318;0;43186;0.3746729875056371
2023-01-29;VN;Viet Nam;77;11526395;0;43186;0.37467048457041424
2023-02-05;VN;Viet Nam;171;11526566;0;43186;0.3746649262234737
2023-02-12;VN;Viet Nam;85;11526651;0;43186;0.3746621633638426
2023-02-19;VN;Viet Nam;155;11526806;0;43186;0.3746571253129445
2023-02-26;VN;Viet Nam;85;11526891;0;43186;0.374654362568363
2023-03-05;VN;Viet Nam;59;11526950;0;43186;0.37465244492255106
2023-03-12;VN;Viet Nam;83;11527033;0;43186;0.3746497472506585
2023-03-19;VN;Viet Nam;83;11527116;0;43186;0.37464704961761464
2023-03-26;VN;Viet Nam;87;11527203;0;43186;0.3746442220198603
2023-04-02;VN;Viet Nam;113;11527316;0;43186;0.37464054945661246
2023-04-09;VN;Viet Nam;385;11527701;0;43186;0.3746280372816748
2023-04-16;VN;Viet Nam;2655;11530356;0;43186;0.3745417747726089
2023-04-23;VN;Viet Nam;12704;11543060;1;43187;0.3741382267786878
2023-04-30;VN;Viet Nam;16802;11559862;4;43191;0.37362902775136936
2023-05-07;VN;Viet Nam;14069;11573931;5;43196;0.37321805357229104
2023-05-14;VN;Viet Nam;15636;11589567;5;43201;0.3727576707568109
2023-05-21;VN;Viet Nam;12192;11601759;2;43203;0.3723831877562704
2023-05-28;VN;Viet Nam;7778;11609537;3;43206;0.37215954434703125
2023-06-04;VN;Viet Nam;5046;11614583;0;43206;0.371997858209804
2023-06-11;VN;Viet Nam;2914;11617497;0;43206;0.3719045505240931
2023-06-18;VN;Viet Nam;1770;11619267;0;43206;0.3718478971177786
2023-06-25;VN;Viet Nam;780;11620047;0;43206;0.3718229366886382
2023-07-02;VN;Viet Nam;549;11620596;0;43206;0.37180537039580414
2023-07-09;VN;Viet Nam;437;11621033;0;43206;0.3717913889410692
2023-07-16;VN;Viet Nam;287;11621320;0;43206;0.371782207184726
2023-07-23;VN;Viet Nam;279;11621599;0;43206;0.37177328180055086
2023-07-30;VN;Viet Nam;199;11621798;0;43206;0.37176691592815503
2023-08-06;VN;Viet Nam;180;11621978;0;43206;0.37176115804039556
2023-08-13;VN;Viet Nam;226;11622204;0;43206;0.37175392894497467
2023-08-20;VN;Viet Nam;200;11622404;0;43206;0.37174753174988584
2023-08-27;VN;Viet Nam;279;11622683;0;43206;0.371738608030521
2023-09-03;VN;Viet Nam;229;11622912;0;43206;0.37173128386414694
2023-09-10;VN;Viet Nam;270;11623182;0;43206;0.37172264875487626
2023-09-17;VN;Viet Nam;190;11623372;0;43206;0.371716572436983
2023-09-24;VN;Viet Nam;199;11623571;0;43206;0.37171020850649084
2023-10-01;VN;Viet Nam;127;11623698;0;43206;0.37170614721752065
2023-10-08;VN;Viet Nam;147;11623845;0;43206;0.37170144646629405
2023-10-15;VN;Viet Nam;142;11623987;0;43206;0.37169690571746167
2023-10-22;VN;Viet Nam;13;11624000;0;43206;0.3716964900206469
2023-10-29;VN;Viet Nam;0;11624000;0;43206;0.3716964900206469
2023-11-05;VN;Viet Nam;0;11624000;0;43206;0.3716964900206469
2023-11-12;VN;Viet Nam;0;11624000;0;43206;0.3716964900206469
2023-11-19;VN;Viet Nam;0;11624000;0;43206;0.3716964900206469
2023-11-26;VN;Viet Nam;0;11624000;0;43206;0.3716964900206469
2023-12-03;VN;Viet Nam;0;11624000;0;43206;0.3716964900206469
2023-12-10;VN;Viet Nam;0;11624000;0;43206;0.3716964900206469
2023-12-17;VN;Viet Nam;0;11624000;0;43206;0.3716964900206469
2023-12-24;VN;Viet Nam;0;11624000;0;43206;0.3716964900206469
2023-12-31;VN;Viet Nam;0;11624000;0;43206;0.3716964900206469
2024-01-07;VN;Viet Nam;0;11624000;0;43206;0.3716964900206469
2024-01-14;VN;Viet Nam;0;11624000;0;43206;0.3716964900206469
2024-01-21;VN;Viet Nam;0;11624000;0;43206;0.3716964900206469
2020-01-05;WF;Wallis and Futuna;0;0;0;0;0.0
2020-01-12;WF;Wallis and Futuna;0;0;0;0;0.0
2020-01-19;WF;Wallis and Futuna;0;0;0;0;0.0
2020-01-26;WF;Wallis and Futuna;0;0;0;0;0.0
2020-02-02;WF;Wallis and Futuna;0;0;0;0;0.0
2020-02-09;WF;Wallis and Futuna;0;0;0;0;0.0
2020-02-16;WF;Wallis and Futuna;0;0;0;0;0.0
2020-02-23;WF;Wallis and Futuna;0;0;0;0;0.0
2020-03-01;WF;Wallis and Futuna;0;0;0;0;0.0
2020-03-08;WF;Wallis and Futuna;0;0;0;0;0.0
2020-03-15;WF;Wallis and Futuna;0;0;0;0;0.0
2020-03-22;WF;Wallis and Futuna;0;0;0;0;0.0
2020-03-29;WF;Wallis and Futuna;0;0;0;0;0.0
2020-04-05;WF;Wallis and Futuna;0;0;0;0;0.0
2020-04-12;WF;Wallis and Futuna;0;0;0;0;0.0
2020-04-19;WF;Wallis and Futuna;0;0;0;0;0.0
2020-04-26;WF;Wallis and Futuna;0;0;0;0;0.0
2020-05-03;WF;Wallis and Futuna;0;0;0;0;0.0
2020-05-10;WF;Wallis and Futuna;0;0;0;0;0.0
2020-05-17;WF;Wallis and Futuna;0;0;0;0;0.0
2020-05-24;WF;Wallis and Futuna;0;0;0;0;0.0
2020-05-31;WF;Wallis and Futuna;0;0;0;0;0.0
2020-06-07;WF;Wallis and Futuna;0;0;0;0;0.0
2020-06-14;WF;Wallis and Futuna;0;0;0;0;0.0
2020-06-21;WF;Wallis and Futuna;0;0;0;0;0.0
2020-06-28;WF;Wallis and Futuna;0;0;0;0;0.0
2020-07-05;WF;Wallis and Futuna;0;0;0;0;0.0
2020-07-12;WF;Wallis and Futuna;0;0;0;0;0.0
2020-07-19;WF;Wallis and Futuna;0;0;0;0;0.0
2020-07-26;WF;Wallis and Futuna;0;0;0;0;0.0
2020-08-02;WF;Wallis and Futuna;0;0;0;0;0.0
2020-08-09;WF;Wallis and Futuna;0;0;0;0;0.0
2020-08-16;WF;Wallis and Futuna;0;0;0;0;0.0
2020-08-23;WF;Wallis and Futuna;0;0;0;0;0.0
2020-08-30;WF;Wallis and Futuna;0;0;0;0;0.0
2020-09-06;WF;Wallis and Futuna;0;0;0;0;0.0
2020-09-13;WF;Wallis and Futuna;0;0;0;0;0.0
2020-09-20;WF;Wallis and Futuna;0;0;0;0;0.0
2020-09-27;WF;Wallis and Futuna;0;0;0;0;0.0
2020-10-04;WF;Wallis and Futuna;0;0;0;0;0.0
2020-10-11;WF;Wallis and Futuna;0;0;0;0;0.0
2020-10-18;WF;Wallis and Futuna;0;0;0;0;0.0
2020-10-25;WF;Wallis and Futuna;1;1;0;0;0.0
2020-11-01;WF;Wallis and Futuna;0;1;0;0;0.0
2020-11-08;WF;Wallis and Futuna;0;1;0;0;0.0
2020-11-15;WF;Wallis and Futuna;0;1;0;0;0.0
2020-11-22;WF;Wallis and Futuna;1;2;0;0;0.0
2020-11-29;WF;Wallis and Futuna;1;3;0;0;0.0
2020-12-06;WF;Wallis and Futuna;0;3;0;0;0.0
2020-12-13;WF;Wallis and Futuna;0;3;0;0;0.0
2020-12-20;WF;Wallis and Futuna;1;4;0;0;0.0
2020-12-27;WF;Wallis and Futuna;0;4;0;0;0.0
2021-01-03;WF;Wallis and Futuna;0;4;0;0;0.0
2021-01-10;WF;Wallis and Futuna;0;4;0;0;0.0
2021-01-17;WF;Wallis and Futuna;0;4;0;0;0.0
2021-01-24;WF;Wallis and Futuna;0;4;0;0;0.0
2021-01-31;WF;Wallis and Futuna;1;5;0;0;0.0
2021-02-07;WF;Wallis and Futuna;0;5;0;0;0.0
2021-02-14;WF;Wallis and Futuna;4;9;0;0;0.0
2021-02-21;WF;Wallis and Futuna;0;9;0;0;0.0
2021-02-28;WF;Wallis and Futuna;0;9;0;0;0.0
2021-03-07;WF;Wallis and Futuna;1;10;0;0;0.0
2021-03-14;WF;Wallis and Futuna;166;176;0;0;0.0
2021-03-21;WF;Wallis and Futuna;135;311;0;0;0.0
2021-03-28;WF;Wallis and Futuna;65;376;0;0;0.0
2021-04-04;WF;Wallis and Futuna;49;425;0;0;0.0
2021-04-11;WF;Wallis and Futuna;16;441;0;0;0.0
2021-04-18;WF;Wallis and Futuna;6;447;0;0;0.0
2021-04-25;WF;Wallis and Futuna;2;449;0;0;0.0
2021-05-02;WF;Wallis and Futuna;4;453;0;0;0.0
2021-05-09;WF;Wallis and Futuna;0;453;0;0;0.0
2021-05-16;WF;Wallis and Futuna;0;453;0;0;0.0
2021-05-23;WF;Wallis and Futuna;0;453;0;0;0.0
2021-05-30;WF;Wallis and Futuna;0;453;7;7;1.545253863134658
2021-06-06;WF;Wallis and Futuna;0;453;0;7;1.545253863134658
2021-06-13;WF;Wallis and Futuna;0;453;0;7;1.545253863134658
2021-06-20;WF;Wallis and Futuna;0;453;0;7;1.545253863134658
2021-06-27;WF;Wallis and Futuna;0;453;0;7;1.545253863134658
2021-07-04;WF;Wallis and Futuna;0;453;0;7;1.545253863134658
2021-07-11;WF;Wallis and Futuna;0;453;0;7;1.545253863134658
2021-07-18;WF;Wallis and Futuna;0;453;0;7;1.545253863134658
2021-07-25;WF;Wallis and Futuna;0;453;0;7;1.545253863134658
2021-08-01;WF;Wallis and Futuna;0;453;0;7;1.545253863134658
2021-08-08;WF;Wallis and Futuna;0;453;0;7;1.545253863134658
2021-08-15;WF;Wallis and Futuna;0;453;0;7;1.545253863134658
2021-08-22;WF;Wallis and Futuna;0;453;0;7;1.545253863134658
2021-08-29;WF;Wallis and Futuna;0;453;0;7;1.545253863134658
2021-09-05;WF;Wallis and Futuna;0;453;0;7;1.545253863134658
2021-09-12;WF;Wallis and Futuna;0;453;0;7;1.545253863134658
2021-09-19;WF;Wallis and Futuna;0;453;0;7;1.545253863134658
2021-09-26;WF;Wallis and Futuna;0;453;0;7;1.545253863134658
2021-10-03;WF;Wallis and Futuna;0;453;0;7;1.545253863134658
2021-10-10;WF;Wallis and Futuna;0;453;0;7;1.545253863134658
2021-10-17;WF;Wallis and Futuna;0;453;0;7;1.545253863134658
2021-10-24;WF;Wallis and Futuna;0;453;0;7;1.545253863134658
2021-10-31;WF;Wallis and Futuna;0;453;0;7;1.545253863134658
2021-11-07;WF;Wallis and Futuna;0;453;0;7;1.545253863134658
2021-11-14;WF;Wallis and Futuna;0;453;0;7;1.545253863134658
2021-11-21;WF;Wallis and Futuna;0;453;0;7;1.545253863134658
2021-11-28;WF;Wallis and Futuna;0;453;0;7;1.545253863134658
2021-12-05;WF;Wallis and Futuna;0;453;0;7;1.545253863134658
2021-12-12;WF;Wallis and Futuna;0;453;0;7;1.545253863134658
2021-12-19;WF;Wallis and Futuna;0;453;0;7;1.545253863134658
2021-12-26;WF;Wallis and Futuna;0;453;0;7;1.545253863134658
2022-01-02;WF;Wallis and Futuna;0;453;0;7;1.545253863134658
2022-01-09;WF;Wallis and Futuna;0;453;0;7;1.545253863134658
2022-01-16;WF;Wallis and Futuna;0;453;0;7;1.545253863134658
2022-01-23;WF;Wallis and Futuna;0;453;0;7;1.545253863134658
2022-01-30;WF;Wallis and Futuna;0;453;0;7;1.545253863134658
2022-02-06;WF;Wallis and Futuna;0;453;0;7;1.545253863134658
2022-02-13;WF;Wallis and Futuna;0;453;0;7;1.545253863134658
2022-02-20;WF;Wallis and Futuna;0;453;0;7;1.545253863134658
2022-02-27;WF;Wallis and Futuna;0;453;0;7;1.545253863134658
2022-03-06;WF;Wallis and Futuna;0;453;0;7;1.545253863134658
2022-03-13;WF;Wallis and Futuna;0;453;0;7;1.545253863134658
2022-03-20;WF;Wallis and Futuna;0;453;0;7;1.545253863134658
2022-03-27;WF;Wallis and Futuna;0;453;0;7;1.545253863134658
2022-04-03;WF;Wallis and Futuna;0;453;0;7;1.545253863134658
2022-04-10;WF;Wallis and Futuna;0;453;0;7;1.545253863134658
2022-04-17;WF;Wallis and Futuna;1;454;0;7;1.5418502202643172
2022-04-24;WF;Wallis and Futuna;0;454;0;7;1.5418502202643172
2022-05-01;WF;Wallis and Futuna;0;454;0;7;1.5418502202643172
2022-05-08;WF;Wallis and Futuna;0;454;0;7;1.5418502202643172
2022-05-15;WF;Wallis and Futuna;0;454;0;7;1.5418502202643172
2022-05-22;WF;Wallis and Futuna;0;454;0;7;1.5418502202643172
2022-05-29;WF;Wallis and Futuna;0;454;0;7;1.5418502202643172
2022-06-05;WF;Wallis and Futuna;0;454;0;7;1.5418502202643172
2022-06-12;WF;Wallis and Futuna;0;454;0;7;1.5418502202643172
2022-06-19;WF;Wallis and Futuna;0;454;0;7;1.5418502202643172
2022-06-26;WF;Wallis and Futuna;0;454;0;7;1.5418502202643172
2022-07-03;WF;Wallis and Futuna;0;454;0;7;1.5418502202643172
2022-07-10;WF;Wallis and Futuna;2;456;0;7;1.5350877192982455
2022-07-17;WF;Wallis and Futuna;0;456;0;7;1.5350877192982455
2022-07-24;WF;Wallis and Futuna;131;587;0;7;1.192504258943782
2022-07-31;WF;Wallis and Futuna;174;761;0;7;0.9198423127463863
2022-08-07;WF;Wallis and Futuna;0;761;0;7;0.9198423127463863
2022-08-14;WF;Wallis and Futuna;0;761;0;7;0.9198423127463863
2022-08-21;WF;Wallis and Futuna;0;761;0;7;0.9198423127463863
2022-08-28;WF;Wallis and Futuna;0;761;0;7;0.9198423127463863
2022-09-04;WF;Wallis and Futuna;0;761;0;7;0.9198423127463863
2022-09-11;WF;Wallis and Futuna;0;761;0;7;0.9198423127463863
2022-09-18;WF;Wallis and Futuna;0;761;0;7;0.9198423127463863
2022-09-25;WF;Wallis and Futuna;0;761;0;7;0.9198423127463863
2022-10-02;WF;Wallis and Futuna;0;761;0;7;0.9198423127463863
2022-10-09;WF;Wallis and Futuna;0;761;0;7;0.9198423127463863
2022-10-16;WF;Wallis and Futuna;2654;3415;0;7;0.20497803806734993
2022-10-23;WF;Wallis and Futuna;0;3415;0;7;0.20497803806734993
2022-10-30;WF;Wallis and Futuna;0;3415;0;7;0.20497803806734993
2022-11-06;WF;Wallis and Futuna;0;3415;0;7;0.20497803806734993
2022-11-13;WF;Wallis and Futuna;0;3415;0;7;0.20497803806734993
2022-11-20;WF;Wallis and Futuna;0;3415;0;7;0.20497803806734993
2022-11-27;WF;Wallis and Futuna;0;3415;0;7;0.20497803806734993
2022-12-04;WF;Wallis and Futuna;0;3415;0;7;0.20497803806734993
2022-12-11;WF;Wallis and Futuna;0;3415;0;7;0.20497803806734993
2022-12-18;WF;Wallis and Futuna;0;3415;0;7;0.20497803806734993
2022-12-25;WF;Wallis and Futuna;0;3415;0;7;0.20497803806734993
2023-01-01;WF;Wallis and Futuna;12;3427;0;7;0.20426028596440038
2023-01-08;WF;Wallis and Futuna;0;3427;0;7;0.20426028596440038
2023-01-15;WF;Wallis and Futuna;0;3427;0;7;0.20426028596440038
2023-01-22;WF;Wallis and Futuna;0;3427;0;7;0.20426028596440038
2023-01-29;WF;Wallis and Futuna;0;3427;0;7;0.20426028596440038
2023-02-05;WF;Wallis and Futuna;0;3427;0;7;0.20426028596440038
2023-02-12;WF;Wallis and Futuna;0;3427;0;7;0.20426028596440038
2023-02-19;WF;Wallis and Futuna;0;3427;0;7;0.20426028596440038
2023-02-26;WF;Wallis and Futuna;0;3427;0;7;0.20426028596440038
2023-03-05;WF;Wallis and Futuna;0;3427;0;7;0.20426028596440038
2023-03-12;WF;Wallis and Futuna;0;3427;0;7;0.20426028596440038
2023-03-19;WF;Wallis and Futuna;0;3427;0;7;0.20426028596440038
2023-03-26;WF;Wallis and Futuna;0;3427;0;7;0.20426028596440038
2023-04-02;WF;Wallis and Futuna;0;3427;0;7;0.20426028596440038
2023-04-09;WF;Wallis and Futuna;0;3427;0;7;0.20426028596440038
2023-04-16;WF;Wallis and Futuna;0;3427;0;7;0.20426028596440038
2023-04-23;WF;Wallis and Futuna;0;3427;0;7;0.20426028596440038
2023-04-30;WF;Wallis and Futuna;0;3427;0;7;0.20426028596440038
2023-05-07;WF;Wallis and Futuna;0;3427;0;7;0.20426028596440038
2023-05-14;WF;Wallis and Futuna;0;3427;0;7;0.20426028596440038
2023-05-21;WF;Wallis and Futuna;81;3508;0;7;0.19954389965792474
2023-05-28;WF;Wallis and Futuna;0;3508;0;7;0.19954389965792474
2023-06-04;WF;Wallis and Futuna;42;3550;1;8;0.22535211267605634
2023-06-11;WF;Wallis and Futuna;0;3550;0;8;0.22535211267605634
2023-06-18;WF;Wallis and Futuna;0;3550;0;8;0.22535211267605634
2023-06-25;WF;Wallis and Futuna;0;3550;0;8;0.22535211267605634
2023-07-02;WF;Wallis and Futuna;0;3550;0;8;0.22535211267605634
2023-07-09;WF;Wallis and Futuna;0;3550;0;8;0.22535211267605634
2023-07-16;WF;Wallis and Futuna;0;3550;0;8;0.22535211267605634
2023-07-23;WF;Wallis and Futuna;0;3550;0;8;0.22535211267605634
2023-07-30;WF;Wallis and Futuna;0;3550;0;8;0.22535211267605634
2023-08-06;WF;Wallis and Futuna;0;3550;0;8;0.22535211267605634
2023-08-13;WF;Wallis and Futuna;0;3550;0;8;0.22535211267605634
2023-08-20;WF;Wallis and Futuna;0;3550;0;8;0.22535211267605634
2023-08-27;WF;Wallis and Futuna;0;3550;0;8;0.22535211267605634
2023-09-03;WF;Wallis and Futuna;0;3550;0;8;0.22535211267605634
2023-09-10;WF;Wallis and Futuna;0;3550;0;8;0.22535211267605634
2023-09-17;WF;Wallis and Futuna;0;3550;0;8;0.22535211267605634
2023-09-24;WF;Wallis and Futuna;0;3550;0;8;0.22535211267605634
2023-10-01;WF;Wallis and Futuna;0;3550;0;8;0.22535211267605634
2023-10-08;WF;Wallis and Futuna;0;3550;0;8;0.22535211267605634
2023-10-15;WF;Wallis and Futuna;0;3550;0;8;0.22535211267605634
2023-10-22;WF;Wallis and Futuna;0;3550;0;8;0.22535211267605634
2023-10-29;WF;Wallis and Futuna;0;3550;0;8;0.22535211267605634
2023-11-05;WF;Wallis and Futuna;0;3550;0;8;0.22535211267605634
2023-11-12;WF;Wallis and Futuna;0;3550;0;8;0.22535211267605634
2023-11-19;WF;Wallis and Futuna;0;3550;0;8;0.22535211267605634
2023-11-26;WF;Wallis and Futuna;0;3550;0;8;0.22535211267605634
2023-12-03;WF;Wallis and Futuna;0;3550;0;8;0.22535211267605634
2023-12-10;WF;Wallis and Futuna;0;3550;0;8;0.22535211267605634
2023-12-17;WF;Wallis and Futuna;0;3550;0;8;0.22535211267605634
2023-12-24;WF;Wallis and Futuna;0;3550;0;8;0.22535211267605634
2023-12-31;WF;Wallis and Futuna;0;3550;0;8;0.22535211267605634
2024-01-07;WF;Wallis and Futuna;0;3550;0;8;0.22535211267605634
2024-01-14;WF;Wallis and Futuna;0;3550;0;8;0.22535211267605634
2024-01-21;WF;Wallis and Futuna;0;3550;0;8;0.22535211267605634
2020-01-05;YE;Yemen;0;0;0;0;0.0
2020-01-12;YE;Yemen;0;0;0;0;0.0
2020-01-19;YE;Yemen;0;0;0;0;0.0
2020-01-26;YE;Yemen;0;0;0;0;0.0
2020-02-02;YE;Yemen;0;0;0;0;0.0
2020-02-09;YE;Yemen;0;0;0;0;0.0
2020-02-16;YE;Yemen;0;0;0;0;0.0
2020-02-23;YE;Yemen;0;0;0;0;0.0
2020-03-01;YE;Yemen;0;0;0;0;0.0
2020-03-08;YE;Yemen;0;0;0;0;0.0
2020-03-15;YE;Yemen;0;0;0;0;0.0
2020-03-22;YE;Yemen;0;0;0;0;0.0
2020-03-29;YE;Yemen;0;0;0;0;0.0
2020-04-05;YE;Yemen;0;0;0;0;0.0
2020-04-12;YE;Yemen;1;1;0;0;0.0
2020-04-19;YE;Yemen;0;1;0;0;0.0
2020-04-26;YE;Yemen;0;1;0;0;0.0
2020-01-05;ZM;Zambia;0;0;0;0;0.0
2020-01-12;ZM;Zambia;0;0;0;0;0.0
2020-01-19;ZM;Zambia;0;0;0;0;0.0
2020-01-26;ZM;Zambia;0;0;0;0;0.0
2020-02-02;ZM;Zambia;0;0;0;0;0.0
2020-02-09;ZM;Zambia;0;0;0;0;0.0
2020-02-16;ZM;Zambia;0;0;0;0;0.0
2020-02-23;ZM;Zambia;0;0;0;0;0.0
2020-03-01;ZM;Zambia;0;0;0;0;0.0
2020-03-08;ZM;Zambia;0;0;0;0;0.0
2020-03-15;ZM;Zambia;0;0;0;0;0.0
2020-03-22;ZM;Zambia;2;2;0;0;0.0
2020-03-29;ZM;Zambia;26;28;0;0;0.0
2020-04-05;ZM;Zambia;11;39;3;3;7.6923076923076925
2020-04-12;ZM;Zambia;1;40;1;4;10.0
2020-04-19;ZM;Zambia;17;57;0;4;7.017543859649122
2020-04-26;ZM;Zambia;27;84;1;5;5.952380952380952
2020-05-03;ZM;Zambia;35;119;0;5;4.201680672268908
2020-05-10;ZM;Zambia;133;252;4;9;3.571428571428571
2020-05-17;ZM;Zambia;427;679;0;9;1.3254786450662739
2020-05-24;ZM;Zambia;241;920;0;9;0.9782608695652175
2020-05-31;ZM;Zambia;137;1057;0;9;0.8514664143803218
2020-06-07;ZM;Zambia;97;1154;0;9;0.779896013864818
2020-06-14;ZM;Zambia;203;1357;0;9;0.6632277081798084
2020-06-21;ZM;Zambia;81;1438;1;10;0.6954102920723227
2020-06-28;ZM;Zambia;107;1545;14;24;1.5533980582524272
2020-07-05;ZM;Zambia;237;1782;14;38;2.132435465768799
2020-07-12;ZM;Zambia;352;2134;21;59;2.7647610121836927
2020-07-19;ZM;Zambia;846;2980;62;121;4.060402684563758
2020-07-26;ZM;Zambia;1348;4328;19;140;3.234750462107209
2020-08-02;ZM;Zambia;1900;6228;26;166;2.6653821451509314
2020-08-09;ZM;Zambia;1675;7903;38;204;2.581298241174238
2020-08-16;ZM;Zambia;1283;9186;57;261;2.841280209013717
2020-08-23;ZM;Zambia;1645;10831;19;280;2.5851721909334318
2020-08-30;ZM;Zambia;1071;11902;5;285;2.3945555368845572
2020-09-06;ZM;Zambia;807;12709;8;293;2.305452828704068
2020-09-13;ZM;Zambia;757;13466;20;313;2.324372493687806
2020-09-20;ZM;Zambia;604;14070;18;331;2.3525230987917554
2020-09-27;ZM;Zambia;542;14612;2;333;2.2789488091979195
2020-10-04;ZM;Zambia;362;14974;1;334;2.230532923734473
2020-10-11;ZM;Zambia;441;15415;3;337;2.186182289977295
2020-10-18;ZM;Zambia;374;15789;9;346;2.1913990753055925
2020-10-25;ZM;Zambia;328;16117;2;348;2.1592107712353417
2020-11-01;ZM;Zambia;315;16432;1;349;2.123904576436222
2020-11-08;ZM;Zambia;476;16908;0;349;2.0641116631180503
2020-11-15;ZM;Zambia;189;17097;1;350;2.047142773586009
2020-11-22;ZM;Zambia;297;17394;6;356;2.0466827641715533
2020-11-29;ZM;Zambia;195;17589;1;357;2.029677639433737
2020-12-06;ZM;Zambia;309;17898;7;364;2.033746787350542
2020-12-13;ZM;Zambia;319;18217;2;366;2.009112367568754
2020-12-20;ZM;Zambia;403;18620;7;373;2.003222341568206
2020-12-27;ZM;Zambia;1051;19671;9;382;1.9419449951705556
2021-01-03;ZM;Zambia;1559;21230;10;392;1.8464437117286858
2021-01-10;ZM;Zambia;5337;26567;72;464;1.746527647080965
2021-01-17;ZM;Zambia;9507;36074;73;537;1.48860675278594
2021-01-24;ZM;Zambia;8518;44592;90;627;1.4060818083961248
2021-01-31;ZM;Zambia;8760;53352;118;745;1.3963862648073173
2021-02-07;ZM;Zambia;8075;61427;94;839;1.3658488938089113
2021-02-14;ZM;Zambia;7027;68454;101;940;1.3731849124959827
2021-02-21;ZM;Zambia;5440;73894;76;1016;1.3749424851814762
2021-02-28;ZM;Zambia;4308;78202;65;1081;1.3823175877854788
2021-03-07;ZM;Zambia;3809;82011;35;1116;1.360793064345027
2021-03-14;ZM;Zambia;2463;84474;37;1153;1.364917015886545
2021-03-21;ZM;Zambia;1799;86273;25;1178;1.3654329859863457
2021-03-28;ZM;Zambia;1454;87727;20;1198;1.3656001003111926
2021-04-04;ZM;Zambia;1073;88800;17;1215;1.3682432432432434
2021-04-11;ZM;Zambia;1118;89918;11;1226;1.3634644898685468
2021-04-18;ZM;Zambia;926;90844;8;1234;1.3583725947778609
2021-04-25;ZM;Zambia;473;91317;11;1245;1.3633825027103388
2021-05-02;ZM;Zambia;353;91670;6;1251;1.3646776480855243
2021-05-09;ZM;Zambia;387;92057;6;1257;1.365458357322094
2021-05-16;ZM;Zambia;352;92409;3;1260;1.3635035548485537
2021-05-23;ZM;Zambia;697;93106;7;1267;1.3608145554529245
2021-05-30;ZM;Zambia;1645;94751;9;1276;1.3466876339036
2021-06-06;ZM;Zambia;4789;99540;27;1303;1.3090214988949167
2021-06-13;ZM;Zambia;10792;110332;62;1365;1.2371750716020737
2021-06-20;ZM;Zambia;16641;126973;230;1595;1.2561725721216321
2021-06-27;ZM;Zambia;19058;146031;372;1967;1.3469742725859577
2021-07-04;ZM;Zambia;16456;162487;430;2397;1.475194938672017
2021-07-11;ZM;Zambia;12302;174789;378;2775;1.5876285120917222
2021-07-18;ZM;Zambia;9883;184672;277;3052;1.6526598509790331
2021-07-25;ZM;Zambia;6855;191527;198;3250;1.6968886893231765
2021-08-01;ZM;Zambia;4289;195816;139;3389;1.7307063774155331
2021-08-08;ZM;Zambia;3846;199662;85;3474;1.7399404994440604
2021-08-15;ZM;Zambia;2416;202078;47;3521;1.7423965003612467
2021-08-22;ZM;Zambia;2259;204337;52;3573;1.7485819993442206
2021-08-29;ZM;Zambia;1556;205893;18;3591;1.7441098046072474
2021-09-05;ZM;Zambia;1135;207028;23;3614;1.7456575922097495
2021-09-12;ZM;Zambia;808;207836;15;3629;1.746088261898805
2021-09-19;ZM;Zambia;586;208422;9;3638;1.7454971164272484
2021-09-26;ZM;Zambia;407;208829;7;3645;1.7454472319457546
2021-10-03;ZM;Zambia;313;209142;4;3649;1.744747587763338
2021-10-10;ZM;Zambia;194;209336;4;3653;1.7450414644399435
2021-10-17;ZM;Zambia;169;209505;5;3658;1.7460203813751463
2021-10-24;ZM;Zambia;124;209629;1;3659;1.7454646065191364
2021-10-31;ZM;Zambia;93;209722;2;3661;1.7456442337952145
2021-11-07;ZM;Zambia;147;209869;2;3663;1.745374495518633
2021-11-14;ZM;Zambia;102;209971;1;3664;1.7450028813502816
2021-11-21;ZM;Zambia;86;210057;3;3667;1.7457166388170828
2021-11-28;ZM;Zambia;81;210138;0;3667;1.7450437331658246
2021-12-05;ZM;Zambia;156;210294;0;3667;1.743749227272295
2021-12-12;ZM;Zambia;665;210959;2;3669;1.7392005081556132
2021-12-19;ZM;Zambia;4513;215472;9;3678;1.7069503230118066
2021-12-26;ZM;Zambia;16109;231581;19;3697;1.5964176681161235
2022-01-02;ZM;Zambia;26367;257948;43;3740;1.4499046319413214
2022-01-09;ZM;Zambia;23628;281576;58;3798;1.3488365485694804
2022-01-16;ZM;Zambia;13452;295028;54;3852;1.305638786827013
2022-01-23;ZM;Zambia;6175;301203;38;3890;1.2914878005863155
2022-01-30;ZM;Zambia;3453;304656;24;3914;1.2847276928732734
2022-02-06;ZM;Zambia;2121;306777;16;3930;1.2810608357210613
2022-02-13;ZM;Zambia;2516;309293;7;3937;1.272903040159331
2022-02-20;ZM;Zambia;1723;311016;6;3943;1.2677804357332099
2022-02-27;ZM;Zambia;1595;312611;8;3951;1.2638710729948721
2022-03-06;ZM;Zambia;1133;313744;7;3958;1.261538069253914
2022-03-13;ZM;Zambia;1404;315148;2;3960;1.2565524769314735
2022-03-20;ZM;Zambia;744;315892;3;3963;1.2545426918060603
2022-03-27;ZM;Zambia;609;316501;3;3966;1.2530766095525765
2022-04-03;ZM;Zambia;530;317031;1;3967;1.2512971917572728
2022-04-10;ZM;Zambia;452;317483;0;3967;1.249515722101656
2022-04-17;ZM;Zambia;984;318467;6;3973;1.247538991481064
2022-04-24;ZM;Zambia;517;318984;1;3974;1.2458305118752038
2022-05-01;ZM;Zambia;610;319594;2;3976;1.2440784245010856
2022-05-08;ZM;Zambia;442;320036;4;3980;1.24361009386444
2022-05-15;ZM;Zambia;445;320481;3;3983;1.2428193871087523
2022-05-22;ZM;Zambia;568;321049;1;3984;1.2409320695594754
2022-05-29;ZM;Zambia;454;321503;1;3985;1.2394907668046644
2022-06-05;ZM;Zambia;786;322289;4;3989;1.2377090127183987
2022-06-12;ZM;Zambia;630;322919;0;3989;1.2352942998089305
2022-06-19;ZM;Zambia;1106;324025;3;3992;1.2320037034179463
2022-06-26;ZM;Zambia;1223;325248;11;4003;1.2307531483667846
2022-07-03;ZM;Zambia;100;325348;0;4003;1.2303748601497473
2022-07-10;ZM;Zambia;1446;326794;5;4008;1.2264607061329156
2022-07-17;ZM;Zambia;1200;327994;1;4009;1.2222784563132254
2022-07-24;ZM;Zambia;556;328550;4;4013;1.2214274844011566
2022-07-31;ZM;Zambia;933;329483;2;4015;1.2185757687043033
2022-08-07;ZM;Zambia;1026;330509;0;4015;1.2147929405855815
2022-08-14;ZM;Zambia;1505;332014;1;4016;1.2095875475130569
2022-08-21;ZM;Zambia;250;332264;0;4016;1.2086774372185973
2022-08-28;ZM;Zambia;263;332527;0;4016;1.207721478255901
2022-09-04;ZM;Zambia;295;332822;0;4016;1.2066510026380468
2022-09-11;ZM;Zambia;0;332822;0;4016;1.2066510026380468
2022-09-18;ZM;Zambia;407;333229;1;4017;1.2054773143994069
2022-09-25;ZM;Zambia;158;333387;0;4017;1.2049060101323688
2022-10-02;ZM;Zambia;162;333549;0;4017;1.2043208044395277
2022-10-09;ZM;Zambia;6;333555;0;4017;1.2042991410711876
2022-10-16;ZM;Zambia;69;333624;0;4017;1.2040500683404072
2022-10-23;ZM;Zambia;20;333644;0;4017;1.2039778926040932
2022-10-30;ZM;Zambia;25;333669;0;4017;1.2038876851011031
2022-11-06;ZM;Zambia;16;333685;0;4017;1.2038299593928405
2022-11-13;ZM;Zambia;0;333685;0;4017;1.2038299593928405
2022-11-20;ZM;Zambia;1;333686;0;4017;1.2038263517198804
2022-11-27;ZM;Zambia;35;333721;2;4019;1.204299399798035
2022-12-04;ZM;Zambia;25;333746;0;4019;1.2042091890239883
2022-12-11;ZM;Zambia;0;333746;0;4019;1.2042091890239883
2022-12-18;ZM;Zambia;0;333746;0;4019;1.2042091890239883
2022-12-25;ZM;Zambia;320;334066;3;4022;1.2039537097459783
2023-01-01;ZM;Zambia;512;334578;2;4024;1.2027090842793011
2023-01-08;ZM;Zambia;0;334578;0;4024;1.2027090842793011
2023-01-15;ZM;Zambia;2062;336640;10;4034;1.1983127376425855
2023-01-22;ZM;Zambia;1140;337780;3;4037;1.195156610811771
2023-01-29;ZM;Zambia;1963;339743;4;4041;1.189428479762644
2023-02-05;ZM;Zambia;1201;340944;7;4048;1.1872917546576565
2023-02-12;ZM;Zambia;746;341690;1;4049;1.1849922444320875
2023-02-19;ZM;Zambia;627;342317;2;4051;1.1834060242406892
2023-02-26;ZM;Zambia;390;342707;3;4054;1.1829346934845217
2023-03-05;ZM;Zambia;247;342954;3;4057;1.1829574811782337
2023-03-12;ZM;Zambia;181;343135;0;4057;1.1823334839057513
2023-03-19;ZM;Zambia;115;343250;0;4057;1.1819373634377275
2023-03-26;ZM;Zambia;165;343415;0;4057;1.1813694800751278
2023-04-02;ZM;Zambia;151;343566;0;4057;1.1808502587566871
2023-04-09;ZM;Zambia;187;343753;1;4058;1.1804987883742104
2023-04-16;ZM;Zambia;50;343803;0;4058;1.1803271059298495
2023-04-23;ZM;Zambia;0;343803;0;4058;1.1803271059298495
2023-04-30;ZM;Zambia;107;343910;0;4058;1.1799598732226455
2023-05-07;ZM;Zambia;1;343911;0;4058;1.1799564422190625
2023-05-14;ZM;Zambia;84;343995;0;4058;1.1796683091324
2023-05-21;ZM;Zambia;0;343995;0;4058;1.1796683091324
2023-05-28;ZM;Zambia;0;343995;0;4058;1.1796683091324
2023-06-04;ZM;Zambia;1063;345058;0;4058;1.1760341739649567
2023-06-11;ZM;Zambia;0;345058;0;4058;1.1760341739649567
2023-06-18;ZM;Zambia;903;345961;2;4060;1.1735426825567044
2023-06-25;ZM;Zambia;1061;347022;2;4062;1.1705309749814132
2023-07-02;ZM;Zambia;530;347552;1;4063;1.169033698554461
2023-07-09;ZM;Zambia;1007;348559;1;4064;1.165943211909605
2023-07-16;ZM;Zambia;450;349009;4;4068;1.1655859877538974
2023-07-23;ZM;Zambia;278;349287;1;4069;1.164944587116039
2023-07-30;ZM;Zambia;0;349287;0;4069;1.164944587116039
2023-08-06;ZM;Zambia;0;349287;0;4069;1.164944587116039
2023-08-13;ZM;Zambia;0;349287;0;4069;1.164944587116039
2023-08-20;ZM;Zambia;0;349287;0;4069;1.164944587116039
2023-08-27;ZM;Zambia;0;349287;0;4069;1.164944587116039
2023-09-03;ZM;Zambia;0;349287;0;4069;1.164944587116039
2023-09-10;ZM;Zambia;0;349287;0;4069;1.164944587116039
2023-09-17;ZM;Zambia;0;349287;0;4069;1.164944587116039
2023-09-24;ZM;Zambia;0;349287;0;4069;1.164944587116039
2023-10-01;ZM;Zambia;0;349287;0;4069;1.164944587116039
2023-10-08;ZM;Zambia;1;349288;0;4069;1.1649412519181879
2023-10-15;ZM;Zambia;3;349291;0;4069;1.1649312464392154
2023-10-22;ZM;Zambia;3;349294;0;4069;1.1649212411321122
2023-10-29;ZM;Zambia;3;349297;0;4069;1.1649112359968736
2023-11-05;ZM;Zambia;4;349301;0;4069;1.1648978960838932
2023-11-12;ZM;Zambia;0;349301;0;4069;1.1648978960838932
2023-11-19;ZM;Zambia;1;349302;0;4069;1.1648945611533859
2023-11-26;ZM;Zambia;0;349302;0;4069;1.1648945611533859
2023-12-03;ZM;Zambia;2;349304;0;4069;1.1648878913496552
2023-12-10;ZM;Zambia;0;349304;0;4069;1.1648878913496552
2023-12-17;ZM;Zambia;0;349304;0;4069;1.1648878913496552
2023-12-24;ZM;Zambia;0;349304;0;4069;1.1648878913496552
2023-12-31;ZM;Zambia;0;349304;0;4069;1.1648878913496552
2024-01-07;ZM;Zambia;0;349304;0;4069;1.1648878913496552
2024-01-14;ZM;Zambia;0;349304;0;4069;1.1648878913496552
2024-01-21;ZM;Zambia;0;349304;0;4069;1.1648878913496552
2020-01-05;ZW;Zimbabwe;0;0;0;0;0.0
2020-01-12;ZW;Zimbabwe;0;0;0;0;0.0
2020-01-19;ZW;Zimbabwe;0;0;0;0;0.0
2020-01-26;ZW;Zimbabwe;0;0;0;0;0.0
2020-02-02;ZW;Zimbabwe;0;0;0;0;0.0
2020-02-09;ZW;Zimbabwe;0;0;0;0;0.0
2020-02-16;ZW;Zimbabwe;0;0;0;0;0.0
2020-02-23;ZW;Zimbabwe;0;0;0;0;0.0
2020-03-01;ZW;Zimbabwe;0;0;0;0;0.0
2020-05-24;ZW;Zimbabwe;24;68;0;8;11.76470588235294
2020-05-31;ZW;Zimbabwe;105;173;0;8;4.624277456647398
2020-06-07;ZW;Zimbabwe;106;279;0;8;2.867383512544803
2020-06-14;ZW;Zimbabwe;77;356;0;8;2.247191011235955
2020-06-21;ZW;Zimbabwe;130;486;2;10;2.05761316872428
2020-06-28;ZW;Zimbabwe;81;567;0;10;1.763668430335097
2020-07-05;ZW;Zimbabwe;131;698;2;12;1.7191977077363898
2020-07-12;ZW;Zimbabwe;284;982;10;22;2.240325865580448
2020-07-19;ZW;Zimbabwe;496;1478;7;29;1.962110960757781
2020-07-26;ZW;Zimbabwe;956;2434;9;38;1.561216105176664
2020-08-02;ZW;Zimbabwe;1225;3659;35;73;1.9950806231210712
2020-08-09;ZW;Zimbabwe;916;4575;33;106;2.316939890710383
2020-08-16;ZW;Zimbabwe;601;5176;28;134;2.58887171561051
2020-08-23;ZW;Zimbabwe;717;5893;21;155;2.6302392669268624
2020-08-30;ZW;Zimbabwe;513;6406;43;198;3.0908523259444274
2020-09-06;ZW;Zimbabwe;431;6837;10;208;3.04227000146263
2020-09-13;ZW;Zimbabwe;671;7508;17;225;2.996803409696324
2020-09-20;ZW;Zimbabwe;164;7672;1;226;2.94577685088634
2020-09-27;ZW;Zimbabwe;131;7803;2;228;2.9219530949634756
2020-10-04;ZW;Zimbabwe;82;7885;1;229;2.90424857324033
2020-10-11;ZW;Zimbabwe;125;8010;2;231;2.8838951310861423
2020-10-18;ZW;Zimbabwe;100;8110;1;232;2.8606658446362516
2020-10-25;ZW;Zimbabwe;159;8269;5;237;2.866126496553392
2020-11-01;ZW;Zimbabwe;98;8367;7;244;2.9162184773515
2020-11-08;ZW;Zimbabwe;131;8498;8;252;2.9654036243822075
2020-11-15;ZW;Zimbabwe;288;8786;6;258;2.936489870248122
2020-11-22;ZW;Zimbabwe;386;9172;7;265;2.8892280854775403
2020-11-29;ZW;Zimbabwe;650;9822;10;275;2.7998371003868865
2020-12-06;ZW;Zimbabwe;795;10617;16;291;2.740887256287087
2020-12-13;ZW;Zimbabwe;602;11219;16;307;2.7364292717711023
2020-12-20;ZW;Zimbabwe;932;12151;11;318;2.617068554028475
2020-12-27;ZW;Zimbabwe;812;12963;23;341;2.630563912674535
2021-01-03;ZW;Zimbabwe;1528;14491;36;377;2.601614795390242
2021-01-10;ZW;Zimbabwe;6008;20499;106;483;2.3562124981706423
2021-01-17;ZW;Zimbabwe;6382;26881;200;683;2.5408280941929244
2021-01-24;ZW;Zimbabwe;4126;31007;291;974;3.1412261747347374
2021-01-31;ZW;Zimbabwe;2264;33271;219;1193;3.5857052688527546
2021-02-07;ZW;Zimbabwe;1216;34487;123;1316;3.815930640531215
2021-02-14;ZW;Zimbabwe;617;35104;82;1398;3.9824521422060166
2021-02-21;ZW;Zimbabwe;664;35768;34;1432;4.00357861775889
2021-02-28;ZW;Zimbabwe;290;36058;31;1463;4.057352043929225
2021-03-07;ZW;Zimbabwe;202;36260;22;1485;4.095421952564809
2021-03-14;ZW;Zimbabwe;211;36471;16;1501;4.115598694853445
2021-03-21;ZW;Zimbabwe;191;36662;9;1510;4.118706017129453
2021-03-28;ZW;Zimbabwe;156;36818;9;1519;4.125699386169808
2021-04-04;ZW;Zimbabwe;93;36911;5;1524;4.128850478177237
2021-04-11;ZW;Zimbabwe;362;37273;14;1538;4.126311270893139
2021-04-18;ZW;Zimbabwe;426;37699;14;1552;4.116820074803045
2021-04-25;ZW;Zimbabwe;365;38064;4;1556;4.087852038671711
2021-05-02;ZW;Zimbabwe;196;38260;12;1568;4.098274960794564
2021-05-09;ZW;Zimbabwe;154;38414;8;1576;4.102670901233925
2021-05-16;ZW;Zimbabwe;140;38554;6;1582;4.103335581262645
2021-05-23;ZW;Zimbabwe;125;38679;4;1586;4.100416246542051
2021-05-30;ZW;Zimbabwe;254;38933;8;1594;4.0942131353864335
2021-06-06;ZW;Zimbabwe;235;39168;11;1605;4.097732843137255
2021-06-13;ZW;Zimbabwe;684;39852;27;1632;4.095152062631737
2021-06-20;ZW;Zimbabwe;1776;41628;34;1666;4.0021139617565105
2021-06-27;ZW;Zimbabwe;4390;46018;59;1725;3.748533182667652
2021-07-04;ZW;Zimbabwe;7647;53665;134;1859;3.46408273548868
2021-07-11;ZW;Zimbabwe;13188;66853;267;2126;3.180111588111229
2021-07-18;ZW;Zimbabwe;15760;82613;462;2588;3.132678876205924
2021-07-25;ZW;Zimbabwe;14664;97277;462;3050;3.135376296555198
2021-08-01;ZW;Zimbabwe;11583;108860;482;3532;3.244534264192541
2021-08-08;ZW;Zimbabwe;7030;115890;294;3826;3.3014065061696436
2021-08-15;ZW;Zimbabwe;3963;119853;264;4090;3.4125136625699817
2021-08-22;ZW;Zimbabwe;2634;122487;146;4236;3.4583261897180924
2021-08-29;ZW;Zimbabwe;1880;124367;154;4390;3.529875288460765
2021-09-05;ZW;Zimbabwe;1058;125425;76;4466;3.5606936416184976
2021-09-12;ZW;Zimbabwe;795;126220;70;4536;3.593725241641578
2021-09-19;ZW;Zimbabwe;1519;127739;27;4563;3.5721275413147118
2021-09-26;ZW;Zimbabwe;1766;129505;40;4603;3.554302922667078
2021-10-03;ZW;Zimbabwe;1589;131094;22;4625;3.5280028071460174
2021-10-10;ZW;Zimbabwe;668;131762;11;4636;3.518465111337108
2021-10-17;ZW;Zimbabwe;571;132333;21;4657;3.519152441190028
2021-10-24;ZW;Zimbabwe;292;132625;11;4668;3.519698397737983
2021-10-31;ZW;Zimbabwe;329;132954;9;4677;3.51775802157137
2021-11-07;ZW;Zimbabwe;214;133168;8;4685;3.5181124594497173
2021-11-14;ZW;Zimbabwe;260;133428;11;4696;3.5195011541805323
2021-11-21;ZW;Zimbabwe;210;133638;3;4699;3.5162154477020007
2021-11-28;ZW;Zimbabwe;313;133951;6;4705;3.5124784436099765
2021-12-05;ZW;Zimbabwe;4572;138523;4;4709;3.3994354728095693
2021-12-12;ZW;Zimbabwe;26479;165002;26;4735;2.8696621859128983
2021-12-19;ZW;Zimbabwe;26671;191673;47;4782;2.4948740824216245
2021-12-26;ZW;Zimbabwe;12073;203746;103;4885;2.3975930815819697
2022-01-02;ZW;Zimbabwe;10468;214214;132;5017;2.3420504728915943
2022-01-09;ZW;Zimbabwe;7704;221918;131;5148;2.3197757730332826
2022-01-16;ZW;Zimbabwe;4016;225934;95;5243;2.320589198615525
2022-01-23;ZW;Zimbabwe;2245;228179;49;5292;2.319231831150106
2022-01-30;ZW;Zimbabwe;1236;229415;41;5333;2.3246082427042696
2022-02-06;ZW;Zimbabwe;987;230402;29;5362;2.3272367427366083
2022-02-13;ZW;Zimbabwe;897;231299;12;5374;2.323399582358765
2022-02-20;ZW;Zimbabwe;1925;233224;12;5386;2.3093678180633215
2022-02-27;ZW;Zimbabwe;2579;235803;7;5393;2.2870786207130527
2022-03-06;ZW;Zimbabwe;3216;239019;4;5397;2.257979491170158
2022-03-13;ZW;Zimbabwe;3338;242357;17;5414;2.233894626522032
2022-03-20;ZW;Zimbabwe;2095;244452;12;5426;2.2196586650958063
2022-03-27;ZW;Zimbabwe;1315;245767;11;5437;2.2122579516371195
2022-04-03;ZW;Zimbabwe;714;246481;9;5446;2.2095009351633594
2022-04-10;ZW;Zimbabwe;477;246958;11;5457;2.2096874772228476
2022-04-17;ZW;Zimbabwe;303;247261;5;5462;2.209001823983564
2022-04-24;ZW;Zimbabwe;263;247524;6;5468;2.2090787155992957
2022-05-01;ZW;Zimbabwe;318;247842;1;5469;2.2066477836686276
2022-05-08;ZW;Zimbabwe;427;248269;4;5473;2.204463706705227
2022-05-15;ZW;Zimbabwe;937;249206;9;5482;2.1997865219938526
2022-05-22;ZW;Zimbabwe;1436;250642;12;5494;2.1919710184246854
2022-05-29;ZW;Zimbabwe;1450;252092;6;5500;2.181743173127271
2022-06-05;ZW;Zimbabwe;1246;253338;10;5510;2.174959934948567
2022-06-12;ZW;Zimbabwe;760;254098;11;5521;2.1727837291123895
2022-06-19;ZW;Zimbabwe;703;254801;13;5534;2.1718910051373426
2022-06-26;ZW;Zimbabwe;554;255355;15;5549;2.1730532004464376
2022-07-03;ZW;Zimbabwe;355;255710;9;5558;2.173555981385163
2022-07-10;ZW;Zimbabwe;229;255939;6;5564;2.1739555128370434
2022-07-17;ZW;Zimbabwe;144;256083;2;5566;2.1735140559896595
2022-07-24;ZW;Zimbabwe;171;256254;6;5572;2.1744050824572496
2022-07-31;ZW;Zimbabwe;124;256378;5;5577;2.1753036531995726
2022-08-07;ZW;Zimbabwe;99;256477;7;5584;2.1771932765901036
2022-08-14;ZW;Zimbabwe;62;256539;4;5588;2.1782263125684596
2022-08-21;ZW;Zimbabwe;85;256624;4;5592;2.179063532639192
2022-08-28;ZW;Zimbabwe;75;256699;1;5593;2.178816434812757
2022-09-04;ZW;Zimbabwe;56;256755;3;5596;2.1795096492765476
2022-09-11;ZW;Zimbabwe;115;256870;0;5596;2.1785338887374937
2022-09-18;ZW;Zimbabwe;126;256996;2;5598;2.178244019362169
2022-09-25;ZW;Zimbabwe;344;257340;1;5599;2.1757208362477654
2022-10-02;ZW;Zimbabwe;177;257517;3;5602;2.175390362578004
2022-10-09;ZW;Zimbabwe;138;257655;2;5604;2.1750014554345927
2022-10-16;ZW;Zimbabwe;238;257893;2;5606;2.173769741714587
2022-10-23;ZW;Zimbabwe;12;257905;2;5608;2.1744440782458656
2022-10-30;ZW;Zimbabwe;132;258037;2;5610;2.1741068141390576
2022-11-06;ZW;Zimbabwe;132;258169;0;5610;2.1729952085649322
2022-11-13;ZW;Zimbabwe;179;258348;0;5610;2.1714896186539088
2022-11-20;ZW;Zimbabwe;295;258643;1;5611;2.1693995198014253
2022-11-27;ZW;Zimbabwe;311;258954;5;5616;2.1687249472879353
2022-12-04;ZW;Zimbabwe;396;259350;6;5622;2.167727009832273
2022-12-11;ZW;Zimbabwe;6;259356;0;5622;2.167676861148383
2022-12-18;ZW;Zimbabwe;203;259559;3;5625;2.167137336790479
2022-12-25;ZW;Zimbabwe;385;259944;10;5635;2.167774597605638
2023-01-01;ZW;Zimbabwe;202;260146;4;5639;2.1676289468221692
2023-01-08;ZW;Zimbabwe;303;260449;0;5639;2.165107180292495
2023-01-15;ZW;Zimbabwe;0;260449;0;5639;2.165107180292495
2023-01-22;ZW;Zimbabwe;1104;261553;13;5652;2.160938700760458
2023-01-29;ZW;Zimbabwe;749;262302;6;5658;2.1570556076583483
2023-02-05;ZW;Zimbabwe;752;263054;1;5659;2.151269321127981
2023-02-12;ZW;Zimbabwe;553;263607;3;5662;2.1478944034111387
2023-02-19;ZW;Zimbabwe;295;263902;1;5663;2.1458723313957453
2023-02-26;ZW;Zimbabwe;206;264108;5;5668;2.146091750344556
2023-03-05;ZW;Zimbabwe;162;264270;3;5671;2.1459113785143984
2023-03-12;ZW;Zimbabwe;115;264385;1;5672;2.145356204020652
2023-03-19;ZW;Zimbabwe;63;264448;6;5678;2.1471139883833494
2023-03-26;ZW;Zimbabwe;61;264509;1;5679;2.1469968885746797
2023-04-02;ZW;Zimbabwe;40;264549;2;5681;2.1474282647071052
2023-04-09;ZW;Zimbabwe;33;264582;3;5684;2.1482942906168976
2023-04-16;ZW;Zimbabwe;28;264610;0;5684;2.148066966478969
2023-04-23;ZW;Zimbabwe;27;264637;1;5685;2.148225682727661
2023-04-30;ZW;Zimbabwe;46;264683;1;5686;2.1482301470060414
2023-05-07;ZW;Zimbabwe;83;264766;2;5688;2.1483120944532152
2023-05-14;ZW;Zimbabwe;75;264841;2;5690;2.1484588866527465
2023-05-21;ZW;Zimbabwe;95;264936;1;5691;2.148065948002537
2023-05-28;ZW;Zimbabwe;87;265023;2;5693;2.1481154465838816
2023-06-04;ZW;Zimbabwe;129;265152;2;5695;2.1478246439777937
2023-06-11;ZW;Zimbabwe;9;265161;0;5695;2.1477517432804976
2023-06-18;ZW;Zimbabwe;128;265289;7;5702;2.14935410062234
2023-06-25;ZW;Zimbabwe;124;265413;5;5707;2.1502337865892023
2023-07-02;ZW;Zimbabwe;111;265524;0;5707;2.1493349000467
2023-07-09;ZW;Zimbabwe;80;265604;2;5709;2.1494405204740894
2023-07-16;ZW;Zimbabwe;62;265666;2;5711;2.149691718172442
2023-07-23;ZW;Zimbabwe;28;265694;0;5711;2.1494651742229784
2023-07-30;ZW;Zimbabwe;-1;265693;1;5712;2.1498496384925456
2023-08-06;ZW;Zimbabwe;23;265716;1;5713;2.1500398922157493
2023-08-13;ZW;Zimbabwe;0;265716;0;5713;2.1500398922157493
2023-08-20;ZW;Zimbabwe;5;265721;2;5715;2.150752104651119
2023-08-27;ZW;Zimbabwe;10;265731;2;5717;2.151423808287328
2023-09-03;ZW;Zimbabwe;6;265737;0;5717;2.151375231902219
2023-09-10;ZW;Zimbabwe;5;265742;1;5718;2.1517110580939405
2023-09-17;ZW;Zimbabwe;6;265748;0;5718;2.1516624772340713
2023-09-24;ZW;Zimbabwe;5;265753;0;5718;2.1516219948598887
2023-10-01;ZW;Zimbabwe;12;265765;0;5718;2.1515248433766674
2023-10-08;ZW;Zimbabwe;6;265771;0;5718;2.1514762709249693
2023-10-15;ZW;Zimbabwe;37;265808;1;5719;2.151553000662132
2023-10-22;ZW;Zimbabwe;13;265821;1;5720;2.1518239717704772
2023-10-29;ZW;Zimbabwe;26;265847;1;5721;2.1519896782735937
2023-11-05;ZW;Zimbabwe;33;265880;1;5722;2.1520986911388595
2023-11-12;ZW;Zimbabwe;23;265903;4;5726;2.1534168474970192
2023-11-19;ZW;Zimbabwe;24;265927;1;5727;2.1535985439613126
2023-11-26;ZW;Zimbabwe;48;265975;3;5730;2.1543378137042954
2023-12-03;ZW;Zimbabwe;0;265975;0;5730;2.1543378137042954
2023-12-10;ZW;Zimbabwe;0;265975;0;5730;2.1543378137042954
2023-12-17;ZW;Zimbabwe;50;266025;0;5730;2.153932901043135
2023-12-24;ZW;Zimbabwe;23;266048;1;5731;2.15412256434929
2023-12-31;ZW;Zimbabwe;23;266071;0;5731;2.1539363553337267
2024-01-07;ZW;Zimbabwe;46;266117;3;5734;2.1546913575607722
2024-01-14;ZW;Zimbabwe;85;266202;3;5737;2.1551303145731437
2024-01-21;ZW;Zimbabwe;55;266257;0;5737;2.154685135038703
